2.8444 0.065 0.065 0.2 -0.0065 -0.0525 0.1 -0.672499 0.218508 0.218508 0.672498 
2.34707 0.065 0.065 0.2 0.0065 -0.0525 0.1 -0.672499 0.218508 0.218508 0.672498 
1.79482 0.065 0.065 0.2 0.0195 -0.0525 0.1 -0.672499 0.218508 0.218508 0.672498 
1.20954 0.065 0.065 0.2 0.0325 -0.0525 0.1 -0.672499 0.218508 0.218508 0.672498 
1.06357 0.065 0.065 0.2 0.0325 0.0325 0.12 0.951057 0.309017 1.89218e-17 5.82354e-17 
0.561222 0.065 0.065 0.2 0.0195 0.0325 0.12 0.951057 0.309017 1.89218e-17 5.82354e-17 
0.29837 0.065 0.065 0.2 0.0065 0.0325 0.12 0.951057 0.309017 1.89218e-17 5.82354e-17 
0.18265 0.065 0.065 0.2 -0.0325 0.0525 0.1 0.415627 0.572061 -0.572061 0.415629 
0.173646 0.065 0.065 0.2 -0.0065 -0.0325 0.12 6.12323e-17 1 -6.12323e-17 3.7494e-33 
0.171107 0.065 0.065 0.2 0.0065 -0.0325 0.12 6.12323e-17 1 -6.12323e-17 3.7494e-33 
0.152502 0.065 0.065 0.2 -0.0325 0.0525 0.1 -4.32978e-17 0.707107 -0.707107 4.32978e-17 
0.15164 0.065 0.065 0.2 -0.0195 0.0525 0.1 -4.32978e-17 0.707107 -0.707107 4.32978e-17 
0.148758 0.065 0.065 0.2 -0.0065 0.0525 0.1 -4.32978e-17 0.707107 -0.707107 4.32978e-17 
0.143971 0.065 0.065 0.2 0.0065 0.0525 0.1 -4.32978e-17 0.707107 -0.707107 4.32978e-17 
0.142 0.065 0.065 0.2 -0.0195 -0.0325 0.12 6.12323e-17 1 -6.12323e-17 3.7494e-33 
0.137467 0.065 0.065 0.2 0.0195 0.0525 0.1 -4.32978e-17 0.707107 -0.707107 4.32978e-17 
0.129494 0.065 0.065 0.2 0.0325 0.0525 0.1 -4.32978e-17 0.707107 -0.707107 4.32978e-17 
0.126795 0.065 0.065 0.2 0.0065 -0.0195 0.12 6.12323e-17 1 -6.12323e-17 3.7494e-33 
0.124416 0.065 0.065 0.2 -0.0325 0.0065 0.12 0.587785 0.809017 -4.9538e-17 3.59915e-17 
0.112626 0.065 0.065 0.2 -0.0195 0.0195 0.12 0.951057 0.309017 1.89218e-17 5.82354e-17 
0.108527 0.065 0.065 0.2 -0.0325 0.0065 0.12 0.951057 0.309017 1.89218e-17 5.82354e-17 
0.0953159 0.065 0.065 0.2 -0.0195 0.0525 0.02 0.415627 0.572061 -0.572061 0.415629 
0.0943696 0.065 0.065 0.2 -0.0065 0.0325 0.12 0.951057 0.309017 1.89218e-17 5.82354e-17 
0.0913281 0.065 0.065 0.2 -0.0195 0.0525 0.06 0.415627 0.572061 -0.572061 0.415629 
0.0864852 0.065 0.065 0.2 -0.0195 -0.0065 0.12 0.587785 0.809017 -4.9538e-17 3.59915e-17 
0.0852481 0.065 0.065 0.2 0.0325 -0.0065 0.12 -0.587785 0.809017 -4.9538e-17 -3.59915e-17 
0.0704694 0.065 0.065 0.2 -0.0195 0.0525 -0.02 0.415627 0.572061 -0.572061 0.415629 
0.0691313 0.065 0.065 0.2 0.0195 0.0195 0.12 0.951057 -0.309017 -1.89218e-17 5.82354e-17 
0.069081 0.065 0.065 0.2 -0.0325 0.0195 0.12 0.587785 0.809017 -4.9538e-17 3.59915e-17 
0.0683782 0.065 0.065 0.2 -0.0195 -0.0195 0.12 0.587785 0.809017 -4.9538e-17 3.59915e-17 
0.062495 0.065 0.065 0.2 -0.0065 -0.0195 0.12 6.12323e-17 1 -6.12323e-17 3.7494e-33 
0.056466 0.065 0.065 0.2 -0.0325 -0.0065 0.12 0.587785 0.809017 -4.9538e-17 3.59915e-17 
0.0556372 0.065 0.065 0.2 -0.0195 0.0065 0.12 0.587785 0.809017 -4.9538e-17 3.59915e-17 
0.0546749 0.065 0.065 0.2 0.0195 -0.0325 0.12 6.12323e-17 1 -6.12323e-17 3.7494e-33 
0.0514779 0.065 0.065 0.2 0.0195 -0.0195 0.12 -0.587785 0.809017 -4.9538e-17 -3.59915e-17 
0.0422424 0.065 0.065 0.2 -0.0525 -0.0065 0.1 -0.218508 0.672498 -0.218508 0.672499 
0.041244 0.065 0.065 0.2 0.0325 -0.0195 0.12 -0.587785 0.809017 -4.9538e-17 -3.59915e-17 
0.0401397 0.065 0.065 0.2 0.0195 -0.0065 0.12 -0.587785 0.809017 -4.9538e-17 -3.59915e-17 
0.0386824 0.065 0.065 0.2 -0.0195 -0.0525 0.02 -0.415627 -0.572061 -0.572061 0.415629 
0.0322701 0.065 0.065 0.2 -0.0325 0.0195 0.12 0.951057 0.309017 1.89218e-17 5.82354e-17 
0.0289204 0.065 0.065 0.2 0.0065 0.0195 0.12 0.951057 -0.309017 -1.89218e-17 5.82354e-17 
0.0265836 0.065 0.065 0.2 -0.0195 0.0325 0.12 0.587785 0.809017 -4.9538e-17 3.59915e-17 
0.0233932 0.065 0.065 0.2 -0.0325 0.0525 0.06 0.415627 0.572061 -0.572061 0.415629 
0.0214388 0.065 0.065 0.2 -0.0325 -0.0525 0.02 -0.415627 -0.572061 -0.572061 0.415629 
0.0211019 0.065 0.065 0.2 -0.0065 -0.0325 0.12 0.587785 0.809017 -4.9538e-17 3.59915e-17 
0.0193384 0.065 0.065 0.2 0.0325 0.0525 0.1 0.415627 -0.572061 0.572061 0.415629 
0.0157385 0.065 0.065 0.2 0.0525 -0.0195 0.1 -0.572061 -0.415627 0.572061 0.415629 
0.014535 0.065 0.065 0.2 -0.0325 0.0525 0.02 0.415627 0.572061 -0.572061 0.415629 
0.0135944 0.065 0.065 0.2 0.0195 0.0525 0.1 0.415627 -0.572061 0.572061 0.415629 
0.0128711 0.065 0.065 0.2 0.0195 -0.0325 0.12 -0.587785 0.809017 -4.9538e-17 -3.59915e-17 
0.0116344 0.065 0.065 0.2 0.0195 0.0065 0.12 -0.587785 0.809017 -4.9538e-17 -3.59915e-17 
0.00980997 0.065 0.065 0.2 0.0195 -0.0195 0.12 6.12323e-17 1 -6.12323e-17 3.7494e-33 
0.00683427 0.065 0.065 0.2 -0.0195 -0.0525 0.06 -0.415627 -0.572061 -0.572061 0.415629 
0.00209723 0.065 0.065 0.2 0.0325 0.0525 0.06 0.415627 -0.572061 0.572061 0.415629 
0.000691935 0.065 0.065 0.2 0.0195 0.0525 0.06 0.415627 -0.572061 0.572061 0.415629 
0.000209637 0.065 0.065 0.2 0.0525 0.0325 0.1 -0.572061 -0.415627 0.572061 0.415629 
5.19969e-06 0.065 0.065 0.2 -0.0325 -0.0525 0.1 -0.672499 -0.218508 -0.218508 0.672498 
7.97632e-07 0.065 0.065 0.2 0.0525 0.0325 0.1 0.707107 -4.32978e-17 -0.707107 4.32978e-17 
4.26314e-07 0.065 0.065 0.2 0.0525 0.0325 0.06 0.707107 -4.32978e-17 -0.707107 4.32978e-17 
-2.53872e-07 0.065 0.065 0.2 0.0525 0.0325 0.02 0.707107 -4.32978e-17 -0.707107 4.32978e-17 
-1.14711e-06 0.065 0.065 0.2 0.0525 -0.0325 0.06 -0.218508 -0.672498 0.218508 0.672499 
-1.32473e-06 0.065 0.065 0.2 0.0525 -0.0195 0.1 -0.218508 -0.672498 0.218508 0.672499 
-5.56656e-06 0.065 0.065 0.2 0.0525 -0.0325 0.1 -0.218508 -0.672498 0.218508 0.672499 
-5.59394e-06 0.065 0.065 0.2 -0.0195 -0.0525 0.1 -0.672499 -0.218508 -0.218508 0.672498 
-6.32097e-06 0.065 0.065 0.2 -0.0525 0.0195 0.1 0.707107 -4.32978e-17 0.707107 -4.32978e-17 
-8.81277e-06 0.065 0.065 0.2 -0.0525 0.0325 0.1 -0.572061 0.415627 -0.572061 0.415629 
-8.88816e-06 0.065 0.065 0.2 -0.0525 0.0195 0.06 0.707107 -4.32978e-17 0.707107 -4.32978e-17 
-2.36627e-05 0.065 0.065 0.2 -0.0525 0.0325 0.1 0.707107 -4.32978e-17 0.707107 -4.32978e-17 
-2.64937e-05 0.065 0.065 0.2 -0.0065 -0.0525 0.1 -0.672499 -0.218508 -0.218508 0.672498 
-3.14912e-05 0.065 0.065 0.2 -0.0525 0.0325 0.06 0.707107 -4.32978e-17 0.707107 -4.32978e-17 
-5.23835e-05 0.065 0.065 0.2 -0.0525 0.0325 0.02 0.707107 -4.32978e-17 0.707107 -4.32978e-17 
-5.67462e-05 0.065 0.065 0.2 0.0065 -0.0525 0.1 -0.672499 -0.218508 -0.218508 0.672498 
-8.01641e-05 0.065 0.065 0.2 -0.0525 0.0325 -0.02 0.707107 -4.32978e-17 0.707107 -4.32978e-17 
-9.45962e-05 0.065 0.065 0.2 0.0195 -0.0525 0.1 -0.672499 -0.218508 -0.218508 0.672498 
-0.000137397 0.065 0.065 0.2 0.0325 -0.0525 0.1 -0.672499 -0.218508 -0.218508 0.672498 
-0.000155077 0.065 0.065 0.2 -0.0525 0.0195 0.1 -0.572061 0.415627 -0.572061 0.415629 
-0.00038163 0.065 0.065 0.2 0.0525 -0.0325 0.1 0.218508 -0.672498 -0.218508 0.672499 
-0.000742082 0.065 0.065 0.2 0.0525 0.0065 0.1 -0.572061 -0.415627 0.572061 0.415629 
-0.000904146 0.065 0.065 0.2 -0.0525 0.0065 0.1 -0.572061 0.415627 -0.572061 0.415629 
-0.00101492 0.065 0.065 0.2 0.0525 -0.0325 0.06 0.218508 -0.672498 -0.218508 0.672499 
-0.00121938 0.065 0.065 0.2 -0.0195 -0.0195 0.12 6.12323e-17 1 -6.12323e-17 3.7494e-33 
-0.00148748 0.065 0.065 0.2 0.0525 0.0195 0.1 -0.572061 -0.415627 0.572061 0.415629 
-0.00206087 0.065 0.065 0.2 0.0525 -0.0325 0.02 0.218508 -0.672498 -0.218508 0.672499 
-0.0020664 0.065 0.065 0.2 -0.0525 -0.0325 -0.02 -0.218508 0.672498 -0.218508 0.672499 
-0.00222118 0.065 0.065 0.2 -0.0525 -0.0065 0.1 -0.572061 0.415627 -0.572061 0.415629 
-0.00342557 0.065 0.065 0.2 -0.0525 -0.0325 0.02 -0.218508 0.672498 -0.218508 0.672499 
-0.00392683 0.065 0.065 0.2 -0.0525 -0.0195 0.1 -0.572061 0.415627 -0.572061 0.415629 
-0.00442496 0.065 0.065 0.2 -0.0325 -0.0325 0.12 0.587785 0.809017 -4.9538e-17 3.59915e-17 
-0.0045536 0.065 0.065 0.2 -0.0195 -0.0325 0.12 0.587785 0.809017 -4.9538e-17 3.59915e-17 
-0.00460717 0.065 0.065 0.2 -0.0525 -0.0195 0.1 -0.218508 0.672498 -0.218508 0.672499 
-0.00478576 0.065 0.065 0.2 -0.0525 -0.0325 0.06 -0.218508 0.672498 -0.218508 0.672499 
-0.00560217 0.065 0.065 0.2 -0.0325 -0.0195 0.12 6.12323e-17 1 -6.12323e-17 3.7494e-33 
-0.00585237 0.065 0.065 0.2 -0.0195 0.0325 0.12 0.951057 0.309017 1.89218e-17 5.82354e-17 
-0.00591736 0.065 0.065 0.2 -0.0525 -0.0325 0.1 -0.572061 0.415627 -0.572061 0.415629 
-0.0059215 0.065 0.065 0.2 0.0525 -0.0065 0.1 -0.572061 -0.415627 0.572061 0.415629 
-0.00613152 0.065 0.065 0.2 -0.0525 -0.0325 0.1 -0.218508 0.672498 -0.218508 0.672499 
-0.00732426 0.065 0.065 0.2 -0.0195 0.0195 0.12 0.587785 0.809017 -4.9538e-17 3.59915e-17 
-0.0126867 0.065 0.065 0.2 -0.0325 0.0325 0.12 0.587785 0.809017 -4.9538e-17 3.59915e-17 
-0.0129362 0.065 0.065 0.2 -0.0065 0.0325 0.12 0.951057 -0.309017 -1.89218e-17 5.82354e-17 
-0.0144153 0.065 0.065 0.2 -0.0325 -0.0325 0.12 6.12323e-17 1 -6.12323e-17 3.7494e-33 
-0.0192048 0.065 0.065 0.2 0.0065 0.0325 0.12 0.951057 -0.309017 -1.89218e-17 5.82354e-17 
-0.0217093 0.065 0.065 0.2 0.0325 0.0065 0.12 -0.587785 0.809017 -4.9538e-17 -3.59915e-17 
-0.0239263 0.065 0.065 0.2 -0.0325 -0.0195 0.12 0.587785 0.809017 -4.9538e-17 3.59915e-17 
-0.0250134 0.065 0.065 0.2 0.0195 0.0325 0.12 0.951057 -0.309017 -1.89218e-17 5.82354e-17 
-0.0289102 0.065 0.065 0.2 0.0325 -0.0325 0.12 -0.587785 0.809017 -4.9538e-17 -3.59915e-17 
-0.03065 0.065 0.065 0.2 -0.0325 0.0325 0.12 0.951057 0.309017 1.89218e-17 5.82354e-17 
-0.0343997 0.065 0.065 0.2 0.0325 -0.0325 0.12 6.12323e-17 1 -6.12323e-17 3.7494e-33 
-0.0406777 0.065 0.065 0.2 -0.0195 -0.0525 0.1 -0.415627 -0.572061 -0.572061 0.415629 
-0.0476069 0.065 0.065 0.2 -0.0325 0.0525 -0.02 0.415627 0.572061 -0.572061 0.415629 
-0.0488308 0.065 0.065 0.2 0.0325 0.0195 0.12 0.951057 -0.309017 -1.89218e-17 5.82354e-17 
-0.0490378 0.065 0.065 0.2 -0.0325 -0.0525 0.06 -0.415627 -0.572061 -0.572061 0.415629 
-0.0523334 0.065 0.065 0.2 0.0325 0.0325 0.12 0.951057 -0.309017 -1.89218e-17 5.82354e-17 
-0.0676354 0.065 0.065 0.2 -0.0325 -0.0525 0.1 -0.415627 -0.572061 -0.572061 0.415629 
-0.133184 0.065 0.065 0.2 -0.0195 0.0525 0.1 0.415627 0.572061 -0.572061 0.415629 
-0.165637 0.065 0.065 0.2 0.0325 0.0195 0.12 -0.587785 0.809017 -4.9538e-17 -3.59915e-17 
-0.476804 0.065 0.065 0.2 -0.0065 0.0525 0.1 0.415627 0.572061 -0.572061 0.415629 
