0.74717 0.05 0.1 0.2 -0.045 -0.05 0.08 0 0.707107 0 0.707106 
0.706007 0.05 0.1 0.2 -0.045 -0.05 0.06 0 0.707107 0 0.707106 
0.668156 0.05 0.1 0.2 -0.045 -0.05 0.04 0 0.707107 0 0.707106 
0.630985 0.05 0.1 0.2 -0.045 -0.05 0.02 0 0.707107 0 0.707106 
0.594346 0.05 0.1 0.2 -0.045 -0.05 6.93889e-18 0 0.707107 0 0.707106 
0.37248 0.05 0.1 0.2 -0.045 -0.05 0.08 -0.218508 0.672498 -0.218508 0.672499 
0.327614 0.05 0.1 0.2 -0.045 -0.05 0.06 -0.218508 0.672498 -0.218508 0.672499 
0.286888 0.05 0.1 0.2 -0.045 -0.05 0.04 -0.218508 0.672498 -0.218508 0.672499 
0.24774 0.05 0.1 0.2 -0.045 -0.05 0.02 -0.218508 0.672498 -0.218508 0.672499 
0.241203 0.05 0.1 0.2 -0.025 -0.07 0.06 -0.415627 -0.572061 -0.572061 0.415629 
0.233792 0.05 0.1 0.2 0.045 -0.05 0.08 0.218508 -0.672498 -0.218508 0.672499 
0.210182 0.05 0.1 0.2 -0.045 -0.05 6.93889e-18 -0.218508 0.672498 -0.218508 0.672499 
0.193281 0.05 0.1 0.2 0.045 -0.05 0.06 0.218508 -0.672498 -0.218508 0.672499 
0.180136 0.05 0.1 0.2 -0.02 -0.07 0.06 -0.415627 -0.572061 -0.572061 0.415629 
0.175599 0.05 0.1 0.2 -0.045 -0.05 -0.02 -0.218508 0.672498 -0.218508 0.672499 
0.156286 0.05 0.1 0.2 -0.025 -0.07 0.04 -0.415627 -0.572061 -0.572061 0.415629 
0.152322 0.05 0.1 0.2 0.045 -0.05 0.04 0.218508 -0.672498 -0.218508 0.672499 
0.14538 0.05 0.1 0.2 -0.045 -0.05 -0.04 -0.218508 0.672498 -0.218508 0.672499 
0.142084 0.05 0.1 0.2 -0.015 -0.07 0.06 -0.415627 -0.572061 -0.572061 0.415629 
0.13147 0.05 0.1 0.2 0.02 0.07 0.06 0.572061 -0.415627 0.415627 0.572062 
0.127733 0.05 0.1 0.2 -0.02 -0.07 0.04 -0.415627 -0.572061 -0.572061 0.415629 
0.11226 0.05 0.1 0.2 0.045 -0.05 0.02 0.218508 -0.672498 -0.218508 0.672499 
0.111595 0.05 0.1 0.2 0.02 0.07 0.04 0.572061 -0.415627 0.415627 0.572062 
0.109968 0.05 0.1 0.2 -0.015 -0.07 0.04 -0.415627 -0.572061 -0.572061 0.415629 
0.0989684 0.05 0.1 0.2 0.015 0.07 0.06 0.572061 -0.415627 0.415627 0.572062 
0.0954974 0.05 0.1 0.2 -0.025 -0.07 0.08 -0.415627 -0.572061 -0.572061 0.415629 
0.0932922 0.05 0.1 0.2 0.015 0.07 0.04 0.572061 -0.415627 0.415627 0.572062 
0.086946 0.05 0.1 0.2 -0.025 0.07 0.06 0.415627 0.572061 -0.572061 0.415629 
0.0747131 0.05 0.1 0.2 -0.015 -0.07 0.02 -0.415627 -0.572061 -0.572061 0.415629 
0.0723377 0.05 0.1 0.2 0.02 0.07 0.02 0.572061 -0.415627 0.415627 0.572062 
0.0706162 0.05 0.1 0.2 -0.02 -0.07 0.02 -0.415627 -0.572061 -0.572061 0.415629 
0.0700953 0.05 0.1 0.2 -0.025 0.07 0.04 0.415627 0.572061 -0.572061 0.415629 
0.0677773 0.05 0.1 0.2 -0.02 0.07 0.06 0.415627 0.572061 -0.572061 0.415629 
0.0670695 0.05 0.1 0.2 0.015 0.07 0.02 0.572061 -0.415627 0.415627 0.572062 
0.0649598 0.05 0.1 0.2 -0.025 -0.07 0.02 -0.415627 -0.572061 -0.572061 0.415629 
0.0624539 0.05 0.1 0.2 -0.045 0.04 0.08 -0.672498 0.218508 -0.672499 0.218508 
0.061462 0.05 0.1 0.2 -0.02 0.07 0.04 0.415627 0.572061 -0.572061 0.415629 
0.0598729 0.05 0.1 0.2 -0.025 3.46945e-18 0.12 0.587785 0.809017 -4.9538e-17 3.59915e-17 
0.0598056 0.05 0.1 0.2 -0.025 -0.01 0.12 0.587785 0.809017 -4.9538e-17 3.59915e-17 
0.058969 0.05 0.1 0.2 0.015 0.07 6.93889e-18 0.572061 -0.415627 0.415627 0.572062 
0.0570533 0.05 0.1 0.2 -0.025 0.07 -0.02 0.415627 0.572061 -0.572061 0.415629 
0.0566727 0.05 0.1 0.2 0.02 0.07 6.93889e-18 0.572061 -0.415627 0.415627 0.572062 
0.0549801 0.05 0.1 0.2 -0.02 -0.01 0.12 0.587785 0.809017 -4.9538e-17 3.59915e-17 
0.0549634 0.05 0.1 0.2 0.02 0.01 0.12 0.809017 -0.587785 -3.59914e-17 4.9538e-17 
0.0537062 0.05 0.1 0.2 0.02 3.46945e-18 0.12 0.809017 -0.587785 -3.59914e-17 4.9538e-17 
0.0534236 0.05 0.1 0.2 -0.02 3.46945e-18 0.12 0.587785 0.809017 -4.9538e-17 3.59915e-17 
0.0524884 0.05 0.1 0.2 -0.015 0.07 0.04 0.415627 0.572061 -0.572061 0.415629 
0.0521764 0.05 0.1 0.2 -0.025 0.01 0.12 0.587785 0.809017 -4.9538e-17 3.59915e-17 
0.0516011 0.05 0.1 0.2 -0.025 -0.02 0.12 0.587785 0.809017 -4.9538e-17 3.59915e-17 
0.0513777 0.05 0.1 0.2 -0.015 0.07 0.06 0.415627 0.572061 -0.572061 0.415629 
0.0486809 0.05 0.1 0.2 0.015 0.01 0.12 0.809017 -0.587785 -3.59914e-17 4.9538e-17 
0.0486265 0.05 0.1 0.2 -0.02 -0.02 0.12 0.587785 0.809017 -4.9538e-17 3.59915e-17 
0.0483249 0.05 0.1 0.2 0.02 0.02 0.12 0.809017 -0.587785 -3.59914e-17 4.9538e-17 
0.0482396 0.05 0.1 0.2 -0.015 -0.01 0.12 0.587785 0.809017 -4.9538e-17 3.59915e-17 
0.0457182 0.05 0.1 0.2 0.015 3.46945e-18 0.12 0.809017 -0.587785 -3.59914e-17 4.9538e-17 
0.0451597 0.05 0.1 0.2 0.02 -0.01 0.12 0.809017 -0.587785 -3.59914e-17 4.9538e-17 
0.0451161 0.05 0.1 0.2 -0.015 3.46945e-18 0.12 0.587785 0.809017 -4.9538e-17 3.59915e-17 
0.044778 0.05 0.1 0.2 -0.02 0.01 0.12 0.587785 0.809017 -4.9538e-17 3.59915e-17 
0.0444999 0.05 0.1 0.2 -0.02 0.07 -0.02 0.415627 0.572061 -0.572061 0.415629 
0.044284 0.05 0.1 0.2 0.015 0.02 0.12 0.809017 -0.587785 -3.59914e-17 4.9538e-17 
0.0441222 0.05 0.1 0.2 -0.015 -0.02 0.12 0.587785 0.809017 -4.9538e-17 3.59915e-17 
0.0429992 0.05 0.1 0.2 -0.025 0.07 0.08 0.415627 0.572061 -0.572061 0.415629 
0.0424999 0.05 0.1 0.2 -0.025 0.02 0.12 0.809017 0.587785 3.59914e-17 4.9538e-17 
0.0406141 0.05 0.1 0.2 -0.015 0.07 -0.02 0.415627 0.572061 -0.572061 0.415629 
0.0397027 0.05 0.1 0.2 -0.015 -0.07 6.93889e-18 -0.415627 -0.572061 -0.572061 0.415629 
0.0389447 0.05 0.1 0.2 0.045 -0.04 0.08 0 -0.707107 0 0.707106 
0.0389295 0.05 0.1 0.2 0.02 -0.07 0.04 -0.572061 0.415627 0.415627 0.572062 
0.0383866 0.05 0.1 0.2 -0.025 0.02 0.12 0.587785 0.809017 -4.9538e-17 3.59915e-17 
0.0380418 0.05 0.1 0.2 -0.025 0.07 0.02 0.415627 0.572061 -0.572061 0.415629 
0.0374985 0.05 0.1 0.2 0.045 -0.05 0.08 0 -0.707107 0 0.707106 
0.0368765 0.05 0.1 0.2 -0.02 0.07 0.02 0.415627 0.572061 -0.572061 0.415629 
0.0368483 0.05 0.1 0.2 0.015 -0.07 0.04 -0.572061 0.415627 0.415627 0.572062 
0.0363538 0.05 0.1 0.2 0.015 -0.01 0.12 0.809017 -0.587785 -3.59914e-17 4.9538e-17 
0.0361282 0.05 0.1 0.2 -0.025 -0.03 0.12 0.587785 0.809017 -4.9538e-17 3.59915e-17 
0.0357075 0.05 0.1 0.2 -0.015 0.01 0.12 0.587785 0.809017 -4.9538e-17 3.59915e-17 
0.0353226 0.05 0.1 0.2 -0.015 0.07 0.02 0.415627 0.572061 -0.572061 0.415629 
0.035012 0.05 0.1 0.2 0.02 -0.07 -0.02 -0.572061 0.415627 0.415627 0.572062 
0.0349828 0.05 0.1 0.2 -0.02 -0.03 0.12 0.587785 0.809017 -4.9538e-17 3.59915e-17 
0.0346495 0.05 0.1 0.2 0.02 0.03 0.12 0.809017 -0.587785 -3.59914e-17 4.9538e-17 
0.0345236 0.05 0.1 0.2 -0.02 -0.07 6.93889e-18 -0.415627 -0.572061 -0.572061 0.415629 
0.0341675 0.05 0.1 0.2 0.045 -0.05 0.08 -0.415627 -0.572061 0.415627 0.572062 
0.032963 0.05 0.1 0.2 0.015 0.03 0.12 0.809017 -0.587785 -3.59914e-17 4.9538e-17 
0.032897 0.05 0.1 0.2 -0.015 -0.03 0.12 0.587785 0.809017 -4.9538e-17 3.59915e-17 
0.0312286 0.05 0.1 0.2 0.02 -0.02 0.12 0.809017 -0.587785 -3.59914e-17 4.9538e-17 
0.0310127 0.05 0.1 0.2 -0.02 0.02 0.12 0.587785 0.809017 -4.9538e-17 3.59915e-17 
0.0305979 0.05 0.1 0.2 0.02 -0.07 0.06 -0.572061 0.415627 0.415627 0.572062 
0.0305119 0.05 0.1 0.2 0.015 -0.07 0.02 -0.572061 0.415627 0.415627 0.572062 
0.0303333 0.05 0.1 0.2 -0.025 0.02 0.12 0.951057 0.309017 1.89218e-17 5.82354e-17 
0.029743 0.05 0.1 0.2 0.015 -0.07 -0.02 -0.572061 0.415627 0.415627 0.572062 
0.0286309 0.05 0.1 0.2 0.015 -0.05 0.12 0.309017 0.951057 -5.82354e-17 1.89218e-17 
0.0284775 0.05 0.1 0.2 0.02 0.07 0.08 0.572061 -0.415627 0.415627 0.572062 
0.0278088 0.05 0.1 0.2 -0.025 0.07 6.93889e-18 0.415627 0.572061 -0.572061 0.415629 
0.0277343 0.05 0.1 0.2 0.02 -0.07 0.02 -0.572061 0.415627 0.415627 0.572062 
0.0272191 0.05 0.1 0.2 0.005 -0.04 0.12 0.309017 0.951057 -5.82354e-17 1.89218e-17 
0.0268665 0.05 0.1 0.2 -0.015 0.07 6.93889e-18 0.415627 0.572061 -0.572061 0.415629 
0.0266919 0.05 0.1 0.2 -0.005 0.04 0.12 0.951057 -0.309017 -1.89218e-17 5.82354e-17 
0.0265552 0.05 0.1 0.2 0.01 -0.05 0.12 -0.587785 0.809017 -4.9538e-17 -3.59915e-17 
0.0261664 0.05 0.1 0.2 -0.02 0.02 0.12 0.809017 0.587785 3.59914e-17 4.9538e-17 
0.0261249 0.05 0.1 0.2 -0.025 0.03 0.12 0.809017 0.587785 3.59914e-17 4.9538e-17 
0.0260492 0.05 0.1 0.2 -0.02 0.07 6.93889e-18 0.415627 0.572061 -0.572061 0.415629 
0.0260204 0.05 0.1 0.2 -0.02 -0.07 0.08 -0.415627 -0.572061 -0.572061 0.415629 
0.0257498 0.05 0.1 0.2 0.02 -0.02 0.12 -0.587785 0.809017 -4.9538e-17 -3.59915e-17 
0.0254043 0.05 0.1 0.2 0.01 -0.05 0.12 0.309017 0.951057 -5.82354e-17 1.89218e-17 
0.0230498 0.05 0.1 0.2 0.015 -0.07 0.06 -0.572061 0.415627 0.415627 0.572062 
0.0228792 0.05 0.1 0.2 0.015 -0.02 0.12 0.809017 -0.587785 -3.59914e-17 4.9538e-17 
0.0224116 0.05 0.1 0.2 -0.015 0.02 0.12 0.587785 0.809017 -4.9538e-17 3.59915e-17 
0.0214491 0.05 0.1 0.2 0.015 -0.07 6.93889e-18 -0.572061 0.415627 0.415627 0.572062 
0.0213461 0.05 0.1 0.2 -0.025 0.03 0.12 0.587785 0.809017 -4.9538e-17 3.59915e-17 
0.0203719 0.05 0.1 0.2 0.005 -0.05 0.12 0.309017 0.951057 -5.82354e-17 1.89218e-17 
0.0200684 0.05 0.1 0.2 0.02 -0.02 0.12 -0.309017 0.951057 -5.82354e-17 -1.89218e-17 
0.0192184 0.05 0.1 0.2 0.02 -0.07 6.93889e-18 -0.572061 0.415627 0.415627 0.572062 
0.0188894 0.05 0.1 0.2 -0.02 0.02 0.12 0.951057 0.309017 1.89218e-17 5.82354e-17 
0.0178997 0.05 0.1 0.2 -0.02 0.07 0.08 0.415627 0.572061 -0.572061 0.415629 
0.0170357 0.05 0.1 0.2 -0.015 0.02 0.12 0.809017 0.587785 3.59914e-17 4.9538e-17 
0.0165038 0.05 0.1 0.2 0.015 0.04 0.12 0.809017 -0.587785 -3.59914e-17 4.9538e-17 
0.0163517 0.05 0.1 0.2 0.015 -0.02 0.12 -0.587785 0.809017 -4.9538e-17 -3.59915e-17 
0.0162028 0.05 0.1 0.2 -0.015 -0.04 0.12 0.587785 0.809017 -4.9538e-17 3.59915e-17 
0.0160159 0.05 0.1 0.2 0.02 0.04 0.12 0.809017 -0.587785 -3.59914e-17 4.9538e-17 
0.0159953 0.05 0.1 0.2 -0.02 -0.04 0.12 0.587785 0.809017 -4.9538e-17 3.59915e-17 
0.0158991 0.05 0.1 0.2 1.73472e-18 -0.04 0.12 0.309017 0.951057 -5.82354e-17 1.89218e-17 
0.0156945 0.05 0.1 0.2 -0.025 -0.04 0.12 0.587785 0.809017 -4.9538e-17 3.59915e-17 
0.015644 0.05 0.1 0.2 0.01 0.04 0.12 0.809017 -0.587785 -3.59914e-17 4.9538e-17 
0.0155414 0.05 0.1 0.2 -0.01 -0.04 0.12 0.587785 0.809017 -4.9538e-17 3.59915e-17 
0.015437 0.05 0.1 0.2 -0.025 -0.07 6.93889e-18 -0.415627 -0.572061 -0.572061 0.415629 
0.0152059 0.05 0.1 0.2 -0.02 0.03 0.12 0.587785 0.809017 -4.9538e-17 3.59915e-17 
0.0151333 0.05 0.1 0.2 0.02 -0.03 0.12 0.809017 -0.587785 -3.59914e-17 4.9538e-17 
0.0149853 0.05 0.1 0.2 1.73472e-18 0.04 0.12 0.951057 -0.309017 -1.89218e-17 5.82354e-17 
0.0148515 0.05 0.1 0.2 0.02 -0.05 0.12 -0.309017 0.951057 -5.82354e-17 -1.89218e-17 
0.0147747 0.05 0.1 0.2 -0.025 0.01 0.12 0.809017 0.587785 3.59914e-17 4.9538e-17 
0.0145014 0.05 0.1 0.2 1.73472e-18 -0.05 0.12 0.309017 0.951057 -5.82354e-17 1.89218e-17 
0.0137921 0.05 0.1 0.2 -0.025 -0.04 0.12 0.309017 0.951057 -5.82354e-17 1.89218e-17 
0.0117101 0.05 0.1 0.2 -0.01 0.02 0.12 0.809017 0.587785 3.59914e-17 4.9538e-17 
0.0113169 0.05 0.1 0.2 0.01 -0.02 0.12 -0.587785 0.809017 -4.9538e-17 -3.59915e-17 
0.00912248 0.05 0.1 0.2 -0.02 0.03 0.12 0.809017 0.587785 3.59914e-17 4.9538e-17 
0.00886796 0.05 0.1 0.2 0.015 -0.03 0.12 0.809017 -0.587785 -3.59914e-17 4.9538e-17 
0.00882937 0.05 0.1 0.2 0.015 -0.05 0.12 -0.587785 0.809017 -4.9538e-17 -3.59915e-17 
0.00866881 0.05 0.1 0.2 -0.005 -0.05 0.12 0.309017 0.951057 -5.82354e-17 1.89218e-17 
0.00862344 0.05 0.1 0.2 -0.015 0.03 0.12 0.587785 0.809017 -4.9538e-17 3.59915e-17 
0.00859465 0.05 0.1 0.2 0.02 -0.03 0.12 -0.587785 0.809017 -4.9538e-17 -3.59915e-17 
0.00750309 0.05 0.1 0.2 -0.02 0.03 0.12 0.951057 0.309017 1.89218e-17 5.82354e-17 
0.00703092 0.05 0.1 0.2 -0.005 -0.04 0.12 0.309017 0.951057 -5.82354e-17 1.89218e-17 
0.00666875 0.05 0.1 0.2 0.02 -0.03 0.12 -0.309017 0.951057 -5.82354e-17 -1.89218e-17 
0.00611597 0.05 0.1 0.2 0.005 0.04 0.12 0.951057 -0.309017 -1.89218e-17 5.82354e-17 
0.00585523 0.05 0.1 0.2 -0.025 -0.04 0.12 6.12323e-17 1 -6.12323e-17 3.7494e-33 
0.00582233 0.05 0.1 0.2 -0.025 -0.07 0.08 -0.572061 -0.415627 -0.415627 0.572062 
0.0058176 0.05 0.1 0.2 0.015 -0.04 0.12 6.12323e-17 1 -6.12323e-17 3.7494e-33 
0.0057359 0.05 0.1 0.2 0.02 -0.04 0.12 6.12323e-17 1 -6.12323e-17 3.7494e-33 
0.00572824 0.05 0.1 0.2 -0.015 0.04 0.12 1 0 0 6.12323e-17 
0.00567887 0.05 0.1 0.2 -0.025 -0.03 0.12 0.309017 0.951057 -5.82354e-17 1.89218e-17 
0.00557838 0.05 0.1 0.2 -0.02 0.04 0.12 1 0 0 6.12323e-17 
0.00522889 0.05 0.1 0.2 0.02 -0.01 0.12 -0.587785 0.809017 -4.9538e-17 -3.59915e-17 
0.00498023 0.05 0.1 0.2 -0.025 0.03 0.12 0.951057 0.309017 1.89218e-17 5.82354e-17 
0.00495747 0.05 0.1 0.2 -0.025 0.04 0.12 0.587785 0.809017 -4.9538e-17 3.59915e-17 
0.00472797 0.05 0.1 0.2 0.01 -0.04 0.12 6.12323e-17 1 -6.12323e-17 3.7494e-33 
0.0047237 0.05 0.1 0.2 -0.01 0.04 0.12 1 0 0 6.12323e-17 
0.00460292 0.05 0.1 0.2 -0.02 0.01 0.12 0.809017 0.587785 3.59914e-17 4.9538e-17 
0.00440625 0.05 0.1 0.2 0.02 0.07 0.08 0.415627 -0.572061 0.572061 0.415629 
0.00434435 0.05 0.1 0.2 0.02 0.04 0.12 0.951057 -0.309017 -1.89218e-17 5.82354e-17 
0.00409075 0.05 0.1 0.2 -0.02 -0.04 0.12 0.309017 0.951057 -5.82354e-17 1.89218e-17 
0.00387216 0.05 0.1 0.2 0.015 0.07 0.06 0.415627 -0.572061 0.572061 0.415629 
0.00385332 0.05 0.1 0.2 0.01 0.07 0.08 0.415627 -0.572061 0.572061 0.415629 
0.00383522 0.05 0.1 0.2 -0.01 -0.05 0.12 0.309017 0.951057 -5.82354e-17 1.89218e-17 
0.00371341 0.05 0.1 0.2 -0.025 0.04 0.12 1 0 0 6.12323e-17 
0.00358158 0.05 0.1 0.2 -0.025 -0.05 0.12 0.309017 0.951057 -5.82354e-17 1.89218e-17 
0.00311351 0.05 0.1 0.2 0.045 -0.04 0.06 0 -0.707107 0 0.707106 
0.00303662 0.05 0.1 0.2 -0.005 0.04 0.12 1 0 0 6.12323e-17 
0.00302201 0.05 0.1 0.2 0.045 -0.05 0.06 0 -0.707107 0 0.707106 
0.00296988 0.05 0.1 0.2 0.005 -0.04 0.12 6.12323e-17 1 -6.12323e-17 3.7494e-33 
0.00282497 0.05 0.1 0.2 0.02 0.07 0.06 0.415627 -0.572061 0.572061 0.415629 
0.00261496 0.05 0.1 0.2 0.01 -0.04 0.12 -0.309017 0.951057 -5.82354e-17 -1.89218e-17 
0.0026057 0.05 0.1 0.2 -0.01 0.04 0.12 0.951057 0.309017 1.89218e-17 5.82354e-17 
0.00215624 0.05 0.1 0.2 -0.025 -0.05 0.12 6.12323e-17 1 -6.12323e-17 3.7494e-33 
0.00198574 0.05 0.1 0.2 -0.025 0.04 0.12 0.809017 0.587785 3.59914e-17 4.9538e-17 
0.0018289 0.05 0.1 0.2 1.73472e-18 -0.05 0.12 0.587785 0.809017 -4.9538e-17 3.59915e-17 
0.00176527 0.05 0.1 0.2 0.005 -0.05 0.12 6.12323e-17 1 -6.12323e-17 3.7494e-33 
0.00164273 0.05 0.1 0.2 0.02 -0.05 0.12 -0.587785 0.809017 -4.9538e-17 -3.59915e-17 
0.00162684 0.05 0.1 0.2 0.01 -0.05 0.12 6.12323e-17 1 -6.12323e-17 3.7494e-33 
0.00161505 0.05 0.1 0.2 0.02 -0.07 0.08 -0.572061 0.415627 0.415627 0.572062 
0.00161083 0.05 0.1 0.2 -0.02 0.04 0.12 0.587785 0.809017 -4.9538e-17 3.59915e-17 
0.00158728 0.05 0.1 0.2 -0.015 0.07 0.08 0.415627 0.572061 -0.572061 0.415629 
0.00154957 0.05 0.1 0.2 0.015 -0.01 0.12 -0.587785 0.809017 -4.9538e-17 -3.59915e-17 
0.00152843 0.05 0.1 0.2 -0.01 -0.04 0.12 0.309017 0.951057 -5.82354e-17 1.89218e-17 
0.00152644 0.05 0.1 0.2 -0.02 -0.04 0.12 6.12323e-17 1 -6.12323e-17 3.7494e-33 
0.0014099 0.05 0.1 0.2 0.015 0.07 0.08 0.415627 -0.572061 0.572061 0.415629 
0.00135314 0.05 0.1 0.2 0.02 -0.04 0.12 0.809017 -0.587785 -3.59914e-17 4.9538e-17 
0.00127613 0.05 0.1 0.2 0.02 0.04 0.12 1 0 0 6.12323e-17 
0.00122905 0.05 0.1 0.2 -0.005 -0.05 0.12 0.587785 0.809017 -4.9538e-17 3.59915e-17 
0.0011877 0.05 0.1 0.2 1.73472e-18 0.04 0.12 1 0 0 6.12323e-17 
0.00114309 0.05 0.1 0.2 -0.015 -0.07 0.06 -0.572061 -0.415627 -0.415627 0.572062 
0.00107518 0.05 0.1 0.2 1.73472e-18 -0.05 0.12 6.12323e-17 1 -6.12323e-17 3.7494e-33 
0.00106899 0.05 0.1 0.2 1.73472e-18 -0.04 0.12 6.12323e-17 1 -6.12323e-17 3.7494e-33 
0.000880338 0.05 0.1 0.2 0.01 0.04 0.12 0.951057 -0.309017 -1.89218e-17 5.82354e-17 
0.000810301 0.05 0.1 0.2 -0.02 -0.07 0.08 -0.572061 -0.415627 -0.415627 0.572062 
0.000787951 0.05 0.1 0.2 -0.015 -0.05 0.12 0.309017 0.951057 -5.82354e-17 1.89218e-17 
0.000708519 0.05 0.1 0.2 -0.015 0.03 0.12 0.809017 0.587785 3.59914e-17 4.9538e-17 
0.000594258 0.05 0.1 0.2 -0.02 -0.07 0.08 -0.672499 -0.218508 -0.218508 0.672498 
0.000574636 0.05 0.1 0.2 -0.015 0.01 0.12 0.809017 0.587785 3.59914e-17 4.9538e-17 
0.000472598 0.05 0.1 0.2 -0.025 -0.07 0.08 -0.672499 -0.218508 -0.218508 0.672498 
0.000419987 0.05 0.1 0.2 -0.02 -0.05 0.12 0.309017 0.951057 -5.82354e-17 1.89218e-17 
0.000274882 0.05 0.1 0.2 -0.015 -0.04 0.12 0.309017 0.951057 -5.82354e-17 1.89218e-17 
0.000180438 0.05 0.1 0.2 0.015 -0.05 0.12 6.12323e-17 1 -6.12323e-17 3.7494e-33 
5.19399e-05 0.05 0.1 0.2 -0.005 -0.05 0.12 6.12323e-17 1 -6.12323e-17 3.7494e-33 
4.41868e-05 0.05 0.1 0.2 0.015 0.04 0.12 0.951057 -0.309017 -1.89218e-17 5.82354e-17 
-6.73532e-05 0.05 0.1 0.2 0.02 0.07 0.08 0.218508 -0.672499 0.672499 0.218502 
-0.000177888 0.05 0.1 0.2 -0.02 -0.05 0.12 6.12323e-17 1 -6.12323e-17 3.7494e-33 
-0.000219163 0.05 0.1 0.2 -0.01 -0.07 0.08 -0.572061 -0.415627 -0.415627 0.572062 
-0.000252902 0.05 0.1 0.2 0.015 -0.05 0.12 0.809017 -0.587785 -3.59914e-17 4.9538e-17 
-0.000361939 0.05 0.1 0.2 0.005 0.04 0.12 1 0 0 6.12323e-17 
-0.000493541 0.05 0.1 0.2 0.015 -0.03 0.12 -0.587785 0.809017 -4.9538e-17 -3.59915e-17 
-0.000499748 0.05 0.1 0.2 -0.005 -0.04 0.12 6.12323e-17 1 -6.12323e-17 3.7494e-33 
-0.000632785 0.05 0.1 0.2 -0.01 -0.05 0.12 0.587785 0.809017 -4.9538e-17 3.59915e-17 
-0.000650479 0.05 0.1 0.2 -0.015 -0.07 0.08 -0.572061 -0.415627 -0.415627 0.572062 
-0.000695061 0.05 0.1 0.2 0.015 -0.04 0.12 -0.309017 0.951057 -5.82354e-17 -1.89218e-17 
-0.00070503 0.05 0.1 0.2 -0.015 -0.04 0.12 6.12323e-17 1 -6.12323e-17 3.7494e-33 
-0.000742236 0.05 0.1 0.2 0.015 0.04 0.12 1 0 0 6.12323e-17 
-0.000759502 0.05 0.1 0.2 -0.015 0.04 0.12 0.951057 0.309017 1.89218e-17 5.82354e-17 
-0.000789963 0.05 0.1 0.2 -0.01 -0.05 0.12 6.12323e-17 1 -6.12323e-17 3.7494e-33 
-0.000835105 0.05 0.1 0.2 0.015 -0.04 0.12 0.809017 -0.587785 -3.59914e-17 4.9538e-17 
-0.000885161 0.05 0.1 0.2 -0.02 -0.07 0.06 -0.572061 -0.415627 -0.415627 0.572062 
-0.00101445 0.05 0.1 0.2 -0.015 -0.05 0.12 6.12323e-17 1 -6.12323e-17 3.7494e-33 
-0.0011045 0.05 0.1 0.2 -0.015 0.04 0.12 0.587785 0.809017 -4.9538e-17 3.59915e-17 
-0.00114269 0.05 0.1 0.2 0.01 0.04 0.12 1 0 0 6.12323e-17 
-0.00123826 0.05 0.1 0.2 -0.01 -0.04 0.12 6.12323e-17 1 -6.12323e-17 3.7494e-33 
-0.00177431 0.05 0.1 0.2 -0.025 0.04 0.12 0.951057 0.309017 1.89218e-17 5.82354e-17 
-0.00245976 0.05 0.1 0.2 0.02 -0.04 0.12 -0.309017 0.951057 -5.82354e-17 -1.89218e-17 
-0.00264318 0.05 0.1 0.2 -0.01 0.03 0.12 0.809017 0.587785 3.59914e-17 4.9538e-17 
-0.00299669 0.05 0.1 0.2 -0.015 -0.05 0.12 0.587785 0.809017 -4.9538e-17 3.59915e-17 
-0.00315824 0.05 0.1 0.2 0.01 -0.03 0.12 -0.587785 0.809017 -4.9538e-17 -3.59915e-17 
-0.00316946 0.05 0.1 0.2 -0.02 0.04 0.12 0.951057 0.309017 1.89218e-17 5.82354e-17 
-0.00318098 0.05 0.1 0.2 0.02 -0.05 0.12 6.12323e-17 1 -6.12323e-17 3.7494e-33 
-0.00395752 0.05 0.1 0.2 -0.025 -0.07 0.06 -0.572061 -0.415627 -0.415627 0.572062 
-0.0044385 0.05 0.1 0.2 0.02 -0.05 0.12 0.809017 -0.587785 -3.59914e-17 4.9538e-17 
-0.00470912 0.05 0.1 0.2 0.015 -0.07 0.08 -0.572061 0.415627 0.415627 0.572062 
-0.0050811 0.05 0.1 0.2 -0.02 -0.05 0.12 0.587785 0.809017 -4.9538e-17 3.59915e-17 
-0.00610571 0.05 0.1 0.2 -0.025 -0.05 0.12 0.587785 0.809017 -4.9538e-17 3.59915e-17 
-0.00762282 0.05 0.1 0.2 0.01 -0.04 0.12 -0.587785 0.809017 -4.9538e-17 -3.59915e-17 
-0.00789351 0.05 0.1 0.2 -0.01 0.04 0.12 0.809017 0.587785 3.59914e-17 4.9538e-17 
-0.00838929 0.05 0.1 0.2 -0.015 -0.07 0.08 -0.415627 -0.572061 -0.572061 0.415629 
-0.00943889 0.05 0.1 0.2 0.02 -0.04 0.12 -0.587785 0.809017 -4.9538e-17 -3.59915e-17 
-0.00992886 0.05 0.1 0.2 0.015 -0.05 0.12 -0.309017 0.951057 -5.82354e-17 -1.89218e-17 
-0.0102632 0.05 0.1 0.2 -0.02 0.04 0.12 0.809017 0.587785 3.59914e-17 4.9538e-17 
-0.0120697 0.05 0.1 0.2 0.015 0.07 0.08 0.572061 -0.415627 0.415627 0.572062 
-0.0123536 0.05 0.1 0.2 -0.015 0.04 0.12 0.809017 0.587785 3.59914e-17 4.9538e-17 
-0.0127862 0.05 0.1 0.2 0.015 -0.04 0.12 -0.587785 0.809017 -4.9538e-17 -3.59915e-17 
-0.0307351 0.05 0.1 0.2 0.045 -0.04 0.04 0 -0.707107 0 0.707106 
-0.031662 0.05 0.1 0.2 0.045 -0.05 0.04 0 -0.707107 0 0.707106 
-0.0326841 0.05 0.1 0.2 0.01 -0.05 0.12 -0.309017 0.951057 -5.82354e-17 -1.89218e-17 
-0.0567803 0.05 0.1 0.2 0.005 -0.05 0.12 -0.309017 0.951057 -5.82354e-17 -1.89218e-17 
-0.0650608 0.05 0.1 0.2 0.045 -0.05 0.02 0 -0.707107 0 0.707106 
-0.0693372 0.05 0.1 0.2 -0.045 0.04 0.04 0.707107 -4.32978e-17 0.707107 -4.32978e-17 
-0.0856663 0.05 0.1 0.2 1.73472e-18 -0.05 0.12 -0.309017 0.951057 -5.82354e-17 -1.89218e-17 
-0.096288 0.05 0.1 0.2 -0.025 3.46945e-18 0.12 0.809017 0.587785 3.59914e-17 4.9538e-17 
-0.0980226 0.05 0.1 0.2 0.045 -0.05 6.93889e-18 0 -0.707107 0 0.707106 
-0.101459 0.05 0.1 0.2 0.045 -0.04 0.08 -0.218508 -0.672498 0.218508 0.672499 
-0.102162 0.05 0.1 0.2 -0.045 0.04 0.06 0.707107 -4.32978e-17 0.707107 -4.32978e-17 
-0.102196 0.05 0.1 0.2 0.045 -0.05 0.08 -0.218508 -0.672498 0.218508 0.672499 
-0.116991 0.05 0.1 0.2 0.045 -0.05 0.06 -0.218508 -0.672498 0.218508 0.672499 
-0.122737 0.05 0.1 0.2 -0.005 -0.05 0.12 -0.309017 0.951057 -5.82354e-17 -1.89218e-17 
-0.130551 0.05 0.1 0.2 -0.045 0.04 0.08 0.707107 -4.32978e-17 0.707107 -4.32978e-17 
-0.132637 0.05 0.1 0.2 0.045 -0.05 -0.02 0 -0.707107 0 0.707106 
-0.171425 0.05 0.1 0.2 -0.01 -0.05 0.12 -0.309017 0.951057 -5.82354e-17 -1.89218e-17 
-0.235112 0.05 0.1 0.2 -0.015 -0.05 0.12 -0.309017 0.951057 -5.82354e-17 -1.89218e-17 
-0.317201 0.05 0.1 0.2 -0.02 -0.05 0.12 -0.309017 0.951057 -5.82354e-17 -1.89218e-17 
-0.421007 0.05 0.1 0.2 -0.025 -0.05 0.12 -0.309017 0.951057 -5.82354e-17 -1.89218e-17 
-2.66248 0.05 0.1 0.2 -0.025 0.07 0.08 0.218508 0.672499 -0.672499 0.218502 
