15.8275 0.062 0.062 0.1 -0.031 0.051 0.03 0.218508 0.672499 -0.672499 0.218502 
11.5158 0.062 0.062 0.1 0.0248 -0.051 0.04 -0.672499 0.218508 0.218508 0.672498 
10.4436 0.062 0.062 0.1 -0.031 0.051 0.04 0.218508 0.672499 -0.672499 0.218502 
9.42116 0.062 0.062 0.1 0.0186 -0.051 0.04 -0.672499 0.218508 0.218508 0.672498 
9.26739 0.062 0.062 0.1 -0.0248 0.051 0.04 0.218508 0.672499 -0.672499 0.218502 
8.06225 0.062 0.062 0.1 -0.0186 0.051 0.04 0.218508 0.672499 -0.672499 0.218502 
7.30974 0.062 0.062 0.1 0.0124 -0.051 0.04 -0.672499 0.218508 0.218508 0.672498 
6.83921 0.062 0.062 0.1 -0.0124 0.051 0.04 0.218508 0.672499 -0.672499 0.218502 
5.60944 0.062 0.062 0.1 -0.0062 0.051 0.04 0.218508 0.672499 -0.672499 0.218502 
5.20086 0.062 0.062 0.1 0.0062 -0.051 0.04 -0.672499 0.218508 0.218508 0.672498 
4.38408 0.062 0.062 0.1 1.73472e-18 0.051 0.04 0.218508 0.672499 -0.672499 0.218502 
3.11356 0.062 0.062 0.1 1.73472e-18 -0.051 0.04 -0.672499 0.218508 0.218508 0.672498 
0.205739 0.062 0.062 0.1 0.0248 0.0124 0.07 -0.587785 0.809017 -4.9538e-17 -3.59915e-17 
0.205711 0.062 0.062 0.1 -0.0248 -0.0124 0.07 0.809017 0.587785 3.59914e-17 4.9538e-17 
0.142795 0.062 0.062 0.1 -0.031 -0.0248 0.07 0.809017 0.587785 3.59914e-17 4.9538e-17 
0.112441 0.062 0.062 0.1 0.0062 -0.031 0.07 6.12323e-17 1 -6.12323e-17 3.7494e-33 
0.108977 0.062 0.062 0.1 1.73472e-18 -0.031 0.07 6.12323e-17 1 -6.12323e-17 3.7494e-33 
0.0983985 0.062 0.062 0.1 0.0186 -0.0186 0.07 -0.309017 0.951057 -5.82354e-17 -1.89218e-17 
0.0983956 0.062 0.062 0.1 -0.0186 0.0186 0.07 0.951057 0.309017 1.89218e-17 5.82354e-17 
0.09669 0.062 0.062 0.1 0.0124 -0.031 0.07 6.12323e-17 1 -6.12323e-17 3.7494e-33 
0.0957837 0.062 0.062 0.1 -0.0124 0.0248 0.07 1 0 0 6.12323e-17 
0.0957673 0.062 0.062 0.1 0.0124 -0.0248 0.07 6.12323e-17 1 -6.12323e-17 3.7494e-33 
0.0957253 0.062 0.062 0.1 -0.0062 -0.031 0.07 6.12323e-17 1 -6.12323e-17 3.7494e-33 
0.0956348 0.062 0.062 0.1 -0.0248 -0.0062 0.07 0.809017 0.587785 3.59914e-17 4.9538e-17 
0.095593 0.062 0.062 0.1 0.0248 0.0062 0.07 -0.587785 0.809017 -4.9538e-17 -3.59915e-17 
0.0944964 0.062 0.062 0.1 -0.0062 0.0248 0.07 1 0 0 6.12323e-17 
0.0944837 0.062 0.062 0.1 0.0062 -0.0248 0.07 6.12323e-17 1 -6.12323e-17 3.7494e-33 
0.0863052 0.062 0.062 0.1 0.0062 -0.0186 0.07 6.12323e-17 1 -6.12323e-17 3.7494e-33 
0.0862969 0.062 0.062 0.1 -0.0062 0.0186 0.07 1 0 0 6.12323e-17 
0.082266 0.062 0.062 0.1 -0.0124 -0.031 0.07 6.12323e-17 1 -6.12323e-17 3.7494e-33 
0.0785725 0.062 0.062 0.1 0.0248 -0.0062 0.07 -0.309017 0.951057 -5.82354e-17 -1.89218e-17 
0.0785634 0.062 0.062 0.1 -0.0248 0.0062 0.07 0.951057 0.309017 1.89218e-17 5.82354e-17 
0.0772106 0.062 0.062 0.1 0.0124 -0.0124 0.07 -0.587785 0.809017 -4.9538e-17 -3.59915e-17 
0.0771164 0.062 0.062 0.1 1.73472e-18 0.0186 0.07 1 0 0 6.12323e-17 
0.0771051 0.062 0.062 0.1 1.73472e-18 -0.0186 0.07 6.12323e-17 1 -6.12323e-17 3.7494e-33 
0.0751365 0.062 0.062 0.1 -0.0124 0.0124 0.07 0.809017 0.587785 3.59914e-17 4.9538e-17 
0.0727563 0.062 0.062 0.1 0.0124 -0.0186 0.07 -0.587785 0.809017 -4.9538e-17 -3.59915e-17 
0.0718377 0.062 0.062 0.1 -0.0186 -0.031 0.07 6.12323e-17 1 -6.12323e-17 3.7494e-33 
0.0710827 0.062 0.062 0.1 1.73472e-18 0.0248 0.07 1 0 0 6.12323e-17 
0.0710736 0.062 0.062 0.1 1.73472e-18 -0.0248 0.07 6.12323e-17 1 -6.12323e-17 3.7494e-33 
0.0705652 0.062 0.062 0.1 -0.0124 0.0186 0.07 0.809017 0.587785 3.59914e-17 4.9538e-17 
0.0697823 0.062 0.062 0.1 0.0186 -0.0248 0.07 6.12323e-17 1 -6.12323e-17 3.7494e-33 
0.069767 0.062 0.062 0.1 -0.0186 0.0248 0.07 1 0 0 6.12323e-17 
0.0678836 0.062 0.062 0.1 0.0248 0.0186 0.07 0.951057 -0.309017 -1.89218e-17 5.82354e-17 
0.0678782 0.062 0.062 0.1 -0.0248 -0.0186 0.07 0.309017 0.951057 -5.82354e-17 1.89218e-17 
0.0631514 0.062 0.062 0.1 -0.0124 0.0186 0.07 1 0 0 6.12323e-17 
0.0631473 0.062 0.062 0.1 0.0124 -0.0186 0.07 6.12323e-17 1 -6.12323e-17 3.7494e-33 
0.0612325 0.062 0.062 0.1 -0.0186 -0.0062 0.07 0.587785 0.809017 -4.9538e-17 3.59915e-17 
0.061226 0.062 0.062 0.1 0.0186 0.0062 0.07 0.809017 -0.587785 -3.59914e-17 4.9538e-17 
0.0601244 0.062 0.062 0.1 -0.031 -0.0124 0.07 0.309017 0.951057 -5.82354e-17 1.89218e-17 
0.0598578 0.062 0.062 0.1 -0.031 0.0062 0.07 0.587785 0.809017 -4.9538e-17 3.59915e-17 
0.0597375 0.062 0.062 0.1 0.0186 -0.031 0.07 6.12323e-17 1 -6.12323e-17 3.7494e-33 
0.0574412 0.062 0.062 0.1 0.0186 0.0124 0.07 0.809017 -0.587785 -3.59914e-17 4.9538e-17 
0.0574178 0.062 0.062 0.1 -0.0186 -0.0124 0.07 0.587785 0.809017 -4.9538e-17 3.59915e-17 
0.0567436 0.062 0.062 0.1 -0.0186 1.73472e-18 0.07 0.587785 0.809017 -4.9538e-17 3.59915e-17 
0.0567151 0.062 0.062 0.1 0.0186 1.73472e-18 0.07 0.809017 -0.587785 -3.59914e-17 4.9538e-17 
0.0564364 0.062 0.062 0.1 -0.031 0.0062 0.07 0.809017 0.587785 3.59914e-17 4.9538e-17 
0.056119 0.062 0.062 0.1 -0.0248 -0.031 0.07 6.12323e-17 1 -6.12323e-17 3.7494e-33 
0.0555214 0.062 0.062 0.1 -0.0248 1.73472e-18 0.07 0.809017 0.587785 3.59914e-17 4.9538e-17 
0.055471 0.062 0.062 0.1 0.0248 1.73472e-18 0.07 -0.587785 0.809017 -4.9538e-17 -3.59915e-17 
0.0552386 0.062 0.062 0.1 0.0186 0.0186 0.07 0.951057 -0.309017 -1.89218e-17 5.82354e-17 
0.0552309 0.062 0.062 0.1 -0.0186 -0.0186 0.07 0.309017 0.951057 -5.82354e-17 1.89218e-17 
0.0545715 0.062 0.062 0.1 -0.031 -0.0186 0.07 0.809017 0.587785 3.59914e-17 4.9538e-17 
0.0542162 0.062 0.062 0.1 -0.031 1.73472e-18 0.07 0.587785 0.809017 -4.9538e-17 3.59915e-17 
0.0514568 0.062 0.062 0.1 0.0062 -0.0248 0.07 0.309017 0.951057 -5.82354e-17 1.89218e-17 
0.0514548 0.062 0.062 0.1 -0.0062 0.0248 0.07 0.951057 -0.309017 -1.89218e-17 5.82354e-17 
0.0510328 0.062 0.062 0.1 -0.0248 0.0124 0.07 0.951057 0.309017 1.89218e-17 5.82354e-17 
0.0510308 0.062 0.062 0.1 0.0248 -0.0124 0.07 -0.309017 0.951057 -5.82354e-17 -1.89218e-17 
0.0504124 0.062 0.062 0.1 -0.031 0.0124 0.07 0.809017 0.587785 3.59914e-17 4.9538e-17 
0.050182 0.062 0.062 0.1 -0.0062 -0.0186 0.07 6.12323e-17 1 -6.12323e-17 3.7494e-33 
0.0501663 0.062 0.062 0.1 0.0062 0.0186 0.07 1 0 0 6.12323e-17 
0.0497465 0.062 0.062 0.1 -0.0186 0.051 0.03 0.415627 0.572061 -0.572061 0.415629 
0.0492969 0.062 0.062 0.1 0.0248 -0.031 0.07 -0.587785 0.809017 -4.9538e-17 -3.59915e-17 
0.0485874 0.062 0.062 0.1 -0.031 0.0124 0.07 0.587785 0.809017 -4.9538e-17 3.59915e-17 
0.048071 0.062 0.062 0.1 0.0248 0.0248 0.07 0.951057 -0.309017 -1.89218e-17 5.82354e-17 
0.0480696 0.062 0.062 0.1 -0.0248 -0.0248 0.07 0.309017 0.951057 -5.82354e-17 1.89218e-17 
0.0479359 0.062 0.062 0.1 0.0186 -0.0124 0.07 -0.587785 0.809017 -4.9538e-17 -3.59915e-17 
0.0478708 0.062 0.062 0.1 -0.0186 0.0124 0.07 0.809017 0.587785 3.59914e-17 4.9538e-17 
0.0477677 0.062 0.062 0.1 0.0186 0.0186 0.07 0.809017 -0.587785 -3.59914e-17 4.9538e-17 
0.0477368 0.062 0.062 0.1 -0.0186 -0.0186 0.07 0.587785 0.809017 -4.9538e-17 3.59915e-17 
0.0466208 0.062 0.062 0.1 -0.031 1.73472e-18 0.07 0.809017 0.587785 3.59914e-17 4.9538e-17 
0.0460703 0.062 0.062 0.1 1.73472e-18 0.0248 0.07 0.951057 -0.309017 -1.89218e-17 5.82354e-17 
0.0460544 0.062 0.062 0.1 1.73472e-18 -0.0248 0.07 0.309017 0.951057 -5.82354e-17 1.89218e-17 
0.0450254 0.062 0.062 0.1 -0.0248 0.0062 0.07 0.809017 0.587785 3.59914e-17 4.9538e-17 
0.0450141 0.062 0.062 0.1 0.0248 -0.0062 0.07 -0.587785 0.809017 -4.9538e-17 -3.59915e-17 
0.0442732 0.062 0.062 0.1 0.0124 -0.0248 0.07 -0.309017 0.951057 -5.82354e-17 -1.89218e-17 
0.0442703 0.062 0.062 0.1 -0.0124 0.0248 0.07 0.951057 0.309017 1.89218e-17 5.82354e-17 
0.042692 0.062 0.062 0.1 -0.0186 0.0062 0.07 0.587785 0.809017 -4.9538e-17 3.59915e-17 
0.0426572 0.062 0.062 0.1 0.0186 -0.0062 0.07 0.809017 -0.587785 -3.59914e-17 4.9538e-17 
0.0420375 0.062 0.062 0.1 0.0186 -0.0248 0.07 -0.309017 0.951057 -5.82354e-17 -1.89218e-17 
0.0420348 0.062 0.062 0.1 -0.0186 0.0248 0.07 0.951057 0.309017 1.89218e-17 5.82354e-17 
0.0415587 0.062 0.062 0.1 -0.0248 -0.0062 0.07 0.587785 0.809017 -4.9538e-17 3.59915e-17 
0.0415583 0.062 0.062 0.1 0.0248 0.0062 0.07 0.809017 -0.587785 -3.59914e-17 4.9538e-17 
0.0415107 0.062 0.062 0.1 0.0186 -0.0186 0.07 -0.587785 0.809017 -4.9538e-17 -3.59915e-17 
0.0415056 0.062 0.062 0.1 -0.0186 0.0186 0.07 0.809017 0.587785 3.59914e-17 4.9538e-17 
0.0412965 0.062 0.062 0.1 -0.0248 -0.0124 0.07 0.587785 0.809017 -4.9538e-17 3.59915e-17 
0.0412935 0.062 0.062 0.1 0.0248 0.0124 0.07 0.809017 -0.587785 -3.59914e-17 4.9538e-17 
0.039924 0.062 0.062 0.1 -0.031 0.0062 0.07 0.951057 0.309017 1.89218e-17 5.82354e-17 
0.0391266 0.062 0.062 0.1 1.73472e-18 -0.031 0.07 -0.309017 0.951057 -5.82354e-17 -1.89218e-17 
0.0391148 0.062 0.062 0.1 -0.0062 -0.0248 0.07 6.12323e-17 1 -6.12323e-17 3.7494e-33 
0.0391036 0.062 0.062 0.1 0.0062 0.0248 0.07 1 0 0 6.12323e-17 
0.0382873 0.062 0.062 0.1 0.0248 -0.0124 0.07 -0.587785 0.809017 -4.9538e-17 -3.59915e-17 
0.0382726 0.062 0.062 0.1 -0.0248 0.0124 0.07 0.809017 0.587785 3.59914e-17 4.9538e-17 
0.0382239 0.062 0.062 0.1 -0.0248 -0.0186 0.07 0.587785 0.809017 -4.9538e-17 3.59915e-17 
0.0382132 0.062 0.062 0.1 0.0248 0.0186 0.07 0.809017 -0.587785 -3.59914e-17 4.9538e-17 
0.0360237 0.062 0.062 0.1 -0.031 -0.0062 0.07 0.587785 0.809017 -4.9538e-17 3.59915e-17 
0.0358864 0.062 0.062 0.1 0.0248 1.73472e-18 0.07 0.809017 -0.587785 -3.59914e-17 4.9538e-17 
0.0358735 0.062 0.062 0.1 -0.0248 1.73472e-18 0.07 0.587785 0.809017 -4.9538e-17 3.59915e-17 
0.0346802 0.062 0.062 0.1 0.0062 -0.031 0.07 -0.309017 0.951057 -5.82354e-17 -1.89218e-17 
0.0336312 0.062 0.062 0.1 -0.031 -0.0248 0.07 0.309017 0.951057 -5.82354e-17 1.89218e-17 
0.0334169 0.062 0.062 0.1 0.0124 0.0186 0.07 0.951057 -0.309017 -1.89218e-17 5.82354e-17 
0.0334126 0.062 0.062 0.1 -0.0124 -0.0186 0.07 0.309017 0.951057 -5.82354e-17 1.89218e-17 
0.0324201 0.062 0.062 0.1 0.0186 0.0248 0.07 0.809017 -0.587785 -3.59914e-17 4.9538e-17 
0.0324098 0.062 0.062 0.1 -0.0186 -0.0248 0.07 0.587785 0.809017 -4.9538e-17 3.59915e-17 
0.0323107 0.062 0.062 0.1 -0.0248 -0.0248 0.07 0.587785 0.809017 -4.9538e-17 3.59915e-17 
0.0322995 0.062 0.062 0.1 0.0248 0.0248 0.07 0.809017 -0.587785 -3.59914e-17 4.9538e-17 
0.0313597 0.062 0.062 0.1 0.0186 -0.051 0.03 -0.572061 0.415627 0.415627 0.572062 
0.0304464 0.062 0.062 0.1 -0.031 -0.0062 0.07 0.809017 0.587785 3.59914e-17 4.9538e-17 
0.0294165 0.062 0.062 0.1 -0.031 0.0186 0.07 0.809017 0.587785 3.59914e-17 4.9538e-17 
0.0288276 0.062 0.062 0.1 0.0062 -0.031 0.07 0.309017 0.951057 -5.82354e-17 1.89218e-17 
0.0283615 0.062 0.062 0.1 1.73472e-18 -0.031 0.07 0.309017 0.951057 -5.82354e-17 1.89218e-17 
0.0281835 0.062 0.062 0.1 -0.0186 0.051 0.04 0.415627 0.572061 -0.572061 0.415629 
0.0275189 0.062 0.062 0.1 -0.0248 0.0248 0.07 1 0 0 6.12323e-17 
0.0275081 0.062 0.062 0.1 0.0248 -0.0248 0.07 6.12323e-17 1 -6.12323e-17 3.7494e-33 
0.0272261 0.062 0.062 0.1 -0.031 0.0248 0.07 0.951057 0.309017 1.89218e-17 5.82354e-17 
0.0270174 0.062 0.062 0.1 -0.0248 0.0248 0.07 0.951057 0.309017 1.89218e-17 5.82354e-17 
0.0270147 0.062 0.062 0.1 0.0248 -0.0248 0.07 -0.309017 0.951057 -5.82354e-17 -1.89218e-17 
0.0266919 0.062 0.062 0.1 0.0248 -0.0186 0.07 -0.309017 0.951057 -5.82354e-17 -1.89218e-17 
0.0266849 0.062 0.062 0.1 -0.0248 0.0186 0.07 0.951057 0.309017 1.89218e-17 5.82354e-17 
0.0265813 0.062 0.062 0.1 0.0248 -0.0186 0.07 -0.587785 0.809017 -4.9538e-17 -3.59915e-17 
0.026538 0.062 0.062 0.1 -0.0248 0.0186 0.07 0.809017 0.587785 3.59914e-17 4.9538e-17 
0.0264092 0.062 0.062 0.1 -0.0062 -0.0186 0.07 0.309017 0.951057 -5.82354e-17 1.89218e-17 
0.0264084 0.062 0.062 0.1 0.0062 0.0186 0.07 0.951057 -0.309017 -1.89218e-17 5.82354e-17 
0.0254826 0.062 0.062 0.1 -0.031 -0.0124 0.07 0.809017 0.587785 3.59914e-17 4.9538e-17 
0.0251703 0.062 0.062 0.1 0.0186 -0.051 0.04 -0.572061 0.415627 0.415627 0.572062 
0.0250287 0.062 0.062 0.1 0.0248 1.73472e-18 0.07 -0.309017 0.951057 -5.82354e-17 -1.89218e-17 
0.0250272 0.062 0.062 0.1 -0.0248 1.73472e-18 0.07 0.951057 0.309017 1.89218e-17 5.82354e-17 
0.0236055 0.062 0.062 0.1 -0.031 0.0186 0.07 0.587785 0.809017 -4.9538e-17 3.59915e-17 
0.0221494 0.062 0.062 0.1 -0.0124 -0.0186 0.07 6.12323e-17 1 -6.12323e-17 3.7494e-33 
0.0221408 0.062 0.062 0.1 0.0124 0.0186 0.07 1 0 0 6.12323e-17 
0.0221142 0.062 0.062 0.1 0.0248 -0.0062 0.07 0.809017 -0.587785 -3.59914e-17 4.9538e-17 
0.0220923 0.062 0.062 0.1 -0.0248 0.0062 0.07 0.587785 0.809017 -4.9538e-17 3.59915e-17 
0.0219583 0.062 0.062 0.1 0.0186 -0.0062 0.07 -0.587785 0.809017 -4.9538e-17 -3.59915e-17 
0.021877 0.062 0.062 0.1 -0.0186 0.0062 0.07 0.809017 0.587785 3.59914e-17 4.9538e-17 
0.0212146 0.062 0.062 0.1 -0.0186 0.0124 0.07 0.587785 0.809017 -4.9538e-17 3.59915e-17 
0.0211992 0.062 0.062 0.1 0.0186 -0.0124 0.07 0.809017 -0.587785 -3.59914e-17 4.9538e-17 
0.0210234 0.062 0.062 0.1 0.0124 -0.031 0.07 -0.309017 0.951057 -5.82354e-17 -1.89218e-17 
0.0202295 0.062 0.062 0.1 0.0248 -0.0248 0.07 -0.587785 0.809017 -4.9538e-17 -3.59915e-17 
0.0202168 0.062 0.062 0.1 -0.0062 -0.031 0.07 -0.309017 0.951057 -5.82354e-17 -1.89218e-17 
0.0202024 0.062 0.062 0.1 -0.0248 0.0248 0.07 0.809017 0.587785 3.59914e-17 4.9538e-17 
0.0201508 0.062 0.062 0.1 1.73472e-18 0.0186 0.07 0.951057 -0.309017 -1.89218e-17 5.82354e-17 
0.0201486 0.062 0.062 0.1 1.73472e-18 -0.0186 0.07 0.309017 0.951057 -5.82354e-17 1.89218e-17 
0.0199619 0.062 0.062 0.1 0.0186 0.0248 0.07 0.951057 -0.309017 -1.89218e-17 5.82354e-17 
0.0199549 0.062 0.062 0.1 -0.0186 -0.0248 0.07 0.309017 0.951057 -5.82354e-17 1.89218e-17 
0.0195066 0.062 0.062 0.1 -0.0248 -0.031 0.07 0.309017 0.951057 -5.82354e-17 1.89218e-17 
0.0185468 0.062 0.062 0.1 0.0062 0.0248 0.07 0.951057 -0.309017 -1.89218e-17 5.82354e-17 
0.0185343 0.062 0.062 0.1 -0.0062 -0.0248 0.07 0.309017 0.951057 -5.82354e-17 1.89218e-17 
0.0173265 0.062 0.062 0.1 -0.031 0.0124 0.07 0.951057 0.309017 1.89218e-17 5.82354e-17 
0.0156195 0.062 0.062 0.1 -0.0248 -0.031 0.07 0.587785 0.809017 -4.9538e-17 3.59915e-17 
0.01477 0.062 0.062 0.1 0.0248 -0.031 0.07 6.12323e-17 1 -6.12323e-17 3.7494e-33 
0.0144848 0.062 0.062 0.1 -0.031 -0.0124 0.07 0.587785 0.809017 -4.9538e-17 3.59915e-17 
0.0131013 0.062 0.062 0.1 0.0124 0.0248 0.07 1 0 0 6.12323e-17 
0.0130866 0.062 0.062 0.1 -0.0124 -0.0248 0.07 6.12323e-17 1 -6.12323e-17 3.7494e-33 
0.0114696 0.062 0.062 0.1 0.0248 -0.031 0.07 0.809017 -0.587785 -3.59914e-17 4.9538e-17 
0.011464 0.062 0.062 0.1 -0.031 -0.031 0.07 6.12323e-17 1 -6.12323e-17 3.7494e-33 
0.0113531 0.062 0.062 0.1 -0.031 1.73472e-18 0.07 0.951057 0.309017 1.89218e-17 5.82354e-17 
0.0112923 0.062 0.062 0.1 -0.031 0.0186 0.07 0.951057 0.309017 1.89218e-17 5.82354e-17 
0.0107282 0.062 0.062 0.1 0.0186 -0.031 0.07 -0.309017 0.951057 -5.82354e-17 -1.89218e-17 
0.0103553 0.062 0.062 0.1 -0.031 -0.031 0.07 0.309017 0.951057 -5.82354e-17 1.89218e-17 
0.00972402 0.062 0.062 0.1 0.0186 -0.0248 0.07 -0.587785 0.809017 -4.9538e-17 -3.59915e-17 
0.00971131 0.062 0.062 0.1 -0.0186 0.0248 0.07 0.809017 0.587785 3.59914e-17 4.9538e-17 
0.00879816 0.062 0.062 0.1 0.0248 -0.031 0.07 -0.309017 0.951057 -5.82354e-17 -1.89218e-17 
0.00796636 0.062 0.062 0.1 -0.051 0.0062 0.04 -0.415627 0.572061 -0.415627 0.572062 
0.00704396 0.062 0.062 0.1 -0.0062 -0.031 0.07 0.309017 0.951057 -5.82354e-17 1.89218e-17 
0.0060686 0.062 0.062 0.1 -0.031 0.0248 0.07 0.809017 0.587785 3.59914e-17 4.9538e-17 
0.00537461 0.062 0.062 0.1 0.051 -0.0062 0.04 -0.572061 -0.415627 0.572061 0.415629 
0.00533742 0.062 0.062 0.1 -0.0186 -0.031 0.07 0.587785 0.809017 -4.9538e-17 3.59915e-17 
0.00523338 0.062 0.062 0.1 -0.0186 -0.0186 0.07 6.12323e-17 1 -6.12323e-17 3.7494e-33 
0.00522102 0.062 0.062 0.1 0.0186 0.0186 0.07 1 0 0 6.12323e-17 
0.00480993 0.062 0.062 0.1 -0.0124 -0.0248 0.07 0.309017 0.951057 -5.82354e-17 1.89218e-17 
0.00480801 0.062 0.062 0.1 0.0124 0.0248 0.07 0.951057 -0.309017 -1.89218e-17 5.82354e-17 
0.00396321 0.062 0.062 0.1 -0.031 -0.031 0.07 0.587785 0.809017 -4.9538e-17 3.59915e-17 
0.0036763 0.062 0.062 0.1 -0.031 0.0248 0.07 1 0 0 6.12323e-17 
0.00363363 0.062 0.062 0.1 -0.0248 -0.0248 0.07 6.12323e-17 1 -6.12323e-17 3.7494e-33 
0.00363218 0.062 0.062 0.1 0.0248 0.0248 0.07 1 0 0 6.12323e-17 
0.0035291 0.062 0.062 0.1 -0.0124 -0.0248 0.07 0.587785 0.809017 -4.9538e-17 3.59915e-17 
0.00352757 0.062 0.062 0.1 0.0124 0.0248 0.07 0.809017 -0.587785 -3.59914e-17 4.9538e-17 
0.00251722 0.062 0.062 0.1 0.0186 -0.0186 0.07 6.12323e-17 1 -6.12323e-17 3.7494e-33 
0.00250792 0.062 0.062 0.1 -0.0186 0.0186 0.07 1 0 0 6.12323e-17 
0.0020849 0.062 0.062 0.1 0.0248 -0.0124 0.07 0.809017 -0.587785 -3.59914e-17 4.9538e-17 
0.00205398 0.062 0.062 0.1 -0.0248 0.0124 0.07 0.587785 0.809017 -4.9538e-17 3.59915e-17 
0.00196556 0.062 0.062 0.1 -0.0186 -0.0248 0.07 6.12323e-17 1 -6.12323e-17 3.7494e-33 
0.00195791 0.062 0.062 0.1 0.0186 0.0248 0.07 1 0 0 6.12323e-17 
0.00165318 0.062 0.062 0.1 -0.051 1.73472e-18 0.04 -0.415627 0.572061 -0.415627 0.572062 
0.0015128 0.062 0.062 0.1 0.0248 0.0186 0.07 1 0 0 6.12323e-17 
0.00150757 0.062 0.062 0.1 -0.0248 -0.0186 0.07 6.12323e-17 1 -6.12323e-17 3.7494e-33 
0.00105769 0.062 0.062 0.1 -0.031 -0.0248 0.07 6.12323e-17 1 -6.12323e-17 3.7494e-33 
0.00100379 0.062 0.062 0.1 -0.051 -0.031 0.04 -0.218508 0.672498 -0.218508 0.672499 
0.000944853 0.062 0.062 0.1 0.051 0.0248 0.04 -0.572061 -0.415627 0.572061 0.415629 
0.000936991 0.062 0.062 0.1 -0.031 -0.0186 0.07 0.309017 0.951057 -5.82354e-17 1.89218e-17 
0.000899454 0.062 0.062 0.1 -0.051 -0.031 0.03 -0.218508 0.672498 -0.218508 0.672499 
0.000795321 0.062 0.062 0.1 -0.051 -0.031 0.02 -0.218508 0.672498 -0.218508 0.672499 
0.000693088 0.062 0.062 0.1 -0.051 -0.031 0.01 -0.218508 0.672498 -0.218508 0.672499 
0.0005465 0.062 0.062 0.1 -0.051 -0.0248 0.04 -0.415627 0.572061 -0.415627 0.572062 
0.000214103 0.062 0.062 0.1 -0.051 -0.0186 0.04 -0.415627 0.572061 -0.415627 0.572062 
3.10032e-05 0.062 0.062 0.1 0.051 0.0186 0.04 -0.572061 -0.415627 0.572061 0.415629 
2.45843e-05 0.062 0.062 0.1 -0.051 -0.031 0.04 0 0.707107 0 0.707106 
1.22922e-05 0.062 0.062 0.1 0.051 -0.031 0.03 0 -0.707107 0 0.707106 
1.11031e-05 0.062 0.062 0.1 0.051 -0.031 0.04 0 -0.707107 0 0.707106 
5.03101e-06 0.062 0.062 0.1 -0.051 0.0186 0.04 0.707107 -4.32978e-17 0.707107 -4.32978e-17 
5.0024e-06 0.062 0.062 0.1 0.051 -0.0186 0.04 0 -0.707107 0 0.707106 
1.37294e-06 0.062 0.062 0.1 -0.051 0.0186 0.03 0.707107 -4.32978e-17 0.707107 -4.32978e-17 
1.35338e-06 0.062 0.062 0.1 0.051 -0.0186 0.03 0 -0.707107 0 0.707106 
5.72269e-09 0.062 0.062 0.1 0.051 0.0248 0.04 0.707107 -4.32978e-17 -0.707107 4.32978e-17 
-3.84508e-06 0.062 0.062 0.1 -0.051 0.0248 0.04 0.707107 -4.32978e-17 0.707107 -4.32978e-17 
-3.86831e-06 0.062 0.062 0.1 0.051 -0.0248 0.04 0 -0.707107 0 0.707106 
-3.9438e-06 0.062 0.062 0.1 -0.051 0.0248 0.03 0.707107 -4.32978e-17 0.707107 -4.32978e-17 
-3.96394e-06 0.062 0.062 0.1 0.051 -0.0248 0.03 0 -0.707107 0 0.707106 
-1.2857e-05 0.062 0.062 0.1 -0.051 -0.0248 0.04 0 0.707107 0 0.707106 
-0.000108631 0.062 0.062 0.1 -0.0186 -0.031 0.07 0.309017 0.951057 -5.82354e-17 1.89218e-17 
-0.000182794 0.062 0.062 0.1 -0.051 -0.0062 0.04 -0.415627 0.572061 -0.415627 0.572062 
-0.000273132 0.062 0.062 0.1 -0.051 -0.0124 0.04 -0.415627 0.572061 -0.415627 0.572062 
-0.000334595 0.062 0.062 0.1 0.051 1.73472e-18 0.04 -0.572061 -0.415627 0.572061 0.415629 
-0.000344266 0.062 0.062 0.1 -0.031 -0.0186 0.07 0.587785 0.809017 -4.9538e-17 3.59915e-17 
-0.000696551 0.062 0.062 0.1 -0.051 -0.031 0.04 -0.415627 0.572061 -0.415627 0.572062 
-0.000914005 0.062 0.062 0.1 -0.031 -0.0186 0.07 6.12323e-17 1 -6.12323e-17 3.7494e-33 
-0.00103571 0.062 0.062 0.1 -0.0186 0.0186 0.07 0.587785 0.809017 -4.9538e-17 3.59915e-17 
-0.00103674 0.062 0.062 0.1 0.0186 -0.0186 0.07 0.809017 -0.587785 -3.59914e-17 4.9538e-17 
-0.00105177 0.062 0.062 0.1 0.051 0.0124 0.04 -0.572061 -0.415627 0.572061 0.415629 
-0.00124586 0.062 0.062 0.1 0.0186 -0.031 0.07 0.809017 -0.587785 -3.59914e-17 4.9538e-17 
-0.00156469 0.062 0.062 0.1 0.051 0.0062 0.04 -0.572061 -0.415627 0.572061 0.415629 
-0.00254601 0.062 0.062 0.1 -0.031 -0.0248 0.07 0.587785 0.809017 -4.9538e-17 3.59915e-17 
-0.00277519 0.062 0.062 0.1 -0.031 0.051 0.04 0.415627 0.572061 -0.572061 0.415629 
-0.00298719 0.062 0.062 0.1 -0.0124 -0.031 0.07 0.587785 0.809017 -4.9538e-17 3.59915e-17 
-0.00302299 0.062 0.062 0.1 -0.031 0.0248 0.07 0.587785 0.809017 -4.9538e-17 3.59915e-17 
-0.00357086 0.062 0.062 0.1 -0.051 -0.0248 0.04 -0.218508 0.672498 -0.218508 0.672499 
-0.00357801 0.062 0.062 0.1 0.051 0.0248 0.04 -0.672498 -0.218508 0.672499 0.218508 
-0.00423864 0.062 0.062 0.1 -0.051 -0.0248 0.03 -0.218508 0.672498 -0.218508 0.672499 
-0.00424903 0.062 0.062 0.1 0.051 0.0248 0.03 -0.672498 -0.218508 0.672499 0.218508 
-0.00616491 0.062 0.062 0.1 -0.051 -0.0124 0.04 -0.218508 0.672498 -0.218508 0.672499 
-0.00617805 0.062 0.062 0.1 0.051 0.0124 0.04 -0.672498 -0.218508 0.672499 0.218508 
-0.00635719 0.062 0.062 0.1 -0.031 0.051 0.03 0.415627 0.572061 -0.572061 0.415629 
-0.00658963 0.062 0.062 0.1 -0.0062 -0.031 0.07 0.587785 0.809017 -4.9538e-17 3.59915e-17 
-0.00724644 0.062 0.062 0.1 -0.0124 -0.031 0.07 0.309017 0.951057 -5.82354e-17 1.89218e-17 
-0.00752925 0.062 0.062 0.1 0.0062 -0.0248 0.07 -0.309017 0.951057 -5.82354e-17 -1.89218e-17 
-0.00753525 0.062 0.062 0.1 -0.0062 0.0248 0.07 0.951057 0.309017 1.89218e-17 5.82354e-17 
-0.0124672 0.062 0.062 0.1 -0.051 -0.0186 0.04 -0.218508 0.672498 -0.218508 0.672499 
-0.0124775 0.062 0.062 0.1 0.051 0.0186 0.04 -0.672498 -0.218508 0.672499 0.218508 
-0.0128146 0.062 0.062 0.1 0.0186 -0.031 0.07 -0.587785 0.809017 -4.9538e-17 -3.59915e-17 
-0.0131059 0.062 0.062 0.1 0.0186 -0.0248 0.07 0.809017 -0.587785 -3.59914e-17 4.9538e-17 
-0.0131288 0.062 0.062 0.1 -0.0186 0.0248 0.07 0.587785 0.809017 -4.9538e-17 3.59915e-17 
-0.015135 0.062 0.062 0.1 0.0124 -0.0062 0.07 -0.587785 0.809017 -4.9538e-17 -3.59915e-17 
-0.0165552 0.062 0.062 0.1 0.0248 -0.0186 0.07 0.809017 -0.587785 -3.59914e-17 4.9538e-17 
-0.0165605 0.062 0.062 0.1 0.0186 1.73472e-18 0.07 -0.587785 0.809017 -4.9538e-17 -3.59915e-17 
-0.0165818 0.062 0.062 0.1 -0.0248 0.0186 0.07 0.587785 0.809017 -4.9538e-17 3.59915e-17 
-0.0166235 0.062 0.062 0.1 -0.0186 1.73472e-18 0.07 0.809017 0.587785 3.59914e-17 4.9538e-17 
-0.0170999 0.062 0.062 0.1 -0.0124 0.0062 0.07 0.809017 0.587785 3.59914e-17 4.9538e-17 
-0.0198722 0.062 0.062 0.1 0.0248 -0.0248 0.07 0.809017 -0.587785 -3.59914e-17 4.9538e-17 
-0.0198858 0.062 0.062 0.1 -0.0248 0.0248 0.07 0.587785 0.809017 -4.9538e-17 3.59915e-17 
-0.0211844 0.062 0.062 0.1 -0.0248 0.051 0.03 0.415627 0.572061 -0.572061 0.415629 
-0.0229255 0.062 0.062 0.1 -0.0186 -0.0062 0.07 0.809017 0.587785 3.59914e-17 4.9538e-17 
-0.0229408 0.062 0.062 0.1 0.0186 0.0062 0.07 -0.587785 0.809017 -4.9538e-17 -3.59915e-17 
-0.0257146 0.062 0.062 0.1 0.0124 -0.0248 0.07 -0.587785 0.809017 -4.9538e-17 -3.59915e-17 
-0.0263624 0.062 0.062 0.1 -0.0248 0.051 0.04 0.415627 0.572061 -0.572061 0.415629 
-0.0269399 0.062 0.062 0.1 0.0248 -0.051 0.03 -0.572061 0.415627 0.415627 0.572062 
-0.0282614 0.062 0.062 0.1 -0.0124 0.0248 0.07 0.809017 0.587785 3.59914e-17 4.9538e-17 
-0.028348 0.062 0.062 0.1 0.0248 -0.051 0.04 -0.572061 0.415627 0.415627 0.572062 
-0.0320508 0.062 0.062 0.1 -0.0124 -0.031 0.07 -0.309017 0.951057 -5.82354e-17 -1.89218e-17 
-0.0835291 0.062 0.062 0.1 -0.0248 0.0186 0.07 1 0 0 6.12323e-17 
-0.0835376 0.062 0.062 0.1 0.0248 -0.0186 0.07 6.12323e-17 1 -6.12323e-17 3.7494e-33 
-0.118332 0.062 0.062 0.1 -0.0186 -0.031 0.07 -0.309017 0.951057 -5.82354e-17 -1.89218e-17 
-0.171679 0.062 0.062 0.1 0.0124 1.73472e-18 0.07 -0.587785 0.809017 -4.9538e-17 -3.59915e-17 
-0.173402 0.062 0.062 0.1 -0.0124 1.73472e-18 0.07 0.809017 0.587785 3.59914e-17 4.9538e-17 
-0.179381 0.062 0.062 0.1 0.0124 -0.031 0.07 -0.587785 0.809017 -4.9538e-17 -3.59915e-17 
-0.225665 0.062 0.062 0.1 -0.0248 -0.031 0.07 -0.309017 0.951057 -5.82354e-17 -1.89218e-17 
-0.324409 0.062 0.062 0.1 -0.031 -0.031 0.07 -0.309017 0.951057 -5.82354e-17 -1.89218e-17 
