0.00479274 0.001 0.053 0.07 -0.0003 -0.0053 0.055 0.309017 0.951057 -5.82354e-17
0.00479274 0.001 0.053 0.07 -0.0003 -0.0053 0.055 3.78436e-17 1.16471e-16 0.951057 -0.309017
0.00479274 0.001 0.053 0.07 -0.0003 -0.0053 0.055 0.951057 -0.309017 -1.89218e-17 -5.82354e-17
0.00479274 0.001 0.053 0.07 -0.0003 -0.0053 0.055 3.93136e-17 -7.71573e-17 0.309017 0.951057
0.00881712 0.001 0.053 0.07 -0.0002 -1.73472e-18 0.055 0.809017 0.587785 7.19829e-17
0.00881712 0.001 0.053 0.07 -0.0002 -1.73472e-18 0.055 -9.9076e-17 3.59914e-17 -0.587785 0.809017
0.00881712 0.001 0.053 0.07 -0.0002 -1.73472e-18 0.055 -0.587785 0.809017 4.9538e-17 -7.19829e-17
0.00881712 0.001 0.053 0.07 -0.0002 -1.73472e-18 0.055 -1.21521e-16 -8.55294e-17 0.809017 0.587785
0.00943256 0.006 0.067 0.09 -0.003 0.0335 0.065 1 0 0
0.00943256 0.006 0.067 0.09 -0.003 0.0335 0.065 -1.22465e-16 0 0 1
0.00943256 0.006 0.067 0.09 -0.003 0.0335 0.065 -6.12323e-17 1 6.12323e-17 -3.7494e-33
0.00943256 0.006 0.067 0.09 -0.003 0.0335 0.065 -6.12323e-17 -6.12323e-17 1 -3.7494e-33
0.0197869 0.006 0.067 0.09 -0.0018 -0.0335 0.065 6.12323e-17 1 -6.12323e-17
0.0197869 0.006 0.067 0.09 -0.0018 -0.0335 0.065 7.4988e-33 1.22465e-16 1 -6.12323e-17
0.0197869 0.006 0.067 0.09 -0.0018 -0.0335 0.065 1 3.99574e-23 -7.4988e-33 -6.12323e-17
0.0197869 0.006 0.067 0.09 -0.0018 -0.0335 0.065 6.12323e-17 -6.12323e-17 6.12323e-17 1
0.00812296 0.006 0.067 0.09 0.0018 0.0268 0.065 1 0 0
0.00812296 0.006 0.067 0.09 0.0018 0.0268 0.065 -1.22465e-16 0 0 1
0.00812296 0.006 0.067 0.09 0.0018 0.0268 0.065 -6.12323e-17 1 6.12323e-17 -3.7494e-33
0.00812296 0.006 0.067 0.09 0.0018 0.0268 0.065 -6.12323e-17 -6.12323e-17 1 -3.7494e-33
0.004284 0.006 0.067 0.09 0.0024 0.0201 0.065 1 0 0
0.004284 0.006 0.067 0.09 0.0024 0.0201 0.065 -1.22465e-16 0 0 1
0.004284 0.006 0.067 0.09 0.0024 0.0201 0.065 -6.12323e-17 1 6.12323e-17 -3.7494e-33
0.004284 0.006 0.067 0.09 0.0024 0.0201 0.065 -6.12323e-17 -6.12323e-17 1 -3.7494e-33
0.0711361 0.006 0.067 0.09 0.0024 0.0268 0.065 1 0 0
0.0711361 0.006 0.067 0.09 0.0024 0.0268 0.065 -1.22465e-16 0 0 1
0.0711361 0.006 0.067 0.09 0.0024 0.0268 0.065 -6.12323e-17 1 6.12323e-17 -3.7494e-33
0.0711361 0.006 0.067 0.09 0.0024 0.0268 0.065 -6.12323e-17 -6.12323e-17 1 -3.7494e-33
0.00134463 0.006 0.067 0.09 0.003 0.0067 0.065 0.587785 0.809017 -4.9538e-17
0.00134463 0.006 0.067 0.09 0.003 0.0067 0.065 -7.19829e-17 -9.9076e-17 -0.809017 0.587785
0.00134463 0.006 0.067 0.09 0.003 0.0067 0.065 0.809017 -0.587785 -3.59915e-17 -4.9538e-17
0.00134463 0.006 0.067 0.09 0.003 0.0067 0.065 1.35465e-17 -8.55295e-17 0.587785 0.809017
0.00427552 0.006 0.067 0.09 0.003 0.0201 0.065 1 0 0
0.00427552 0.006 0.067 0.09 0.003 0.0201 0.065 -1.22465e-16 0 0 1
0.00427552 0.006 0.067 0.09 0.003 0.0201 0.065 -6.12323e-17 1 6.12323e-17 -3.7494e-33
0.00427552 0.006 0.067 0.09 0.003 0.0201 0.065 -6.12323e-17 -6.12323e-17 1 -3.7494e-33
0.00416149 0.011 0.095 0.058 -0.0055 -0.0095 0.049 0.587785 0.809017 -4.9538e-17
0.00416149 0.011 0.095 0.058 -0.0055 -0.0095 0.049 -7.19829e-17 -9.9076e-17 -0.809017 0.587785
0.00416149 0.011 0.095 0.058 -0.0055 -0.0095 0.049 0.809017 -0.587785 -3.59915e-17 -4.9538e-17
0.00416149 0.011 0.095 0.058 -0.0055 -0.0095 0.049 1.35465e-17 -8.55295e-17 0.587785 0.809017
0.00450986 0.011 0.095 0.058 -0.0055 -0.0095 0.049 0.809017 -0.587785 -7.19829e-17
0.00450986 0.011 0.095 0.058 -0.0055 -0.0095 0.049 -9.9076e-17 -3.59914e-17 0.587785 0.809017
0.00450986 0.011 0.095 0.058 -0.0055 -0.0095 0.049 0.587785 0.809017 4.9538e-17 7.19829e-17
0.00450986 0.011 0.095 0.058 -0.0055 -0.0095 0.049 -2.24449e-17 1.35465e-17 -0.809017 0.587785
0.0250104 0.011 0.095 0.058 -0.0044 3.46945e-18 0.049 0.587785 0.809017 -4.9538e-17
0.0250104 0.011 0.095 0.058 -0.0044 3.46945e-18 0.049 -7.19829e-17 -9.9076e-17 -0.809017 0.587785
0.0250104 0.011 0.095 0.058 -0.0044 3.46945e-18 0.049 0.809017 -0.587785 -3.59915e-17 -4.9538e-17
0.0250104 0.011 0.095 0.058 -0.0044 3.46945e-18 0.049 1.35465e-17 -8.55295e-17 0.587785 0.809017
0.237146 0.011 0.095 0.058 -0.0044 0.0095 0.049 0.809017 0.587785 7.19829e-17
0.237146 0.011 0.095 0.058 -0.0044 0.0095 0.049 -9.9076e-17 3.59914e-17 -0.587785 0.809017
0.237146 0.011 0.095 0.058 -0.0044 0.0095 0.049 -0.587785 0.809017 4.9538e-17 -7.19829e-17
0.237146 0.011 0.095 0.058 -0.0044 0.0095 0.049 -1.21521e-16 -8.55294e-17 0.809017 0.587785
0.0308946 0.011 0.095 0.058 -0.0044 0.019 0.049 0.587785 0.809017 -4.9538e-17
0.0308946 0.011 0.095 0.058 -0.0044 0.019 0.049 -7.19829e-17 -9.9076e-17 -0.809017 0.587785
0.0308946 0.011 0.095 0.058 -0.0044 0.019 0.049 0.809017 -0.587785 -3.59915e-17 -4.9538e-17
0.0308946 0.011 0.095 0.058 -0.0044 0.019 0.049 1.35465e-17 -8.55295e-17 0.587785 0.809017
0.00571892 0.011 0.095 0.058 -0.0033 -0.019 0.049 0.809017 -0.587785 -7.19829e-17
0.00571892 0.011 0.095 0.058 -0.0033 -0.019 0.049 -9.9076e-17 -3.59914e-17 0.587785 0.809017
0.00571892 0.011 0.095 0.058 -0.0033 -0.019 0.049 0.587785 0.809017 4.9538e-17 7.19829e-17
0.00571892 0.011 0.095 0.058 -0.0033 -0.019 0.049 -2.24449e-17 1.35465e-17 -0.809017 0.587785
0.0562198 0.011 0.095 0.058 -0.0033 -0.0095 0.049 0.809017 -0.587785 -7.19829e-17
0.0562198 0.011 0.095 0.058 -0.0033 -0.0095 0.049 -9.9076e-17 -3.59914e-17 0.587785 0.809017
0.0562198 0.011 0.095 0.058 -0.0033 -0.0095 0.049 0.587785 0.809017 4.9538e-17 7.19829e-17
0.0562198 0.011 0.095 0.058 -0.0033 -0.0095 0.049 -2.24449e-17 1.35465e-17 -0.809017 0.587785
0.0145051 0.011 0.095 0.058 -0.0022 -0.019 0.049 0.809017 -0.587785 -7.19829e-17
0.0145051 0.011 0.095 0.058 -0.0022 -0.019 0.049 -9.9076e-17 -3.59914e-17 0.587785 0.809017
0.0145051 0.011 0.095 0.058 -0.0022 -0.019 0.049 0.587785 0.809017 4.9538e-17 7.19829e-17
0.0145051 0.011 0.095 0.058 -0.0022 -0.019 0.049 -2.24449e-17 1.35465e-17 -0.809017 0.587785
0.0163357 0.011 0.095 0.058 -0.0022 -0.0095 0.049 0.809017 -0.587785 -7.19829e-17
0.0163357 0.011 0.095 0.058 -0.0022 -0.0095 0.049 -9.9076e-17 -3.59914e-17 0.587785 0.809017
0.0163357 0.011 0.095 0.058 -0.0022 -0.0095 0.049 0.587785 0.809017 4.9538e-17 7.19829e-17
0.0163357 0.011 0.095 0.058 -0.0022 -0.0095 0.049 -2.24449e-17 1.35465e-17 -0.809017 0.587785
0.00109136 0.011 0.095 0.058 -0.0011 -0.0095 0.049 0.809017 -0.587785 -7.19829e-17
0.00109136 0.011 0.095 0.058 -0.0011 -0.0095 0.049 -9.9076e-17 -3.59914e-17 0.587785 0.809017
0.00109136 0.011 0.095 0.058 -0.0011 -0.0095 0.049 0.587785 0.809017 4.9538e-17 7.19829e-17
0.00109136 0.011 0.095 0.058 -0.0011 -0.0095 0.049 -2.24449e-17 1.35465e-17 -0.809017 0.587785
0.0152688 0.011 0.095 0.058 -0.0011 3.46945e-18 0.049 0.587785 0.809017 -4.9538e-17
0.0152688 0.011 0.095 0.058 -0.0011 3.46945e-18 0.049 -7.19829e-17 -9.9076e-17 -0.809017 0.587785
0.0152688 0.011 0.095 0.058 -0.0011 3.46945e-18 0.049 0.809017 -0.587785 -3.59915e-17 -4.9538e-17
0.0152688 0.011 0.095 0.058 -0.0011 3.46945e-18 0.049 1.35465e-17 -8.55295e-17 0.587785 0.809017
0.0118747 0.011 0.095 0.058 0 -0.019 0.049 0.809017 -0.587785 -7.19829e-17
0.0118747 0.011 0.095 0.058 0 -0.019 0.049 -9.9076e-17 -3.59914e-17 0.587785 0.809017
0.0118747 0.011 0.095 0.058 0 -0.019 0.049 0.587785 0.809017 4.9538e-17 7.19829e-17
0.0118747 0.011 0.095 0.058 0 -0.019 0.049 -2.24449e-17 1.35465e-17 -0.809017 0.587785
0.0380802 0.011 0.095 0.058 0 3.46945e-18 0.049 0.809017 -0.587785 -7.19829e-17
0.0380802 0.011 0.095 0.058 0 3.46945e-18 0.049 -9.9076e-17 -3.59914e-17 0.587785 0.809017
0.0380802 0.011 0.095 0.058 0 3.46945e-18 0.049 0.587785 0.809017 4.9538e-17 7.19829e-17
0.0380802 0.011 0.095 0.058 0 3.46945e-18 0.049 -2.24449e-17 1.35465e-17 -0.809017 0.587785
0.00758774 0.011 0.095 0.058 0.0011 -0.0095 0.049 0.587785 0.809017 -4.9538e-17
0.00758774 0.011 0.095 0.058 0.0011 -0.0095 0.049 -7.19829e-17 -9.9076e-17 -0.809017 0.587785
0.00758774 0.011 0.095 0.058 0.0011 -0.0095 0.049 0.809017 -0.587785 -3.59915e-17 -4.9538e-17
0.00758774 0.011 0.095 0.058 0.0011 -0.0095 0.049 1.35465e-17 -8.55295e-17 0.587785 0.809017
0.0208377 0.011 0.095 0.058 0.0011 -0.0095 0.049 0.809017 -0.587785 -7.19829e-17
0.0208377 0.011 0.095 0.058 0.0011 -0.0095 0.049 -9.9076e-17 -3.59914e-17 0.587785 0.809017
0.0208377 0.011 0.095 0.058 0.0011 -0.0095 0.049 0.587785 0.809017 4.9538e-17 7.19829e-17
0.0208377 0.011 0.095 0.058 0.0011 -0.0095 0.049 -2.24449e-17 1.35465e-17 -0.809017 0.587785
0.0264356 0.011 0.095 0.058 0.0011 3.46945e-18 0.049 0.587785 0.809017 -4.9538e-17
0.0264356 0.011 0.095 0.058 0.0011 3.46945e-18 0.049 -7.19829e-17 -9.9076e-17 -0.809017 0.587785
0.0264356 0.011 0.095 0.058 0.0011 3.46945e-18 0.049 0.809017 -0.587785 -3.59915e-17 -4.9538e-17
0.0264356 0.011 0.095 0.058 0.0011 3.46945e-18 0.049 1.35465e-17 -8.55295e-17 0.587785 0.809017
0.031963 0.011 0.095 0.058 0.0011 0.0095 0.049 0.587785 0.809017 -4.9538e-17
0.031963 0.011 0.095 0.058 0.0011 0.0095 0.049 -7.19829e-17 -9.9076e-17 -0.809017 0.587785
0.031963 0.011 0.095 0.058 0.0011 0.0095 0.049 0.809017 -0.587785 -3.59915e-17 -4.9538e-17
0.031963 0.011 0.095 0.058 0.0011 0.0095 0.049 1.35465e-17 -8.55295e-17 0.587785 0.809017
0.00730942 0.011 0.095 0.058 0.0022 -0.019 0.049 0.809017 -0.587785 -7.19829e-17
0.00730942 0.011 0.095 0.058 0.0022 -0.019 0.049 -9.9076e-17 -3.59914e-17 0.587785 0.809017
0.00730942 0.011 0.095 0.058 0.0022 -0.019 0.049 0.587785 0.809017 4.9538e-17 7.19829e-17
0.00730942 0.011 0.095 0.058 0.0022 -0.019 0.049 -2.24449e-17 1.35465e-17 -0.809017 0.587785
0.00951767 0.011 0.095 0.058 0.0022 -0.0095 0.049 0.809017 -0.587785 -7.19829e-17
0.00951767 0.011 0.095 0.058 0.0022 -0.0095 0.049 -9.9076e-17 -3.59914e-17 0.587785 0.809017
0.00951767 0.011 0.095 0.058 0.0022 -0.0095 0.049 0.587785 0.809017 4.9538e-17 7.19829e-17
0.00951767 0.011 0.095 0.058 0.0022 -0.0095 0.049 -2.24449e-17 1.35465e-17 -0.809017 0.587785
0.0081148 0.011 0.095 0.058 0.0022 3.46945e-18 0.049 0.587785 0.809017 -4.9538e-17
0.0081148 0.011 0.095 0.058 0.0022 3.46945e-18 0.049 -7.19829e-17 -9.9076e-17 -0.809017 0.587785
0.0081148 0.011 0.095 0.058 0.0022 3.46945e-18 0.049 0.809017 -0.587785 -3.59915e-17 -4.9538e-17
0.0081148 0.011 0.095 0.058 0.0022 3.46945e-18 0.049 1.35465e-17 -8.55295e-17 0.587785 0.809017
0.00539296 0.011 0.095 0.058 0.0022 0.0095 0.049 0.587785 0.809017 -4.9538e-17
0.00539296 0.011 0.095 0.058 0.0022 0.0095 0.049 -7.19829e-17 -9.9076e-17 -0.809017 0.587785
0.00539296 0.011 0.095 0.058 0.0022 0.0095 0.049 0.809017 -0.587785 -3.59915e-17 -4.9538e-17
0.00539296 0.011 0.095 0.058 0.0022 0.0095 0.049 1.35465e-17 -8.55295e-17 0.587785 0.809017
0.00706248 0.011 0.095 0.058 0.0033 -0.019 0.049 0.809017 -0.587785 -7.19829e-17
0.00706248 0.011 0.095 0.058 0.0033 -0.019 0.049 -9.9076e-17 -3.59914e-17 0.587785 0.809017
0.00706248 0.011 0.095 0.058 0.0033 -0.019 0.049 0.587785 0.809017 4.9538e-17 7.19829e-17
0.00706248 0.011 0.095 0.058 0.0033 -0.019 0.049 -2.24449e-17 1.35465e-17 -0.809017 0.587785
0.0135794 0.011 0.095 0.058 0.0033 3.46945e-18 0.049 0.587785 0.809017 -4.9538e-17
0.0135794 0.011 0.095 0.058 0.0033 3.46945e-18 0.049 -7.19829e-17 -9.9076e-17 -0.809017 0.587785
0.0135794 0.011 0.095 0.058 0.0033 3.46945e-18 0.049 0.809017 -0.587785 -3.59915e-17 -4.9538e-17
0.0135794 0.011 0.095 0.058 0.0033 3.46945e-18 0.049 1.35465e-17 -8.55295e-17 0.587785 0.809017
0.0080657 0.011 0.095 0.058 0.0033 0.0095 0.049 0.587785 0.809017 -4.9538e-17
0.0080657 0.011 0.095 0.058 0.0033 0.0095 0.049 -7.19829e-17 -9.9076e-17 -0.809017 0.587785
0.0080657 0.011 0.095 0.058 0.0033 0.0095 0.049 0.809017 -0.587785 -3.59915e-17 -4.9538e-17
0.0080657 0.011 0.095 0.058 0.0033 0.0095 0.049 1.35465e-17 -8.55295e-17 0.587785 0.809017
0.0169379 0.011 0.095 0.058 0.0044 -0.019 0.049 0.809017 -0.587785 -7.19829e-17
0.0169379 0.011 0.095 0.058 0.0044 -0.019 0.049 -9.9076e-17 -3.59914e-17 0.587785 0.809017
0.0169379 0.011 0.095 0.058 0.0044 -0.019 0.049 0.587785 0.809017 4.9538e-17 7.19829e-17
0.0169379 0.011 0.095 0.058 0.0044 -0.019 0.049 -2.24449e-17 1.35465e-17 -0.809017 0.587785
0.0266745 0.011 0.095 0.058 0.0044 -0.0095 0.049 0.809017 -0.587785 -7.19829e-17
0.0266745 0.011 0.095 0.058 0.0044 -0.0095 0.049 -9.9076e-17 -3.59914e-17 0.587785 0.809017
0.0266745 0.011 0.095 0.058 0.0044 -0.0095 0.049 0.587785 0.809017 4.9538e-17 7.19829e-17
0.0266745 0.011 0.095 0.058 0.0044 -0.0095 0.049 -2.24449e-17 1.35465e-17 -0.809017 0.587785
0.0136129 0.011 0.095 0.058 0.0044 3.46945e-18 0.049 0.587785 0.809017 -4.9538e-17
0.0136129 0.011 0.095 0.058 0.0044 3.46945e-18 0.049 -7.19829e-17 -9.9076e-17 -0.809017 0.587785
0.0136129 0.011 0.095 0.058 0.0044 3.46945e-18 0.049 0.809017 -0.587785 -3.59915e-17 -4.9538e-17
0.0136129 0.011 0.095 0.058 0.0044 3.46945e-18 0.049 1.35465e-17 -8.55295e-17 0.587785 0.809017
0.0282067 0.011 0.095 0.058 0.0044 3.46945e-18 0.049 0.809017 -0.587785 -7.19829e-17
0.0282067 0.011 0.095 0.058 0.0044 3.46945e-18 0.049 -9.9076e-17 -3.59914e-17 0.587785 0.809017
0.0282067 0.011 0.095 0.058 0.0044 3.46945e-18 0.049 0.587785 0.809017 4.9538e-17 7.19829e-17
0.0282067 0.011 0.095 0.058 0.0044 3.46945e-18 0.049 -2.24449e-17 1.35465e-17 -0.809017 0.587785
0.027087 0.011 0.095 0.058 0.0055 -0.0095 0.049 0.809017 -0.587785 -7.19829e-17
0.027087 0.011 0.095 0.058 0.0055 -0.0095 0.049 -9.9076e-17 -3.59914e-17 0.587785 0.809017
0.027087 0.011 0.095 0.058 0.0055 -0.0095 0.049 0.587785 0.809017 4.9538e-17 7.19829e-17
0.027087 0.011 0.095 0.058 0.0055 -0.0095 0.049 -2.24449e-17 1.35465e-17 -0.809017 0.587785
0.0325815 0.011 0.095 0.058 0.0055 3.46945e-18 0.049 0.809017 -0.587785 -7.19829e-17
0.0325815 0.011 0.095 0.058 0.0055 3.46945e-18 0.049 -9.9076e-17 -3.59914e-17 0.587785 0.809017
0.0325815 0.011 0.095 0.058 0.0055 3.46945e-18 0.049 0.587785 0.809017 4.9538e-17 7.19829e-17
0.0325815 0.011 0.095 0.058 0.0055 3.46945e-18 0.049 -2.24449e-17 1.35465e-17 -0.809017 0.587785
0.018334 0.011 0.095 0.058 0.0055 0.0095 0.049 0.587785 0.809017 -4.9538e-17
0.018334 0.011 0.095 0.058 0.0055 0.0095 0.049 -7.19829e-17 -9.9076e-17 -0.809017 0.587785
0.018334 0.011 0.095 0.058 0.0055 0.0095 0.049 0.809017 -0.587785 -3.59915e-17 -4.9538e-17
0.018334 0.011 0.095 0.058 0.0055 0.0095 0.049 1.35465e-17 -8.55295e-17 0.587785 0.809017
0.101121 0.019 0.04 0.07 0.0095 0 0.055 -0.587785 0.809017 -4.9538e-17
0.101121 0.019 0.04 0.07 0.0095 0 0.055 -7.19829e-17 9.9076e-17 0.809017 0.587785
0.101121 0.019 0.04 0.07 0.0095 0 0.055 0.809017 0.587785 3.59915e-17 -4.9538e-17
0.101121 0.019 0.04 0.07 0.0095 0 0.055 8.55294e-17 -1.35465e-17 -0.587785 0.809017
0.452222 0.037 0.078 0.063 -0.0185 -0.0156 0.0515 0.809017 0.587785 7.19829e-17
0.452222 0.037 0.078 0.063 -0.0185 -0.0156 0.0515 -9.9076e-17 3.59914e-17 -0.587785 0.809017
0.452222 0.037 0.078 0.063 -0.0185 -0.0156 0.0515 -0.587785 0.809017 4.9538e-17 -7.19829e-17
0.452222 0.037 0.078 0.063 -0.0185 -0.0156 0.0515 -1.21521e-16 -8.55294e-17 0.809017 0.587785
0.0585087 0.037 0.078 0.063 -0.0185 -0.0078 0.0515 0.587785 0.809017 -4.9538e-17
0.0585087 0.037 0.078 0.063 -0.0185 -0.0078 0.0515 -7.19829e-17 -9.9076e-17 -0.809017 0.587785
0.0585087 0.037 0.078 0.063 -0.0185 -0.0078 0.0515 0.809017 -0.587785 -3.59915e-17 -4.9538e-17
0.0585087 0.037 0.078 0.063 -0.0185 -0.0078 0.0515 1.35465e-17 -8.55295e-17 0.587785 0.809017
0.241925 0.037 0.078 0.063 -0.0185 -0.0078 0.0515 0.809017 0.587785 7.19829e-17
0.241925 0.037 0.078 0.063 -0.0185 -0.0078 0.0515 -9.9076e-17 3.59914e-17 -0.587785 0.809017
0.241925 0.037 0.078 0.063 -0.0185 -0.0078 0.0515 -0.587785 0.809017 4.9538e-17 -7.19829e-17
0.241925 0.037 0.078 0.063 -0.0185 -0.0078 0.0515 -1.21521e-16 -8.55294e-17 0.809017 0.587785
0.0273081 0.037 0.078 0.063 -0.0148 -0.0312 0.0515 0.587785 0.809017 -4.9538e-17
0.0273081 0.037 0.078 0.063 -0.0148 -0.0312 0.0515 -7.19829e-17 -9.9076e-17 -0.809017 0.587785
0.0273081 0.037 0.078 0.063 -0.0148 -0.0312 0.0515 0.809017 -0.587785 -3.59915e-17 -4.9538e-17
0.0273081 0.037 0.078 0.063 -0.0148 -0.0312 0.0515 1.35465e-17 -8.55295e-17 0.587785 0.809017
0.204366 0.037 0.078 0.063 -0.0148 1.73472e-18 0.0515 0.809017 0.587785 7.19829e-17
0.204366 0.037 0.078 0.063 -0.0148 1.73472e-18 0.0515 -9.9076e-17 3.59914e-17 -0.587785 0.809017
0.204366 0.037 0.078 0.063 -0.0148 1.73472e-18 0.0515 -0.587785 0.809017 4.9538e-17 -7.19829e-17
0.204366 0.037 0.078 0.063 -0.0148 1.73472e-18 0.0515 -1.21521e-16 -8.55294e-17 0.809017 0.587785
0.0573444 0.037 0.078 0.063 -0.0148 0.0312 0.0515 1 0 0
0.0573444 0.037 0.078 0.063 -0.0148 0.0312 0.0515 -1.22465e-16 0 0 1
0.0573444 0.037 0.078 0.063 -0.0148 0.0312 0.0515 -6.12323e-17 1 6.12323e-17 -3.7494e-33
0.0573444 0.037 0.078 0.063 -0.0148 0.0312 0.0515 -6.12323e-17 -6.12323e-17 1 -3.7494e-33
0.115599 0.037 0.078 0.063 -0.0111 -0.0156 0.0515 0.587785 0.809017 -4.9538e-17
0.115599 0.037 0.078 0.063 -0.0111 -0.0156 0.0515 -7.19829e-17 -9.9076e-17 -0.809017 0.587785
0.115599 0.037 0.078 0.063 -0.0111 -0.0156 0.0515 0.809017 -0.587785 -3.59915e-17 -4.9538e-17
0.115599 0.037 0.078 0.063 -0.0111 -0.0156 0.0515 1.35465e-17 -8.55295e-17 0.587785 0.809017
0.0135458 0.037 0.078 0.063 -0.0111 -0.0078 0.0515 0.587785 0.809017 -4.9538e-17
0.0135458 0.037 0.078 0.063 -0.0111 -0.0078 0.0515 -7.19829e-17 -9.9076e-17 -0.809017 0.587785
0.0135458 0.037 0.078 0.063 -0.0111 -0.0078 0.0515 0.809017 -0.587785 -3.59915e-17 -4.9538e-17
0.0135458 0.037 0.078 0.063 -0.0111 -0.0078 0.0515 1.35465e-17 -8.55295e-17 0.587785 0.809017
0.153761 0.037 0.078 0.063 -0.0111 1.73472e-18 0.0515 0.587785 0.809017 -4.9538e-17
0.153761 0.037 0.078 0.063 -0.0111 1.73472e-18 0.0515 -7.19829e-17 -9.9076e-17 -0.809017 0.587785
0.153761 0.037 0.078 0.063 -0.0111 1.73472e-18 0.0515 0.809017 -0.587785 -3.59915e-17 -4.9538e-17
0.153761 0.037 0.078 0.063 -0.0111 1.73472e-18 0.0515 1.35465e-17 -8.55295e-17 0.587785 0.809017
0.0013447 0.037 0.078 0.063 -0.0074 1.73472e-18 0.0515 0.587785 0.809017 -4.9538e-17
0.0013447 0.037 0.078 0.063 -0.0074 1.73472e-18 0.0515 -7.19829e-17 -9.9076e-17 -0.809017 0.587785
0.0013447 0.037 0.078 0.063 -0.0074 1.73472e-18 0.0515 0.809017 -0.587785 -3.59915e-17 -4.9538e-17
0.0013447 0.037 0.078 0.063 -0.0074 1.73472e-18 0.0515 1.35465e-17 -8.55295e-17 0.587785 0.809017
0.0215517 0.037 0.078 0.063 -0.0037 0.0078 0.0515 0.809017 0.587785 7.19829e-17
0.0215517 0.037 0.078 0.063 -0.0037 0.0078 0.0515 -9.9076e-17 3.59914e-17 -0.587785 0.809017
0.0215517 0.037 0.078 0.063 -0.0037 0.0078 0.0515 -0.587785 0.809017 4.9538e-17 -7.19829e-17
0.0215517 0.037 0.078 0.063 -0.0037 0.0078 0.0515 -1.21521e-16 -8.55294e-17 0.809017 0.587785
0.0243828 0.037 0.078 0.063 8.67362e-19 0.039 0.0515 0.951057 0.309017 3.78436e-17
0.0243828 0.037 0.078 0.063 8.67362e-19 0.039 0.0515 -1.16471e-16 1.89218e-17 -0.309017 0.951057
0.0243828 0.037 0.078 0.063 8.67362e-19 0.039 0.0515 -0.309017 0.951057 5.82354e-17 -3.78436e-17
0.0243828 0.037 0.078 0.063 8.67362e-19 0.039 0.0515 -9.60791e-17 -7.71572e-17 0.951057 0.309017
0.193295 0.037 0.078 0.063 0.0037 1.73472e-18 0.0515 -0.587785 0.809017 -4.9538e-17
0.193295 0.037 0.078 0.063 0.0037 1.73472e-18 0.0515 -7.19829e-17 9.9076e-17 0.809017 0.587785
0.193295 0.037 0.078 0.063 0.0037 1.73472e-18 0.0515 0.809017 0.587785 3.59915e-17 -4.9538e-17
0.193295 0.037 0.078 0.063 0.0037 1.73472e-18 0.0515 8.55294e-17 -1.35465e-17 -0.587785 0.809017
0.00889279 0.037 0.078 0.063 0.0074 1.73472e-18 0.0515 0.809017 -0.587785 -7.19829e-17
0.00889279 0.037 0.078 0.063 0.0074 1.73472e-18 0.0515 -9.9076e-17 -3.59914e-17 0.587785 0.809017
0.00889279 0.037 0.078 0.063 0.0074 1.73472e-18 0.0515 0.587785 0.809017 4.9538e-17 7.19829e-17
0.00889279 0.037 0.078 0.063 0.0074 1.73472e-18 0.0515 -2.24449e-17 1.35465e-17 -0.809017 0.587785
0.00108404 0.037 0.078 0.063 0.0074 0.0078 0.0515 0.809017 -0.587785 -7.19829e-17
0.00108404 0.037 0.078 0.063 0.0074 0.0078 0.0515 -9.9076e-17 -3.59914e-17 0.587785 0.809017
0.00108404 0.037 0.078 0.063 0.0074 0.0078 0.0515 0.587785 0.809017 4.9538e-17 7.19829e-17
0.00108404 0.037 0.078 0.063 0.0074 0.0078 0.0515 -2.24449e-17 1.35465e-17 -0.809017 0.587785
0.0760253 0.037 0.078 0.063 0.0111 0.0312 0.0515 0.809017 -0.587785 -7.19829e-17
0.0760253 0.037 0.078 0.063 0.0111 0.0312 0.0515 -9.9076e-17 -3.59914e-17 0.587785 0.809017
0.0760253 0.037 0.078 0.063 0.0111 0.0312 0.0515 0.587785 0.809017 4.9538e-17 7.19829e-17
0.0760253 0.037 0.078 0.063 0.0111 0.0312 0.0515 -2.24449e-17 1.35465e-17 -0.809017 0.587785
0.168022 0.037 0.078 0.063 0.0148 -0.0078 0.0515 -0.587785 0.809017 -4.9538e-17
0.168022 0.037 0.078 0.063 0.0148 -0.0078 0.0515 -7.19829e-17 9.9076e-17 0.809017 0.587785
0.168022 0.037 0.078 0.063 0.0148 -0.0078 0.0515 0.809017 0.587785 3.59915e-17 -4.9538e-17
0.168022 0.037 0.078 0.063 0.0148 -0.0078 0.0515 8.55294e-17 -1.35465e-17 -0.587785 0.809017
0.0140498 0.037 0.078 0.063 0.0148 0.0078 0.0515 -0.587785 0.809017 -4.9538e-17
0.0140498 0.037 0.078 0.063 0.0148 0.0078 0.0515 -7.19829e-17 9.9076e-17 0.809017 0.587785
0.0140498 0.037 0.078 0.063 0.0148 0.0078 0.0515 0.809017 0.587785 3.59915e-17 -4.9538e-17
0.0140498 0.037 0.078 0.063 0.0148 0.0078 0.0515 8.55294e-17 -1.35465e-17 -0.587785 0.809017
0.0255574 0.037 0.078 0.063 0.0185 -0.0078 0.0515 -0.587785 0.809017 -4.9538e-17
0.0255574 0.037 0.078 0.063 0.0185 -0.0078 0.0515 -7.19829e-17 9.9076e-17 0.809017 0.587785
0.0255574 0.037 0.078 0.063 0.0185 -0.0078 0.0515 0.809017 0.587785 3.59915e-17 -4.9538e-17
0.0255574 0.037 0.078 0.063 0.0185 -0.0078 0.0515 8.55294e-17 -1.35465e-17 -0.587785 0.809017
0.0471893 0.037 0.078 0.063 0.0185 0.0078 0.0515 0.809017 -0.587785 -7.19829e-17
0.0471893 0.037 0.078 0.063 0.0185 0.0078 0.0515 -9.9076e-17 -3.59914e-17 0.587785 0.809017
0.0471893 0.037 0.078 0.063 0.0185 0.0078 0.0515 0.587785 0.809017 4.9538e-17 7.19829e-17
0.0471893 0.037 0.078 0.063 0.0185 0.0078 0.0515 -2.24449e-17 1.35465e-17 -0.809017 0.587785
0.214924 0.037 0.078 0.063 0.0185 0.0156 0.0515 0.951057 -0.309017 -3.78436e-17
0.214924 0.037 0.078 0.063 0.0185 0.0156 0.0515 -1.16471e-16 -1.89218e-17 0.309017 0.951057
0.214924 0.037 0.078 0.063 0.0185 0.0156 0.0515 0.309017 0.951057 5.82354e-17 3.78436e-17
0.214924 0.037 0.078 0.063 0.0185 0.0156 0.0515 -2.03919e-17 -3.93136e-17 0.951057 -0.309017
0.310093 0.037 0.078 0.063 0.0185 0.0156 0.0515 -0.587785 0.809017 -4.9538e-17
0.310093 0.037 0.078 0.063 0.0185 0.0156 0.0515 -7.19829e-17 9.9076e-17 0.809017 0.587785
0.310093 0.037 0.078 0.063 0.0185 0.0156 0.0515 0.809017 0.587785 3.59915e-17 -4.9538e-17
0.310093 0.037 0.078 0.063 0.0185 0.0156 0.0515 8.55294e-17 -1.35465e-17 -0.587785 0.809017
0.0435106 0.038 0.038 0.068 -0.019 -0.0076 0.054 0.809017 0.587785 7.19829e-17
0.0435106 0.038 0.038 0.068 -0.019 -0.0076 0.054 -9.9076e-17 3.59914e-17 -0.587785 0.809017
0.0435106 0.038 0.038 0.068 -0.019 -0.0076 0.054 -0.587785 0.809017 4.9538e-17 -7.19829e-17
0.0435106 0.038 0.038 0.068 -0.019 -0.0076 0.054 -1.21521e-16 -8.55294e-17 0.809017 0.587785
0.0857666 0.038 0.038 0.068 -0.019 -0.0038 0.054 0.809017 0.587785 7.19829e-17
0.0857666 0.038 0.038 0.068 -0.019 -0.0038 0.054 -9.9076e-17 3.59914e-17 -0.587785 0.809017
0.0857666 0.038 0.038 0.068 -0.019 -0.0038 0.054 -0.587785 0.809017 4.9538e-17 -7.19829e-17
0.0857666 0.038 0.038 0.068 -0.019 -0.0038 0.054 -1.21521e-16 -8.55294e-17 0.809017 0.587785
0.0904654 0.038 0.038 0.068 -0.019 0.0038 0.054 0.809017 0.587785 7.19829e-17
0.0904654 0.038 0.038 0.068 -0.019 0.0038 0.054 -9.9076e-17 3.59914e-17 -0.587785 0.809017
0.0904654 0.038 0.038 0.068 -0.019 0.0038 0.054 -0.587785 0.809017 4.9538e-17 -7.19829e-17
0.0904654 0.038 0.038 0.068 -0.019 0.0038 0.054 -1.21521e-16 -8.55294e-17 0.809017 0.587785
0.025963 0.038 0.038 0.068 -0.019 0.0076 0.054 0.809017 0.587785 7.19829e-17
0.025963 0.038 0.038 0.068 -0.019 0.0076 0.054 -9.9076e-17 3.59914e-17 -0.587785 0.809017
0.025963 0.038 0.038 0.068 -0.019 0.0076 0.054 -0.587785 0.809017 4.9538e-17 -7.19829e-17
0.025963 0.038 0.038 0.068 -0.019 0.0076 0.054 -1.21521e-16 -8.55294e-17 0.809017 0.587785
0.0977229 0.038 0.038 0.068 -0.019 0.019 0.054 1 0 0
0.0977229 0.038 0.038 0.068 -0.019 0.019 0.054 -1.22465e-16 0 0 1
0.0977229 0.038 0.038 0.068 -0.019 0.019 0.054 -6.12323e-17 1 6.12323e-17 -3.7494e-33
0.0977229 0.038 0.038 0.068 -0.019 0.019 0.054 -6.12323e-17 -6.12323e-17 1 -3.7494e-33
0.0293481 0.038 0.038 0.068 -0.0152 -0.0114 0.054 0.309017 0.951057 -5.82354e-17
0.0293481 0.038 0.038 0.068 -0.0152 -0.0114 0.054 3.78436e-17 1.16471e-16 0.951057 -0.309017
0.0293481 0.038 0.038 0.068 -0.0152 -0.0114 0.054 0.951057 -0.309017 -1.89218e-17 -5.82354e-17
0.0293481 0.038 0.038 0.068 -0.0152 -0.0114 0.054 3.93136e-17 -7.71573e-17 0.309017 0.951057
0.126695 0.038 0.038 0.068 -0.0152 -0.0038 0.054 0.809017 0.587785 7.19829e-17
0.126695 0.038 0.038 0.068 -0.0152 -0.0038 0.054 -9.9076e-17 3.59914e-17 -0.587785 0.809017
0.126695 0.038 0.038 0.068 -0.0152 -0.0038 0.054 -0.587785 0.809017 4.9538e-17 -7.19829e-17
0.126695 0.038 0.038 0.068 -0.0152 -0.0038 0.054 -1.21521e-16 -8.55294e-17 0.809017 0.587785
0.184079 0.038 0.038 0.068 -0.0152 -0.0038 0.054 0.951057 0.309017 3.78436e-17
0.184079 0.038 0.038 0.068 -0.0152 -0.0038 0.054 -1.16471e-16 1.89218e-17 -0.309017 0.951057
0.184079 0.038 0.038 0.068 -0.0152 -0.0038 0.054 -0.309017 0.951057 5.82354e-17 -3.78436e-17
0.184079 0.038 0.038 0.068 -0.0152 -0.0038 0.054 -9.60791e-17 -7.71572e-17 0.951057 0.309017
0.0117643 0.038 0.038 0.068 -0.0152 -8.67362e-19 0.054 0.951057 0.309017 3.78436e-17
0.0117643 0.038 0.038 0.068 -0.0152 -8.67362e-19 0.054 -1.16471e-16 1.89218e-17 -0.309017 0.951057
0.0117643 0.038 0.038 0.068 -0.0152 -8.67362e-19 0.054 -0.309017 0.951057 5.82354e-17 -3.78436e-17
0.0117643 0.038 0.038 0.068 -0.0152 -8.67362e-19 0.054 -9.60791e-17 -7.71572e-17 0.951057 0.309017
0.0248007 0.038 0.038 0.068 -0.0152 0.0038 0.054 0.951057 0.309017 3.78436e-17
0.0248007 0.038 0.038 0.068 -0.0152 0.0038 0.054 -1.16471e-16 1.89218e-17 -0.309017 0.951057
0.0248007 0.038 0.038 0.068 -0.0152 0.0038 0.054 -0.309017 0.951057 5.82354e-17 -3.78436e-17
0.0248007 0.038 0.038 0.068 -0.0152 0.0038 0.054 -9.60791e-17 -7.71572e-17 0.951057 0.309017
0.0446408 0.038 0.038 0.068 -0.0152 0.019 0.054 1 0 0
0.0446408 0.038 0.038 0.068 -0.0152 0.019 0.054 -1.22465e-16 0 0 1
0.0446408 0.038 0.038 0.068 -0.0152 0.019 0.054 -6.12323e-17 1 6.12323e-17 -3.7494e-33
0.0446408 0.038 0.038 0.068 -0.0152 0.019 0.054 -6.12323e-17 -6.12323e-17 1 -3.7494e-33
0.187108 0.038 0.038 0.068 -0.0114 -0.0152 0.054 0.309017 0.951057 -5.82354e-17
0.187108 0.038 0.038 0.068 -0.0114 -0.0152 0.054 3.78436e-17 1.16471e-16 0.951057 -0.309017
0.187108 0.038 0.038 0.068 -0.0114 -0.0152 0.054 0.951057 -0.309017 -1.89218e-17 -5.82354e-17
0.187108 0.038 0.038 0.068 -0.0114 -0.0152 0.054 3.93136e-17 -7.71573e-17 0.309017 0.951057
0.0649643 0.038 0.038 0.068 -0.0114 -0.0152 0.054 0.587785 0.809017 -4.9538e-17
0.0649643 0.038 0.038 0.068 -0.0114 -0.0152 0.054 -7.19829e-17 -9.9076e-17 -0.809017 0.587785
0.0649643 0.038 0.038 0.068 -0.0114 -0.0152 0.054 0.809017 -0.587785 -3.59915e-17 -4.9538e-17
0.0649643 0.038 0.038 0.068 -0.0114 -0.0152 0.054 1.35465e-17 -8.55295e-17 0.587785 0.809017
0.201267 0.038 0.038 0.068 -0.0114 0.019 0.054 1 0 0
0.201267 0.038 0.038 0.068 -0.0114 0.019 0.054 -1.22465e-16 0 0 1
0.201267 0.038 0.038 0.068 -0.0114 0.019 0.054 -6.12323e-17 1 6.12323e-17 -3.7494e-33
0.201267 0.038 0.038 0.068 -0.0114 0.019 0.054 -6.12323e-17 -6.12323e-17 1 -3.7494e-33
0.00314143 0.038 0.038 0.068 -0.0076 -0.0152 0.054 0.809017 0.587785 7.19829e-17
0.00314143 0.038 0.038 0.068 -0.0076 -0.0152 0.054 -9.9076e-17 3.59914e-17 -0.587785 0.809017
0.00314143 0.038 0.038 0.068 -0.0076 -0.0152 0.054 -0.587785 0.809017 4.9538e-17 -7.19829e-17
0.00314143 0.038 0.038 0.068 -0.0076 -0.0152 0.054 -1.21521e-16 -8.55294e-17 0.809017 0.587785
0.10814 0.038 0.038 0.068 -0.0076 -0.0114 0.054 0.309017 0.951057 -5.82354e-17
0.10814 0.038 0.038 0.068 -0.0076 -0.0114 0.054 3.78436e-17 1.16471e-16 0.951057 -0.309017
0.10814 0.038 0.038 0.068 -0.0076 -0.0114 0.054 0.951057 -0.309017 -1.89218e-17 -5.82354e-17
0.10814 0.038 0.038 0.068 -0.0076 -0.0114 0.054 3.93136e-17 -7.71573e-17 0.309017 0.951057
0.0230813 0.038 0.038 0.068 -0.0076 -8.67362e-19 0.054 0.587785 0.809017 -4.9538e-17
0.0230813 0.038 0.038 0.068 -0.0076 -8.67362e-19 0.054 -7.19829e-17 -9.9076e-17 -0.809017 0.587785
0.0230813 0.038 0.038 0.068 -0.0076 -8.67362e-19 0.054 0.809017 -0.587785 -3.59915e-17 -4.9538e-17
0.0230813 0.038 0.038 0.068 -0.0076 -8.67362e-19 0.054 1.35465e-17 -8.55295e-17 0.587785 0.809017
0.135725 0.038 0.038 0.068 -0.0076 0.019 0.054 0.951057 0.309017 3.78436e-17
0.135725 0.038 0.038 0.068 -0.0076 0.019 0.054 -1.16471e-16 1.89218e-17 -0.309017 0.951057
0.135725 0.038 0.038 0.068 -0.0076 0.019 0.054 -0.309017 0.951057 5.82354e-17 -3.78436e-17
0.135725 0.038 0.038 0.068 -0.0076 0.019 0.054 -9.60791e-17 -7.71572e-17 0.951057 0.309017
0.12276 0.038 0.038 0.068 -0.0076 0.019 0.054 1 0 0
0.12276 0.038 0.038 0.068 -0.0076 0.019 0.054 -1.22465e-16 0 0 1
0.12276 0.038 0.038 0.068 -0.0076 0.019 0.054 -6.12323e-17 1 6.12323e-17 -3.7494e-33
0.12276 0.038 0.038 0.068 -0.0076 0.019 0.054 -6.12323e-17 -6.12323e-17 1 -3.7494e-33
0.161568 0.038 0.038 0.068 -0.0038 -0.0114 0.054 0.587785 0.809017 -4.9538e-17
0.161568 0.038 0.038 0.068 -0.0038 -0.0114 0.054 -7.19829e-17 -9.9076e-17 -0.809017 0.587785
0.161568 0.038 0.038 0.068 -0.0038 -0.0114 0.054 0.809017 -0.587785 -3.59915e-17 -4.9538e-17
0.161568 0.038 0.038 0.068 -0.0038 -0.0114 0.054 1.35465e-17 -8.55295e-17 0.587785 0.809017
0.069997 0.038 0.038 0.068 -0.0038 0.019 0.054 0.809017 0.587785 7.19829e-17
0.069997 0.038 0.038 0.068 -0.0038 0.019 0.054 -9.9076e-17 3.59914e-17 -0.587785 0.809017
0.069997 0.038 0.038 0.068 -0.0038 0.019 0.054 -0.587785 0.809017 4.9538e-17 -7.19829e-17
0.069997 0.038 0.038 0.068 -0.0038 0.019 0.054 -1.21521e-16 -8.55294e-17 0.809017 0.587785
0.0590263 0.038 0.038 0.068 0.0038 -0.019 0.054 6.12323e-17 1 -6.12323e-17
0.0590263 0.038 0.038 0.068 0.0038 -0.019 0.054 7.4988e-33 1.22465e-16 1 -6.12323e-17
0.0590263 0.038 0.038 0.068 0.0038 -0.019 0.054 1 3.99574e-23 -7.4988e-33 -6.12323e-17
0.0590263 0.038 0.038 0.068 0.0038 -0.019 0.054 6.12323e-17 -6.12323e-17 6.12323e-17 1
0.0915118 0.038 0.038 0.068 0.0038 -8.67362e-19 0.054 -0.587785 0.809017 -4.9538e-17
0.0915118 0.038 0.038 0.068 0.0038 -8.67362e-19 0.054 -7.19829e-17 9.9076e-17 0.809017 0.587785
0.0915118 0.038 0.038 0.068 0.0038 -8.67362e-19 0.054 0.809017 0.587785 3.59915e-17 -4.9538e-17
0.0915118 0.038 0.038 0.068 0.0038 -8.67362e-19 0.054 8.55294e-17 -1.35465e-17 -0.587785 0.809017
0.115548 0.038 0.038 0.068 0.0076 -8.67362e-19 0.054 -0.587785 0.809017 -4.9538e-17
0.115548 0.038 0.038 0.068 0.0076 -8.67362e-19 0.054 -7.19829e-17 9.9076e-17 0.809017 0.587785
0.115548 0.038 0.038 0.068 0.0076 -8.67362e-19 0.054 0.809017 0.587785 3.59915e-17 -4.9538e-17
0.115548 0.038 0.038 0.068 0.0076 -8.67362e-19 0.054 8.55294e-17 -1.35465e-17 -0.587785 0.809017
0.112854 0.038 0.038 0.068 0.0076 0.0076 0.054 -0.587785 0.809017 -4.9538e-17
0.112854 0.038 0.038 0.068 0.0076 0.0076 0.054 -7.19829e-17 9.9076e-17 0.809017 0.587785
0.112854 0.038 0.038 0.068 0.0076 0.0076 0.054 0.809017 0.587785 3.59915e-17 -4.9538e-17
0.112854 0.038 0.038 0.068 0.0076 0.0076 0.054 8.55294e-17 -1.35465e-17 -0.587785 0.809017
0.0357372 0.038 0.038 0.068 0.0076 0.0152 0.054 -0.587785 0.809017 -4.9538e-17
0.0357372 0.038 0.038 0.068 0.0076 0.0152 0.054 -7.19829e-17 9.9076e-17 0.809017 0.587785
0.0357372 0.038 0.038 0.068 0.0076 0.0152 0.054 0.809017 0.587785 3.59915e-17 -4.9538e-17
0.0357372 0.038 0.038 0.068 0.0076 0.0152 0.054 8.55294e-17 -1.35465e-17 -0.587785 0.809017
0.0102736 0.038 0.038 0.068 0.0114 -0.0152 0.054 0.309017 0.951057 -5.82354e-17
0.0102736 0.038 0.038 0.068 0.0114 -0.0152 0.054 3.78436e-17 1.16471e-16 0.951057 -0.309017
0.0102736 0.038 0.038 0.068 0.0114 -0.0152 0.054 0.951057 -0.309017 -1.89218e-17 -5.82354e-17
0.0102736 0.038 0.038 0.068 0.0114 -0.0152 0.054 3.93136e-17 -7.71573e-17 0.309017 0.951057
0.063543 0.038 0.038 0.068 0.0114 -8.67362e-19 0.054 -0.309017 0.951057 -5.82354e-17
0.063543 0.038 0.038 0.068 0.0114 -8.67362e-19 0.054 -3.78436e-17 1.16471e-16 0.951057 0.309017
0.063543 0.038 0.038 0.068 0.0114 -8.67362e-19 0.054 0.951057 0.309017 1.89218e-17 -5.82354e-17
0.063543 0.038 0.038 0.068 0.0114 -8.67362e-19 0.054 7.71572e-17 -3.93136e-17 -0.309017 0.951057
0.159892 0.038 0.038 0.068 0.0114 0.0114 0.054 0.951057 -0.309017 -3.78436e-17
0.159892 0.038 0.038 0.068 0.0114 0.0114 0.054 -1.16471e-16 -1.89218e-17 0.309017 0.951057
0.159892 0.038 0.038 0.068 0.0114 0.0114 0.054 0.309017 0.951057 5.82354e-17 3.78436e-17
0.159892 0.038 0.038 0.068 0.0114 0.0114 0.054 -2.03919e-17 -3.93136e-17 0.951057 -0.309017
0.0141912 0.038 0.038 0.068 0.0152 -0.0114 0.054 0.309017 0.951057 -5.82354e-17
0.0141912 0.038 0.038 0.068 0.0152 -0.0114 0.054 3.78436e-17 1.16471e-16 0.951057 -0.309017
0.0141912 0.038 0.038 0.068 0.0152 -0.0114 0.054 0.951057 -0.309017 -1.89218e-17 -5.82354e-17
0.0141912 0.038 0.038 0.068 0.0152 -0.0114 0.054 3.93136e-17 -7.71573e-17 0.309017 0.951057
0.0749975 0.038 0.038 0.068 0.0152 0.0038 0.054 -0.587785 0.809017 -4.9538e-17
0.0749975 0.038 0.038 0.068 0.0152 0.0038 0.054 -7.19829e-17 9.9076e-17 0.809017 0.587785
0.0749975 0.038 0.038 0.068 0.0152 0.0038 0.054 0.809017 0.587785 3.59915e-17 -4.9538e-17
0.0749975 0.038 0.038 0.068 0.0152 0.0038 0.054 8.55294e-17 -1.35465e-17 -0.587785 0.809017
0.0467551 0.038 0.038 0.068 0.0152 0.0038 0.054 -0.309017 0.951057 -5.82354e-17
0.0467551 0.038 0.038 0.068 0.0152 0.0038 0.054 -3.78436e-17 1.16471e-16 0.951057 0.309017
0.0467551 0.038 0.038 0.068 0.0152 0.0038 0.054 0.951057 0.309017 1.89218e-17 -5.82354e-17
0.0467551 0.038 0.038 0.068 0.0152 0.0038 0.054 7.71572e-17 -3.93136e-17 -0.309017 0.951057
0.0230787 0.038 0.038 0.068 0.0152 0.0076 0.054 -0.309017 0.951057 -5.82354e-17
0.0230787 0.038 0.038 0.068 0.0152 0.0076 0.054 -3.78436e-17 1.16471e-16 0.951057 0.309017
0.0230787 0.038 0.038 0.068 0.0152 0.0076 0.054 0.951057 0.309017 1.89218e-17 -5.82354e-17
0.0230787 0.038 0.038 0.068 0.0152 0.0076 0.054 7.71572e-17 -3.93136e-17 -0.309017 0.951057
0.22924 0.038 0.038 0.068 0.0152 0.0114 0.054 1 0 0
0.22924 0.038 0.038 0.068 0.0152 0.0114 0.054 -1.22465e-16 0 0 1
0.22924 0.038 0.038 0.068 0.0152 0.0114 0.054 -6.12323e-17 1 6.12323e-17 -3.7494e-33
0.22924 0.038 0.038 0.068 0.0152 0.0114 0.054 -6.12323e-17 -6.12323e-17 1 -3.7494e-33
0.127525 0.038 0.038 0.068 0.019 -0.0076 0.054 -0.587785 0.809017 -4.9538e-17
0.127525 0.038 0.038 0.068 0.019 -0.0076 0.054 -7.19829e-17 9.9076e-17 0.809017 0.587785
0.127525 0.038 0.038 0.068 0.019 -0.0076 0.054 0.809017 0.587785 3.59915e-17 -4.9538e-17
0.127525 0.038 0.038 0.068 0.019 -0.0076 0.054 8.55294e-17 -1.35465e-17 -0.587785 0.809017
0.18473 0.038 0.038 0.068 0.019 0.0038 0.054 -0.587785 0.809017 -4.9538e-17
0.18473 0.038 0.038 0.068 0.019 0.0038 0.054 -7.19829e-17 9.9076e-17 0.809017 0.587785
0.18473 0.038 0.038 0.068 0.019 0.0038 0.054 0.809017 0.587785 3.59915e-17 -4.9538e-17
0.18473 0.038 0.038 0.068 0.019 0.0038 0.054 8.55294e-17 -1.35465e-17 -0.587785 0.809017
0.0685148 0.038 0.038 0.068 0.019 0.0076 0.054 -0.587785 0.809017 -4.9538e-17
0.0685148 0.038 0.038 0.068 0.019 0.0076 0.054 -7.19829e-17 9.9076e-17 0.809017 0.587785
0.0685148 0.038 0.038 0.068 0.019 0.0076 0.054 0.809017 0.587785 3.59915e-17 -4.9538e-17
0.0685148 0.038 0.038 0.068 0.019 0.0076 0.054 8.55294e-17 -1.35465e-17 -0.587785 0.809017
0.0214108 0.04 0.013 0.044 -0.016 -0.0065 0.042 0.951057 0.309017 3.78436e-17
0.0214108 0.04 0.013 0.044 -0.016 -0.0065 0.042 -1.16471e-16 1.89218e-17 -0.309017 0.951057
0.0214108 0.04 0.013 0.044 -0.016 -0.0065 0.042 -0.309017 0.951057 5.82354e-17 -3.78436e-17
0.0214108 0.04 0.013 0.044 -0.016 -0.0065 0.042 -9.60791e-17 -7.71572e-17 0.951057 0.309017
0.00645115 0.04 0.013 0.044 -0.016 -0.0052 0.042 0.951057 0.309017 3.78436e-17
0.00645115 0.04 0.013 0.044 -0.016 -0.0052 0.042 -1.16471e-16 1.89218e-17 -0.309017 0.951057
0.00645115 0.04 0.013 0.044 -0.016 -0.0052 0.042 -0.309017 0.951057 5.82354e-17 -3.78436e-17
0.00645115 0.04 0.013 0.044 -0.016 -0.0052 0.042 -9.60791e-17 -7.71572e-17 0.951057 0.309017
0.00286135 0.04 0.013 0.044 -0.016 -0.0039 0.042 0.951057 0.309017 3.78436e-17
0.00286135 0.04 0.013 0.044 -0.016 -0.0039 0.042 -1.16471e-16 1.89218e-17 -0.309017 0.951057
0.00286135 0.04 0.013 0.044 -0.016 -0.0039 0.042 -0.309017 0.951057 5.82354e-17 -3.78436e-17
0.00286135 0.04 0.013 0.044 -0.016 -0.0039 0.042 -9.60791e-17 -7.71572e-17 0.951057 0.309017
0.0267739 0.04 0.013 0.044 -0.016 -0.0026 0.042 0.951057 0.309017 3.78436e-17
0.0267739 0.04 0.013 0.044 -0.016 -0.0026 0.042 -1.16471e-16 1.89218e-17 -0.309017 0.951057
0.0267739 0.04 0.013 0.044 -0.016 -0.0026 0.042 -0.309017 0.951057 5.82354e-17 -3.78436e-17
0.0267739 0.04 0.013 0.044 -0.016 -0.0026 0.042 -9.60791e-17 -7.71572e-17 0.951057 0.309017
0.0123836 0.04 0.013 0.044 0.016 0.0039 0.042 -0.309017 0.951057 -5.82354e-17
0.0123836 0.04 0.013 0.044 0.016 0.0039 0.042 -3.78436e-17 1.16471e-16 0.951057 0.309017
0.0123836 0.04 0.013 0.044 0.016 0.0039 0.042 0.951057 0.309017 1.89218e-17 -5.82354e-17
0.0123836 0.04 0.013 0.044 0.016 0.0039 0.042 7.71572e-17 -3.93136e-17 -0.309017 0.951057
0.000135355 0.04 0.013 0.044 0.016 0.0065 0.042 -0.309017 0.951057 -5.82354e-17
0.000135355 0.04 0.013 0.044 0.016 0.0065 0.042 -3.78436e-17 1.16471e-16 0.951057 0.309017
0.000135355 0.04 0.013 0.044 0.016 0.0065 0.042 0.951057 0.309017 1.89218e-17 -5.82354e-17
0.000135355 0.04 0.013 0.044 0.016 0.0065 0.042 7.71572e-17 -3.93136e-17 -0.309017 0.951057
0.128244 0.041 0.041 0.075 -0.0205 -0.0082 0.0575 0.809017 0.587785 7.19829e-17
0.128244 0.041 0.041 0.075 -0.0205 -0.0082 0.0575 -9.9076e-17 3.59914e-17 -0.587785 0.809017
0.128244 0.041 0.041 0.075 -0.0205 -0.0082 0.0575 -0.587785 0.809017 4.9538e-17 -7.19829e-17
0.128244 0.041 0.041 0.075 -0.0205 -0.0082 0.0575 -1.21521e-16 -8.55294e-17 0.809017 0.587785
0.142963 0.041 0.041 0.075 -0.0205 -1.73472e-18 0.0575 0.809017 0.587785 7.19829e-17
0.142963 0.041 0.041 0.075 -0.0205 -1.73472e-18 0.0575 -9.9076e-17 3.59914e-17 -0.587785 0.809017
0.142963 0.041 0.041 0.075 -0.0205 -1.73472e-18 0.0575 -0.587785 0.809017 4.9538e-17 -7.19829e-17
0.142963 0.041 0.041 0.075 -0.0205 -1.73472e-18 0.0575 -1.21521e-16 -8.55294e-17 0.809017 0.587785
0.180347 0.041 0.041 0.075 -0.0205 0.0041 0.0575 0.809017 0.587785 7.19829e-17
0.180347 0.041 0.041 0.075 -0.0205 0.0041 0.0575 -9.9076e-17 3.59914e-17 -0.587785 0.809017
0.180347 0.041 0.041 0.075 -0.0205 0.0041 0.0575 -0.587785 0.809017 4.9538e-17 -7.19829e-17
0.180347 0.041 0.041 0.075 -0.0205 0.0041 0.0575 -1.21521e-16 -8.55294e-17 0.809017 0.587785
0.139107 0.041 0.041 0.075 -0.0205 0.0082 0.0575 0.809017 0.587785 7.19829e-17
0.139107 0.041 0.041 0.075 -0.0205 0.0082 0.0575 -9.9076e-17 3.59914e-17 -0.587785 0.809017
0.139107 0.041 0.041 0.075 -0.0205 0.0082 0.0575 -0.587785 0.809017 4.9538e-17 -7.19829e-17
0.139107 0.041 0.041 0.075 -0.0205 0.0082 0.0575 -1.21521e-16 -8.55294e-17 0.809017 0.587785
0.129931 0.041 0.041 0.075 -0.0205 0.0164 0.0575 1 0 0
0.129931 0.041 0.041 0.075 -0.0205 0.0164 0.0575 -1.22465e-16 0 0 1
0.129931 0.041 0.041 0.075 -0.0205 0.0164 0.0575 -6.12323e-17 1 6.12323e-17 -3.7494e-33
0.129931 0.041 0.041 0.075 -0.0205 0.0164 0.0575 -6.12323e-17 -6.12323e-17 1 -3.7494e-33
0.0362114 0.041 0.041 0.075 -0.0164 -0.0123 0.0575 0.587785 0.809017 -4.9538e-17
0.0362114 0.041 0.041 0.075 -0.0164 -0.0123 0.0575 -7.19829e-17 -9.9076e-17 -0.809017 0.587785
0.0362114 0.041 0.041 0.075 -0.0164 -0.0123 0.0575 0.809017 -0.587785 -3.59915e-17 -4.9538e-17
0.0362114 0.041 0.041 0.075 -0.0164 -0.0123 0.0575 1.35465e-17 -8.55295e-17 0.587785 0.809017
0.157505 0.041 0.041 0.075 -0.0164 -0.0041 0.0575 0.809017 0.587785 7.19829e-17
0.157505 0.041 0.041 0.075 -0.0164 -0.0041 0.0575 -9.9076e-17 3.59914e-17 -0.587785 0.809017
0.157505 0.041 0.041 0.075 -0.0164 -0.0041 0.0575 -0.587785 0.809017 4.9538e-17 -7.19829e-17
0.157505 0.041 0.041 0.075 -0.0164 -0.0041 0.0575 -1.21521e-16 -8.55294e-17 0.809017 0.587785
0.185478 0.041 0.041 0.075 -0.0164 0.0041 0.0575 0.951057 0.309017 3.78436e-17
0.185478 0.041 0.041 0.075 -0.0164 0.0041 0.0575 -1.16471e-16 1.89218e-17 -0.309017 0.951057
0.185478 0.041 0.041 0.075 -0.0164 0.0041 0.0575 -0.309017 0.951057 5.82354e-17 -3.78436e-17
0.185478 0.041 0.041 0.075 -0.0164 0.0041 0.0575 -9.60791e-17 -7.71572e-17 0.951057 0.309017
0.0802899 0.041 0.041 0.075 -0.0164 0.0123 0.0575 1 0 0
0.0802899 0.041 0.041 0.075 -0.0164 0.0123 0.0575 -1.22465e-16 0 0 1
0.0802899 0.041 0.041 0.075 -0.0164 0.0123 0.0575 -6.12323e-17 1 6.12323e-17 -3.7494e-33
0.0802899 0.041 0.041 0.075 -0.0164 0.0123 0.0575 -6.12323e-17 -6.12323e-17 1 -3.7494e-33
0.182046 0.041 0.041 0.075 -0.0164 0.0164 0.0575 1 0 0
0.182046 0.041 0.041 0.075 -0.0164 0.0164 0.0575 -1.22465e-16 0 0 1
0.182046 0.041 0.041 0.075 -0.0164 0.0164 0.0575 -6.12323e-17 1 6.12323e-17 -3.7494e-33
0.182046 0.041 0.041 0.075 -0.0164 0.0164 0.0575 -6.12323e-17 -6.12323e-17 1 -3.7494e-33
0.142699 0.041 0.041 0.075 -0.0123 -0.0082 0.0575 0.809017 0.587785 7.19829e-17
0.142699 0.041 0.041 0.075 -0.0123 -0.0082 0.0575 -9.9076e-17 3.59914e-17 -0.587785 0.809017
0.142699 0.041 0.041 0.075 -0.0123 -0.0082 0.0575 -0.587785 0.809017 4.9538e-17 -7.19829e-17
0.142699 0.041 0.041 0.075 -0.0123 -0.0082 0.0575 -1.21521e-16 -8.55294e-17 0.809017 0.587785
0.181374 0.041 0.041 0.075 -0.0123 -0.0041 0.0575 0.809017 0.587785 7.19829e-17
0.181374 0.041 0.041 0.075 -0.0123 -0.0041 0.0575 -9.9076e-17 3.59914e-17 -0.587785 0.809017
0.181374 0.041 0.041 0.075 -0.0123 -0.0041 0.0575 -0.587785 0.809017 4.9538e-17 -7.19829e-17
0.181374 0.041 0.041 0.075 -0.0123 -0.0041 0.0575 -1.21521e-16 -8.55294e-17 0.809017 0.587785
0.135233 0.041 0.041 0.075 -0.0082 -0.0164 0.0575 0.587785 0.809017 -4.9538e-17
0.135233 0.041 0.041 0.075 -0.0082 -0.0164 0.0575 -7.19829e-17 -9.9076e-17 -0.809017 0.587785
0.135233 0.041 0.041 0.075 -0.0082 -0.0164 0.0575 0.809017 -0.587785 -3.59915e-17 -4.9538e-17
0.135233 0.041 0.041 0.075 -0.0082 -0.0164 0.0575 1.35465e-17 -8.55295e-17 0.587785 0.809017
0.0618106 0.041 0.041 0.075 -0.0082 -0.0164 0.0575 0.809017 0.587785 7.19829e-17
0.0618106 0.041 0.041 0.075 -0.0082 -0.0164 0.0575 -9.9076e-17 3.59914e-17 -0.587785 0.809017
0.0618106 0.041 0.041 0.075 -0.0082 -0.0164 0.0575 -0.587785 0.809017 4.9538e-17 -7.19829e-17
0.0618106 0.041 0.041 0.075 -0.0082 -0.0164 0.0575 -1.21521e-16 -8.55294e-17 0.809017 0.587785
0.278176 0.041 0.041 0.075 -0.0082 -0.0123 0.0575 0.309017 0.951057 -5.82354e-17
0.278176 0.041 0.041 0.075 -0.0082 -0.0123 0.0575 3.78436e-17 1.16471e-16 0.951057 -0.309017
0.278176 0.041 0.041 0.075 -0.0082 -0.0123 0.0575 0.951057 -0.309017 -1.89218e-17 -5.82354e-17
0.278176 0.041 0.041 0.075 -0.0082 -0.0123 0.0575 3.93136e-17 -7.71573e-17 0.309017 0.951057
0.225497 0.041 0.041 0.075 -0.0082 -0.0123 0.0575 0.587785 0.809017 -4.9538e-17
0.225497 0.041 0.041 0.075 -0.0082 -0.0123 0.0575 -7.19829e-17 -9.9076e-17 -0.809017 0.587785
0.225497 0.041 0.041 0.075 -0.0082 -0.0123 0.0575 0.809017 -0.587785 -3.59915e-17 -4.9538e-17
0.225497 0.041 0.041 0.075 -0.0082 -0.0123 0.0575 1.35465e-17 -8.55295e-17 0.587785 0.809017
0.110198 0.041 0.041 0.075 -0.0082 0.0082 0.0575 1 0 0
0.110198 0.041 0.041 0.075 -0.0082 0.0082 0.0575 -1.22465e-16 0 0 1
0.110198 0.041 0.041 0.075 -0.0082 0.0082 0.0575 -6.12323e-17 1 6.12323e-17 -3.7494e-33
0.110198 0.041 0.041 0.075 -0.0082 0.0082 0.0575 -6.12323e-17 -6.12323e-17 1 -3.7494e-33
0.143373 0.041 0.041 0.075 -0.0082 0.0205 0.0575 1 0 0
0.143373 0.041 0.041 0.075 -0.0082 0.0205 0.0575 -1.22465e-16 0 0 1
0.143373 0.041 0.041 0.075 -0.0082 0.0205 0.0575 -6.12323e-17 1 6.12323e-17 -3.7494e-33
0.143373 0.041 0.041 0.075 -0.0082 0.0205 0.0575 -6.12323e-17 -6.12323e-17 1 -3.7494e-33
0.0380155 0.041 0.041 0.075 -0.0041 -0.0205 0.0575 0.587785 0.809017 -4.9538e-17
0.0380155 0.041 0.041 0.075 -0.0041 -0.0205 0.0575 -7.19829e-17 -9.9076e-17 -0.809017 0.587785
0.0380155 0.041 0.041 0.075 -0.0041 -0.0205 0.0575 0.809017 -0.587785 -3.59915e-17 -4.9538e-17
0.0380155 0.041 0.041 0.075 -0.0041 -0.0205 0.0575 1.35465e-17 -8.55295e-17 0.587785 0.809017
0.172496 0.041 0.041 0.075 -0.0041 0.0164 0.0575 1 0 0
0.172496 0.041 0.041 0.075 -0.0041 0.0164 0.0575 -1.22465e-16 0 0 1
0.172496 0.041 0.041 0.075 -0.0041 0.0164 0.0575 -6.12323e-17 1 6.12323e-17 -3.7494e-33
0.172496 0.041 0.041 0.075 -0.0041 0.0164 0.0575 -6.12323e-17 -6.12323e-17 1 -3.7494e-33
0.200934 0.041 0.041 0.075 -0.0041 0.0205 0.0575 1 0 0
0.200934 0.041 0.041 0.075 -0.0041 0.0205 0.0575 -1.22465e-16 0 0 1
0.200934 0.041 0.041 0.075 -0.0041 0.0205 0.0575 -6.12323e-17 1 6.12323e-17 -3.7494e-33
0.200934 0.041 0.041 0.075 -0.0041 0.0205 0.0575 -6.12323e-17 -6.12323e-17 1 -3.7494e-33
0.0211922 0.041 0.041 0.075 0.0041 -0.0205 0.0575 6.12323e-17 1 -6.12323e-17
0.0211922 0.041 0.041 0.075 0.0041 -0.0205 0.0575 7.4988e-33 1.22465e-16 1 -6.12323e-17
0.0211922 0.041 0.041 0.075 0.0041 -0.0205 0.0575 1 3.99574e-23 -7.4988e-33 -6.12323e-17
0.0211922 0.041 0.041 0.075 0.0041 -0.0205 0.0575 6.12323e-17 -6.12323e-17 6.12323e-17 1
0.0491021 0.041 0.041 0.075 0.0041 -0.0205 0.0575 0.309017 0.951057 -5.82354e-17
0.0491021 0.041 0.041 0.075 0.0041 -0.0205 0.0575 3.78436e-17 1.16471e-16 0.951057 -0.309017
0.0491021 0.041 0.041 0.075 0.0041 -0.0205 0.0575 0.951057 -0.309017 -1.89218e-17 -5.82354e-17
0.0491021 0.041 0.041 0.075 0.0041 -0.0205 0.0575 3.93136e-17 -7.71573e-17 0.309017 0.951057
0.252747 0.041 0.041 0.075 0.0041 -0.0123 0.0575 0.309017 0.951057 -5.82354e-17
0.252747 0.041 0.041 0.075 0.0041 -0.0123 0.0575 3.78436e-17 1.16471e-16 0.951057 -0.309017
0.252747 0.041 0.041 0.075 0.0041 -0.0123 0.0575 0.951057 -0.309017 -1.89218e-17 -5.82354e-17
0.252747 0.041 0.041 0.075 0.0041 -0.0123 0.0575 3.93136e-17 -7.71573e-17 0.309017 0.951057
0.238554 0.041 0.041 0.075 0.0082 -0.0205 0.0575 6.12323e-17 1 -6.12323e-17
0.238554 0.041 0.041 0.075 0.0082 -0.0205 0.0575 7.4988e-33 1.22465e-16 1 -6.12323e-17
0.238554 0.041 0.041 0.075 0.0082 -0.0205 0.0575 1 3.99574e-23 -7.4988e-33 -6.12323e-17
0.238554 0.041 0.041 0.075 0.0082 -0.0205 0.0575 6.12323e-17 -6.12323e-17 6.12323e-17 1
0.0677374 0.041 0.041 0.075 0.0082 -0.0205 0.0575 0.309017 0.951057 -5.82354e-17
0.0677374 0.041 0.041 0.075 0.0082 -0.0205 0.0575 3.78436e-17 1.16471e-16 0.951057 -0.309017
0.0677374 0.041 0.041 0.075 0.0082 -0.0205 0.0575 0.951057 -0.309017 -1.89218e-17 -5.82354e-17
0.0677374 0.041 0.041 0.075 0.0082 -0.0205 0.0575 3.93136e-17 -7.71573e-17 0.309017 0.951057
0.0242719 0.041 0.041 0.075 0.0123 -0.0041 0.0575 -0.309017 0.951057 -5.82354e-17
0.0242719 0.041 0.041 0.075 0.0123 -0.0041 0.0575 -3.78436e-17 1.16471e-16 0.951057 0.309017
0.0242719 0.041 0.041 0.075 0.0123 -0.0041 0.0575 0.951057 0.309017 1.89218e-17 -5.82354e-17
0.0242719 0.041 0.041 0.075 0.0123 -0.0041 0.0575 7.71572e-17 -3.93136e-17 -0.309017 0.951057
0.0567948 0.041 0.041 0.075 0.0123 0.0082 0.0575 -0.309017 0.951057 -5.82354e-17
0.0567948 0.041 0.041 0.075 0.0123 0.0082 0.0575 -3.78436e-17 1.16471e-16 0.951057 0.309017
0.0567948 0.041 0.041 0.075 0.0123 0.0082 0.0575 0.951057 0.309017 1.89218e-17 -5.82354e-17
0.0567948 0.041 0.041 0.075 0.0123 0.0082 0.0575 7.71572e-17 -3.93136e-17 -0.309017 0.951057
0.462168 0.041 0.041 0.075 0.0164 -1.73472e-18 0.0575 -0.309017 0.951057 -5.82354e-17
0.462168 0.041 0.041 0.075 0.0164 -1.73472e-18 0.0575 -3.78436e-17 1.16471e-16 0.951057 0.309017
0.462168 0.041 0.041 0.075 0.0164 -1.73472e-18 0.0575 0.951057 0.309017 1.89218e-17 -5.82354e-17
0.462168 0.041 0.041 0.075 0.0164 -1.73472e-18 0.0575 7.71572e-17 -3.93136e-17 -0.309017 0.951057
0.00356092 0.041 0.041 0.075 0.0164 0.0082 0.0575 0.809017 -0.587785 -7.19829e-17
0.00356092 0.041 0.041 0.075 0.0164 0.0082 0.0575 -9.9076e-17 -3.59914e-17 0.587785 0.809017
0.00356092 0.041 0.041 0.075 0.0164 0.0082 0.0575 0.587785 0.809017 4.9538e-17 7.19829e-17
0.00356092 0.041 0.041 0.075 0.0164 0.0082 0.0575 -2.24449e-17 1.35465e-17 -0.809017 0.587785
0.11914 0.041 0.041 0.075 0.0205 -1.73472e-18 0.0575 -0.587785 0.809017 -4.9538e-17
0.11914 0.041 0.041 0.075 0.0205 -1.73472e-18 0.0575 -7.19829e-17 9.9076e-17 0.809017 0.587785
0.11914 0.041 0.041 0.075 0.0205 -1.73472e-18 0.0575 0.809017 0.587785 3.59915e-17 -4.9538e-17
0.11914 0.041 0.041 0.075 0.0205 -1.73472e-18 0.0575 8.55294e-17 -1.35465e-17 -0.587785 0.809017
0.0101904 0.041 0.041 0.075 0.0205 0.0041 0.0575 -0.587785 0.809017 -4.9538e-17
0.0101904 0.041 0.041 0.075 0.0205 0.0041 0.0575 -7.19829e-17 9.9076e-17 0.809017 0.587785
0.0101904 0.041 0.041 0.075 0.0205 0.0041 0.0575 0.809017 0.587785 3.59915e-17 -4.9538e-17
0.0101904 0.041 0.041 0.075 0.0205 0.0041 0.0575 8.55294e-17 -1.35465e-17 -0.587785 0.809017
0.0300717 0.046 0.088 0.074 -0.023 0 0.057 0.809017 0.587785 7.19829e-17
0.0300717 0.046 0.088 0.074 -0.023 0 0.057 -9.9076e-17 3.59914e-17 -0.587785 0.809017
0.0300717 0.046 0.088 0.074 -0.023 0 0.057 -0.587785 0.809017 4.9538e-17 -7.19829e-17
0.0300717 0.046 0.088 0.074 -0.023 0 0.057 -1.21521e-16 -8.55294e-17 0.809017 0.587785
0.00533579 0.046 0.088 0.074 -0.0184 0 0.057 0.587785 0.809017 -4.9538e-17
0.00533579 0.046 0.088 0.074 -0.0184 0 0.057 -7.19829e-17 -9.9076e-17 -0.809017 0.587785
0.00533579 0.046 0.088 0.074 -0.0184 0 0.057 0.809017 -0.587785 -3.59915e-17 -4.9538e-17
0.00533579 0.046 0.088 0.074 -0.0184 0 0.057 1.35465e-17 -8.55295e-17 0.587785 0.809017
0.0391893 0.046 0.088 0.074 -0.0184 0 0.057 0.809017 0.587785 7.19829e-17
0.0391893 0.046 0.088 0.074 -0.0184 0 0.057 -9.9076e-17 3.59914e-17 -0.587785 0.809017
0.0391893 0.046 0.088 0.074 -0.0184 0 0.057 -0.587785 0.809017 4.9538e-17 -7.19829e-17
0.0391893 0.046 0.088 0.074 -0.0184 0 0.057 -1.21521e-16 -8.55294e-17 0.809017 0.587785
0.0559927 0.046 0.088 0.074 0.0092 0.0176 0.057 0.809017 -0.587785 -7.19829e-17
0.0559927 0.046 0.088 0.074 0.0092 0.0176 0.057 -9.9076e-17 -3.59914e-17 0.587785 0.809017
0.0559927 0.046 0.088 0.074 0.0092 0.0176 0.057 0.587785 0.809017 4.9538e-17 7.19829e-17
0.0559927 0.046 0.088 0.074 0.0092 0.0176 0.057 -2.24449e-17 1.35465e-17 -0.809017 0.587785
0.0471748 0.046 0.088 0.074 0.0184 0 0.057 -0.587785 0.809017 -4.9538e-17
0.0471748 0.046 0.088 0.074 0.0184 0 0.057 -7.19829e-17 9.9076e-17 0.809017 0.587785
0.0471748 0.046 0.088 0.074 0.0184 0 0.057 0.809017 0.587785 3.59915e-17 -4.9538e-17
0.0471748 0.046 0.088 0.074 0.0184 0 0.057 8.55294e-17 -1.35465e-17 -0.587785 0.809017
0.222812 0.046 0.088 0.074 0.0184 0.0088 0.057 0.809017 -0.587785 -7.19829e-17
0.222812 0.046 0.088 0.074 0.0184 0.0088 0.057 -9.9076e-17 -3.59914e-17 0.587785 0.809017
0.222812 0.046 0.088 0.074 0.0184 0.0088 0.057 0.587785 0.809017 4.9538e-17 7.19829e-17
0.222812 0.046 0.088 0.074 0.0184 0.0088 0.057 -2.24449e-17 1.35465e-17 -0.809017 0.587785
0.0431153 0.046 0.088 0.074 0.0184 0.0176 0.057 0.809017 -0.587785 -7.19829e-17
0.0431153 0.046 0.088 0.074 0.0184 0.0176 0.057 -9.9076e-17 -3.59914e-17 0.587785 0.809017
0.0431153 0.046 0.088 0.074 0.0184 0.0176 0.057 0.587785 0.809017 4.9538e-17 7.19829e-17
0.0431153 0.046 0.088 0.074 0.0184 0.0176 0.057 -2.24449e-17 1.35465e-17 -0.809017 0.587785
0.185819 0.046 0.088 0.074 0.0184 0.0352 0.057 0.809017 -0.587785 -7.19829e-17
0.185819 0.046 0.088 0.074 0.0184 0.0352 0.057 -9.9076e-17 -3.59914e-17 0.587785 0.809017
0.185819 0.046 0.088 0.074 0.0184 0.0352 0.057 0.587785 0.809017 4.9538e-17 7.19829e-17
0.185819 0.046 0.088 0.074 0.0184 0.0352 0.057 -2.24449e-17 1.35465e-17 -0.809017 0.587785
0.0312829 0.046 0.088 0.074 0.023 -0.0176 0.057 -0.587785 0.809017 -4.9538e-17
0.0312829 0.046 0.088 0.074 0.023 -0.0176 0.057 -7.19829e-17 9.9076e-17 0.809017 0.587785
0.0312829 0.046 0.088 0.074 0.023 -0.0176 0.057 0.809017 0.587785 3.59915e-17 -4.9538e-17
0.0312829 0.046 0.088 0.074 0.023 -0.0176 0.057 8.55294e-17 -1.35465e-17 -0.587785 0.809017
0.0707441 0.046 0.088 0.074 0.023 0 0.057 -0.587785 0.809017 -4.9538e-17
0.0707441 0.046 0.088 0.074 0.023 0 0.057 -7.19829e-17 9.9076e-17 0.809017 0.587785
0.0707441 0.046 0.088 0.074 0.023 0 0.057 0.809017 0.587785 3.59915e-17 -4.9538e-17
0.0707441 0.046 0.088 0.074 0.023 0 0.057 8.55294e-17 -1.35465e-17 -0.587785 0.809017
0.0302243 0.046 0.088 0.074 0.023 0.0088 0.057 0.809017 -0.587785 -7.19829e-17
0.0302243 0.046 0.088 0.074 0.023 0.0088 0.057 -9.9076e-17 -3.59914e-17 0.587785 0.809017
0.0302243 0.046 0.088 0.074 0.023 0.0088 0.057 0.587785 0.809017 4.9538e-17 7.19829e-17
0.0302243 0.046 0.088 0.074 0.023 0.0088 0.057 -2.24449e-17 1.35465e-17 -0.809017 0.587785
0.0646101 0.046 0.088 0.074 0.023 0.0352 0.057 0.809017 -0.587785 -7.19829e-17
0.0646101 0.046 0.088 0.074 0.023 0.0352 0.057 -9.9076e-17 -3.59914e-17 0.587785 0.809017
0.0646101 0.046 0.088 0.074 0.023 0.0352 0.057 0.587785 0.809017 4.9538e-17 7.19829e-17
0.0646101 0.046 0.088 0.074 0.023 0.0352 0.057 -2.24449e-17 1.35465e-17 -0.809017 0.587785
0.129832 0.048 0.052 0.042 -0.0192 -0.0104 0.041 0.809017 0.587785 7.19829e-17
0.129832 0.048 0.052 0.042 -0.0192 -0.0104 0.041 -9.9076e-17 3.59914e-17 -0.587785 0.809017
0.129832 0.048 0.052 0.042 -0.0192 -0.0104 0.041 -0.587785 0.809017 4.9538e-17 -7.19829e-17
0.129832 0.048 0.052 0.042 -0.0192 -0.0104 0.041 -1.21521e-16 -8.55294e-17 0.809017 0.587785
0.253328 0.048 0.052 0.042 -0.0144 -0.0156 0.041 0.809017 0.587785 7.19829e-17
0.253328 0.048 0.052 0.042 -0.0144 -0.0156 0.041 -9.9076e-17 3.59914e-17 -0.587785 0.809017
0.253328 0.048 0.052 0.042 -0.0144 -0.0156 0.041 -0.587785 0.809017 4.9538e-17 -7.19829e-17
0.253328 0.048 0.052 0.042 -0.0144 -0.0156 0.041 -1.21521e-16 -8.55294e-17 0.809017 0.587785
0.0736165 0.048 0.052 0.042 -0.0144 0 0.041 0.587785 0.809017 -4.9538e-17
0.0736165 0.048 0.052 0.042 -0.0144 0 0.041 -7.19829e-17 -9.9076e-17 -0.809017 0.587785
0.0736165 0.048 0.052 0.042 -0.0144 0 0.041 0.809017 -0.587785 -3.59915e-17 -4.9538e-17
0.0736165 0.048 0.052 0.042 -0.0144 0 0.041 1.35465e-17 -8.55295e-17 0.587785 0.809017
0.369764 0.048 0.052 0.042 0.0048 -0.026 0.041 0.587785 0.809017 -4.9538e-17
0.369764 0.048 0.052 0.042 0.0048 -0.026 0.041 -7.19829e-17 -9.9076e-17 -0.809017 0.587785
0.369764 0.048 0.052 0.042 0.0048 -0.026 0.041 0.809017 -0.587785 -3.59915e-17 -4.9538e-17
0.369764 0.048 0.052 0.042 0.0048 -0.026 0.041 1.35465e-17 -8.55295e-17 0.587785 0.809017
0.283459 0.048 0.052 0.042 0.0096 0.026 0.041 0.809017 -0.587785 -7.19829e-17
0.283459 0.048 0.052 0.042 0.0096 0.026 0.041 -9.9076e-17 -3.59914e-17 0.587785 0.809017
0.283459 0.048 0.052 0.042 0.0096 0.026 0.041 0.587785 0.809017 4.9538e-17 7.19829e-17
0.283459 0.048 0.052 0.042 0.0096 0.026 0.041 -2.24449e-17 1.35465e-17 -0.809017 0.587785
0.0134574 0.048 0.052 0.042 0.0144 0.0052 0.041 -0.587785 0.809017 -4.9538e-17
0.0134574 0.048 0.052 0.042 0.0144 0.0052 0.041 -7.19829e-17 9.9076e-17 0.809017 0.587785
0.0134574 0.048 0.052 0.042 0.0144 0.0052 0.041 0.809017 0.587785 3.59915e-17 -4.9538e-17
0.0134574 0.048 0.052 0.042 0.0144 0.0052 0.041 8.55294e-17 -1.35465e-17 -0.587785 0.809017
0.054544 0.048 0.052 0.042 0.0192 0.0104 0.041 -0.587785 0.809017 -4.9538e-17
0.054544 0.048 0.052 0.042 0.0192 0.0104 0.041 -7.19829e-17 9.9076e-17 0.809017 0.587785
0.054544 0.048 0.052 0.042 0.0192 0.0104 0.041 0.809017 0.587785 3.59915e-17 -4.9538e-17
0.054544 0.048 0.052 0.042 0.0192 0.0104 0.041 8.55294e-17 -1.35465e-17 -0.587785 0.809017
0.0615777 0.048 0.052 0.042 0.024 0 0.041 -0.309017 0.951057 -5.82354e-17
0.0615777 0.048 0.052 0.042 0.024 0 0.041 -3.78436e-17 1.16471e-16 0.951057 0.309017
0.0615777 0.048 0.052 0.042 0.024 0 0.041 0.951057 0.309017 1.89218e-17 -5.82354e-17
0.0615777 0.048 0.052 0.042 0.024 0 0.041 7.71572e-17 -3.93136e-17 -0.309017 0.951057
0.52272 0.048 0.052 0.042 0.024 0.0104 0.041 -0.587785 0.809017 -4.9538e-17
0.52272 0.048 0.052 0.042 0.024 0.0104 0.041 -7.19829e-17 9.9076e-17 0.809017 0.587785
0.52272 0.048 0.052 0.042 0.024 0.0104 0.041 0.809017 0.587785 3.59915e-17 -4.9538e-17
0.52272 0.048 0.052 0.042 0.024 0.0104 0.041 8.55294e-17 -1.35465e-17 -0.587785 0.809017
0.0803791 0.056 0.053 0.033 1.73472e-18 0.0159 0.0365 1 0 0
0.0803791 0.056 0.053 0.033 1.73472e-18 0.0159 0.0365 -1.22465e-16 0 0 1
0.0803791 0.056 0.053 0.033 1.73472e-18 0.0159 0.0365 -6.12323e-17 1 6.12323e-17 -3.7494e-33
0.0803791 0.056 0.053 0.033 1.73472e-18 0.0159 0.0365 -6.12323e-17 -6.12323e-17 1 -3.7494e-33
0.0946265 0.061 0.055 0.049 -0.0305 -0.0055 0.0445 0.809017 0.587785 7.19829e-17
0.0946265 0.061 0.055 0.049 -0.0305 -0.0055 0.0445 -9.9076e-17 3.59914e-17 -0.587785 0.809017
0.0946265 0.061 0.055 0.049 -0.0305 -0.0055 0.0445 -0.587785 0.809017 4.9538e-17 -7.19829e-17
0.0946265 0.061 0.055 0.049 -0.0305 -0.0055 0.0445 -1.21521e-16 -8.55294e-17 0.809017 0.587785
0.03488 0.061 0.055 0.049 -0.0305 -1.73472e-18 0.0445 0.951057 0.309017 3.78436e-17
0.03488 0.061 0.055 0.049 -0.0305 -1.73472e-18 0.0445 -1.16471e-16 1.89218e-17 -0.309017 0.951057
0.03488 0.061 0.055 0.049 -0.0305 -1.73472e-18 0.0445 -0.309017 0.951057 5.82354e-17 -3.78436e-17
0.03488 0.061 0.055 0.049 -0.0305 -1.73472e-18 0.0445 -9.60791e-17 -7.71572e-17 0.951057 0.309017
0.100159 0.061 0.055 0.049 -0.0183 -0.0165 0.0445 0.587785 0.809017 -4.9538e-17
0.100159 0.061 0.055 0.049 -0.0183 -0.0165 0.0445 -7.19829e-17 -9.9076e-17 -0.809017 0.587785
0.100159 0.061 0.055 0.049 -0.0183 -0.0165 0.0445 0.809017 -0.587785 -3.59915e-17 -4.9538e-17
0.100159 0.061 0.055 0.049 -0.0183 -0.0165 0.0445 1.35465e-17 -8.55295e-17 0.587785 0.809017
0.654393 0.061 0.055 0.049 -0.0183 0.022 0.0445 1 0 0
0.654393 0.061 0.055 0.049 -0.0183 0.022 0.0445 -1.22465e-16 0 0 1
0.654393 0.061 0.055 0.049 -0.0183 0.022 0.0445 -6.12323e-17 1 6.12323e-17 -3.7494e-33
0.654393 0.061 0.055 0.049 -0.0183 0.022 0.0445 -6.12323e-17 -6.12323e-17 1 -3.7494e-33
0.0783208 0.061 0.055 0.049 -0.0122 -0.022 0.0445 0.587785 0.809017 -4.9538e-17
0.0783208 0.061 0.055 0.049 -0.0122 -0.022 0.0445 -7.19829e-17 -9.9076e-17 -0.809017 0.587785
0.0783208 0.061 0.055 0.049 -0.0122 -0.022 0.0445 0.809017 -0.587785 -3.59915e-17 -4.9538e-17
0.0783208 0.061 0.055 0.049 -0.0122 -0.022 0.0445 1.35465e-17 -8.55295e-17 0.587785 0.809017
0.220538 0.061 0.055 0.049 -0.0122 -0.0165 0.0445 6.12323e-17 1 -6.12323e-17
0.220538 0.061 0.055 0.049 -0.0122 -0.0165 0.0445 7.4988e-33 1.22465e-16 1 -6.12323e-17
0.220538 0.061 0.055 0.049 -0.0122 -0.0165 0.0445 1 3.99574e-23 -7.4988e-33 -6.12323e-17
0.220538 0.061 0.055 0.049 -0.0122 -0.0165 0.0445 6.12323e-17 -6.12323e-17 6.12323e-17 1
0.2478 0.061 0.055 0.049 -0.0122 0.0055 0.0445 0.809017 0.587785 7.19829e-17
0.2478 0.061 0.055 0.049 -0.0122 0.0055 0.0445 -9.9076e-17 3.59914e-17 -0.587785 0.809017
0.2478 0.061 0.055 0.049 -0.0122 0.0055 0.0445 -0.587785 0.809017 4.9538e-17 -7.19829e-17
0.2478 0.061 0.055 0.049 -0.0122 0.0055 0.0445 -1.21521e-16 -8.55294e-17 0.809017 0.587785
0.303746 0.061 0.055 0.049 -0.0122 0.022 0.0445 1 0 0
0.303746 0.061 0.055 0.049 -0.0122 0.022 0.0445 -1.22465e-16 0 0 1
0.303746 0.061 0.055 0.049 -0.0122 0.022 0.0445 -6.12323e-17 1 6.12323e-17 -3.7494e-33
0.303746 0.061 0.055 0.049 -0.0122 0.022 0.0445 -6.12323e-17 -6.12323e-17 1 -3.7494e-33
0.0890025 0.061 0.055 0.049 -0.0061 0.011 0.0445 1 0 0
0.0890025 0.061 0.055 0.049 -0.0061 0.011 0.0445 -1.22465e-16 0 0 1
0.0890025 0.061 0.055 0.049 -0.0061 0.011 0.0445 -6.12323e-17 1 6.12323e-17 -3.7494e-33
0.0890025 0.061 0.055 0.049 -0.0061 0.011 0.0445 -6.12323e-17 -6.12323e-17 1 -3.7494e-33
0.203185 0.061 0.055 0.049 0.0122 -0.0275 0.0445 6.12323e-17 1 -6.12323e-17
0.203185 0.061 0.055 0.049 0.0122 -0.0275 0.0445 7.4988e-33 1.22465e-16 1 -6.12323e-17
0.203185 0.061 0.055 0.049 0.0122 -0.0275 0.0445 1 3.99574e-23 -7.4988e-33 -6.12323e-17
0.203185 0.061 0.055 0.049 0.0122 -0.0275 0.0445 6.12323e-17 -6.12323e-17 6.12323e-17 1
0.0155274 0.061 0.055 0.049 0.0122 -0.0165 0.0445 6.12323e-17 1 -6.12323e-17
0.0155274 0.061 0.055 0.049 0.0122 -0.0165 0.0445 7.4988e-33 1.22465e-16 1 -6.12323e-17
0.0155274 0.061 0.055 0.049 0.0122 -0.0165 0.0445 1 3.99574e-23 -7.4988e-33 -6.12323e-17
0.0155274 0.061 0.055 0.049 0.0122 -0.0165 0.0445 6.12323e-17 -6.12323e-17 6.12323e-17 1
0.176463 0.061 0.055 0.049 0.0122 0.0055 0.0445 -0.587785 0.809017 -4.9538e-17
0.176463 0.061 0.055 0.049 0.0122 0.0055 0.0445 -7.19829e-17 9.9076e-17 0.809017 0.587785
0.176463 0.061 0.055 0.049 0.0122 0.0055 0.0445 0.809017 0.587785 3.59915e-17 -4.9538e-17
0.176463 0.061 0.055 0.049 0.0122 0.0055 0.0445 8.55294e-17 -1.35465e-17 -0.587785 0.809017
0.859302 0.061 0.055 0.049 0.0122 0.0165 0.0445 0.951057 -0.309017 -3.78436e-17
0.859302 0.061 0.055 0.049 0.0122 0.0165 0.0445 -1.16471e-16 -1.89218e-17 0.309017 0.951057
0.859302 0.061 0.055 0.049 0.0122 0.0165 0.0445 0.309017 0.951057 5.82354e-17 3.78436e-17
0.859302 0.061 0.055 0.049 0.0122 0.0165 0.0445 -2.03919e-17 -3.93136e-17 0.951057 -0.309017
0.129655 0.061 0.055 0.049 0.0122 0.022 0.0445 1 0 0
0.129655 0.061 0.055 0.049 0.0122 0.022 0.0445 -1.22465e-16 0 0 1
0.129655 0.061 0.055 0.049 0.0122 0.022 0.0445 -6.12323e-17 1 6.12323e-17 -3.7494e-33
0.129655 0.061 0.055 0.049 0.0122 0.022 0.0445 -6.12323e-17 -6.12323e-17 1 -3.7494e-33
0.0183352 0.061 0.055 0.049 0.0122 0.022 0.0445 0.951057 -0.309017 -3.78436e-17
0.0183352 0.061 0.055 0.049 0.0122 0.022 0.0445 -1.16471e-16 -1.89218e-17 0.309017 0.951057
0.0183352 0.061 0.055 0.049 0.0122 0.022 0.0445 0.309017 0.951057 5.82354e-17 3.78436e-17
0.0183352 0.061 0.055 0.049 0.0122 0.022 0.0445 -2.03919e-17 -3.93136e-17 0.951057 -0.309017
0.0527929 0.061 0.055 0.049 0.0122 0.022 0.0445 0.809017 -0.587785 -7.19829e-17
0.0527929 0.061 0.055 0.049 0.0122 0.022 0.0445 -9.9076e-17 -3.59914e-17 0.587785 0.809017
0.0527929 0.061 0.055 0.049 0.0122 0.022 0.0445 0.587785 0.809017 4.9538e-17 7.19829e-17
0.0527929 0.061 0.055 0.049 0.0122 0.022 0.0445 -2.24449e-17 1.35465e-17 -0.809017 0.587785
0.0115743 0.061 0.055 0.049 0.0183 -0.0165 0.0445 6.12323e-17 1 -6.12323e-17
0.0115743 0.061 0.055 0.049 0.0183 -0.0165 0.0445 7.4988e-33 1.22465e-16 1 -6.12323e-17
0.0115743 0.061 0.055 0.049 0.0183 -0.0165 0.0445 1 3.99574e-23 -7.4988e-33 -6.12323e-17
0.0115743 0.061 0.055 0.049 0.0183 -0.0165 0.0445 6.12323e-17 -6.12323e-17 6.12323e-17 1
0.1756 0.061 0.055 0.049 0.0183 0.011 0.0445 -0.587785 0.809017 -4.9538e-17
0.1756 0.061 0.055 0.049 0.0183 0.011 0.0445 -7.19829e-17 9.9076e-17 0.809017 0.587785
0.1756 0.061 0.055 0.049 0.0183 0.011 0.0445 0.809017 0.587785 3.59915e-17 -4.9538e-17
0.1756 0.061 0.055 0.049 0.0183 0.011 0.0445 8.55294e-17 -1.35465e-17 -0.587785 0.809017
0.123042 0.061 0.055 0.049 0.0183 0.0165 0.0445 0.951057 -0.309017 -3.78436e-17
0.123042 0.061 0.055 0.049 0.0183 0.0165 0.0445 -1.16471e-16 -1.89218e-17 0.309017 0.951057
0.123042 0.061 0.055 0.049 0.0183 0.0165 0.0445 0.309017 0.951057 5.82354e-17 3.78436e-17
0.123042 0.061 0.055 0.049 0.0183 0.0165 0.0445 -2.03919e-17 -3.93136e-17 0.951057 -0.309017
0.0075242 0.061 0.055 0.049 0.0244 -0.0055 0.0445 -0.309017 0.951057 -5.82354e-17
0.0075242 0.061 0.055 0.049 0.0244 -0.0055 0.0445 -3.78436e-17 1.16471e-16 0.951057 0.309017
0.0075242 0.061 0.055 0.049 0.0244 -0.0055 0.0445 0.951057 0.309017 1.89218e-17 -5.82354e-17
0.0075242 0.061 0.055 0.049 0.0244 -0.0055 0.0445 7.71572e-17 -3.93136e-17 -0.309017 0.951057
0.0580381 0.061 0.055 0.049 0.0244 0.0055 0.0445 -0.587785 0.809017 -4.9538e-17
0.0580381 0.061 0.055 0.049 0.0244 0.0055 0.0445 -7.19829e-17 9.9076e-17 0.809017 0.587785
0.0580381 0.061 0.055 0.049 0.0244 0.0055 0.0445 0.809017 0.587785 3.59915e-17 -4.9538e-17
0.0580381 0.061 0.055 0.049 0.0244 0.0055 0.0445 8.55294e-17 -1.35465e-17 -0.587785 0.809017
0.122285 0.061 0.055 0.049 0.0305 -0.011 0.0445 -0.587785 0.809017 -4.9538e-17
0.122285 0.061 0.055 0.049 0.0305 -0.011 0.0445 -7.19829e-17 9.9076e-17 0.809017 0.587785
0.122285 0.061 0.055 0.049 0.0305 -0.011 0.0445 0.809017 0.587785 3.59915e-17 -4.9538e-17
0.122285 0.061 0.055 0.049 0.0305 -0.011 0.0445 8.55294e-17 -1.35465e-17 -0.587785 0.809017
0.411516 0.063 0.075 0.072 -0.0315 -0.0075 0.056 0.587785 0.809017 -4.9538e-17
0.411516 0.063 0.075 0.072 -0.0315 -0.0075 0.056 -7.19829e-17 -9.9076e-17 -0.809017 0.587785
0.411516 0.063 0.075 0.072 -0.0315 -0.0075 0.056 0.809017 -0.587785 -3.59915e-17 -4.9538e-17
0.411516 0.063 0.075 0.072 -0.0315 -0.0075 0.056 1.35465e-17 -8.55295e-17 0.587785 0.809017
0.0944407 0.063 0.075 0.072 -0.0252 -0.0225 0.056 0.587785 0.809017 -4.9538e-17
0.0944407 0.063 0.075 0.072 -0.0252 -0.0225 0.056 -7.19829e-17 -9.9076e-17 -0.809017 0.587785
0.0944407 0.063 0.075 0.072 -0.0252 -0.0225 0.056 0.809017 -0.587785 -3.59915e-17 -4.9538e-17
0.0944407 0.063 0.075 0.072 -0.0252 -0.0225 0.056 1.35465e-17 -8.55295e-17 0.587785 0.809017
0.113639 0.063 0.075 0.072 -0.0252 -0.015 0.056 0.587785 0.809017 -4.9538e-17
0.113639 0.063 0.075 0.072 -0.0252 -0.015 0.056 -7.19829e-17 -9.9076e-17 -0.809017 0.587785
0.113639 0.063 0.075 0.072 -0.0252 -0.015 0.056 0.809017 -0.587785 -3.59915e-17 -4.9538e-17
0.113639 0.063 0.075 0.072 -0.0252 -0.015 0.056 1.35465e-17 -8.55295e-17 0.587785 0.809017
0.141995 0.063 0.075 0.072 -0.0189 -0.015 0.056 0.587785 0.809017 -4.9538e-17
0.141995 0.063 0.075 0.072 -0.0189 -0.015 0.056 -7.19829e-17 -9.9076e-17 -0.809017 0.587785
0.141995 0.063 0.075 0.072 -0.0189 -0.015 0.056 0.809017 -0.587785 -3.59915e-17 -4.9538e-17
0.141995 0.063 0.075 0.072 -0.0189 -0.015 0.056 1.35465e-17 -8.55295e-17 0.587785 0.809017
0.297433 0.063 0.075 0.072 -0.0126 0.03 0.056 0.951057 0.309017 3.78436e-17
0.297433 0.063 0.075 0.072 -0.0126 0.03 0.056 -1.16471e-16 1.89218e-17 -0.309017 0.951057
0.297433 0.063 0.075 0.072 -0.0126 0.03 0.056 -0.309017 0.951057 5.82354e-17 -3.78436e-17
0.297433 0.063 0.075 0.072 -0.0126 0.03 0.056 -9.60791e-17 -7.71572e-17 0.951057 0.309017
0.969713 0.063 0.075 0.072 0.0189 0 0.056 0.809017 -0.587785 -7.19829e-17
0.969713 0.063 0.075 0.072 0.0189 0 0.056 -9.9076e-17 -3.59914e-17 0.587785 0.809017
0.969713 0.063 0.075 0.072 0.0189 0 0.056 0.587785 0.809017 4.9538e-17 7.19829e-17
0.969713 0.063 0.075 0.072 0.0189 0 0.056 -2.24449e-17 1.35465e-17 -0.809017 0.587785
0.224089 0.063 0.075 0.072 0.0189 0.0075 0.056 0.809017 -0.587785 -7.19829e-17
0.224089 0.063 0.075 0.072 0.0189 0.0075 0.056 -9.9076e-17 -3.59914e-17 0.587785 0.809017
0.224089 0.063 0.075 0.072 0.0189 0.0075 0.056 0.587785 0.809017 4.9538e-17 7.19829e-17
0.224089 0.063 0.075 0.072 0.0189 0.0075 0.056 -2.24449e-17 1.35465e-17 -0.809017 0.587785
0.520961 0.063 0.075 0.072 0.0189 0.0225 0.056 0.809017 -0.587785 -7.19829e-17
0.520961 0.063 0.075 0.072 0.0189 0.0225 0.056 -9.9076e-17 -3.59914e-17 0.587785 0.809017
0.520961 0.063 0.075 0.072 0.0189 0.0225 0.056 0.587785 0.809017 4.9538e-17 7.19829e-17
0.520961 0.063 0.075 0.072 0.0189 0.0225 0.056 -2.24449e-17 1.35465e-17 -0.809017 0.587785
0.0255508 0.063 0.075 0.072 0.0315 0 0.056 -0.587785 0.809017 -4.9538e-17
0.0255508 0.063 0.075 0.072 0.0315 0 0.056 -7.19829e-17 9.9076e-17 0.809017 0.587785
0.0255508 0.063 0.075 0.072 0.0315 0 0.056 0.809017 0.587785 3.59915e-17 -4.9538e-17
0.0255508 0.063 0.075 0.072 0.0315 0 0.056 8.55294e-17 -1.35465e-17 -0.587785 0.809017
0.0630763 0.064 0.029 0.091 -0.0192 0.0029 0.0655 0.951057 0.309017 3.78436e-17
0.0630763 0.064 0.029 0.091 -0.0192 0.0029 0.0655 -1.16471e-16 1.89218e-17 -0.309017 0.951057
0.0630763 0.064 0.029 0.091 -0.0192 0.0029 0.0655 -0.309017 0.951057 5.82354e-17 -3.78436e-17
0.0630763 0.064 0.029 0.091 -0.0192 0.0029 0.0655 -9.60791e-17 -7.71572e-17 0.951057 0.309017
0.0828423 0.064 0.029 0.091 -0.0064 -0.0145 0.0655 6.12323e-17 1 -6.12323e-17
0.0828423 0.064 0.029 0.091 -0.0064 -0.0145 0.0655 7.4988e-33 1.22465e-16 1 -6.12323e-17
0.0828423 0.064 0.029 0.091 -0.0064 -0.0145 0.0655 1 3.99574e-23 -7.4988e-33 -6.12323e-17
0.0828423 0.064 0.029 0.091 -0.0064 -0.0145 0.0655 6.12323e-17 -6.12323e-17 6.12323e-17 1
0.0405525 0.064 0.029 0.091 -0.0064 -0.0116 0.0655 6.12323e-17 1 -6.12323e-17
0.0405525 0.064 0.029 0.091 -0.0064 -0.0116 0.0655 7.4988e-33 1.22465e-16 1 -6.12323e-17
0.0405525 0.064 0.029 0.091 -0.0064 -0.0116 0.0655 1 3.99574e-23 -7.4988e-33 -6.12323e-17
0.0405525 0.064 0.029 0.091 -0.0064 -0.0116 0.0655 6.12323e-17 -6.12323e-17 6.12323e-17 1
0.0309187 0.064 0.029 0.091 -1.73472e-18 0.0116 0.0655 1 0 0
0.0309187 0.064 0.029 0.091 -1.73472e-18 0.0116 0.0655 -1.22465e-16 0 0 1
0.0309187 0.064 0.029 0.091 -1.73472e-18 0.0116 0.0655 -6.12323e-17 1 6.12323e-17 -3.7494e-33
0.0309187 0.064 0.029 0.091 -1.73472e-18 0.0116 0.0655 -6.12323e-17 -6.12323e-17 1 -3.7494e-33
0.0596385 0.064 0.029 0.091 -1.73472e-18 0.0145 0.0655 1 0 0
0.0596385 0.064 0.029 0.091 -1.73472e-18 0.0145 0.0655 -1.22465e-16 0 0 1
0.0596385 0.064 0.029 0.091 -1.73472e-18 0.0145 0.0655 -6.12323e-17 1 6.12323e-17 -3.7494e-33
0.0596385 0.064 0.029 0.091 -1.73472e-18 0.0145 0.0655 -6.12323e-17 -6.12323e-17 1 -3.7494e-33
0.0399237 0.064 0.029 0.091 0.0064 -0.0116 0.0655 6.12323e-17 1 -6.12323e-17
0.0399237 0.064 0.029 0.091 0.0064 -0.0116 0.0655 7.4988e-33 1.22465e-16 1 -6.12323e-17
0.0399237 0.064 0.029 0.091 0.0064 -0.0116 0.0655 1 3.99574e-23 -7.4988e-33 -6.12323e-17
0.0399237 0.064 0.029 0.091 0.0064 -0.0116 0.0655 6.12323e-17 -6.12323e-17 6.12323e-17 1
0.017399 0.064 0.029 0.091 0.0064 0.0145 0.0655 1 0 0
0.017399 0.064 0.029 0.091 0.0064 0.0145 0.0655 -1.22465e-16 0 0 1
0.017399 0.064 0.029 0.091 0.0064 0.0145 0.0655 -6.12323e-17 1 6.12323e-17 -3.7494e-33
0.017399 0.064 0.029 0.091 0.0064 0.0145 0.0655 -6.12323e-17 -6.12323e-17 1 -3.7494e-33
0.0277087 0.064 0.029 0.091 0.0064 0.0145 0.0655 0.809017 -0.587785 -7.19829e-17
0.0277087 0.064 0.029 0.091 0.0064 0.0145 0.0655 -9.9076e-17 -3.59914e-17 0.587785 0.809017
0.0277087 0.064 0.029 0.091 0.0064 0.0145 0.0655 0.587785 0.809017 4.9538e-17 7.19829e-17
0.0277087 0.064 0.029 0.091 0.0064 0.0145 0.0655 -2.24449e-17 1.35465e-17 -0.809017 0.587785
0.0535495 0.064 0.029 0.091 0.0192 -0.0087 0.0655 -0.309017 0.951057 -5.82354e-17
0.0535495 0.064 0.029 0.091 0.0192 -0.0087 0.0655 -3.78436e-17 1.16471e-16 0.951057 0.309017
0.0535495 0.064 0.029 0.091 0.0192 -0.0087 0.0655 0.951057 0.309017 1.89218e-17 -5.82354e-17
0.0535495 0.064 0.029 0.091 0.0192 -0.0087 0.0655 7.71572e-17 -3.93136e-17 -0.309017 0.951057
0.0385165 0.064 0.029 0.091 0.0192 -0.0029 0.0655 -0.309017 0.951057 -5.82354e-17
0.0385165 0.064 0.029 0.091 0.0192 -0.0029 0.0655 -3.78436e-17 1.16471e-16 0.951057 0.309017
0.0385165 0.064 0.029 0.091 0.0192 -0.0029 0.0655 0.951057 0.309017 1.89218e-17 -5.82354e-17
0.0385165 0.064 0.029 0.091 0.0192 -0.0029 0.0655 7.71572e-17 -3.93136e-17 -0.309017 0.951057
0.0628281 0.064 0.029 0.091 0.0192 -8.67362e-19 0.0655 -0.309017 0.951057 -5.82354e-17
0.0628281 0.064 0.029 0.091 0.0192 -8.67362e-19 0.0655 -3.78436e-17 1.16471e-16 0.951057 0.309017
0.0628281 0.064 0.029 0.091 0.0192 -8.67362e-19 0.0655 0.951057 0.309017 1.89218e-17 -5.82354e-17
0.0628281 0.064 0.029 0.091 0.0192 -8.67362e-19 0.0655 7.71572e-17 -3.93136e-17 -0.309017 0.951057
0.0626497 0.064 0.097 0.054 -0.032 -0.0291 0.047 0.309017 0.951057 -5.82354e-17
0.0626497 0.064 0.097 0.054 -0.032 -0.0291 0.047 3.78436e-17 1.16471e-16 0.951057 -0.309017
0.0626497 0.064 0.097 0.054 -0.032 -0.0291 0.047 0.951057 -0.309017 -1.89218e-17 -5.82354e-17
0.0626497 0.064 0.097 0.054 -0.032 -0.0291 0.047 3.93136e-17 -7.71573e-17 0.309017 0.951057
0.375714 0.064 0.097 0.054 -0.0256 -0.0097 0.047 0.587785 0.809017 -4.9538e-17
0.375714 0.064 0.097 0.054 -0.0256 -0.0097 0.047 -7.19829e-17 -9.9076e-17 -0.809017 0.587785
0.375714 0.064 0.097 0.054 -0.0256 -0.0097 0.047 0.809017 -0.587785 -3.59915e-17 -4.9538e-17
0.375714 0.064 0.097 0.054 -0.0256 -0.0097 0.047 1.35465e-17 -8.55295e-17 0.587785 0.809017
0.0611627 0.064 0.097 0.054 -0.0192 -0.0291 0.047 0.587785 0.809017 -4.9538e-17
0.0611627 0.064 0.097 0.054 -0.0192 -0.0291 0.047 -7.19829e-17 -9.9076e-17 -0.809017 0.587785
0.0611627 0.064 0.097 0.054 -0.0192 -0.0291 0.047 0.809017 -0.587785 -3.59915e-17 -4.9538e-17
0.0611627 0.064 0.097 0.054 -0.0192 -0.0291 0.047 1.35465e-17 -8.55295e-17 0.587785 0.809017
0.635651 0.064 0.097 0.054 0.0192 0.0194 0.047 0.809017 -0.587785 -7.19829e-17
0.635651 0.064 0.097 0.054 0.0192 0.0194 0.047 -9.9076e-17 -3.59914e-17 0.587785 0.809017
0.635651 0.064 0.097 0.054 0.0192 0.0194 0.047 0.587785 0.809017 4.9538e-17 7.19829e-17
0.635651 0.064 0.097 0.054 0.0192 0.0194 0.047 -2.24449e-17 1.35465e-17 -0.809017 0.587785
0.0886472 0.064 0.097 0.054 0.032 0 0.047 -0.587785 0.809017 -4.9538e-17
0.0886472 0.064 0.097 0.054 0.032 0 0.047 -7.19829e-17 9.9076e-17 0.809017 0.587785
0.0886472 0.064 0.097 0.054 0.032 0 0.047 0.809017 0.587785 3.59915e-17 -4.9538e-17
0.0886472 0.064 0.097 0.054 0.032 0 0.047 8.55294e-17 -1.35465e-17 -0.587785 0.809017
0.0410567 0.064 0.097 0.054 0.032 0.0291 0.047 0.809017 -0.587785 -7.19829e-17
0.0410567 0.064 0.097 0.054 0.032 0.0291 0.047 -9.9076e-17 -3.59914e-17 0.587785 0.809017
0.0410567 0.064 0.097 0.054 0.032 0.0291 0.047 0.587785 0.809017 4.9538e-17 7.19829e-17
0.0410567 0.064 0.097 0.054 0.032 0.0291 0.047 -2.24449e-17 1.35465e-17 -0.809017 0.587785
0.446241 0.076 0.078 0.024 0.0228 0.039 0.032 0.809017 -0.587785 -7.19829e-17
0.446241 0.076 0.078 0.024 0.0228 0.039 0.032 -9.9076e-17 -3.59914e-17 0.587785 0.809017
0.446241 0.076 0.078 0.024 0.0228 0.039 0.032 0.587785 0.809017 4.9538e-17 7.19829e-17
0.446241 0.076 0.078 0.024 0.0228 0.039 0.032 -2.24449e-17 1.35465e-17 -0.809017 0.587785
0.605433 0.084 0.063 0.041 -0.0336 0.0063 0.0405 0.587785 0.809017 -4.9538e-17
0.605433 0.084 0.063 0.041 -0.0336 0.0063 0.0405 -7.19829e-17 -9.9076e-17 -0.809017 0.587785
0.605433 0.084 0.063 0.041 -0.0336 0.0063 0.0405 0.809017 -0.587785 -3.59915e-17 -4.9538e-17
0.605433 0.084 0.063 0.041 -0.0336 0.0063 0.0405 1.35465e-17 -8.55295e-17 0.587785 0.809017
0.0153812 0.084 0.063 0.041 -0.0084 0.0315 0.0405 0.951057 0.309017 3.78436e-17
0.0153812 0.084 0.063 0.041 -0.0084 0.0315 0.0405 -1.16471e-16 1.89218e-17 -0.309017 0.951057
0.0153812 0.084 0.063 0.041 -0.0084 0.0315 0.0405 -0.309017 0.951057 5.82354e-17 -3.78436e-17
0.0153812 0.084 0.063 0.041 -0.0084 0.0315 0.0405 -9.60791e-17 -7.71572e-17 0.951057 0.309017
0.00649391 0.084 0.063 0.041 0.0168 -0.0315 0.0405 6.12323e-17 1 -6.12323e-17
0.00649391 0.084 0.063 0.041 0.0168 -0.0315 0.0405 7.4988e-33 1.22465e-16 1 -6.12323e-17
0.00649391 0.084 0.063 0.041 0.0168 -0.0315 0.0405 1 3.99574e-23 -7.4988e-33 -6.12323e-17
0.00649391 0.084 0.063 0.041 0.0168 -0.0315 0.0405 6.12323e-17 -6.12323e-17 6.12323e-17 1
0.0513044 0.094 0.016 0.091 -0.0282 -4.33681e-19 0.0655 0.951057 0.309017 3.78436e-17
0.0513044 0.094 0.016 0.091 -0.0282 -4.33681e-19 0.0655 -1.16471e-16 1.89218e-17 -0.309017 0.951057
0.0513044 0.094 0.016 0.091 -0.0282 -4.33681e-19 0.0655 -0.309017 0.951057 5.82354e-17 -3.78436e-17
0.0513044 0.094 0.016 0.091 -0.0282 -4.33681e-19 0.0655 -9.60791e-17 -7.71572e-17 0.951057 0.309017
0.00215635 0.094 0.016 0.091 -0.0188 -4.33681e-19 0.0655 1 0 0
0.00215635 0.094 0.016 0.091 -0.0188 -4.33681e-19 0.0655 -1.22465e-16 0 0 1
0.00215635 0.094 0.016 0.091 -0.0188 -4.33681e-19 0.0655 -6.12323e-17 1 6.12323e-17 -3.7494e-33
0.00215635 0.094 0.016 0.091 -0.0188 -4.33681e-19 0.0655 -6.12323e-17 -6.12323e-17 1 -3.7494e-33
0.038358 0.094 0.016 0.091 -0.0188 0.0016 0.0655 1 0 0
0.038358 0.094 0.016 0.091 -0.0188 0.0016 0.0655 -1.22465e-16 0 0 1
0.038358 0.094 0.016 0.091 -0.0188 0.0016 0.0655 -6.12323e-17 1 6.12323e-17 -3.7494e-33
0.038358 0.094 0.016 0.091 -0.0188 0.0016 0.0655 -6.12323e-17 -6.12323e-17 1 -3.7494e-33
0.0690557 0.094 0.016 0.091 -0.0094 0.0048 0.0655 1 0 0
0.0690557 0.094 0.016 0.091 -0.0094 0.0048 0.0655 -1.22465e-16 0 0 1
0.0690557 0.094 0.016 0.091 -0.0094 0.0048 0.0655 -6.12323e-17 1 6.12323e-17 -3.7494e-33
0.0690557 0.094 0.016 0.091 -0.0094 0.0048 0.0655 -6.12323e-17 -6.12323e-17 1 -3.7494e-33
0.0139856 0.094 0.016 0.091 -0.0094 0.0064 0.0655 1 0 0
0.0139856 0.094 0.016 0.091 -0.0094 0.0064 0.0655 -1.22465e-16 0 0 1
0.0139856 0.094 0.016 0.091 -0.0094 0.0064 0.0655 -6.12323e-17 1 6.12323e-17 -3.7494e-33
0.0139856 0.094 0.016 0.091 -0.0094 0.0064 0.0655 -6.12323e-17 -6.12323e-17 1 -3.7494e-33
0.0347455 0.094 0.016 0.091 -3.46945e-18 -0.008 0.0655 6.12323e-17 1 -6.12323e-17
0.0347455 0.094 0.016 0.091 -3.46945e-18 -0.008 0.0655 7.4988e-33 1.22465e-16 1 -6.12323e-17
0.0347455 0.094 0.016 0.091 -3.46945e-18 -0.008 0.0655 1 3.99574e-23 -7.4988e-33 -6.12323e-17
0.0347455 0.094 0.016 0.091 -3.46945e-18 -0.008 0.0655 6.12323e-17 -6.12323e-17 6.12323e-17 1
0.00561565 0.094 0.016 0.091 -3.46945e-18 0.0064 0.0655 1 0 0
0.00561565 0.094 0.016 0.091 -3.46945e-18 0.0064 0.0655 -1.22465e-16 0 0 1
0.00561565 0.094 0.016 0.091 -3.46945e-18 0.0064 0.0655 -6.12323e-17 1 6.12323e-17 -3.7494e-33
0.00561565 0.094 0.016 0.091 -3.46945e-18 0.0064 0.0655 -6.12323e-17 -6.12323e-17 1 -3.7494e-33
0.0100033 0.094 0.016 0.091 -3.46945e-18 0.008 0.0655 1 0 0
0.0100033 0.094 0.016 0.091 -3.46945e-18 0.008 0.0655 -1.22465e-16 0 0 1
0.0100033 0.094 0.016 0.091 -3.46945e-18 0.008 0.0655 -6.12323e-17 1 6.12323e-17 -3.7494e-33
0.0100033 0.094 0.016 0.091 -3.46945e-18 0.008 0.0655 -6.12323e-17 -6.12323e-17 1 -3.7494e-33
0.219793 0.094 0.016 0.091 0.0094 -0.008 0.0655 6.12323e-17 1 -6.12323e-17
0.219793 0.094 0.016 0.091 0.0094 -0.008 0.0655 7.4988e-33 1.22465e-16 1 -6.12323e-17
0.219793 0.094 0.016 0.091 0.0094 -0.008 0.0655 1 3.99574e-23 -7.4988e-33 -6.12323e-17
0.219793 0.094 0.016 0.091 0.0094 -0.008 0.0655 6.12323e-17 -6.12323e-17 6.12323e-17 1
0.111639 0.094 0.016 0.091 0.0094 -0.0032 0.0655 6.12323e-17 1 -6.12323e-17
0.111639 0.094 0.016 0.091 0.0094 -0.0032 0.0655 7.4988e-33 1.22465e-16 1 -6.12323e-17
0.111639 0.094 0.016 0.091 0.0094 -0.0032 0.0655 1 3.99574e-23 -7.4988e-33 -6.12323e-17
0.111639 0.094 0.016 0.091 0.0094 -0.0032 0.0655 6.12323e-17 -6.12323e-17 6.12323e-17 1
0.0284073 0.094 0.016 0.091 0.0188 -0.0048 0.0655 6.12323e-17 1 -6.12323e-17
0.0284073 0.094 0.016 0.091 0.0188 -0.0048 0.0655 7.4988e-33 1.22465e-16 1 -6.12323e-17
0.0284073 0.094 0.016 0.091 0.0188 -0.0048 0.0655 1 3.99574e-23 -7.4988e-33 -6.12323e-17
0.0284073 0.094 0.016 0.091 0.0188 -0.0048 0.0655 6.12323e-17 -6.12323e-17 6.12323e-17 1
0.0208352 0.094 0.016 0.091 0.0188 -4.33681e-19 0.0655 6.12323e-17 1 -6.12323e-17
0.0208352 0.094 0.016 0.091 0.0188 -4.33681e-19 0.0655 7.4988e-33 1.22465e-16 1 -6.12323e-17
0.0208352 0.094 0.016 0.091 0.0188 -4.33681e-19 0.0655 1 3.99574e-23 -7.4988e-33 -6.12323e-17
0.0208352 0.094 0.016 0.091 0.0188 -4.33681e-19 0.0655 6.12323e-17 -6.12323e-17 6.12323e-17 1
0.0194031 0.094 0.016 0.091 0.0376 0.0032 0.0655 0.809017 -0.587785 -7.19829e-17
0.0194031 0.094 0.016 0.091 0.0376 0.0032 0.0655 -9.9076e-17 -3.59914e-17 0.587785 0.809017
0.0194031 0.094 0.016 0.091 0.0376 0.0032 0.0655 0.587785 0.809017 4.9538e-17 7.19829e-17
0.0194031 0.094 0.016 0.091 0.0376 0.0032 0.0655 -2.24449e-17 1.35465e-17 -0.809017 0.587785
1.12414 0.099 0.052 0.072 -0.0099 0.026 0.056 0.951057 0.309017 3.78436e-17
1.12414 0.099 0.052 0.072 -0.0099 0.026 0.056 -1.16471e-16 1.89218e-17 -0.309017 0.951057
1.12414 0.099 0.052 0.072 -0.0099 0.026 0.056 -0.309017 0.951057 5.82354e-17 -3.78436e-17
1.12414 0.099 0.052 0.072 -0.0099 0.026 0.056 -9.60791e-17 -7.71572e-17 0.951057 0.309017
0.0377134 0.099 0.052 0.072 0.0099 -0.026 0.056 6.12323e-17 1 -6.12323e-17
0.0377134 0.099 0.052 0.072 0.0099 -0.026 0.056 7.4988e-33 1.22465e-16 1 -6.12323e-17
0.0377134 0.099 0.052 0.072 0.0099 -0.026 0.056 1 3.99574e-23 -7.4988e-33 -6.12323e-17
0.0377134 0.099 0.052 0.072 0.0099 -0.026 0.056 6.12323e-17 -6.12323e-17 6.12323e-17 1
0.207379 0.099 0.052 0.072 0.0099 0.0208 0.056 0.951057 -0.309017 -3.78436e-17
0.207379 0.099 0.052 0.072 0.0099 0.0208 0.056 -1.16471e-16 -1.89218e-17 0.309017 0.951057
0.207379 0.099 0.052 0.072 0.0099 0.0208 0.056 0.309017 0.951057 5.82354e-17 3.78436e-17
0.207379 0.099 0.052 0.072 0.0099 0.0208 0.056 -2.03919e-17 -3.93136e-17 0.951057 -0.309017
0.0797366 0.1 0.074 0.042 3.46945e-18 -0.0222 0.041 6.12323e-17 1 -6.12323e-17
0.0797366 0.1 0.074 0.042 3.46945e-18 -0.0222 0.041 7.4988e-33 1.22465e-16 1 -6.12323e-17
0.0797366 0.1 0.074 0.042 3.46945e-18 -0.0222 0.041 1 3.99574e-23 -7.4988e-33 -6.12323e-17
0.0797366 0.1 0.074 0.042 3.46945e-18 -0.0222 0.041 6.12323e-17 -6.12323e-17 6.12323e-17 1