0.68495 0.04 0.04 0.04 0.004 0.004 0.04 -0.587785 0.809017 -4.9538e-17 -3.59915e-17 
0.444184 0.04 0.04 0.04 0.012 0.004 0.04 -0.587785 0.809017 -4.9538e-17 -3.59915e-17 
0.435421 0.04 0.04 0.04 0.004 0.02 0.04 0.951057 -0.309017 -1.89218e-17 5.82354e-17 
0.372339 0.04 0.04 0.04 0.012 0.02 0.04 0.951057 -0.309017 -1.89218e-17 5.82354e-17 
0.354166 0.04 0.04 0.04 0.004 0.012 0.04 -0.587785 0.809017 -4.9538e-17 -3.59915e-17 
0.328434 0.04 0.04 0.04 0.012 -0.004 0.04 6.12323e-17 1 -6.12323e-17 3.7494e-33 
0.300851 0.04 0.04 0.04 0.004 -0.004 0.04 -0.587785 0.809017 -4.9538e-17 -3.59915e-17 
0.292902 0.04 0.04 0.04 0.004 0.012 0.04 0.951057 -0.309017 -1.89218e-17 5.82354e-17 
0.282617 0.04 0.04 0.04 0.02 -0.004 0.04 6.12323e-17 1 -6.12323e-17 3.7494e-33 
0.260125 0.04 0.04 0.04 -0.012 -0.004 0.04 0.587785 0.809017 -4.9538e-17 3.59915e-17 
0.253499 0.04 0.04 0.04 0.02 0.02 0.04 0.951057 -0.309017 -1.89218e-17 5.82354e-17 
0.252548 0.04 0.04 0.04 0.012 0.012 0.04 -0.587785 0.809017 -4.9538e-17 -3.59915e-17 
0.247472 0.04 0.04 0.04 -0.004 -0.012 0.04 0.587785 0.809017 -4.9538e-17 3.59915e-17 
0.227237 0.04 0.04 0.04 0.012 0.012 0.04 0.951057 -0.309017 -1.89218e-17 5.82354e-17 
0.206737 0.04 0.04 0.04 0.012 -0.012 0.04 6.12323e-17 1 -6.12323e-17 3.7494e-33 
0.203346 0.04 0.04 0.04 0.012 -0.004 0.04 -0.587785 0.809017 -4.9538e-17 -3.59915e-17 
0.202093 0.04 0.04 0.04 -0.012 0.004 0.04 0.587785 0.809017 -4.9538e-17 3.59915e-17 
0.198495 0.04 0.04 0.04 0.02 0.004 0.04 -0.587785 0.809017 -4.9538e-17 -3.59915e-17 
0.162488 0.04 0.04 0.04 0.02 -0.02 0.04 -0.587785 0.809017 -4.9538e-17 -3.59915e-17 
0.158639 0.04 0.04 0.04 0.02 -0.012 0.04 6.12323e-17 1 -6.12323e-17 3.7494e-33 
0.158324 0.04 0.04 0.04 -0.004 0.02 0.04 0.951057 -0.309017 -1.89218e-17 5.82354e-17 
0.150091 0.04 0.04 0.04 -0.012 -0.012 0.04 0.587785 0.809017 -4.9538e-17 3.59915e-17 
0.148433 0.04 0.04 0.04 0.02 0.012 0.04 -0.587785 0.809017 -4.9538e-17 -3.59915e-17 
0.142767 0.04 0.04 0.04 0.004 -0.004 0.04 6.12323e-17 1 -6.12323e-17 3.7494e-33 
0.141768 0.04 0.04 0.04 -0.02 -0.004 0.04 0.587785 0.809017 -4.9538e-17 3.59915e-17 
0.118515 0.04 0.04 0.04 -0.02 0.02 0.04 0.951057 0.309017 1.89218e-17 5.82354e-17 
0.109876 0.04 0.04 0.04 -0.02 0.012 0.04 0.951057 0.309017 1.89218e-17 5.82354e-17 
0.108153 0.04 0.04 0.04 0.004 -0.012 0.04 6.12323e-17 1 -6.12323e-17 3.7494e-33 
0.107251 0.04 0.04 0.04 0.02 0.012 0.04 0.951057 -0.309017 -1.89218e-17 5.82354e-17 
0.103632 0.04 0.04 0.04 0.02 -0.004 0.04 -0.587785 0.809017 -4.9538e-17 -3.59915e-17 
0.101757 0.04 0.04 0.04 0.02 -0.012 0.04 -0.587785 0.809017 -4.9538e-17 -3.59915e-17 
0.0888564 0.04 0.04 0.04 -0.02 0.004 0.04 0.587785 0.809017 -4.9538e-17 3.59915e-17 
0.081967 0.04 0.04 0.04 0.012 -0.02 0.04 6.12323e-17 1 -6.12323e-17 3.7494e-33 
0.0793989 0.04 0.04 0.04 0.012 0.004 0.04 0.951057 -0.309017 -1.89218e-17 5.82354e-17 
0.0718779 0.04 0.04 0.04 0.004 -0.02 0.04 6.12323e-17 1 -6.12323e-17 3.7494e-33 
0.0668379 0.04 0.04 0.04 -0.02 -0.012 0.04 0.587785 0.809017 -4.9538e-17 3.59915e-17 
0.0661336 0.04 0.04 0.04 -0.02 0.004 0.04 0.951057 0.309017 1.89218e-17 5.82354e-17 
0.0631454 0.04 0.04 0.04 -0.02 -0.012 0.04 0.951057 0.309017 1.89218e-17 5.82354e-17 
0.0588398 0.04 0.04 0.04 -0.012 0.012 0.04 0.587785 0.809017 -4.9538e-17 3.59915e-17 
0.0561324 0.04 0.04 0.04 -0.012 0.02 0.04 0.951057 0.309017 1.89218e-17 5.82354e-17 
0.0413827 0.04 0.04 0.04 -0.02 -0.004 0.04 6.12323e-17 1 -6.12323e-17 3.7494e-33 
0.0385928 0.04 0.04 0.04 -0.012 0.012 0.04 0.951057 0.309017 1.89218e-17 5.82354e-17 
0.036358 0.04 0.04 0.04 -0.02 -0.004 0.04 0.951057 0.309017 1.89218e-17 5.82354e-17 
0.0351313 0.04 0.04 0.04 -0.02 -0.012 0.04 6.12323e-17 1 -6.12323e-17 3.7494e-33 
0.0346366 0.04 0.04 0.04 -0.004 -0.02 0.04 6.12323e-17 1 -6.12323e-17 3.7494e-33 
0.0318092 0.04 0.04 0.04 0.02 -0.02 0.04 6.12323e-17 1 -6.12323e-17 3.7494e-33 
0.0302525 0.04 0.04 0.04 0.012 -0.02 0.04 -0.587785 0.809017 -4.9538e-17 -3.59915e-17 
0.0289208 0.04 0.04 0.04 -0.004 -0.02 0.04 0.587785 0.809017 -4.9538e-17 3.59915e-17 
0.0279276 0.04 0.04 0.04 -0.02 -0.02 0.04 6.12323e-17 1 -6.12323e-17 3.7494e-33 
0.0274515 0.04 0.04 0.04 0.004 -0.02 0.04 0.587785 0.809017 -4.9538e-17 3.59915e-17 
0.0201512 0.04 0.04 0.04 -0.004 0.012 0.04 0.951057 -0.309017 -1.89218e-17 5.82354e-17 
0.0197106 0.04 0.04 0.04 -0.012 -0.02 0.04 6.12323e-17 1 -6.12323e-17 3.7494e-33 
0.0155249 0.04 0.04 0.04 0.02 0.02 0.04 0.951057 0.309017 1.89218e-17 5.82354e-17 
0.011085 0.04 0.04 0.04 0.012 -0.012 0.04 -0.587785 0.809017 -4.9538e-17 -3.59915e-17 
0.0053371 0.04 0.04 0.04 -0.004 -0.012 0.04 6.12323e-17 1 -6.12323e-17 3.7494e-33 
0.00377584 0.04 0.04 0.04 0.012 0.02 0.04 0.951057 0.309017 1.89218e-17 5.82354e-17 
-0.0102995 0.04 0.04 0.04 -0.012 -0.012 0.04 6.12323e-17 1 -6.12323e-17 3.7494e-33 
-0.010426 0.04 0.04 0.04 -0.012 0.004 0.04 0.951057 0.309017 1.89218e-17 5.82354e-17 
-0.0123568 0.04 0.04 0.04 -0.02 0.012 0.04 0.587785 0.809017 -4.9538e-17 3.59915e-17 
-0.0146729 0.04 0.04 0.04 -0.004 0.02 0.04 0.951057 0.309017 1.89218e-17 5.82354e-17 
-0.0190055 0.04 0.04 0.04 -0.012 0.02 0.04 0.587785 0.809017 -4.9538e-17 3.59915e-17 
-0.0220061 0.04 0.04 0.04 -0.012 -0.02 0.04 0.587785 0.809017 -4.9538e-17 3.59915e-17 
-0.0244206 0.04 0.04 0.04 -0.004 -0.004 0.04 6.12323e-17 1 -6.12323e-17 3.7494e-33 
-0.0264837 0.04 0.04 0.04 0.004 0.02 0.04 0.951057 0.309017 1.89218e-17 5.82354e-17 
-0.0300098 0.04 0.04 0.04 -0.012 -0.012 0.04 0.951057 0.309017 1.89218e-17 5.82354e-17 
-0.0406663 0.04 0.04 0.04 -0.012 -0.004 0.04 6.12323e-17 1 -6.12323e-17 3.7494e-33 
-0.0408872 0.04 0.04 0.04 0.02 0.004 0.04 0.951057 -0.309017 -1.89218e-17 5.82354e-17 
-0.0425985 0.04 0.04 0.04 -0.004 0.012 0.04 0.951057 0.309017 1.89218e-17 5.82354e-17 
-0.0452934 0.04 0.04 0.04 -0.02 0.02 0.04 0.587785 0.809017 -4.9538e-17 3.59915e-17 
-0.0458326 0.04 0.04 0.04 -0.012 -0.004 0.04 0.951057 0.309017 1.89218e-17 5.82354e-17 
-0.0573411 0.04 0.04 0.04 -0.02 -0.02 0.04 0.587785 0.809017 -4.9538e-17 3.59915e-17 
-0.0788791 0.04 0.04 0.04 0.004 -0.012 0.04 -0.587785 0.809017 -4.9538e-17 -3.59915e-17 
-0.100949 0.04 0.04 0.04 0.004 -0.02 0.04 -0.587785 0.809017 -4.9538e-17 -3.59915e-17 
-0.322002 0.04 0.04 0.04 0.02 0.02 0.04 -0.587785 0.809017 -4.9538e-17 -3.59915e-17 
-0.72966 0.04 0.04 0.04 -0.012 0.02 0.04 0.951057 -0.309017 -1.89218e-17 5.82354e-17 
-0.862774 0.04 0.04 0.04 -0.012 0.012 0.04 0.951057 -0.309017 -1.89218e-17 5.82354e-17 
-0.928194 0.04 0.04 0.04 0.012 0.02 0.04 -0.587785 0.809017 -4.9538e-17 -3.59915e-17 
-2.47051 0.04 0.04 0.04 -0.02 0.02 0.04 0.951057 -0.309017 -1.89218e-17 5.82354e-17 
