25.4477 0.062 0.062 0.1 0.0186 -0.031 0.07 -0.587785 0.809017 -4.9538e-17 -3.59915e-17 
25.3643 0.062 0.062 0.1 0.031 -0.031 0.07 -0.587785 0.809017 -4.9538e-17 -3.59915e-17 
25.3503 0.062 0.062 0.1 0.0186 -0.0186 0.07 -0.587785 0.809017 -4.9538e-17 -3.59915e-17 
25.3284 0.062 0.062 0.1 0.031 -0.0186 0.07 -0.587785 0.809017 -4.9538e-17 -3.59915e-17 
25.2136 0.062 0.062 0.1 0.031 -0.0062 0.07 -0.587785 0.809017 -4.9538e-17 -3.59915e-17 
25.2088 0.062 0.062 0.1 0.0186 -0.0062 0.07 -0.587785 0.809017 -4.9538e-17 -3.59915e-17 
25.0723 0.062 0.062 0.1 0.0186 0.0062 0.07 -0.587785 0.809017 -4.9538e-17 -3.59915e-17 
25.0469 0.062 0.062 0.1 0.031 0.0062 0.07 -0.587785 0.809017 -4.9538e-17 -3.59915e-17 
24.8676 0.062 0.062 0.1 0.031 0.0186 0.07 -0.587785 0.809017 -4.9538e-17 -3.59915e-17 
17.6688 0.062 0.062 0.1 -0.0186 0.031 0.07 0.587785 0.809017 -4.9538e-17 3.59915e-17 
17.6003 0.062 0.062 0.1 -0.031 0.031 0.07 0.587785 0.809017 -4.9538e-17 3.59915e-17 
17.453 0.062 0.062 0.1 -0.0186 0.0186 0.07 0.587785 0.809017 -4.9538e-17 3.59915e-17 
17.4079 0.062 0.062 0.1 -0.031 0.0186 0.07 0.587785 0.809017 -4.9538e-17 3.59915e-17 
17.2557 0.062 0.062 0.1 -0.0186 0.0062 0.07 0.587785 0.809017 -4.9538e-17 3.59915e-17 
17.2008 0.062 0.062 0.1 -0.031 0.0062 0.07 0.587785 0.809017 -4.9538e-17 3.59915e-17 
17.0082 0.062 0.062 0.1 -0.0186 -0.0062 0.07 0.587785 0.809017 -4.9538e-17 3.59915e-17 
16.929 0.062 0.062 0.1 -0.031 -0.0062 0.07 0.587785 0.809017 -4.9538e-17 3.59915e-17 
16.6922 0.062 0.062 0.1 -0.0186 -0.0186 0.07 0.587785 0.809017 -4.9538e-17 3.59915e-17 
16.5932 0.062 0.062 0.1 -0.031 -0.0186 0.07 0.587785 0.809017 -4.9538e-17 3.59915e-17 
16.3829 0.062 0.062 0.1 -0.0062 -0.031 0.07 0.587785 0.809017 -4.9538e-17 3.59915e-17 
16.3398 0.062 0.062 0.1 -0.0186 -0.031 0.07 0.587785 0.809017 -4.9538e-17 3.59915e-17 
16.2445 0.062 0.062 0.1 -0.031 -0.031 0.07 0.587785 0.809017 -4.9538e-17 3.59915e-17 
5.9035 0.062 0.062 0.1 0.031 -0.051 0.03 -0.672499 0.218508 0.218508 0.672498 
3.60005 0.062 0.062 0.1 0.0062 -0.031 0.07 6.12323e-17 1 -6.12323e-17 3.7494e-33 
3.59358 0.062 0.062 0.1 0.0062 -0.0186 0.07 6.12323e-17 1 -6.12323e-17 3.7494e-33 
3.58515 0.062 0.062 0.1 -0.0062 -0.031 0.07 6.12323e-17 1 -6.12323e-17 3.7494e-33 
3.57553 0.062 0.062 0.1 -0.0062 -0.0186 0.07 6.12323e-17 1 -6.12323e-17 3.7494e-33 
3.55014 0.062 0.062 0.1 0.0186 -0.031 0.07 6.12323e-17 1 -6.12323e-17 3.7494e-33 
3.52747 0.062 0.062 0.1 -0.0186 -0.031 0.07 6.12323e-17 1 -6.12323e-17 3.7494e-33 
3.52235 0.062 0.062 0.1 0.0186 -0.0186 0.07 6.12323e-17 1 -6.12323e-17 3.7494e-33 
3.51814 0.062 0.062 0.1 -0.0186 -0.0186 0.07 6.12323e-17 1 -6.12323e-17 3.7494e-33 
3.50823 0.062 0.062 0.1 -0.031 -0.0186 0.07 6.12323e-17 1 -6.12323e-17 3.7494e-33 
3.48644 0.062 0.062 0.1 -0.031 -0.031 0.07 6.12323e-17 1 -6.12323e-17 3.7494e-33 
3.45167 0.062 0.062 0.1 0.031 -0.031 0.07 6.12323e-17 1 -6.12323e-17 3.7494e-33 
2.25803 0.062 0.062 0.1 0.031 -0.051 0.05 -0.672499 0.218508 0.218508 0.672498 
2.05847 0.062 0.062 0.1 0.0186 -0.051 0.05 -0.672499 0.218508 0.218508 0.672498 
1.83989 0.062 0.062 0.1 0.0062 -0.051 0.05 -0.672499 0.218508 0.218508 0.672498 
1.59473 0.062 0.062 0.1 -0.0062 -0.051 0.05 -0.672499 0.218508 0.218508 0.672498 
0.208987 0.062 0.062 0.1 -0.0062 0.051 0.05 0.415627 0.572061 -0.572061 0.415629 
0.171738 0.062 0.062 0.1 -0.051 -0.031 0.05 -0.572061 0.415627 -0.572061 0.415629 
0.141004 0.062 0.062 0.1 -0.051 -0.0186 0.05 -0.572061 0.415627 -0.572061 0.415629 
0.128632 0.062 0.062 0.1 -0.0186 0.051 0.03 0.415627 0.572061 -0.572061 0.415629 
0.119372 0.062 0.062 0.1 -0.051 -0.0062 0.05 -0.572061 0.415627 -0.572061 0.415629 
0.118042 0.062 0.062 0.1 -0.0186 0.051 0.05 0.415627 0.572061 -0.572061 0.415629 
0.102984 0.062 0.062 0.1 -0.051 0.0062 0.05 -0.572061 0.415627 -0.572061 0.415629 
0.0915207 0.062 0.062 0.1 -0.051 0.0186 0.05 -0.572061 0.415627 -0.572061 0.415629 
0.0881786 0.062 0.062 0.1 -0.051 0.031 0.05 -0.572061 0.415627 -0.572061 0.415629 
0.0870542 0.062 0.062 0.1 -0.031 -0.051 0.05 -0.415627 -0.572061 -0.572061 0.415629 
0.075407 0.062 0.062 0.1 0.051 0.031 0.05 0.707107 -4.32978e-17 -0.707107 4.32978e-17 
0.0294214 0.062 0.062 0.1 -0.0186 -0.051 0.05 -0.415627 -0.572061 -0.572061 0.415629 
0.0192084 0.062 0.062 0.1 0.031 0.051 0.05 0.415627 -0.572061 0.572061 0.415629 
0.018905 0.062 0.062 0.1 0.0186 0.051 0.05 0.415627 -0.572061 0.572061 0.415629 
0.00887294 0.062 0.062 0.1 0.051 -0.0186 0.05 -0.572061 -0.415627 0.572061 0.415629 
-0.00587005 0.062 0.062 0.1 -0.031 0.051 0.05 0.415627 0.572061 -0.572061 0.415629 
-0.0147042 0.062 0.062 0.1 -0.031 0.051 0.03 0.415627 0.572061 -0.572061 0.415629 
-0.0263741 0.062 0.062 0.1 -0.051 0.0186 0.03 0.707107 -4.32978e-17 0.707107 -4.32978e-17 
-0.0263894 0.062 0.062 0.1 -0.051 0.0186 0.05 0.707107 -4.32978e-17 0.707107 -4.32978e-17 
-0.0280192 0.062 0.062 0.1 -0.051 0.031 0.05 0.707107 -4.32978e-17 0.707107 -4.32978e-17 
-0.0280448 0.062 0.062 0.1 -0.051 0.031 0.03 0.707107 -4.32978e-17 0.707107 -4.32978e-17 
-0.0321198 0.062 0.062 0.1 0.051 -0.0062 0.05 -0.572061 -0.415627 0.572061 0.415629 
-0.0493881 0.062 0.062 0.1 0.051 0.0062 0.05 -0.572061 -0.415627 0.572061 0.415629 
-0.0524292 0.062 0.062 0.1 -0.051 -0.0062 0.05 -0.218508 0.672498 -0.218508 0.672499 
-0.0555593 0.062 0.062 0.1 0.051 0.0186 0.05 -0.572061 -0.415627 0.572061 0.415629 
-0.0592682 0.062 0.062 0.1 0.051 0.031 0.05 -0.572061 -0.415627 0.572061 0.415629 
-0.126024 0.062 0.062 0.1 -0.051 -0.0186 0.05 -0.218508 0.672498 -0.218508 0.672499 
-0.166584 0.062 0.062 0.1 -0.051 -0.031 0.01 -0.218508 0.672498 -0.218508 0.672499 
-0.169042 0.062 0.062 0.1 -0.051 -0.031 0.03 -0.218508 0.672498 -0.218508 0.672499 
-0.170575 0.062 0.062 0.1 -0.051 -0.031 0.05 -0.218508 0.672498 -0.218508 0.672499 
-0.46581 0.062 0.062 0.1 0.0186 0.031 0.07 0.951057 0.309017 1.89218e-17 5.82354e-17 
-0.474145 0.062 0.062 0.1 0.0062 0.031 0.07 0.951057 0.309017 1.89218e-17 5.82354e-17 
-0.495514 0.062 0.062 0.1 0.031 0.031 0.07 0.951057 0.309017 1.89218e-17 5.82354e-17 
-0.53123 0.062 0.062 0.1 -0.0062 0.031 0.07 0.951057 0.309017 1.89218e-17 5.82354e-17 
-0.571279 0.062 0.062 0.1 -0.0186 0.0186 0.07 0.951057 0.309017 1.89218e-17 5.82354e-17 
-0.610706 0.062 0.062 0.1 -0.0186 0.031 0.07 0.951057 0.309017 1.89218e-17 5.82354e-17 
-0.619963 0.062 0.062 0.1 -0.031 0.0062 0.07 0.951057 0.309017 1.89218e-17 5.82354e-17 
-0.627203 0.062 0.062 0.1 -0.031 0.0186 0.07 0.951057 0.309017 1.89218e-17 5.82354e-17 
-0.649703 0.062 0.062 0.1 -0.031 0.031 0.07 0.951057 0.309017 1.89218e-17 5.82354e-17 
-38.9433 0.062 0.062 0.1 -0.0062 0.031 0.07 0.951057 -0.309017 -1.89218e-17 5.82354e-17 
-38.9522 0.062 0.062 0.1 0.0062 0.0186 0.07 0.951057 -0.309017 -1.89218e-17 5.82354e-17 
-38.9699 0.062 0.062 0.1 0.0186 0.0186 0.07 0.951057 -0.309017 -1.89218e-17 5.82354e-17 
-38.9816 0.062 0.062 0.1 0.031 0.0186 0.07 0.951057 -0.309017 -1.89218e-17 5.82354e-17 
-39.1294 0.062 0.062 0.1 0.031 0.031 0.07 0.951057 -0.309017 -1.89218e-17 5.82354e-17 
-39.1318 0.062 0.062 0.1 0.0062 0.031 0.07 0.951057 -0.309017 -1.89218e-17 5.82354e-17 
-39.1576 0.062 0.062 0.1 0.0186 0.031 0.07 0.951057 -0.309017 -1.89218e-17 5.82354e-17 
-43.6696 0.062 0.062 0.1 0.031 0.051 0.05 -4.32978e-17 0.707107 -0.707107 4.32978e-17 
-43.915 0.062 0.062 0.1 0.0186 0.051 0.05 -4.32978e-17 0.707107 -0.707107 4.32978e-17 
-44.105 0.062 0.062 0.1 0.0062 0.051 0.05 -4.32978e-17 0.707107 -0.707107 4.32978e-17 
-44.24 0.062 0.062 0.1 -0.0062 0.051 0.05 -4.32978e-17 0.707107 -0.707107 4.32978e-17 
-44.3202 0.062 0.062 0.1 -0.0186 0.051 0.05 -4.32978e-17 0.707107 -0.707107 4.32978e-17 
-44.3452 0.062 0.062 0.1 -0.031 0.051 0.05 -4.32978e-17 0.707107 -0.707107 4.32978e-17 
