8.77747 0.055 0.1 0.1 -0.0055 -0.05 0.07 0.587785 0.809017 -4.9538e-17 3.59915e-17 
7.74696 0.055 0.1 0.1 -0.0165 -0.05 0.07 0.587785 0.809017 -4.9538e-17 3.59915e-17 
6.71481 0.055 0.1 0.1 -0.0275 -0.05 0.07 0.587785 0.809017 -4.9538e-17 3.59915e-17 
0.932157 0.055 0.1 0.1 0.0055 0.05 0.07 0.951057 -0.309017 -1.89218e-17 5.82354e-17 
0.819267 0.055 0.1 0.1 0.0275 0.05 0.07 0.951057 -0.309017 -1.89218e-17 5.82354e-17 
0.802498 0.055 0.1 0.1 0.0165 0.05 0.07 0.951057 -0.309017 -1.89218e-17 5.82354e-17 
0.631678 0.055 0.1 0.1 -0.0055 0.05 0.07 0.951057 -0.309017 -1.89218e-17 5.82354e-17 
0.428288 0.055 0.1 0.1 0.0275 0.03 0.07 0.951057 -0.309017 -1.89218e-17 5.82354e-17 
0.253051 0.055 0.1 0.1 0.0275 -0.05 0.07 6.12323e-17 1 -6.12323e-17 3.7494e-33 
0.246593 0.055 0.1 0.1 -0.0275 -0.03 0.07 0.587785 0.809017 -4.9538e-17 3.59915e-17 
0.233008 0.055 0.1 0.1 -0.0165 -0.03 0.07 0.587785 0.809017 -4.9538e-17 3.59915e-17 
0.107031 0.055 0.1 0.1 -0.0165 -0.01 0.07 0.587785 0.809017 -4.9538e-17 3.59915e-17 
0.106692 0.055 0.1 0.1 0.0275 -0.01 0.07 -0.587785 0.809017 -4.9538e-17 -3.59915e-17 
0.10667 0.055 0.1 0.1 -0.0055 -0.05 0.07 6.12323e-17 1 -6.12323e-17 3.7494e-33 
0.065307 0.055 0.1 0.1 -0.0275 -0.01 0.07 0.587785 0.809017 -4.9538e-17 3.59915e-17 
0.0538667 0.055 0.1 0.1 0.0165 -0.01 0.07 -0.587785 0.809017 -4.9538e-17 -3.59915e-17 
0.0507496 0.055 0.1 0.1 -0.0165 0.03 0.07 0.587785 0.809017 -4.9538e-17 3.59915e-17 
0.0371188 0.055 0.1 0.1 -0.0275 0.03 0.07 0.587785 0.809017 -4.9538e-17 3.59915e-17 
0.0333989 0.055 0.1 0.1 -0.0165 0.01 0.07 0.587785 0.809017 -4.9538e-17 3.59915e-17 
0.0302873 0.055 0.1 0.1 -0.0165 -0.05 0.07 6.12323e-17 1 -6.12323e-17 3.7494e-33 
0.00180937 0.055 0.1 0.1 -0.0275 0.01 0.07 0.587785 0.809017 -4.9538e-17 3.59915e-17 
1.50794e-09 0.055 0.1 0.1 -0.0055 0.07 0.05 0.415627 0.572061 -0.572061 0.415629 
1.25663e-09 0.055 0.1 0.1 -0.0165 0.07 0.03 0.415627 0.572061 -0.572061 0.415629 
9.56988e-10 0.055 0.1 0.1 -0.0165 0.07 0.05 0.415627 0.572061 -0.572061 0.415629 
7.61721e-10 0.055 0.1 0.1 -0.0475 0.05 0.03 0.707107 -4.32978e-17 0.707107 -4.32978e-17 
7.54495e-10 0.055 0.1 0.1 -0.0475 0.05 0.05 0.707107 -4.32978e-17 0.707107 -4.32978e-17 
6.80789e-10 0.055 0.1 0.1 -0.0275 0.07 0.03 0.415627 0.572061 -0.572061 0.415629 
4.01217e-10 0.055 0.1 0.1 -0.0275 0.07 0.05 0.415627 0.572061 -0.572061 0.415629 
1.8673e-10 0.055 0.1 0.1 0.0055 -0.07 0.05 -0.672499 0.218508 0.218508 0.672498 
1.85919e-10 0.055 0.1 0.1 -0.0055 -0.07 0.05 -0.672499 0.218508 0.218508 0.672498 
1.71325e-10 0.055 0.1 0.1 0.0275 -0.07 0.03 -0.672499 0.218508 0.218508 0.672498 
1.65414e-10 0.055 0.1 0.1 0.0165 -0.07 0.05 -0.672499 0.218508 0.218508 0.672498 
1.49526e-10 0.055 0.1 0.1 0.0275 -0.07 0.05 -0.672499 0.218508 0.218508 0.672498 
1.23485e-10 0.055 0.1 0.1 0.0475 0.05 0.05 0.707107 -4.32978e-17 -0.707107 4.32978e-17 
7.98217e-11 0.055 0.1 0.1 0.0165 0.07 0.05 -4.32978e-17 0.707107 -0.707107 4.32978e-17 
4.08788e-11 0.055 0.1 0.1 0.0055 0.07 0.05 -4.32978e-17 0.707107 -0.707107 4.32978e-17 
3.3856e-11 0.055 0.1 0.1 -0.0475 0.01 0.05 -0.572061 0.415627 -0.572061 0.415629 
2.93828e-11 0.055 0.1 0.1 -0.0475 -0.03 0.05 -0.572061 0.415627 -0.572061 0.415629 
2.57198e-11 0.055 0.1 0.1 -0.0475 -0.01 0.05 -0.572061 0.415627 -0.572061 0.415629 
9.34905e-12 0.055 0.1 0.1 -0.0165 0.07 0.05 -4.32978e-17 0.707107 -0.707107 4.32978e-17 
7.93192e-12 0.055 0.1 0.1 -0.0275 0.07 0.05 -4.32978e-17 0.707107 -0.707107 4.32978e-17 
2.67129e-12 0.055 0.1 0.1 0.0475 0.01 0.05 -0.572061 -0.415627 0.572061 0.415629 
-8.11502e-13 0.055 0.1 0.1 -0.0055 0.07 0.05 -4.32978e-17 0.707107 -0.707107 4.32978e-17 
-9.69011e-12 0.055 0.1 0.1 -0.0475 0.05 0.05 -0.572061 0.415627 -0.572061 0.415629 
-1.65284e-11 0.055 0.1 0.1 -0.0475 0.03 0.05 -0.572061 0.415627 -0.572061 0.415629 
-4.07123e-11 0.055 0.1 0.1 0.0275 0.07 0.05 -4.32978e-17 0.707107 -0.707107 4.32978e-17 
-5.51743e-11 0.055 0.1 0.1 0.0475 0.03 0.05 -0.572061 -0.415627 0.572061 0.415629 
-1.54869e-10 0.055 0.1 0.1 -0.0475 -0.03 0.05 -0.218508 0.672498 -0.218508 0.672499 
-2.00184e-10 0.055 0.1 0.1 -0.0475 -0.05 0.05 -0.572061 0.415627 -0.572061 0.415629 
-2.31645e-10 0.055 0.1 0.1 -0.0475 -0.05 0.05 -0.218508 0.672498 -0.218508 0.672499 
-2.60868e-10 0.055 0.1 0.1 -0.0475 -0.05 0.03 -0.218508 0.672498 -0.218508 0.672499 
-2.85114e-10 0.055 0.1 0.1 -0.0475 -0.05 0.01 -0.218508 0.672498 -0.218508 0.672499 
-7.25822e-10 0.055 0.1 0.1 -0.0165 -0.07 0.05 -0.415627 -0.572061 -0.572061 0.415629 
-9.35226e-10 0.055 0.1 0.1 0.0475 0.05 0.05 -0.572061 -0.415627 0.572061 0.415629 
-1.00243e-09 0.055 0.1 0.1 -0.0275 -0.07 0.05 -0.415627 -0.572061 -0.572061 0.415629 
-3.05506e-09 0.055 0.1 0.1 0.0165 0.07 0.05 0.415627 -0.572061 0.572061 0.415629 
-3.42147e-09 0.055 0.1 0.1 0.0275 0.07 0.05 0.415627 -0.572061 0.572061 0.415629 
-0.0311741 0.055 0.1 0.1 -0.0275 -0.05 0.07 6.12323e-17 1 -6.12323e-17 3.7494e-33 
-0.107603 0.055 0.1 0.1 -0.0275 0.03 0.07 0.951057 0.309017 1.89218e-17 5.82354e-17 
-0.114314 0.055 0.1 0.1 0.0055 -0.05 0.07 6.12323e-17 1 -6.12323e-17 3.7494e-33 
-0.326886 0.055 0.1 0.1 0.0165 -0.03 0.07 -0.587785 0.809017 -4.9538e-17 -3.59915e-17 
-0.39901 0.055 0.1 0.1 0.0165 -0.05 0.07 6.12323e-17 1 -6.12323e-17 3.7494e-33 
-0.57831 0.055 0.1 0.1 0.0275 -0.03 0.07 -0.587785 0.809017 -4.9538e-17 -3.59915e-17 
-0.61857 0.055 0.1 0.1 0.0275 0.05 0.07 0.951057 0.309017 1.89218e-17 5.82354e-17 
-0.6905 0.055 0.1 0.1 0.0165 0.05 0.07 0.951057 0.309017 1.89218e-17 5.82354e-17 
-0.841601 0.055 0.1 0.1 0.0055 0.05 0.07 0.951057 0.309017 1.89218e-17 5.82354e-17 
-0.935287 0.055 0.1 0.1 -0.0165 0.05 0.07 0.587785 0.809017 -4.9538e-17 3.59915e-17 
-0.951458 0.055 0.1 0.1 -0.0055 0.05 0.07 0.951057 0.309017 1.89218e-17 5.82354e-17 
-0.985008 0.055 0.1 0.1 -0.0165 0.05 0.07 0.951057 0.309017 1.89218e-17 5.82354e-17 
-1.14789 0.055 0.1 0.1 -0.0275 0.05 0.07 0.951057 0.309017 1.89218e-17 5.82354e-17 
-2.16188 0.055 0.1 0.1 -0.0275 0.05 0.07 0.587785 0.809017 -4.9538e-17 3.59915e-17 
-11.6258 0.055 0.1 0.1 0.0165 -0.05 0.07 -0.587785 0.809017 -4.9538e-17 -3.59915e-17 
-14.4832 0.055 0.1 0.1 0.0275 -0.05 0.07 -0.587785 0.809017 -4.9538e-17 -3.59915e-17 
