0.0200179 0.062 0.062 0.062 -0.031 -0.0248 0.051 0.309017 0.951057 -5.82354e-17 1.89218e-17
0.0200179 0.062 0.062 0.062 0.031 0.0248 0.051 0.951057 -0.309017 -1.89218e-17 -5.82354e-17
0.0200179 0.062 0.062 0.062 -0.031 0.0248 -0.051 3.78436e-17 1.16471e-16 0.951057 -0.309017
0.0200179 0.062 0.062 0.062 0.031 -0.0248 -0.051 3.93136e-17 -7.71573e-17 0.309017 0.951057
0.0279997 0.062 0.062 0.062 -0.031 -0.0248 0.051 0.809017 0.587785 7.19829e-17 4.9538e-17
0.0279997 0.062 0.062 0.062 0.031 0.0248 0.051 -0.587785 0.809017 4.9538e-17 -7.19829e-17
0.0279997 0.062 0.062 0.062 -0.031 0.0248 -0.051 -9.9076e-17 3.59914e-17 -0.587785 0.809017
0.0279997 0.062 0.062 0.062 0.031 -0.0248 -0.051 -1.21521e-16 -8.55294e-17 0.809017 0.587785
0.00928402 0.062 0.062 0.062 -0.031 -0.0186 0.051 0.587785 0.809017 -4.9538e-17 3.59915e-17
0.00928402 0.062 0.062 0.062 0.031 0.0186 0.051 0.809017 -0.587785 -3.59915e-17 -4.9538e-17
0.00928402 0.062 0.062 0.062 -0.031 0.0186 -0.051 -7.19829e-17 -9.9076e-17 -0.809017 0.587785
0.00928402 0.062 0.062 0.062 0.031 -0.0186 -0.051 1.35465e-17 -8.55295e-17 0.587785 0.809017
0.0211542 0.062 0.062 0.062 -0.031 -0.0186 0.051 0.809017 0.587785 7.19829e-17 4.9538e-17
0.0211542 0.062 0.062 0.062 0.031 0.0186 0.051 -0.587785 0.809017 4.9538e-17 -7.19829e-17
0.0211542 0.062 0.062 0.062 -0.031 0.0186 -0.051 -9.9076e-17 3.59914e-17 -0.587785 0.809017
0.0211542 0.062 0.062 0.062 0.031 -0.0186 -0.051 -1.21521e-16 -8.55294e-17 0.809017 0.587785
0.0284275 0.062 0.062 0.062 -0.031 -0.0124 0.051 0.587785 0.809017 -4.9538e-17 3.59915e-17
0.0284275 0.062 0.062 0.062 0.031 0.0124 0.051 0.809017 -0.587785 -3.59915e-17 -4.9538e-17
0.0284275 0.062 0.062 0.062 -0.031 0.0124 -0.051 -7.19829e-17 -9.9076e-17 -0.809017 0.587785
0.0284275 0.062 0.062 0.062 0.031 -0.0124 -0.051 1.35465e-17 -8.55295e-17 0.587785 0.809017
0.131684 0.062 0.062 0.062 -0.031 -0.0124 0.051 0.809017 0.587785 7.19829e-17 4.9538e-17
0.131684 0.062 0.062 0.062 0.031 0.0124 0.051 -0.587785 0.809017 4.9538e-17 -7.19829e-17
0.131684 0.062 0.062 0.062 -0.031 0.0124 -0.051 -9.9076e-17 3.59914e-17 -0.587785 0.809017
0.131684 0.062 0.062 0.062 0.031 -0.0124 -0.051 -1.21521e-16 -8.55294e-17 0.809017 0.587785
0.0817293 0.062 0.062 0.062 -0.031 -0.0062 0.051 0.587785 0.809017 -4.9538e-17 3.59915e-17
0.0817293 0.062 0.062 0.062 0.031 0.0062 0.051 0.809017 -0.587785 -3.59915e-17 -4.9538e-17
0.0817293 0.062 0.062 0.062 -0.031 0.0062 -0.051 -7.19829e-17 -9.9076e-17 -0.809017 0.587785
0.0817293 0.062 0.062 0.062 0.031 -0.0062 -0.051 1.35465e-17 -8.55295e-17 0.587785 0.809017
0.337813 0.062 0.062 0.062 -0.031 -0.0062 0.051 0.809017 0.587785 7.19829e-17 4.9538e-17
0.337813 0.062 0.062 0.062 0.031 0.0062 0.051 -0.587785 0.809017 4.9538e-17 -7.19829e-17
0.337813 0.062 0.062 0.062 -0.031 0.0062 -0.051 -9.9076e-17 3.59914e-17 -0.587785 0.809017
0.337813 0.062 0.062 0.062 0.031 -0.0062 -0.051 -1.21521e-16 -8.55294e-17 0.809017 0.587785
0.264121 0.062 0.062 0.062 -0.031 1.73472e-18 0.051 0.587785 0.809017 -4.9538e-17 3.59915e-17
0.264121 0.062 0.062 0.062 0.031 2.06169e-18 0.051 0.809017 -0.587785 -3.59915e-17 -4.9538e-17
0.264121 0.062 0.062 0.062 -0.031 -7.98042e-18 -0.051 -7.19829e-17 -9.9076e-17 -0.809017 0.587785
0.264121 0.062 0.062 0.062 0.031 1.73472e-18 -0.051 1.35465e-17 -8.55295e-17 0.587785 0.809017
0.140055 0.062 0.062 0.062 -0.031 1.73472e-18 0.051 0.809017 0.587785 7.19829e-17 4.9538e-17
0.140055 0.062 0.062 0.062 0.031 2.06169e-18 0.051 -0.587785 0.809017 4.9538e-17 -7.19829e-17
0.140055 0.062 0.062 0.062 -0.031 -7.98042e-18 -0.051 -9.9076e-17 3.59914e-17 -0.587785 0.809017
0.140055 0.062 0.062 0.062 0.031 1.73472e-18 -0.051 -1.21521e-16 -8.55294e-17 0.809017 0.587785
0.0573499 0.062 0.062 0.062 -0.031 1.73472e-18 0.051 0.951057 0.309017 3.78436e-17 5.82354e-17
0.0573499 0.062 0.062 0.062 0.031 2.06169e-18 0.051 -0.309017 0.951057 5.82354e-17 -3.78436e-17
0.0573499 0.062 0.062 0.062 -0.031 -7.98042e-18 -0.051 -1.16471e-16 1.89218e-17 -0.309017 0.951057
0.0573499 0.062 0.062 0.062 0.031 1.73472e-18 -0.051 -9.60791e-17 -7.71572e-17 0.951057 0.309017
0.115578 0.062 0.062 0.062 -0.031 0.0062 0.051 0.587785 0.809017 -4.9538e-17 3.59915e-17
0.115578 0.062 0.062 0.062 0.031 -0.0062 0.051 0.809017 -0.587785 -3.59915e-17 -4.9538e-17
0.115578 0.062 0.062 0.062 -0.031 -0.0062 -0.051 -7.19829e-17 -9.9076e-17 -0.809017 0.587785
0.115578 0.062 0.062 0.062 0.031 0.0062 -0.051 1.35465e-17 -8.55295e-17 0.587785 0.809017
0.43221 0.062 0.062 0.062 -0.031 0.0062 0.051 0.809017 0.587785 7.19829e-17 4.9538e-17
0.43221 0.062 0.062 0.062 0.031 -0.0062 0.051 -0.587785 0.809017 4.9538e-17 -7.19829e-17
0.43221 0.062 0.062 0.062 -0.031 -0.0062 -0.051 -9.9076e-17 3.59914e-17 -0.587785 0.809017
0.43221 0.062 0.062 0.062 0.031 0.0062 -0.051 -1.21521e-16 -8.55294e-17 0.809017 0.587785
0.0561446 0.062 0.062 0.062 -0.031 0.0062 0.051 0.951057 0.309017 3.78436e-17 5.82354e-17
0.0561446 0.062 0.062 0.062 0.031 -0.0062 0.051 -0.309017 0.951057 5.82354e-17 -3.78436e-17
0.0561446 0.062 0.062 0.062 -0.031 -0.0062 -0.051 -1.16471e-16 1.89218e-17 -0.309017 0.951057
0.0561446 0.062 0.062 0.062 0.031 0.0062 -0.051 -9.60791e-17 -7.71572e-17 0.951057 0.309017
0.213441 0.062 0.062 0.062 -0.031 0.0124 0.051 0.587785 0.809017 -4.9538e-17 3.59915e-17
0.213441 0.062 0.062 0.062 0.031 -0.0124 0.051 0.809017 -0.587785 -3.59915e-17 -4.9538e-17
0.213441 0.062 0.062 0.062 -0.031 -0.0124 -0.051 -7.19829e-17 -9.9076e-17 -0.809017 0.587785
0.213441 0.062 0.062 0.062 0.031 0.0124 -0.051 1.35465e-17 -8.55295e-17 0.587785 0.809017
0.0556312 0.062 0.062 0.062 -0.031 0.0124 0.051 0.951057 0.309017 3.78436e-17 5.82354e-17
0.0556312 0.062 0.062 0.062 0.031 -0.0124 0.051 -0.309017 0.951057 5.82354e-17 -3.78436e-17
0.0556312 0.062 0.062 0.062 -0.031 -0.0124 -0.051 -1.16471e-16 1.89218e-17 -0.309017 0.951057
0.0556312 0.062 0.062 0.062 0.031 0.0124 -0.051 -9.60791e-17 -7.71572e-17 0.951057 0.309017
0.0637233 0.062 0.062 0.062 -0.031 0.0186 0.051 0.951057 0.309017 3.78436e-17 5.82354e-17
0.0637233 0.062 0.062 0.062 0.031 -0.0186 0.051 -0.309017 0.951057 5.82354e-17 -3.78436e-17
0.0637233 0.062 0.062 0.062 -0.031 -0.0186 -0.051 -1.16471e-16 1.89218e-17 -0.309017 0.951057
0.0637233 0.062 0.062 0.062 0.031 0.0186 -0.051 -9.60791e-17 -7.71572e-17 0.951057 0.309017
0.438869 0.062 0.062 0.062 -0.031 0.0248 0.051 0.809017 0.587785 7.19829e-17 4.9538e-17
0.438869 0.062 0.062 0.062 0.031 -0.0248 0.051 -0.587785 0.809017 4.9538e-17 -7.19829e-17
0.438869 0.062 0.062 0.062 -0.031 -0.0248 -0.051 -9.9076e-17 3.59914e-17 -0.587785 0.809017
0.438869 0.062 0.062 0.062 0.031 0.0248 -0.051 -1.21521e-16 -8.55294e-17 0.809017 0.587785
0.153491 0.062 0.062 0.062 -0.031 0.0248 0.051 1 0 0 6.12323e-17
0.153491 0.062 0.062 0.062 0.031 -0.0248 0.051 -6.12323e-17 1 6.12323e-17 -3.7494e-33
0.153491 0.062 0.062 0.062 -0.031 -0.0248 -0.051 -1.22465e-16 0 0 1
0.153491 0.062 0.062 0.062 0.031 0.0248 -0.051 -6.12323e-17 -6.12323e-17 1 -3.7494e-33
0.0520704 0.062 0.062 0.062 -0.0248 -0.0248 0.051 0.309017 0.951057 -5.82354e-17 1.89218e-17
0.0520704 0.062 0.062 0.062 0.0248 0.0248 0.051 0.951057 -0.309017 -1.89218e-17 -5.82354e-17
0.0520704 0.062 0.062 0.062 -0.0248 0.0248 -0.051 3.78436e-17 1.16471e-16 0.951057 -0.309017
0.0520704 0.062 0.062 0.062 0.0248 -0.0248 -0.051 3.93136e-17 -7.71573e-17 0.309017 0.951057
0.0047859 0.062 0.062 0.062 -0.0248 -0.0248 0.051 0.587785 0.809017 -4.9538e-17 3.59915e-17
0.0047859 0.062 0.062 0.062 0.0248 0.0248 0.051 0.809017 -0.587785 -3.59915e-17 -4.9538e-17
0.0047859 0.062 0.062 0.062 -0.0248 0.0248 -0.051 -7.19829e-17 -9.9076e-17 -0.809017 0.587785
0.0047859 0.062 0.062 0.062 0.0248 -0.0248 -0.051 1.35465e-17 -8.55295e-17 0.587785 0.809017
0.112451 0.062 0.062 0.062 -0.0248 -0.0186 0.051 0.309017 0.951057 -5.82354e-17 1.89218e-17
0.112451 0.062 0.062 0.062 0.0248 0.0186 0.051 0.951057 -0.309017 -1.89218e-17 -5.82354e-17
0.112451 0.062 0.062 0.062 -0.0248 0.0186 -0.051 3.78436e-17 1.16471e-16 0.951057 -0.309017
0.112451 0.062 0.062 0.062 0.0248 -0.0186 -0.051 3.93136e-17 -7.71573e-17 0.309017 0.951057
0.013957 0.062 0.062 0.062 -0.0248 -0.0186 0.051 0.587785 0.809017 -4.9538e-17 3.59915e-17
0.013957 0.062 0.062 0.062 0.0248 0.0186 0.051 0.809017 -0.587785 -3.59915e-17 -4.9538e-17
0.013957 0.062 0.062 0.062 -0.0248 0.0186 -0.051 -7.19829e-17 -9.9076e-17 -0.809017 0.587785
0.013957 0.062 0.062 0.062 0.0248 -0.0186 -0.051 1.35465e-17 -8.55295e-17 0.587785 0.809017
0.298284 0.062 0.062 0.062 -0.0248 -0.0062 0.051 0.587785 0.809017 -4.9538e-17 3.59915e-17
0.298284 0.062 0.062 0.062 0.0248 0.0062 0.051 0.809017 -0.587785 -3.59915e-17 -4.9538e-17
0.298284 0.062 0.062 0.062 -0.0248 0.0062 -0.051 -7.19829e-17 -9.9076e-17 -0.809017 0.587785
0.298284 0.062 0.062 0.062 0.0248 -0.0062 -0.051 1.35465e-17 -8.55295e-17 0.587785 0.809017
0.0107382 0.062 0.062 0.062 -0.0248 0.0062 0.051 0.587785 0.809017 -4.9538e-17 3.59915e-17
0.0107382 0.062 0.062 0.062 0.0248 -0.0062 0.051 0.809017 -0.587785 -3.59915e-17 -4.9538e-17
0.0107382 0.062 0.062 0.062 -0.0248 -0.0062 -0.051 -7.19829e-17 -9.9076e-17 -0.809017 0.587785
0.0107382 0.062 0.062 0.062 0.0248 0.0062 -0.051 1.35465e-17 -8.55295e-17 0.587785 0.809017
0.0357391 0.062 0.062 0.062 -0.0248 0.0062 0.051 0.809017 0.587785 7.19829e-17 4.9538e-17
0.0357391 0.062 0.062 0.062 0.0248 -0.0062 0.051 -0.587785 0.809017 4.9538e-17 -7.19829e-17
0.0357391 0.062 0.062 0.062 -0.0248 -0.0062 -0.051 -9.9076e-17 3.59914e-17 -0.587785 0.809017
0.0357391 0.062 0.062 0.062 0.0248 0.0062 -0.051 -1.21521e-16 -8.55294e-17 0.809017 0.587785
0.0450007 0.062 0.062 0.062 -0.0248 0.0062 0.051 0.951057 0.309017 3.78436e-17 5.82354e-17
0.0450007 0.062 0.062 0.062 0.0248 -0.0062 0.051 -0.309017 0.951057 5.82354e-17 -3.78436e-17
0.0450007 0.062 0.062 0.062 -0.0248 -0.0062 -0.051 -1.16471e-16 1.89218e-17 -0.309017 0.951057
0.0450007 0.062 0.062 0.062 0.0248 0.0062 -0.051 -9.60791e-17 -7.71572e-17 0.951057 0.309017
0.10162 0.062 0.062 0.062 -0.0248 0.0124 0.051 0.809017 0.587785 7.19829e-17 4.9538e-17
0.10162 0.062 0.062 0.062 0.0248 -0.0124 0.051 -0.587785 0.809017 4.9538e-17 -7.19829e-17
0.10162 0.062 0.062 0.062 -0.0248 -0.0124 -0.051 -9.9076e-17 3.59914e-17 -0.587785 0.809017
0.10162 0.062 0.062 0.062 0.0248 0.0124 -0.051 -1.21521e-16 -8.55294e-17 0.809017 0.587785
0.00740294 0.062 0.062 0.062 -0.0248 0.0124 0.051 0.951057 0.309017 3.78436e-17 5.82354e-17
0.00740294 0.062 0.062 0.062 0.0248 -0.0124 0.051 -0.309017 0.951057 5.82354e-17 -3.78436e-17
0.00740294 0.062 0.062 0.062 -0.0248 -0.0124 -0.051 -1.16471e-16 1.89218e-17 -0.309017 0.951057
0.00740294 0.062 0.062 0.062 0.0248 0.0124 -0.051 -9.60791e-17 -7.71572e-17 0.951057 0.309017
0.052017 0.062 0.062 0.062 -0.0248 0.0186 0.051 0.809017 0.587785 7.19829e-17 4.9538e-17
0.052017 0.062 0.062 0.062 0.0248 -0.0186 0.051 -0.587785 0.809017 4.9538e-17 -7.19829e-17
0.052017 0.062 0.062 0.062 -0.0248 -0.0186 -0.051 -9.9076e-17 3.59914e-17 -0.587785 0.809017
0.052017 0.062 0.062 0.062 0.0248 0.0186 -0.051 -1.21521e-16 -8.55294e-17 0.809017 0.587785
0.00747606 0.062 0.062 0.062 -0.0248 0.0186 0.051 0.951057 0.309017 3.78436e-17 5.82354e-17
0.00747606 0.062 0.062 0.062 0.0248 -0.0186 0.051 -0.309017 0.951057 5.82354e-17 -3.78436e-17
0.00747606 0.062 0.062 0.062 -0.0248 -0.0186 -0.051 -1.16471e-16 1.89218e-17 -0.309017 0.951057
0.00747606 0.062 0.062 0.062 0.0248 0.0186 -0.051 -9.60791e-17 -7.71572e-17 0.951057 0.309017
0.319446 0.062 0.062 0.062 -0.0248 0.0186 0.051 1 0 0 6.12323e-17
0.319446 0.062 0.062 0.062 0.0248 -0.0186 0.051 -6.12323e-17 1 6.12323e-17 -3.7494e-33
0.319446 0.062 0.062 0.062 -0.0248 -0.0186 -0.051 -1.22465e-16 0 0 1
0.319446 0.062 0.062 0.062 0.0248 0.0186 -0.051 -6.12323e-17 -6.12323e-17 1 -3.7494e-33
0.0601891 0.062 0.062 0.062 -0.0248 0.0248 0.051 0.809017 0.587785 7.19829e-17 4.9538e-17
0.0601891 0.062 0.062 0.062 0.0248 -0.0248 0.051 -0.587785 0.809017 4.9538e-17 -7.19829e-17
0.0601891 0.062 0.062 0.062 -0.0248 -0.0248 -0.051 -9.9076e-17 3.59914e-17 -0.587785 0.809017
0.0601891 0.062 0.062 0.062 0.0248 0.0248 -0.051 -1.21521e-16 -8.55294e-17 0.809017 0.587785
0.0670279 0.062 0.062 0.062 -0.0248 0.0248 0.051 0.951057 0.309017 3.78436e-17 5.82354e-17
0.0670279 0.062 0.062 0.062 0.0248 -0.0248 0.051 -0.309017 0.951057 5.82354e-17 -3.78436e-17
0.0670279 0.062 0.062 0.062 -0.0248 -0.0248 -0.051 -1.16471e-16 1.89218e-17 -0.309017 0.951057
0.0670279 0.062 0.062 0.062 0.0248 0.0248 -0.051 -9.60791e-17 -7.71572e-17 0.951057 0.309017
0.0547853 0.062 0.062 0.062 -0.0186 -0.0248 0.051 0.309017 0.951057 -5.82354e-17 1.89218e-17
0.0547853 0.062 0.062 0.062 0.0186 0.0248 0.051 0.951057 -0.309017 -1.89218e-17 -5.82354e-17
0.0547853 0.062 0.062 0.062 -0.0186 0.0248 -0.051 3.78436e-17 1.16471e-16 0.951057 -0.309017
0.0547853 0.062 0.062 0.062 0.0186 -0.0248 -0.051 3.93136e-17 -7.71573e-17 0.309017 0.951057
0.00295872 0.062 0.062 0.062 -0.0186 -0.0248 0.051 0.587785 0.809017 -4.9538e-17 3.59915e-17
0.00295872 0.062 0.062 0.062 0.0186 0.0248 0.051 0.809017 -0.587785 -3.59915e-17 -4.9538e-17
0.00295872 0.062 0.062 0.062 -0.0186 0.0248 -0.051 -7.19829e-17 -9.9076e-17 -0.809017 0.587785
0.00295872 0.062 0.062 0.062 0.0186 -0.0248 -0.051 1.35465e-17 -8.55295e-17 0.587785 0.809017
0.117949 0.062 0.062 0.062 -0.0186 -0.0186 0.051 0.309017 0.951057 -5.82354e-17 1.89218e-17
0.117949 0.062 0.062 0.062 0.0186 0.0186 0.051 0.951057 -0.309017 -1.89218e-17 -5.82354e-17
0.117949 0.062 0.062 0.062 -0.0186 0.0186 -0.051 3.78436e-17 1.16471e-16 0.951057 -0.309017
0.117949 0.062 0.062 0.062 0.0186 -0.0186 -0.051 3.93136e-17 -7.71573e-17 0.309017 0.951057
0.137332 0.062 0.062 0.062 -0.0186 -0.0186 0.051 0.587785 0.809017 -4.9538e-17 3.59915e-17
0.137332 0.062 0.062 0.062 0.0186 0.0186 0.051 0.809017 -0.587785 -3.59915e-17 -4.9538e-17
0.137332 0.062 0.062 0.062 -0.0186 0.0186 -0.051 -7.19829e-17 -9.9076e-17 -0.809017 0.587785
0.137332 0.062 0.062 0.062 0.0186 -0.0186 -0.051 1.35465e-17 -8.55295e-17 0.587785 0.809017
0.324616 0.062 0.062 0.062 -0.0186 -0.0124 0.051 0.587785 0.809017 -4.9538e-17 3.59915e-17
0.324616 0.062 0.062 0.062 0.0186 0.0124 0.051 0.809017 -0.587785 -3.59915e-17 -4.9538e-17
0.324616 0.062 0.062 0.062 -0.0186 0.0124 -0.051 -7.19829e-17 -9.9076e-17 -0.809017 0.587785
0.324616 0.062 0.062 0.062 0.0186 -0.0124 -0.051 1.35465e-17 -8.55295e-17 0.587785 0.809017
0.352752 0.062 0.062 0.062 -0.0186 -0.0062 0.051 0.587785 0.809017 -4.9538e-17 3.59915e-17
0.352752 0.062 0.062 0.062 0.0186 0.0062 0.051 0.809017 -0.587785 -3.59915e-17 -4.9538e-17
0.352752 0.062 0.062 0.062 -0.0186 0.0062 -0.051 -7.19829e-17 -9.9076e-17 -0.809017 0.587785
0.352752 0.062 0.062 0.062 0.0186 -0.0062 -0.051 1.35465e-17 -8.55295e-17 0.587785 0.809017
0.0433039 0.062 0.062 0.062 -0.0186 -0.0062 0.051 0.809017 0.587785 7.19829e-17 4.9538e-17
0.0433039 0.062 0.062 0.062 0.0186 0.0062 0.051 -0.587785 0.809017 4.9538e-17 -7.19829e-17
0.0433039 0.062 0.062 0.062 -0.0186 0.0062 -0.051 -9.9076e-17 3.59914e-17 -0.587785 0.809017
0.0433039 0.062 0.062 0.062 0.0186 -0.0062 -0.051 -1.21521e-16 -8.55294e-17 0.809017 0.587785
0.000951898 0.062 0.062 0.062 -0.0186 1.73472e-18 0.051 0.587785 0.809017 -4.9538e-17 3.59915e-17
0.000951898 0.062 0.062 0.062 0.0186 5.43123e-19 0.051 0.809017 -0.587785 -3.59915e-17 -4.9538e-17
0.000951898 0.062 0.062 0.062 -0.0186 -7.98042e-18 -0.051 -7.19829e-17 -9.9076e-17 -0.809017 0.587785
0.000951898 0.062 0.062 0.062 0.0186 1.73472e-18 -0.051 1.35465e-17 -8.55295e-17 0.587785 0.809017
0.0497765 0.062 0.062 0.062 -0.0186 1.73472e-18 0.051 0.809017 0.587785 7.19829e-17 4.9538e-17
0.0497765 0.062 0.062 0.062 0.0186 5.43123e-19 0.051 -0.587785 0.809017 4.9538e-17 -7.19829e-17
0.0497765 0.062 0.062 0.062 -0.0186 -7.98042e-18 -0.051 -9.9076e-17 3.59914e-17 -0.587785 0.809017
0.0497765 0.062 0.062 0.062 0.0186 1.73472e-18 -0.051 -1.21521e-16 -8.55294e-17 0.809017 0.587785
0.19337 0.062 0.062 0.062 -0.0186 0.0062 0.051 0.587785 0.809017 -4.9538e-17 3.59915e-17
0.19337 0.062 0.062 0.062 0.0186 -0.0062 0.051 0.809017 -0.587785 -3.59915e-17 -4.9538e-17
0.19337 0.062 0.062 0.062 -0.0186 -0.0062 -0.051 -7.19829e-17 -9.9076e-17 -0.809017 0.587785
0.19337 0.062 0.062 0.062 0.0186 0.0062 -0.051 1.35465e-17 -8.55295e-17 0.587785 0.809017
0.0312804 0.062 0.062 0.062 -0.0186 0.0062 0.051 0.809017 0.587785 7.19829e-17 4.9538e-17
0.0312804 0.062 0.062 0.062 0.0186 -0.0062 0.051 -0.587785 0.809017 4.9538e-17 -7.19829e-17
0.0312804 0.062 0.062 0.062 -0.0186 -0.0062 -0.051 -9.9076e-17 3.59914e-17 -0.587785 0.809017
0.0312804 0.062 0.062 0.062 0.0186 0.0062 -0.051 -1.21521e-16 -8.55294e-17 0.809017 0.587785
0.15343 0.062 0.062 0.062 -0.0186 0.0186 0.051 0.809017 0.587785 7.19829e-17 4.9538e-17
0.15343 0.062 0.062 0.062 0.0186 -0.0186 0.051 -0.587785 0.809017 4.9538e-17 -7.19829e-17
0.15343 0.062 0.062 0.062 -0.0186 -0.0186 -0.051 -9.9076e-17 3.59914e-17 -0.587785 0.809017
0.15343 0.062 0.062 0.062 0.0186 0.0186 -0.051 -1.21521e-16 -8.55294e-17 0.809017 0.587785
0.163293 0.062 0.062 0.062 -0.0186 0.0186 0.051 0.951057 0.309017 3.78436e-17 5.82354e-17
0.163293 0.062 0.062 0.062 0.0186 -0.0186 0.051 -0.309017 0.951057 5.82354e-17 -3.78436e-17
0.163293 0.062 0.062 0.062 -0.0186 -0.0186 -0.051 -1.16471e-16 1.89218e-17 -0.309017 0.951057
0.163293 0.062 0.062 0.062 0.0186 0.0186 -0.051 -9.60791e-17 -7.71572e-17 0.951057 0.309017
0.110877 0.062 0.062 0.062 -0.0186 0.0248 0.051 0.809017 0.587785 7.19829e-17 4.9538e-17
0.110877 0.062 0.062 0.062 0.0186 -0.0248 0.051 -0.587785 0.809017 4.9538e-17 -7.19829e-17
0.110877 0.062 0.062 0.062 -0.0186 -0.0248 -0.051 -9.9076e-17 3.59914e-17 -0.587785 0.809017
0.110877 0.062 0.062 0.062 0.0186 0.0248 -0.051 -1.21521e-16 -8.55294e-17 0.809017 0.587785
0.4242 0.062 0.062 0.062 -0.0186 0.0248 0.051 1 0 0 6.12323e-17
0.4242 0.062 0.062 0.062 0.0186 -0.0248 0.051 -6.12323e-17 1 6.12323e-17 -3.7494e-33
0.4242 0.062 0.062 0.062 -0.0186 -0.0248 -0.051 -1.22465e-16 0 0 1
0.4242 0.062 0.062 0.062 0.0186 0.0248 -0.051 -6.12323e-17 -6.12323e-17 1 -3.7494e-33
0.694264 0.062 0.062 0.062 -0.0124 -0.0248 0.051 6.12323e-17 1 -6.12323e-17 3.7494e-33
0.694264 0.062 0.062 0.062 0.0124 0.0248 0.051 1 3.99574e-23 -7.4988e-33 -6.12323e-17
0.694264 0.062 0.062 0.062 -0.0124 0.0248 -0.051 7.4988e-33 1.22465e-16 1 -6.12323e-17
0.694264 0.062 0.062 0.062 0.0124 -0.0248 -0.051 6.12323e-17 -6.12323e-17 6.12323e-17 1
0.278275 0.062 0.062 0.062 -0.0124 -0.0248 0.051 0.309017 0.951057 -5.82354e-17 1.89218e-17
0.278275 0.062 0.062 0.062 0.0124 0.0248 0.051 0.951057 -0.309017 -1.89218e-17 -5.82354e-17
0.278275 0.062 0.062 0.062 -0.0124 0.0248 -0.051 3.78436e-17 1.16471e-16 0.951057 -0.309017
0.278275 0.062 0.062 0.062 0.0124 -0.0248 -0.051 3.93136e-17 -7.71573e-17 0.309017 0.951057
0.0608173 0.062 0.062 0.062 -0.0124 -0.0248 0.051 0.587785 0.809017 -4.9538e-17 3.59915e-17
0.0608173 0.062 0.062 0.062 0.0124 0.0248 0.051 0.809017 -0.587785 -3.59915e-17 -4.9538e-17
0.0608173 0.062 0.062 0.062 -0.0124 0.0248 -0.051 -7.19829e-17 -9.9076e-17 -0.809017 0.587785
0.0608173 0.062 0.062 0.062 0.0124 -0.0248 -0.051 1.35465e-17 -8.55295e-17 0.587785 0.809017
0.000926298 0.062 0.062 0.062 -0.0124 -0.0186 0.051 0.309017 0.951057 -5.82354e-17 1.89218e-17
0.000926298 0.062 0.062 0.062 0.0124 0.0186 0.051 0.951057 -0.309017 -1.89218e-17 -5.82354e-17
0.000926298 0.062 0.062 0.062 -0.0124 0.0186 -0.051 3.78436e-17 1.16471e-16 0.951057 -0.309017
0.000926298 0.062 0.062 0.062 0.0124 -0.0186 -0.051 3.93136e-17 -7.71573e-17 0.309017 0.951057
0.211659 0.062 0.062 0.062 -0.0124 0.0062 0.051 0.809017 0.587785 7.19829e-17 4.9538e-17
0.211659 0.062 0.062 0.062 0.0124 -0.0062 0.051 -0.587785 0.809017 4.9538e-17 -7.19829e-17
0.211659 0.062 0.062 0.062 -0.0124 -0.0062 -0.051 -9.9076e-17 3.59914e-17 -0.587785 0.809017
0.211659 0.062 0.062 0.062 0.0124 0.0062 -0.051 -1.21521e-16 -8.55294e-17 0.809017 0.587785
0.0588495 0.062 0.062 0.062 -0.0124 0.0186 0.051 0.809017 0.587785 7.19829e-17 4.9538e-17
0.0588495 0.062 0.062 0.062 0.0124 -0.0186 0.051 -0.587785 0.809017 4.9538e-17 -7.19829e-17
0.0588495 0.062 0.062 0.062 -0.0124 -0.0186 -0.051 -9.9076e-17 3.59914e-17 -0.587785 0.809017
0.0588495 0.062 0.062 0.062 0.0124 0.0186 -0.051 -1.21521e-16 -8.55294e-17 0.809017 0.587785
0.24487 0.062 0.062 0.062 -0.0124 0.0186 0.051 1 0 0 6.12323e-17
0.24487 0.062 0.062 0.062 0.0124 -0.0186 0.051 -6.12323e-17 1 6.12323e-17 -3.7494e-33
0.24487 0.062 0.062 0.062 -0.0124 -0.0186 -0.051 -1.22465e-16 0 0 1
0.24487 0.062 0.062 0.062 0.0124 0.0186 -0.051 -6.12323e-17 -6.12323e-17 1 -3.7494e-33
0.143504 0.062 0.062 0.062 -0.0124 0.0248 0.051 0.951057 0.309017 3.78436e-17 5.82354e-17
0.143504 0.062 0.062 0.062 0.0124 -0.0248 0.051 -0.309017 0.951057 5.82354e-17 -3.78436e-17
0.143504 0.062 0.062 0.062 -0.0124 -0.0248 -0.051 -1.16471e-16 1.89218e-17 -0.309017 0.951057
0.143504 0.062 0.062 0.062 0.0124 0.0248 -0.051 -9.60791e-17 -7.71572e-17 0.951057 0.309017
0.189112 0.062 0.062 0.062 -0.0124 0.0248 0.051 1 0 0 6.12323e-17
0.189112 0.062 0.062 0.062 0.0124 -0.0248 0.051 -6.12323e-17 1 6.12323e-17 -3.7494e-33
0.189112 0.062 0.062 0.062 -0.0124 -0.0248 -0.051 -1.22465e-16 0 0 1
0.189112 0.062 0.062 0.062 0.0124 0.0248 -0.051 -6.12323e-17 -6.12323e-17 1 -3.7494e-33
0.0374637 0.062 0.062 0.062 -0.0062 -0.031 0.051 0.309017 0.951057 -5.82354e-17 1.89218e-17
0.0374637 0.062 0.062 0.062 0.0062 0.031 0.051 0.951057 -0.309017 -1.89218e-17 -5.82354e-17
0.0374637 0.062 0.062 0.062 -0.0062 0.031 -0.051 3.78436e-17 1.16471e-16 0.951057 -0.309017
0.0374637 0.062 0.062 0.062 0.0062 -0.031 -0.051 3.93136e-17 -7.71573e-17 0.309017 0.951057
0.133019 0.062 0.062 0.062 -0.0062 -0.0248 0.051 6.12323e-17 1 -6.12323e-17 3.7494e-33
0.133019 0.062 0.062 0.062 0.0062 0.0248 0.051 1 3.99574e-23 -7.4988e-33 -6.12323e-17
0.133019 0.062 0.062 0.062 -0.0062 0.0248 -0.051 7.4988e-33 1.22465e-16 1 -6.12323e-17
0.133019 0.062 0.062 0.062 0.0062 -0.0248 -0.051 6.12323e-17 -6.12323e-17 6.12323e-17 1
0.0230008 0.062 0.062 0.062 -0.0062 -0.0248 0.051 0.309017 0.951057 -5.82354e-17 1.89218e-17
0.0230008 0.062 0.062 0.062 0.0062 0.0248 0.051 0.951057 -0.309017 -1.89218e-17 -5.82354e-17
0.0230008 0.062 0.062 0.062 -0.0062 0.0248 -0.051 3.78436e-17 1.16471e-16 0.951057 -0.309017
0.0230008 0.062 0.062 0.062 0.0062 -0.0248 -0.051 3.93136e-17 -7.71573e-17 0.309017 0.951057
0.273086 0.062 0.062 0.062 -0.0062 -0.0186 0.051 6.12323e-17 1 -6.12323e-17 3.7494e-33
0.273086 0.062 0.062 0.062 0.0062 0.0186 0.051 1 3.99574e-23 -7.4988e-33 -6.12323e-17
0.273086 0.062 0.062 0.062 -0.0062 0.0186 -0.051 7.4988e-33 1.22465e-16 1 -6.12323e-17
0.273086 0.062 0.062 0.062 0.0062 -0.0186 -0.051 6.12323e-17 -6.12323e-17 6.12323e-17 1
0.162888 0.062 0.062 0.062 -0.0062 0.0248 0.051 1 0 0 6.12323e-17
0.162888 0.062 0.062 0.062 0.0062 -0.0248 0.051 -6.12323e-17 1 6.12323e-17 -3.7494e-33
0.162888 0.062 0.062 0.062 -0.0062 -0.0248 -0.051 -1.22465e-16 0 0 1
0.162888 0.062 0.062 0.062 0.0062 0.0248 -0.051 -6.12323e-17 -6.12323e-17 1 -3.7494e-33
0.2655 0.062 0.062 0.062 1.73472e-18 -0.031 0.051 6.12323e-17 1 -6.12323e-17 3.7494e-33
0.2655 0.062 0.062 0.062 -5.53113e-18 0.031 0.051 1 3.99574e-23 -7.4988e-33 -6.12323e-17
0.2655 0.062 0.062 0.062 1.73472e-18 0.031 -0.051 7.4988e-33 1.22465e-16 1 -6.12323e-17
0.2655 0.062 0.062 0.062 4.51098e-18 -0.031 -0.051 6.12323e-17 -6.12323e-17 6.12323e-17 1
0.112289 0.062 0.062 0.062 1.73472e-18 -0.0248 0.051 6.12323e-17 1 -6.12323e-17 3.7494e-33
0.112289 0.062 0.062 0.062 -4.77184e-18 0.0248 0.051 1 3.99574e-23 -7.4988e-33 -6.12323e-17
0.112289 0.062 0.062 0.062 1.73472e-18 0.0248 -0.051 7.4988e-33 1.22465e-16 1 -6.12323e-17
0.112289 0.062 0.062 0.062 4.51098e-18 -0.0248 -0.051 6.12323e-17 -6.12323e-17 6.12323e-17 1
0.0683346 0.062 0.062 0.062 1.73472e-18 0.0186 0.051 0.951057 -0.309017 -3.78436e-17 5.82354e-17
0.0683346 0.062 0.062 0.062 5.43123e-19 -0.0186 0.051 0.309017 0.951057 5.82354e-17 3.78436e-17
0.0683346 0.062 0.062 0.062 1.73472e-18 -0.0186 -0.051 -1.16471e-16 -1.89218e-17 0.309017 0.951057
0.0683346 0.062 0.062 0.062 4.51098e-18 0.0186 -0.051 -2.03919e-17 -3.93136e-17 0.951057 -0.309017
0.116565 0.062 0.062 0.062 1.73472e-18 0.0248 0.051 1 0 0 6.12323e-17
0.116565 0.062 0.062 0.062 1.3024e-18 -0.0248 0.051 -6.12323e-17 1 6.12323e-17 -3.7494e-33
0.116565 0.062 0.062 0.062 1.73472e-18 -0.0248 -0.051 -1.22465e-16 0 0 1
0.116565 0.062 0.062 0.062 4.51098e-18 0.0248 -0.051 -6.12323e-17 -6.12323e-17 1 -3.7494e-33
0.021274 0.062 0.062 0.062 0.0062 -0.031 0.051 6.12323e-17 1 -6.12323e-17 3.7494e-33
0.021274 0.062 0.062 0.062 -0.0062 0.031 0.051 1 3.99574e-23 -7.4988e-33 -6.12323e-17
0.021274 0.062 0.062 0.062 0.0062 0.031 -0.051 7.4988e-33 1.22465e-16 1 -6.12323e-17
0.021274 0.062 0.062 0.062 -0.0062 -0.031 -0.051 6.12323e-17 -6.12323e-17 6.12323e-17 1
0.0364047 0.062 0.062 0.062 0.0062 -0.031 0.051 0.309017 0.951057 -5.82354e-17 1.89218e-17
0.0364047 0.062 0.062 0.062 -0.0062 0.031 0.051 0.951057 -0.309017 -1.89218e-17 -5.82354e-17
0.0364047 0.062 0.062 0.062 0.0062 0.031 -0.051 3.78436e-17 1.16471e-16 0.951057 -0.309017
0.0364047 0.062 0.062 0.062 -0.0062 -0.031 -0.051 3.93136e-17 -7.71573e-17 0.309017 0.951057
0.346715 0.062 0.062 0.062 0.0062 -0.0248 0.051 6.12323e-17 1 -6.12323e-17 3.7494e-33
0.346715 0.062 0.062 0.062 -0.0062 0.0248 0.051 1 3.99574e-23 -7.4988e-33 -6.12323e-17
0.346715 0.062 0.062 0.062 0.0062 0.0248 -0.051 7.4988e-33 1.22465e-16 1 -6.12323e-17
0.346715 0.062 0.062 0.062 -0.0062 -0.0248 -0.051 6.12323e-17 -6.12323e-17 6.12323e-17 1
0.0281119 0.062 0.062 0.062 0.0062 -0.0248 0.051 0.309017 0.951057 -5.82354e-17 1.89218e-17
0.0281119 0.062 0.062 0.062 -0.0062 0.0248 0.051 0.951057 -0.309017 -1.89218e-17 -5.82354e-17
0.0281119 0.062 0.062 0.062 0.0062 0.0248 -0.051 3.78436e-17 1.16471e-16 0.951057 -0.309017
0.0281119 0.062 0.062 0.062 -0.0062 -0.0248 -0.051 3.93136e-17 -7.71573e-17 0.309017 0.951057
0.186961 0.062 0.062 0.062 0.0062 0.0186 0.051 1 0 0 6.12323e-17
0.186961 0.062 0.062 0.062 -0.0062 -0.0186 0.051 -6.12323e-17 1 6.12323e-17 -3.7494e-33
0.186961 0.062 0.062 0.062 0.0062 -0.0186 -0.051 -1.22465e-16 0 0 1
0.186961 0.062 0.062 0.062 -0.0062 0.0186 -0.051 -6.12323e-17 -6.12323e-17 1 -3.7494e-33
0.0119561 0.062 0.062 0.062 0.0062 0.0186 0.051 0.951057 -0.309017 -3.78436e-17 5.82354e-17
0.0119561 0.062 0.062 0.062 -0.0062 -0.0186 0.051 0.309017 0.951057 5.82354e-17 3.78436e-17
0.0119561 0.062 0.062 0.062 0.0062 -0.0186 -0.051 -1.16471e-16 -1.89218e-17 0.309017 0.951057
0.0119561 0.062 0.062 0.062 -0.0062 0.0186 -0.051 -2.03919e-17 -3.93136e-17 0.951057 -0.309017
0.0238678 0.062 0.062 0.062 0.0062 0.0248 0.051 1 0 0 6.12323e-17
0.0238678 0.062 0.062 0.062 -0.0062 -0.0248 0.051 -6.12323e-17 1 6.12323e-17 -3.7494e-33
0.0238678 0.062 0.062 0.062 0.0062 -0.0248 -0.051 -1.22465e-16 0 0 1
0.0238678 0.062 0.062 0.062 -0.0062 0.0248 -0.051 -6.12323e-17 -6.12323e-17 1 -3.7494e-33
0.18202 0.062 0.062 0.062 0.0124 -0.031 0.051 -0.309017 0.951057 -5.82354e-17 -1.89218e-17
0.18202 0.062 0.062 0.062 -0.0124 0.031 0.051 0.951057 0.309017 1.89218e-17 -5.82354e-17
0.18202 0.062 0.062 0.062 0.0124 0.031 -0.051 -3.78436e-17 1.16471e-16 0.951057 0.309017
0.18202 0.062 0.062 0.062 -0.0124 -0.031 -0.051 7.71572e-17 -3.93136e-17 -0.309017 0.951057
0.168232 0.062 0.062 0.062 0.0124 -0.0248 0.051 6.12323e-17 1 -6.12323e-17 3.7494e-33
0.168232 0.062 0.062 0.062 -0.0124 0.0248 0.051 1 3.99574e-23 -7.4988e-33 -6.12323e-17
0.168232 0.062 0.062 0.062 0.0124 0.0248 -0.051 7.4988e-33 1.22465e-16 1 -6.12323e-17
0.168232 0.062 0.062 0.062 -0.0124 -0.0248 -0.051 6.12323e-17 -6.12323e-17 6.12323e-17 1
0.166524 0.062 0.062 0.062 0.0124 -0.0248 0.051 -0.587785 0.809017 -4.9538e-17 -3.59915e-17
0.166524 0.062 0.062 0.062 -0.0124 0.0248 0.051 0.809017 0.587785 3.59915e-17 -4.9538e-17
0.166524 0.062 0.062 0.062 0.0124 0.0248 -0.051 -7.19829e-17 9.9076e-17 0.809017 0.587785
0.166524 0.062 0.062 0.062 -0.0124 -0.0248 -0.051 8.55294e-17 -1.35465e-17 -0.587785 0.809017
0.0834886 0.062 0.062 0.062 0.0124 -0.0248 0.051 -0.309017 0.951057 -5.82354e-17 -1.89218e-17
0.0834886 0.062 0.062 0.062 -0.0124 0.0248 0.051 0.951057 0.309017 1.89218e-17 -5.82354e-17
0.0834886 0.062 0.062 0.062 0.0124 0.0248 -0.051 -3.78436e-17 1.16471e-16 0.951057 0.309017
0.0834886 0.062 0.062 0.062 -0.0124 -0.0248 -0.051 7.71572e-17 -3.93136e-17 -0.309017 0.951057
0.0948806 0.062 0.062 0.062 0.0124 -0.0186 0.051 -0.587785 0.809017 -4.9538e-17 -3.59915e-17
0.0948806 0.062 0.062 0.062 -0.0124 0.0186 0.051 0.809017 0.587785 3.59915e-17 -4.9538e-17
0.0948806 0.062 0.062 0.062 0.0124 0.0186 -0.051 -7.19829e-17 9.9076e-17 0.809017 0.587785
0.0948806 0.062 0.062 0.062 -0.0124 -0.0186 -0.051 8.55294e-17 -1.35465e-17 -0.587785 0.809017
0.267356 0.062 0.062 0.062 0.0124 1.73472e-18 0.051 -0.587785 0.809017 -4.9538e-17 -3.59915e-17
0.267356 0.062 0.062 0.062 -0.0124 -3.25328e-18 0.051 0.809017 0.587785 3.59915e-17 -4.9538e-17
0.267356 0.062 0.062 0.062 0.0124 -7.98042e-18 -0.051 -7.19829e-17 9.9076e-17 0.809017 0.587785
0.267356 0.062 0.062 0.062 -0.0124 1.73472e-18 -0.051 8.55294e-17 -1.35465e-17 -0.587785 0.809017
0.0571321 0.062 0.062 0.062 0.0124 0.0186 0.051 0.951057 -0.309017 -3.78436e-17 5.82354e-17
0.0571321 0.062 0.062 0.062 -0.0124 -0.0186 0.051 0.309017 0.951057 5.82354e-17 3.78436e-17
0.0571321 0.062 0.062 0.062 0.0124 -0.0186 -0.051 -1.16471e-16 -1.89218e-17 0.309017 0.951057
0.0571321 0.062 0.062 0.062 -0.0124 0.0186 -0.051 -2.03919e-17 -3.93136e-17 0.951057 -0.309017
0.0189272 0.062 0.062 0.062 0.0124 0.0248 0.051 1 0 0 6.12323e-17
0.0189272 0.062 0.062 0.062 -0.0124 -0.0248 0.051 -6.12323e-17 1 6.12323e-17 -3.7494e-33
0.0189272 0.062 0.062 0.062 0.0124 -0.0248 -0.051 -1.22465e-16 0 0 1
0.0189272 0.062 0.062 0.062 -0.0124 0.0248 -0.051 -6.12323e-17 -6.12323e-17 1 -3.7494e-33
0.0522545 0.062 0.062 0.062 0.0124 0.0248 0.051 0.951057 -0.309017 -3.78436e-17 5.82354e-17
0.0522545 0.062 0.062 0.062 -0.0124 -0.0248 0.051 0.309017 0.951057 5.82354e-17 3.78436e-17
0.0522545 0.062 0.062 0.062 0.0124 -0.0248 -0.051 -1.16471e-16 -1.89218e-17 0.309017 0.951057
0.0522545 0.062 0.062 0.062 -0.0124 0.0248 -0.051 -2.03919e-17 -3.93136e-17 0.951057 -0.309017
0.0986051 0.062 0.062 0.062 0.0124 0.0248 0.051 0.809017 -0.587785 -7.19829e-17 4.9538e-17
0.0986051 0.062 0.062 0.062 -0.0124 -0.0248 0.051 0.587785 0.809017 4.9538e-17 7.19829e-17
0.0986051 0.062 0.062 0.062 0.0124 -0.0248 -0.051 -9.9076e-17 -3.59914e-17 0.587785 0.809017
0.0986051 0.062 0.062 0.062 -0.0124 0.0248 -0.051 -2.24449e-17 1.35465e-17 -0.809017 0.587785
0.0990357 0.062 0.062 0.062 0.0186 -0.0248 0.051 -0.587785 0.809017 -4.9538e-17 -3.59915e-17
0.0990357 0.062 0.062 0.062 -0.0186 0.0248 0.051 0.809017 0.587785 3.59915e-17 -4.9538e-17
0.0990357 0.062 0.062 0.062 0.0186 0.0248 -0.051 -7.19829e-17 9.9076e-17 0.809017 0.587785
0.0990357 0.062 0.062 0.062 -0.0186 -0.0248 -0.051 8.55294e-17 -1.35465e-17 -0.587785 0.809017
0.401327 0.062 0.062 0.062 0.0186 -0.0186 0.051 6.12323e-17 1 -6.12323e-17 3.7494e-33
0.401327 0.062 0.062 0.062 -0.0186 0.0186 0.051 1 3.99574e-23 -7.4988e-33 -6.12323e-17
0.401327 0.062 0.062 0.062 0.0186 0.0186 -0.051 7.4988e-33 1.22465e-16 1 -6.12323e-17
0.401327 0.062 0.062 0.062 -0.0186 -0.0186 -0.051 6.12323e-17 -6.12323e-17 6.12323e-17 1
0.0434404 0.062 0.062 0.062 0.0186 -0.0186 0.051 -0.587785 0.809017 -4.9538e-17 -3.59915e-17
0.0434404 0.062 0.062 0.062 -0.0186 0.0186 0.051 0.809017 0.587785 3.59915e-17 -4.9538e-17
0.0434404 0.062 0.062 0.062 0.0186 0.0186 -0.051 -7.19829e-17 9.9076e-17 0.809017 0.587785
0.0434404 0.062 0.062 0.062 -0.0186 -0.0186 -0.051 8.55294e-17 -1.35465e-17 -0.587785 0.809017
0.0758184 0.062 0.062 0.062 0.0186 -0.0186 0.051 -0.309017 0.951057 -5.82354e-17 -1.89218e-17
0.0758184 0.062 0.062 0.062 -0.0186 0.0186 0.051 0.951057 0.309017 1.89218e-17 -5.82354e-17
0.0758184 0.062 0.062 0.062 0.0186 0.0186 -0.051 -3.78436e-17 1.16471e-16 0.951057 0.309017
0.0758184 0.062 0.062 0.062 -0.0186 -0.0186 -0.051 7.71572e-17 -3.93136e-17 -0.309017 0.951057
0.233805 0.062 0.062 0.062 0.0186 -0.0124 0.051 -0.587785 0.809017 -4.9538e-17 -3.59915e-17
0.233805 0.062 0.062 0.062 -0.0186 0.0124 0.051 0.809017 0.587785 3.59915e-17 -4.9538e-17
0.233805 0.062 0.062 0.062 0.0186 0.0124 -0.051 -7.19829e-17 9.9076e-17 0.809017 0.587785
0.233805 0.062 0.062 0.062 -0.0186 -0.0124 -0.051 8.55294e-17 -1.35465e-17 -0.587785 0.809017
0.154261 0.062 0.062 0.062 0.0186 -0.0062 0.051 0.809017 -0.587785 -7.19829e-17 4.9538e-17
0.154261 0.062 0.062 0.062 -0.0186 0.0062 0.051 0.587785 0.809017 4.9538e-17 7.19829e-17
0.154261 0.062 0.062 0.062 0.0186 0.0062 -0.051 -9.9076e-17 -3.59914e-17 0.587785 0.809017
0.154261 0.062 0.062 0.062 -0.0186 -0.0062 -0.051 -2.24449e-17 1.35465e-17 -0.809017 0.587785
0.283901 0.062 0.062 0.062 0.0186 1.73472e-18 0.051 0.809017 -0.587785 -7.19829e-17 4.9538e-17
0.283901 0.062 0.062 0.062 -0.0186 -4.01256e-18 0.051 0.587785 0.809017 4.9538e-17 7.19829e-17
0.283901 0.062 0.062 0.062 0.0186 -7.98042e-18 -0.051 -9.9076e-17 -3.59914e-17 0.587785 0.809017
0.283901 0.062 0.062 0.062 -0.0186 1.73472e-18 -0.051 -2.24449e-17 1.35465e-17 -0.809017 0.587785
0.168332 0.062 0.062 0.062 0.0186 1.73472e-18 0.051 -0.587785 0.809017 -4.9538e-17 -3.59915e-17
0.168332 0.062 0.062 0.062 -0.0186 -4.01256e-18 0.051 0.809017 0.587785 3.59915e-17 -4.9538e-17
0.168332 0.062 0.062 0.062 0.0186 -7.98042e-18 -0.051 -7.19829e-17 9.9076e-17 0.809017 0.587785
0.168332 0.062 0.062 0.062 -0.0186 1.73472e-18 -0.051 8.55294e-17 -1.35465e-17 -0.587785 0.809017
0.0482193 0.062 0.062 0.062 0.0186 0.0062 0.051 0.809017 -0.587785 -7.19829e-17 4.9538e-17
0.0482193 0.062 0.062 0.062 -0.0186 -0.0062 0.051 0.587785 0.809017 4.9538e-17 7.19829e-17
0.0482193 0.062 0.062 0.062 0.0186 -0.0062 -0.051 -9.9076e-17 -3.59914e-17 0.587785 0.809017
0.0482193 0.062 0.062 0.062 -0.0186 0.0062 -0.051 -2.24449e-17 1.35465e-17 -0.809017 0.587785
0.0932347 0.062 0.062 0.062 0.0186 0.0186 0.051 0.809017 -0.587785 -7.19829e-17 4.9538e-17
0.0932347 0.062 0.062 0.062 -0.0186 -0.0186 0.051 0.587785 0.809017 4.9538e-17 7.19829e-17
0.0932347 0.062 0.062 0.062 0.0186 -0.0186 -0.051 -9.9076e-17 -3.59914e-17 0.587785 0.809017
0.0932347 0.062 0.062 0.062 -0.0186 0.0186 -0.051 -2.24449e-17 1.35465e-17 -0.809017 0.587785
0.00255893 0.062 0.062 0.062 0.0186 0.0248 0.051 0.809017 -0.587785 -7.19829e-17 4.9538e-17
0.00255893 0.062 0.062 0.062 -0.0186 -0.0248 0.051 0.587785 0.809017 4.9538e-17 7.19829e-17
0.00255893 0.062 0.062 0.062 0.0186 -0.0248 -0.051 -9.9076e-17 -3.59914e-17 0.587785 0.809017
0.00255893 0.062 0.062 0.062 -0.0186 0.0248 -0.051 -2.24449e-17 1.35465e-17 -0.809017 0.587785
0.124923 0.062 0.062 0.062 0.0248 -0.0248 0.051 6.12323e-17 1 -6.12323e-17 3.7494e-33
0.124923 0.062 0.062 0.062 -0.0248 0.0248 0.051 1 3.99574e-23 -7.4988e-33 -6.12323e-17
0.124923 0.062 0.062 0.062 0.0248 0.0248 -0.051 7.4988e-33 1.22465e-16 1 -6.12323e-17
0.124923 0.062 0.062 0.062 -0.0248 -0.0248 -0.051 6.12323e-17 -6.12323e-17 6.12323e-17 1
0.109661 0.062 0.062 0.062 0.0248 -0.0248 0.051 -0.587785 0.809017 -4.9538e-17 -3.59915e-17
0.109661 0.062 0.062 0.062 -0.0248 0.0248 0.051 0.809017 0.587785 3.59915e-17 -4.9538e-17
0.109661 0.062 0.062 0.062 0.0248 0.0248 -0.051 -7.19829e-17 9.9076e-17 0.809017 0.587785
0.109661 0.062 0.062 0.062 -0.0248 -0.0248 -0.051 8.55294e-17 -1.35465e-17 -0.587785 0.809017
0.400272 0.062 0.062 0.062 0.0248 -0.0186 0.051 6.12323e-17 1 -6.12323e-17 3.7494e-33
0.400272 0.062 0.062 0.062 -0.0248 0.0186 0.051 1 3.99574e-23 -7.4988e-33 -6.12323e-17
0.400272 0.062 0.062 0.062 0.0248 0.0186 -0.051 7.4988e-33 1.22465e-16 1 -6.12323e-17
0.400272 0.062 0.062 0.062 -0.0248 -0.0186 -0.051 6.12323e-17 -6.12323e-17 6.12323e-17 1
0.0114986 0.062 0.062 0.062 0.0248 -0.0186 0.051 -0.309017 0.951057 -5.82354e-17 -1.89218e-17
0.0114986 0.062 0.062 0.062 -0.0248 0.0186 0.051 0.951057 0.309017 1.89218e-17 -5.82354e-17
0.0114986 0.062 0.062 0.062 0.0248 0.0186 -0.051 -3.78436e-17 1.16471e-16 0.951057 0.309017
0.0114986 0.062 0.062 0.062 -0.0248 -0.0186 -0.051 7.71572e-17 -3.93136e-17 -0.309017 0.951057
0.0225072 0.062 0.062 0.062 0.0248 -0.0062 0.051 -0.309017 0.951057 -5.82354e-17 -1.89218e-17
0.0225072 0.062 0.062 0.062 -0.0248 0.0062 0.051 0.951057 0.309017 1.89218e-17 -5.82354e-17
0.0225072 0.062 0.062 0.062 0.0248 0.0062 -0.051 -3.78436e-17 1.16471e-16 0.951057 0.309017
0.0225072 0.062 0.062 0.062 -0.0248 -0.0062 -0.051 7.71572e-17 -3.93136e-17 -0.309017 0.951057
0.0305308 0.062 0.062 0.062 0.0248 1.73472e-18 0.051 -0.587785 0.809017 -4.9538e-17 -3.59915e-17
0.0305308 0.062 0.062 0.062 -0.0248 -4.77184e-18 0.051 0.809017 0.587785 3.59915e-17 -4.9538e-17
0.0305308 0.062 0.062 0.062 0.0248 -7.98042e-18 -0.051 -7.19829e-17 9.9076e-17 0.809017 0.587785
0.0305308 0.062 0.062 0.062 -0.0248 1.73472e-18 -0.051 8.55294e-17 -1.35465e-17 -0.587785 0.809017
0.0237757 0.062 0.062 0.062 0.0248 1.73472e-18 0.051 -0.309017 0.951057 -5.82354e-17 -1.89218e-17
0.0237757 0.062 0.062 0.062 -0.0248 -4.77184e-18 0.051 0.951057 0.309017 1.89218e-17 -5.82354e-17
0.0237757 0.062 0.062 0.062 0.0248 -7.98042e-18 -0.051 -3.78436e-17 1.16471e-16 0.951057 0.309017
0.0237757 0.062 0.062 0.062 -0.0248 1.73472e-18 -0.051 7.71572e-17 -3.93136e-17 -0.309017 0.951057
0.257946 0.062 0.062 0.062 0.0248 0.0062 0.051 0.809017 -0.587785 -7.19829e-17 4.9538e-17
0.257946 0.062 0.062 0.062 -0.0248 -0.0062 0.051 0.587785 0.809017 4.9538e-17 7.19829e-17
0.257946 0.062 0.062 0.062 0.0248 -0.0062 -0.051 -9.9076e-17 -3.59914e-17 0.587785 0.809017
0.257946 0.062 0.062 0.062 -0.0248 0.0062 -0.051 -2.24449e-17 1.35465e-17 -0.809017 0.587785
0.297343 0.062 0.062 0.062 0.0248 0.0062 0.051 -0.587785 0.809017 -4.9538e-17 -3.59915e-17
0.297343 0.062 0.062 0.062 -0.0248 -0.0062 0.051 0.809017 0.587785 3.59915e-17 -4.9538e-17
0.297343 0.062 0.062 0.062 0.0248 -0.0062 -0.051 -7.19829e-17 9.9076e-17 0.809017 0.587785
0.297343 0.062 0.062 0.062 -0.0248 0.0062 -0.051 8.55294e-17 -1.35465e-17 -0.587785 0.809017
0.0874506 0.062 0.062 0.062 0.0248 0.0124 0.051 -0.587785 0.809017 -4.9538e-17 -3.59915e-17
0.0874506 0.062 0.062 0.062 -0.0248 -0.0124 0.051 0.809017 0.587785 3.59915e-17 -4.9538e-17
0.0874506 0.062 0.062 0.062 0.0248 -0.0124 -0.051 -7.19829e-17 9.9076e-17 0.809017 0.587785
0.0874506 0.062 0.062 0.062 -0.0248 0.0124 -0.051 8.55294e-17 -1.35465e-17 -0.587785 0.809017
0.273566 0.062 0.062 0.062 0.0248 0.0186 0.051 0.951057 -0.309017 -3.78436e-17 5.82354e-17
0.273566 0.062 0.062 0.062 -0.0248 -0.0186 0.051 0.309017 0.951057 5.82354e-17 3.78436e-17
0.273566 0.062 0.062 0.062 0.0248 -0.0186 -0.051 -1.16471e-16 -1.89218e-17 0.309017 0.951057
0.273566 0.062 0.062 0.062 -0.0248 0.0186 -0.051 -2.03919e-17 -3.93136e-17 0.951057 -0.309017
0.0570333 0.062 0.062 0.062 0.0248 0.0186 0.051 0.809017 -0.587785 -7.19829e-17 4.9538e-17
0.0570333 0.062 0.062 0.062 -0.0248 -0.0186 0.051 0.587785 0.809017 4.9538e-17 7.19829e-17
0.0570333 0.062 0.062 0.062 0.0248 -0.0186 -0.051 -9.9076e-17 -3.59914e-17 0.587785 0.809017
0.0570333 0.062 0.062 0.062 -0.0248 0.0186 -0.051 -2.24449e-17 1.35465e-17 -0.809017 0.587785
0.126643 0.062 0.062 0.062 0.0248 0.0248 0.051 0.951057 -0.309017 -3.78436e-17 5.82354e-17
0.126643 0.062 0.062 0.062 -0.0248 -0.0248 0.051 0.309017 0.951057 5.82354e-17 3.78436e-17
0.126643 0.062 0.062 0.062 0.0248 -0.0248 -0.051 -1.16471e-16 -1.89218e-17 0.309017 0.951057
0.126643 0.062 0.062 0.062 -0.0248 0.0248 -0.051 -2.03919e-17 -3.93136e-17 0.951057 -0.309017
0.00564546 0.062 0.062 0.062 0.0248 0.0248 0.051 0.809017 -0.587785 -7.19829e-17 4.9538e-17
0.00564546 0.062 0.062 0.062 -0.0248 -0.0248 0.051 0.587785 0.809017 4.9538e-17 7.19829e-17
0.00564546 0.062 0.062 0.062 0.0248 -0.0248 -0.051 -9.9076e-17 -3.59914e-17 0.587785 0.809017
0.00564546 0.062 0.062 0.062 -0.0248 0.0248 -0.051 -2.24449e-17 1.35465e-17 -0.809017 0.587785
