35.4122 0.07 0.07 0.15 0.035 -0.035 0.095 -0.587785 0.809017 -4.9538e-17 -3.59915e-17 
35.3638 0.07 0.07 0.15 0.028 -0.035 0.095 -0.587785 0.809017 -4.9538e-17 -3.59915e-17 
35.3531 0.07 0.07 0.15 0.035 -0.028 0.095 -0.587785 0.809017 -4.9538e-17 -3.59915e-17 
35.3408 0.07 0.07 0.15 0.021 -0.035 0.095 -0.587785 0.809017 -4.9538e-17 -3.59915e-17 
35.3064 0.07 0.07 0.15 0.028 -0.028 0.095 -0.587785 0.809017 -4.9538e-17 -3.59915e-17 
35.2824 0.07 0.07 0.15 0.021 -0.028 0.095 -0.587785 0.809017 -4.9538e-17 -3.59915e-17 
35.2688 0.07 0.07 0.15 0.035 -0.021 0.095 -0.587785 0.809017 -4.9538e-17 -3.59915e-17 
35.2276 0.07 0.07 0.15 0.028 -0.021 0.095 -0.587785 0.809017 -4.9538e-17 -3.59915e-17 
35.2063 0.07 0.07 0.15 0.021 -0.021 0.095 -0.587785 0.809017 -4.9538e-17 -3.59915e-17 
35.1462 0.07 0.07 0.15 0.035 -0.014 0.095 -0.587785 0.809017 -4.9538e-17 -3.59915e-17 
35.1145 0.07 0.07 0.15 0.028 -0.014 0.095 -0.587785 0.809017 -4.9538e-17 -3.59915e-17 
35.0999 0.07 0.07 0.15 0.021 -0.014 0.095 -0.587785 0.809017 -4.9538e-17 -3.59915e-17 
34.971 0.07 0.07 0.15 0.035 -0.007 0.095 -0.587785 0.809017 -4.9538e-17 -3.59915e-17 
34.953 0.07 0.07 0.15 0.028 -0.007 0.095 -0.587785 0.809017 -4.9538e-17 -3.59915e-17 
34.9495 0.07 0.07 0.15 0.021 -0.007 0.095 -0.587785 0.809017 -4.9538e-17 -3.59915e-17 
34.7394 0.07 0.07 0.15 0.021 -1.73472e-18 0.095 -0.587785 0.809017 -4.9538e-17 -3.59915e-17 
34.7274 0.07 0.07 0.15 0.028 -1.73472e-18 0.095 -0.587785 0.809017 -4.9538e-17 -3.59915e-17 
34.7272 0.07 0.07 0.15 0.035 -1.73472e-18 0.095 -0.587785 0.809017 -4.9538e-17 -3.59915e-17 
34.4206 0.07 0.07 0.15 0.028 0.007 0.095 -0.587785 0.809017 -4.9538e-17 -3.59915e-17 
34.3974 0.07 0.07 0.15 0.035 0.007 0.095 -0.587785 0.809017 -4.9538e-17 -3.59915e-17 
33.963 0.07 0.07 0.15 0.035 0.014 0.095 -0.587785 0.809017 -4.9538e-17 -3.59915e-17 
33.4041 0.07 0.07 0.15 0.035 0.021 0.095 -0.587785 0.809017 -4.9538e-17 -3.59915e-17 
25.9436 0.07 0.07 0.15 -0.055 0.028 0.06 -0.572061 0.415627 -0.572061 0.415629 
25.8276 0.07 0.07 0.15 -0.055 0.035 0.06 -0.572061 0.415627 -0.572061 0.415629 
24.0555 0.07 0.07 0.15 -0.055 -0.035 0.075 -0.572061 0.415627 -0.572061 0.415629 
24.0045 0.07 0.07 0.15 -0.055 -0.028 0.075 -0.572061 0.415627 -0.572061 0.415629 
23.9528 0.07 0.07 0.15 -0.055 -0.021 0.075 -0.572061 0.415627 -0.572061 0.415629 
23.8995 0.07 0.07 0.15 -0.055 -0.014 0.075 -0.572061 0.415627 -0.572061 0.415629 
23.8436 0.07 0.07 0.15 -0.055 -0.007 0.075 -0.572061 0.415627 -0.572061 0.415629 
23.7843 0.07 0.07 0.15 -0.055 -1.73472e-18 0.075 -0.572061 0.415627 -0.572061 0.415629 
23.7202 0.07 0.07 0.15 -0.055 0.007 0.075 -0.572061 0.415627 -0.572061 0.415629 
23.6503 0.07 0.07 0.15 -0.055 0.014 0.075 -0.572061 0.415627 -0.572061 0.415629 
23.5732 0.07 0.07 0.15 -0.055 0.021 0.075 -0.572061 0.415627 -0.572061 0.415629 
23.4875 0.07 0.07 0.15 -0.055 0.028 0.075 -0.572061 0.415627 -0.572061 0.415629 
23.3917 0.07 0.07 0.15 -0.055 0.035 0.075 -0.572061 0.415627 -0.572061 0.415629 
19.7618 0.07 0.07 0.15 0.007 0.055 0.075 0.218508 0.672499 -0.672499 0.218502 
18.6892 0.07 0.07 0.15 -0.055 -0.035 0.06 -0.415627 0.572061 -0.415627 0.572062 
17.6285 0.07 0.07 0.15 -0.055 -0.028 0.06 -0.415627 0.572061 -0.415627 0.572062 
17.1133 0.07 0.07 0.15 -0.055 -0.035 0.075 -0.415627 0.572061 -0.415627 0.572062 
16.5562 0.07 0.07 0.15 -0.055 -0.021 0.06 -0.415627 0.572061 -0.415627 0.572062 
16.095 0.07 0.07 0.15 -1.73472e-18 0.055 0.075 0.218508 0.672499 -0.672499 0.218502 
16.0936 0.07 0.07 0.15 -0.055 -0.028 0.075 -0.415627 0.572061 -0.415627 0.572062 
15.4719 0.07 0.07 0.15 -0.055 -0.014 0.06 -0.415627 0.572061 -0.415627 0.572062 
15.3513 0.07 0.07 0.15 -0.021 0.055 0.06 0.218508 0.672499 -0.672499 0.218502 
15.0632 0.07 0.07 0.15 -0.055 -0.021 0.075 -0.415627 0.572061 -0.415627 0.572062 
14.3746 0.07 0.07 0.15 -0.055 -0.007 0.06 -0.415627 0.572061 -0.415627 0.572062 
14.0215 0.07 0.07 0.15 -0.055 -0.014 0.075 -0.415627 0.572061 -0.415627 0.572062 
13.4863 0.07 0.07 0.15 0.035 0.055 0.075 -4.32978e-17 0.707107 -0.707107 4.32978e-17 
13.2634 0.07 0.07 0.15 -0.055 -1.73472e-18 0.06 -0.415627 0.572061 -0.415627 0.572062 
12.9675 0.07 0.07 0.15 -0.055 -0.007 0.075 -0.415627 0.572061 -0.415627 0.572062 
12.5734 0.07 0.07 0.15 0.035 -1.73472e-18 0.095 -0.309017 0.951057 -5.82354e-17 -1.89218e-17 
12.5244 0.07 0.07 0.15 0.035 -0.007 0.095 -0.309017 0.951057 -5.82354e-17 -1.89218e-17 
12.4704 0.07 0.07 0.15 0.035 -0.014 0.095 -0.309017 0.951057 -5.82354e-17 -1.89218e-17 
12.423 0.07 0.07 0.15 0.035 -0.021 0.095 -0.309017 0.951057 -5.82354e-17 -1.89218e-17 
12.4072 0.07 0.07 0.15 -0.007 0.055 0.075 0.218508 0.672499 -0.672499 0.218502 
12.4067 0.07 0.07 0.15 0.028 -0.007 0.095 -0.309017 0.951057 -5.82354e-17 -1.89218e-17 
12.3987 0.07 0.07 0.15 0.028 -0.014 0.095 -0.309017 0.951057 -5.82354e-17 -1.89218e-17 
12.3928 0.07 0.07 0.15 0.035 -0.028 0.095 -0.309017 0.951057 -5.82354e-17 -1.89218e-17 
12.3894 0.07 0.07 0.15 0.035 -0.035 0.095 -0.309017 0.951057 -5.82354e-17 -1.89218e-17 
12.3829 0.07 0.07 0.15 0.028 -0.021 0.095 -0.309017 0.951057 -5.82354e-17 -1.89218e-17 
12.3699 0.07 0.07 0.15 0.028 -0.028 0.095 -0.309017 0.951057 -5.82354e-17 -1.89218e-17 
12.3687 0.07 0.07 0.15 0.028 -0.035 0.095 -0.309017 0.951057 -5.82354e-17 -1.89218e-17 
12.3612 0.07 0.07 0.15 0.021 -0.035 0.095 -0.309017 0.951057 -5.82354e-17 -1.89218e-17 
12.3595 0.07 0.07 0.15 0.021 -0.028 0.095 -0.309017 0.951057 -5.82354e-17 -1.89218e-17 
12.3577 0.07 0.07 0.15 0.014 -0.035 0.095 -0.309017 0.951057 -5.82354e-17 -1.89218e-17 
12.3525 0.07 0.07 0.15 0.014 -0.028 0.095 -0.309017 0.951057 -5.82354e-17 -1.89218e-17 
12.349 0.07 0.07 0.15 0.007 -0.035 0.095 -0.309017 0.951057 -5.82354e-17 -1.89218e-17 
12.3257 0.07 0.07 0.15 -1.73472e-18 -0.035 0.095 -0.309017 0.951057 -5.82354e-17 -1.89218e-17 
12.2786 0.07 0.07 0.15 -0.007 -0.035 0.095 -0.309017 0.951057 -5.82354e-17 -1.89218e-17 
12.1985 0.07 0.07 0.15 -0.014 -0.035 0.095 -0.309017 0.951057 -5.82354e-17 -1.89218e-17 
12.076 0.07 0.07 0.15 -0.021 -0.035 0.095 -0.309017 0.951057 -5.82354e-17 -1.89218e-17 
11.9022 0.07 0.07 0.15 -0.028 -0.035 0.095 -0.309017 0.951057 -5.82354e-17 -1.89218e-17 
11.9003 0.07 0.07 0.15 -0.055 -1.73472e-18 0.075 -0.415627 0.572061 -0.415627 0.572062 
11.6792 0.07 0.07 0.15 -0.028 0.055 0.06 0.218508 0.672499 -0.672499 0.218502 
11.6681 0.07 0.07 0.15 -0.035 -0.035 0.095 -0.309017 0.951057 -5.82354e-17 -1.89218e-17 
11.3195 0.07 0.07 0.15 -0.035 0.035 0.095 0.809017 0.587785 3.59914e-17 4.9538e-17 
11.2616 0.07 0.07 0.15 -0.028 0.035 0.095 0.809017 0.587785 3.59914e-17 4.9538e-17 
11.2225 0.07 0.07 0.15 -0.021 0.035 0.095 0.809017 0.587785 3.59914e-17 4.9538e-17 
11.1789 0.07 0.07 0.15 -0.035 0.028 0.095 0.809017 0.587785 3.59914e-17 4.9538e-17 
11.1206 0.07 0.07 0.15 -0.028 0.028 0.095 0.809017 0.587785 3.59914e-17 4.9538e-17 
11.0792 0.07 0.07 0.15 -0.021 0.028 0.095 0.809017 0.587785 3.59914e-17 4.9538e-17 
11.0217 0.07 0.07 0.15 -0.035 0.021 0.095 0.809017 0.587785 3.59914e-17 4.9538e-17 
10.9664 0.07 0.07 0.15 -0.028 0.021 0.095 0.809017 0.587785 3.59914e-17 4.9538e-17 
10.9263 0.07 0.07 0.15 -0.021 0.021 0.095 0.809017 0.587785 3.59914e-17 4.9538e-17 
10.8357 0.07 0.07 0.15 -0.035 0.014 0.095 0.809017 0.587785 3.59914e-17 4.9538e-17 
10.8187 0.07 0.07 0.15 -0.055 0.007 0.075 -0.415627 0.572061 -0.415627 0.572062 
10.7868 0.07 0.07 0.15 -0.028 0.014 0.095 0.809017 0.587785 3.59914e-17 4.9538e-17 
10.7517 0.07 0.07 0.15 -0.021 0.014 0.095 0.809017 0.587785 3.59914e-17 4.9538e-17 
10.608 0.07 0.07 0.15 -0.035 0.007 0.095 0.809017 0.587785 3.59914e-17 4.9538e-17 
10.5691 0.07 0.07 0.15 -0.028 0.007 0.095 0.809017 0.587785 3.59914e-17 4.9538e-17 
10.5426 0.07 0.07 0.15 -0.021 0.007 0.095 0.809017 0.587785 3.59914e-17 4.9538e-17 
10.3253 0.07 0.07 0.15 -0.035 -1.73472e-18 0.095 0.809017 0.587785 3.59914e-17 4.9538e-17 
10.2998 0.07 0.07 0.15 -0.028 -1.73472e-18 0.095 0.809017 0.587785 3.59914e-17 4.9538e-17 
10.2857 0.07 0.07 0.15 -0.021 -1.73472e-18 0.095 0.809017 0.587785 3.59914e-17 4.9538e-17 
9.97344 0.07 0.07 0.15 -0.035 -0.007 0.095 0.809017 0.587785 3.59914e-17 4.9538e-17 
9.96485 0.07 0.07 0.15 -0.028 -0.007 0.095 0.809017 0.587785 3.59914e-17 4.9538e-17 
9.72126 0.07 0.07 0.15 -0.055 0.014 0.075 -0.415627 0.572061 -0.415627 0.572062 
9.53796 0.07 0.07 0.15 -0.035 -0.014 0.095 0.809017 0.587785 3.59914e-17 4.9538e-17 
9.00398 0.07 0.07 0.15 -0.035 -0.021 0.095 0.809017 0.587785 3.59914e-17 4.9538e-17 
9.00069 0.07 0.07 0.15 0.028 0.055 0.075 -4.32978e-17 0.707107 -0.707107 4.32978e-17 
8.97715 0.07 0.07 0.15 0.014 0.055 0.06 -4.32978e-17 0.707107 -0.707107 4.32978e-17 
8.71197 0.07 0.07 0.15 -0.014 0.055 0.075 0.218508 0.672499 -0.672499 0.218502 
8.60661 0.07 0.07 0.15 -0.055 0.021 0.075 -0.415627 0.572061 -0.415627 0.572062 
8.03325 0.07 0.07 0.15 -0.035 0.055 0.06 0.218508 0.672499 -0.672499 0.218502 
5.14685 0.07 0.07 0.15 -0.035 0.035 0.095 0.951057 0.309017 1.89218e-17 5.82354e-17 
5.1171 0.07 0.07 0.15 -0.028 0.035 0.095 0.951057 0.309017 1.89218e-17 5.82354e-17 
5.10696 0.07 0.07 0.15 -0.035 0.028 0.095 0.951057 0.309017 1.89218e-17 5.82354e-17 
5.09703 0.07 0.07 0.15 -0.021 0.035 0.095 0.951057 0.309017 1.89218e-17 5.82354e-17 
5.08814 0.07 0.07 0.15 -0.035 0.021 0.095 0.951057 0.309017 1.89218e-17 5.82354e-17 
5.07885 0.07 0.07 0.15 -0.014 0.035 0.095 0.951057 0.309017 1.89218e-17 5.82354e-17 
5.07875 0.07 0.07 0.15 -0.035 0.014 0.095 0.951057 0.309017 1.89218e-17 5.82354e-17 
5.07744 0.07 0.07 0.15 -0.028 0.028 0.095 0.951057 0.309017 1.89218e-17 5.82354e-17 
5.06618 0.07 0.07 0.15 -0.035 0.007 0.095 0.951057 0.309017 1.89218e-17 5.82354e-17 
5.05566 0.07 0.07 0.15 -0.021 0.028 0.095 0.951057 0.309017 1.89218e-17 5.82354e-17 
5.05473 0.07 0.07 0.15 -0.007 0.035 0.095 0.951057 0.309017 1.89218e-17 5.82354e-17 
5.0468 0.07 0.07 0.15 -0.028 0.021 0.095 0.951057 0.309017 1.89218e-17 5.82354e-17 
5.03715 0.07 0.07 0.15 -0.035 -1.73472e-18 0.095 0.951057 0.309017 1.89218e-17 5.82354e-17 
5.03379 0.07 0.07 0.15 -0.014 0.028 0.095 0.951057 0.309017 1.89218e-17 5.82354e-17 
5.02298 0.07 0.07 0.15 -0.021 0.055 0.075 0.218508 0.672499 -0.672499 0.218502 
5.01679 0.07 0.07 0.15 -1.73472e-18 0.035 0.095 0.951057 0.309017 1.89218e-17 5.82354e-17 
5.01362 0.07 0.07 0.15 -0.028 0.014 0.095 0.951057 0.309017 1.89218e-17 5.82354e-17 
4.96551 0.07 0.07 0.15 -0.028 0.007 0.095 0.951057 0.309017 1.89218e-17 5.82354e-17 
4.95723 0.07 0.07 0.15 0.007 0.035 0.095 0.951057 0.309017 1.89218e-17 5.82354e-17 
4.86819 0.07 0.07 0.15 0.014 0.035 0.095 0.951057 0.309017 1.89218e-17 5.82354e-17 
4.74196 0.07 0.07 0.15 0.021 0.035 0.095 0.951057 0.309017 1.89218e-17 5.82354e-17 
4.57096 0.07 0.07 0.15 0.028 0.035 0.095 0.951057 0.309017 1.89218e-17 5.82354e-17 
4.48411 0.07 0.07 0.15 0.021 0.055 0.075 -4.32978e-17 0.707107 -0.707107 4.32978e-17 
4.4452 0.07 0.07 0.15 0.007 0.055 0.06 -4.32978e-17 0.707107 -0.707107 4.32978e-17 
4.34767 0.07 0.07 0.15 0.035 0.035 0.095 0.951057 0.309017 1.89218e-17 5.82354e-17 
4.09602 0.07 0.07 0.15 -0.055 0.035 0.045 -0.672498 0.218508 -0.672499 0.218508 
3.87261 0.07 0.07 0.15 -0.055 0.028 0.045 -0.672498 0.218508 -0.672499 0.218508 
3.65426 0.07 0.07 0.15 -0.055 0.021 0.045 -0.672498 0.218508 -0.672499 0.218508 
2.91735 0.07 0.07 0.15 -0.035 0.055 0.075 0.415627 0.572061 -0.572061 0.415629 
2.88124 0.07 0.07 0.15 -0.035 0.055 0.06 0.415627 0.572061 -0.572061 0.415629 
2.85107 0.07 0.07 0.15 -0.028 0.055 0.075 0.415627 0.572061 -0.572061 0.415629 
2.83277 0.07 0.07 0.15 -0.028 0.055 0.06 0.415627 0.572061 -0.572061 0.415629 
2.81237 0.07 0.07 0.15 -0.021 0.055 0.075 0.415627 0.572061 -0.572061 0.415629 
2.80608 0.07 0.07 0.15 -0.035 0.055 0.045 0.415627 0.572061 -0.572061 0.415629 
2.78691 0.07 0.07 0.15 -0.014 0.055 0.075 0.415627 0.572061 -0.572061 0.415629 
2.77477 0.07 0.07 0.15 -0.028 0.055 0.045 0.415627 0.572061 -0.572061 0.415629 
2.76036 0.07 0.07 0.15 -0.007 0.055 0.075 0.415627 0.572061 -0.572061 0.415629 
2.7181 0.07 0.07 0.15 -0.035 0.055 0.03 0.415627 0.572061 -0.572061 0.415629 
2.69868 0.07 0.07 0.15 -0.028 0.055 0.03 0.415627 0.572061 -0.572061 0.415629 
2.64008 0.07 0.07 0.15 -0.035 0.055 0.015 0.415627 0.572061 -0.572061 0.415629 
2.62367 0.07 0.07 0.15 -0.028 0.055 0.015 0.415627 0.572061 -0.572061 0.415629 
2.58861 0.07 0.07 0.15 -0.035 0.055 0 0.415627 0.572061 -0.572061 0.415629 
2.56408 0.07 0.07 0.15 -0.028 0.055 0 0.415627 0.572061 -0.572061 0.415629 
2.34026 0.07 0.07 0.15 -0.055 0.035 0.06 -0.672498 0.218508 -0.672499 0.218508 
2.21448 0.07 0.07 0.15 -0.055 -0.028 0.075 0 0.707107 0 0.707106 
2.20807 0.07 0.07 0.15 -0.055 -0.035 0.075 0 0.707107 0 0.707106 
2.11293 0.07 0.07 0.15 -0.055 0.028 0.06 -0.672498 0.218508 -0.672499 0.218508 
2.10201 0.07 0.07 0.15 -0.055 -0.035 0.06 0 0.707107 0 0.707106 
2.10101 0.07 0.07 0.15 -0.055 -0.028 0.06 0 0.707107 0 0.707106 
2.00056 0.07 0.07 0.15 -0.055 -0.035 0.045 0 0.707107 0 0.707106 
1.99288 0.07 0.07 0.15 -0.055 -0.028 0.045 0 0.707107 0 0.707106 
1.90309 0.07 0.07 0.15 -0.055 -0.035 0.03 0 0.707107 0 0.707106 
1.89123 0.07 0.07 0.15 -0.055 0.021 0.06 -0.672498 0.218508 -0.672499 0.218508 
1.88951 0.07 0.07 0.15 -0.055 -0.028 0.03 0 0.707107 0 0.707106 
1.80975 0.07 0.07 0.15 -0.055 -0.035 0.015 0 0.707107 0 0.707106 
1.79119 0.07 0.07 0.15 -0.055 -0.028 0.015 0 0.707107 0 0.707106 
1.69704 0.07 0.07 0.15 0.035 0.055 0.06 0.572061 -0.415627 0.415627 0.572062 
1.69134 0.07 0.07 0.15 0.035 0.055 0.075 0.572061 -0.415627 0.415627 0.572062 
1.6314 0.07 0.07 0.15 0.035 0.055 0.045 0.572061 -0.415627 0.415627 0.572062 
1.63006 0.07 0.07 0.15 -0.035 -0.055 0.06 -0.415627 -0.572061 -0.572061 0.415629 
1.60228 0.07 0.07 0.15 -0.035 -0.055 0.075 -0.415627 -0.572061 -0.572061 0.415629 
1.57985 0.07 0.07 0.15 -0.035 0.035 0.095 0.587785 0.809017 -4.9538e-17 3.59915e-17 
1.57491 0.07 0.07 0.15 -0.028 0.035 0.095 0.587785 0.809017 -4.9538e-17 3.59915e-17 
1.55026 0.07 0.07 0.15 0.035 0.055 0.03 0.572061 -0.415627 0.415627 0.572062 
1.50517 0.07 0.07 0.15 -0.035 -0.055 0.045 -0.415627 -0.572061 -0.572061 0.415629 
1.48373 0.07 0.07 0.15 -0.028 -0.055 0.06 -0.415627 -0.572061 -0.572061 0.415629 
1.44896 0.07 0.07 0.15 0.028 0.055 0.06 0.572061 -0.415627 0.415627 0.572062 
1.42956 0.07 0.07 0.15 0.028 0.055 0.045 0.572061 -0.415627 0.415627 0.572062 
1.42028 0.07 0.07 0.15 -0.028 -0.055 0.075 -0.415627 -0.572061 -0.572061 0.415629 
1.41341 0.07 0.07 0.15 -0.028 -0.055 0.045 -0.415627 -0.572061 -0.572061 0.415629 
1.39752 0.07 0.07 0.15 0.028 0.055 0.075 0.572061 -0.415627 0.415627 0.572062 
1.39042 0.07 0.07 0.15 0.028 0.055 0.03 0.572061 -0.415627 0.415627 0.572062 
1.35381 0.07 0.07 0.15 -0.028 0.055 0.075 0.218508 0.672499 -0.672499 0.218502 
1.3483 0.07 0.07 0.15 -0.035 -0.055 0.03 -0.415627 -0.572061 -0.572061 0.415629 
1.3369 0.07 0.07 0.15 -0.035 0.028 0.095 0.587785 0.809017 -4.9538e-17 3.59915e-17 
1.33125 0.07 0.07 0.15 -0.028 0.028 0.095 0.587785 0.809017 -4.9538e-17 3.59915e-17 
1.31698 0.07 0.07 0.15 -0.028 -0.055 0.03 -0.415627 -0.572061 -0.572061 0.415629 
1.16344 0.07 0.07 0.15 0.035 0.055 0.03 0.415627 -0.572061 0.572061 0.415629 
1.09145 0.07 0.07 0.15 -0.035 0.021 0.095 0.587785 0.809017 -4.9538e-17 3.59915e-17 
1.08577 0.07 0.07 0.15 -0.028 0.021 0.095 0.587785 0.809017 -4.9538e-17 3.59915e-17 
0.946031 0.07 0.07 0.15 -0.035 -0.055 0.075 -0.572061 -0.415627 -0.415627 0.572062 
0.928569 0.07 0.07 0.15 -0.028 -0.055 0.075 -0.572061 -0.415627 -0.415627 0.572062 
0.91982 0.07 0.07 0.15 -0.021 -0.055 0.075 -0.572061 -0.415627 -0.415627 0.572062 
0.894802 0.07 0.07 0.15 -0.021 -0.055 0.06 -0.572061 -0.415627 -0.415627 0.572062 
0.890209 0.07 0.07 0.15 -0.028 -0.055 0.06 -0.572061 -0.415627 -0.415627 0.572062 
0.887764 0.07 0.07 0.15 -0.035 -0.055 0.06 -0.572061 -0.415627 -0.415627 0.572062 
0.842747 0.07 0.07 0.15 -0.035 0.014 0.095 0.587785 0.809017 -4.9538e-17 3.59915e-17 
0.837608 0.07 0.07 0.15 -0.028 0.014 0.095 0.587785 0.809017 -4.9538e-17 3.59915e-17 
0.792124 0.07 0.07 0.15 -0.021 -0.055 0.045 -0.572061 -0.415627 -0.415627 0.572062 
0.775215 0.07 0.07 0.15 0.035 0.055 0.045 0.415627 -0.572061 0.572061 0.415629 
0.761746 0.07 0.07 0.15 -0.028 -0.055 0.045 -0.572061 -0.415627 -0.415627 0.572062 
0.743302 0.07 0.07 0.15 0.028 0.055 0.045 0.415627 -0.572061 0.572061 0.415629 
0.7416 0.07 0.07 0.15 0.021 0.055 0.045 0.415627 -0.572061 0.572061 0.415629 
0.726882 0.07 0.07 0.15 -0.035 -0.055 0.045 -0.572061 -0.415627 -0.415627 0.572062 
0.599358 0.07 0.07 0.15 0.035 0.055 0.06 0.415627 -0.572061 0.572061 0.415629 
0.595809 0.07 0.07 0.15 0.035 0.055 0.075 0.415627 -0.572061 0.572061 0.415629 
0.591517 0.07 0.07 0.15 -0.055 0.035 0.075 -0.672498 0.218508 -0.672499 0.218508 
0.590206 0.07 0.07 0.15 -0.035 0.007 0.095 0.587785 0.809017 -4.9538e-17 3.59915e-17 
0.586004 0.07 0.07 0.15 -0.028 0.007 0.095 0.587785 0.809017 -4.9538e-17 3.59915e-17 
0.562691 0.07 0.07 0.15 0.028 0.055 0.045 0.218508 -0.672499 0.672499 0.218502 
0.552923 0.07 0.07 0.15 0.035 0.055 0.045 0.218508 -0.672499 0.672499 0.218502 
0.545669 0.07 0.07 0.15 0.028 0.055 0.06 0.415627 -0.572061 0.572061 0.415629 
0.545277 0.07 0.07 0.15 -0.035 -0.055 0.03 -0.572061 -0.415627 -0.415627 0.572062 
0.529032 0.07 0.07 0.15 0.021 0.055 0.06 0.415627 -0.572061 0.572061 0.415629 
0.52047 0.07 0.07 0.15 0.028 0.055 0.075 0.415627 -0.572061 0.572061 0.415629 
0.490341 0.07 0.07 0.15 0.021 0.055 0.075 0.415627 -0.572061 0.572061 0.415629 
0.360605 0.07 0.07 0.15 -0.055 0.028 0.075 -0.672498 0.218508 -0.672499 0.218508 
0.333574 0.07 0.07 0.15 -0.035 -1.73472e-18 0.095 0.587785 0.809017 -4.9538e-17 3.59915e-17 
0.33055 0.07 0.07 0.15 -0.028 -1.73472e-18 0.095 0.587785 0.809017 -4.9538e-17 3.59915e-17 
0.215464 0.07 0.07 0.15 0.028 0.055 0.06 0.218508 -0.672499 0.672499 0.218502 
0.211553 0.07 0.07 0.15 0.035 0.055 0.06 0.218508 -0.672499 0.672499 0.218502 
0.135868 0.07 0.07 0.15 -0.055 0.021 0.075 -0.672498 0.218508 -0.672499 0.218508 
0.103165 0.07 0.07 0.15 0.055 -0.035 0.075 0 -0.707107 0 0.707106 
0.0893202 0.07 0.07 0.15 0.055 -0.028 0.075 0 -0.707107 0 0.707106 
0.0729047 0.07 0.07 0.15 -0.035 -0.007 0.095 0.587785 0.809017 -4.9538e-17 3.59915e-17 
0.0711203 0.07 0.07 0.15 -0.028 -0.007 0.095 0.587785 0.809017 -4.9538e-17 3.59915e-17 
0.0656333 0.07 0.07 0.15 0.055 -0.021 0.075 0 -0.707107 0 0.707106 
0.0203827 0.07 0.07 0.15 0.055 -0.035 0.06 0 -0.707107 0 0.707106 
0.0125888 0.07 0.07 0.15 0.007 0.055 0.075 0.218508 -0.672499 0.672499 0.218502 
0.00845783 0.07 0.07 0.15 0.014 0.055 0.075 0.218508 -0.672499 0.672499 0.218502 
0.00700986 0.07 0.07 0.15 -1.73472e-18 0.055 0.075 0.218508 -0.672499 0.672499 0.218502 
0.00666044 0.07 0.07 0.15 0.055 -0.028 0.06 0 -0.707107 0 0.707106 
0.000580714 0.07 0.07 0.15 0.021 0.055 0.075 0.218508 -0.672499 0.672499 0.218502 
-0.00260378 0.07 0.07 0.15 0.035 0.055 0.075 0.218508 -0.672499 0.672499 0.218502 
-0.00507941 0.07 0.07 0.15 0.028 0.055 0.075 0.218508 -0.672499 0.672499 0.218502 
-0.0141655 0.07 0.07 0.15 -0.007 0.055 0.075 0.218508 -0.672499 0.672499 0.218502 
-0.0164671 0.07 0.07 0.15 0.055 -0.021 0.06 0 -0.707107 0 0.707106 
-0.0386753 0.07 0.07 0.15 -0.055 0.028 0.015 0.707107 -4.32978e-17 0.707107 -4.32978e-17 
-0.0555453 0.07 0.07 0.15 0.014 0.055 0.075 -4.32978e-17 0.707107 -0.707107 4.32978e-17 
-0.0567795 0.07 0.07 0.15 -0.014 0.055 0.075 0.218508 -0.672499 0.672499 0.218502 
-0.0582132 0.07 0.07 0.15 0.055 -0.035 0.045 0 -0.707107 0 0.707106 
-0.0705467 0.07 0.07 0.15 -0.055 0.021 0.03 0.707107 -4.32978e-17 0.707107 -4.32978e-17 
-0.0709437 0.07 0.07 0.15 0.055 -0.028 0.045 0 -0.707107 0 0.707106 
-0.0760537 0.07 0.07 0.15 -0.055 0.035 0.015 0.707107 -4.32978e-17 0.707107 -4.32978e-17 
-0.0822912 0.07 0.07 0.15 -0.055 0.014 0.075 -0.672498 0.218508 -0.672499 0.218508 
-0.0842634 0.07 0.07 0.15 0.007 -0.055 0.075 -0.672499 -0.218508 -0.218508 0.672498 
-0.0851655 0.07 0.07 0.15 -1.73472e-18 -0.055 0.075 -0.672499 -0.218508 -0.218508 0.672498 
-0.0872368 0.07 0.07 0.15 0.014 -0.055 0.075 -0.672499 -0.218508 -0.218508 0.672498 
-0.0889629 0.07 0.07 0.15 -0.007 -0.055 0.075 -0.672499 -0.218508 -0.218508 0.672498 
-0.092615 0.07 0.07 0.15 0.055 -0.021 0.045 0 -0.707107 0 0.707106 
-0.0946509 0.07 0.07 0.15 -0.014 -0.055 0.075 -0.672499 -0.218508 -0.218508 0.672498 
-0.0950544 0.07 0.07 0.15 0.021 -0.055 0.075 -0.672499 -0.218508 -0.218508 0.672498 
-0.0982142 0.07 0.07 0.15 -1.73472e-18 0.055 0.06 -4.32978e-17 0.707107 -0.707107 4.32978e-17 
-0.101221 0.07 0.07 0.15 -0.021 -0.055 0.075 -0.672499 -0.218508 -0.218508 0.672498 
-0.107663 0.07 0.07 0.15 -0.028 -0.055 0.075 -0.672499 -0.218508 -0.218508 0.672498 
-0.108661 0.07 0.07 0.15 0.028 -0.055 0.075 -0.672499 -0.218508 -0.218508 0.672498 
-0.112951 0.07 0.07 0.15 -0.035 -0.055 0.075 -0.672499 -0.218508 -0.218508 0.672498 
-0.126416 0.07 0.07 0.15 -0.055 0.028 0.03 0.707107 -4.32978e-17 0.707107 -4.32978e-17 
-0.126605 0.07 0.07 0.15 -0.021 0.055 0.075 0.218508 -0.672499 0.672499 0.218502 
-0.128976 0.07 0.07 0.15 0.035 -0.055 0.075 -0.672499 -0.218508 -0.218508 0.672498 
-0.132543 0.07 0.07 0.15 0.055 -0.035 0.03 0 -0.707107 0 0.707106 
-0.143351 0.07 0.07 0.15 0.055 -0.028 0.03 0 -0.707107 0 0.707106 
-0.148733 0.07 0.07 0.15 -0.055 0.021 0.045 0.707107 -4.32978e-17 0.707107 -4.32978e-17 
-0.161802 0.07 0.07 0.15 -0.055 0.035 0.03 0.707107 -4.32978e-17 0.707107 -4.32978e-17 
-0.162637 0.07 0.07 0.15 0.055 -0.021 0.03 0 -0.707107 0 0.707106 
-0.19151 0.07 0.07 0.15 -0.035 -0.014 0.095 0.587785 0.809017 -4.9538e-17 3.59915e-17 
-0.192101 0.07 0.07 0.15 -0.028 -0.014 0.095 0.587785 0.809017 -4.9538e-17 3.59915e-17 
-0.203505 0.07 0.07 0.15 0.055 -0.035 0.015 0 -0.707107 0 0.707106 
-0.20368 0.07 0.07 0.15 -0.055 0.028 0.045 0.707107 -4.32978e-17 0.707107 -4.32978e-17 
-0.211438 0.07 0.07 0.15 0.055 -0.028 0.015 0 -0.707107 0 0.707106 
-0.215528 0.07 0.07 0.15 -0.055 0.021 0.06 0.707107 -4.32978e-17 0.707107 -4.32978e-17 
-0.229338 0.07 0.07 0.15 -0.028 0.055 0.075 0.218508 -0.672499 0.672499 0.218502 
-0.238067 0.07 0.07 0.15 -0.055 0.035 0.045 0.707107 -4.32978e-17 0.707107 -4.32978e-17 
-0.270477 0.07 0.07 0.15 -0.055 0.028 0.06 0.707107 -4.32978e-17 0.707107 -4.32978e-17 
-0.271816 0.07 0.07 0.15 -0.055 0.021 0.075 0.707107 -4.32978e-17 0.707107 -4.32978e-17 
-0.304808 0.07 0.07 0.15 -0.055 0.035 0.06 0.707107 -4.32978e-17 0.707107 -4.32978e-17 
-0.316237 0.07 0.07 0.15 0.055 -0.035 0.075 -0.218508 -0.672498 0.218508 0.672499 
-0.31937 0.07 0.07 0.15 0.055 -0.028 0.075 -0.218508 -0.672498 0.218508 0.672499 
-0.322716 0.07 0.07 0.15 0.055 -0.021 0.075 -0.218508 -0.672498 0.218508 0.672499 
-0.326878 0.07 0.07 0.15 0.055 -0.014 0.075 -0.218508 -0.672498 0.218508 0.672499 
-0.327656 0.07 0.07 0.15 -0.055 0.028 0.075 0.707107 -4.32978e-17 0.707107 -4.32978e-17 
-0.362872 0.07 0.07 0.15 -0.055 0.035 0.075 0.707107 -4.32978e-17 0.707107 -4.32978e-17 
-0.370471 0.07 0.07 0.15 -0.035 0.055 0.075 0.218508 -0.672499 0.672499 0.218502 
-0.390366 0.07 0.07 0.15 0.055 -0.035 0.06 -0.218508 -0.672498 0.218508 0.672499 
-0.41202 0.07 0.07 0.15 0.055 -0.028 0.06 -0.218508 -0.672498 0.218508 0.672499 
-0.433591 0.07 0.07 0.15 0.055 -0.021 0.06 -0.218508 -0.672498 0.218508 0.672499 
-0.451756 0.07 0.07 0.15 -0.007 -0.055 0.075 -0.672499 0.218508 0.218508 0.672498 
-0.45866 0.07 0.07 0.15 -0.028 -0.021 0.095 0.587785 0.809017 -4.9538e-17 3.59915e-17 
-0.459046 0.07 0.07 0.15 -0.035 -0.021 0.095 0.587785 0.809017 -4.9538e-17 3.59915e-17 
-0.459931 0.07 0.07 0.15 0.055 -0.035 0.045 -0.218508 -0.672498 0.218508 0.672499 
-0.464652 0.07 0.07 0.15 -0.021 -0.021 0.095 0.587785 0.809017 -4.9538e-17 3.59915e-17 
-0.499858 0.07 0.07 0.15 0.055 -0.028 0.045 -0.218508 -0.672498 0.218508 0.672499 
-0.539396 0.07 0.07 0.15 0.055 -0.021 0.045 -0.218508 -0.672498 0.218508 0.672499 
-0.727779 0.07 0.07 0.15 -0.028 -0.028 0.095 0.587785 0.809017 -4.9538e-17 3.59915e-17 
-0.728761 0.07 0.07 0.15 -0.035 -0.028 0.095 0.587785 0.809017 -4.9538e-17 3.59915e-17 
-0.732319 0.07 0.07 0.15 -0.021 -0.028 0.095 0.587785 0.809017 -4.9538e-17 3.59915e-17 
-0.819037 0.07 0.07 0.15 0.055 -0.035 0.075 -0.415627 -0.572061 0.415627 0.572062 
-0.998368 0.07 0.07 0.15 -0.028 -0.035 0.095 0.587785 0.809017 -4.9538e-17 3.59915e-17 
-0.999371 0.07 0.07 0.15 -0.035 -0.035 0.095 0.587785 0.809017 -4.9538e-17 3.59915e-17 
-1.00174 0.07 0.07 0.15 -0.021 -0.035 0.095 0.587785 0.809017 -4.9538e-17 3.59915e-17 
-1.01171 0.07 0.07 0.15 -0.014 -0.035 0.095 0.587785 0.809017 -4.9538e-17 3.59915e-17 
-1.03051 0.07 0.07 0.15 -0.007 -0.035 0.095 0.587785 0.809017 -4.9538e-17 3.59915e-17 
-1.03305 0.07 0.07 0.15 -1.73472e-18 -0.055 0.075 -0.672499 0.218508 0.218508 0.672498 
-1.04138 0.07 0.07 0.15 0.035 -0.055 0.075 -0.572061 0.415627 0.415627 0.572062 
-1.04991 0.07 0.07 0.15 0.035 -0.055 0.06 -0.572061 0.415627 0.415627 0.572062 
-1.07232 0.07 0.07 0.15 0.035 -0.055 0.045 -0.572061 0.415627 0.415627 0.572062 
-1.08012 0.07 0.07 0.15 0.055 -0.028 0.075 -0.415627 -0.572061 0.415627 0.572062 
-1.09963 0.07 0.07 0.15 0.035 -0.055 0.03 -0.572061 0.415627 0.415627 0.572062 
-1.10951 0.07 0.07 0.15 0.035 -0.055 0 -0.572061 0.415627 0.415627 0.572062 
-1.11702 0.07 0.07 0.15 0.035 -0.055 0.015 -0.572061 0.415627 0.415627 0.572062 
-1.15059 0.07 0.07 0.15 0.028 -0.055 0.075 -0.572061 0.415627 0.415627 0.572062 
-1.15196 0.07 0.07 0.15 0.028 -0.055 0.06 -0.572061 0.415627 0.415627 0.572062 
-1.16705 0.07 0.07 0.15 0.028 -0.055 0.045 -0.572061 0.415627 0.415627 0.572062 
-1.19128 0.07 0.07 0.15 0.028 -0.055 0.03 -0.572061 0.415627 0.415627 0.572062 
-1.20038 0.07 0.07 0.15 0.021 -0.055 0.075 -0.572061 0.415627 0.415627 0.572062 
-1.20096 0.07 0.07 0.15 -0.028 -0.055 0.06 -0.672499 -0.218508 -0.218508 0.672498 
-1.20628 0.07 0.07 0.15 -0.035 -0.055 0.06 -0.672499 -0.218508 -0.218508 0.672498 
-1.21334 0.07 0.07 0.15 0.028 -0.055 0.015 -0.572061 0.415627 0.415627 0.572062 
-1.22017 0.07 0.07 0.15 0.028 -0.055 0 -0.572061 0.415627 0.415627 0.572062 
-1.22384 0.07 0.07 0.15 0.014 -0.055 0.075 -0.572061 0.415627 0.415627 0.572062 
-1.25419 0.07 0.07 0.15 0.007 -0.055 0.075 -0.572061 0.415627 0.415627 0.572062 
-1.34251 0.07 0.07 0.15 0.055 -0.021 0.075 -0.415627 -0.572061 0.415627 0.572062 
-1.45273 0.07 0.07 0.15 -0.055 -0.035 0.075 -0.218508 0.672498 -0.218508 0.672499 
-1.49192 0.07 0.07 0.15 -0.035 -0.055 0.075 -0.707107 0 0 0.707106 
-1.4942 0.07 0.07 0.15 0.055 0.035 0.075 -0.672498 -0.218508 0.672499 0.218508 
-1.53428 0.07 0.07 0.15 0.055 0.035 0.06 -0.672498 -0.218508 0.672499 0.218508 
-1.56709 0.07 0.07 0.15 0.055 0.035 0.045 -0.672498 -0.218508 0.672499 0.218508 
-1.59321 0.07 0.07 0.15 0.055 0.035 0.03 -0.672498 -0.218508 0.672499 0.218508 
-1.60582 0.07 0.07 0.15 0.055 -0.014 0.075 -0.415627 -0.572061 0.415627 0.572062 
-1.61281 0.07 0.07 0.15 0.055 0.035 0.015 -0.672498 -0.218508 0.672499 0.218508 
-1.62602 0.07 0.07 0.15 0.055 0.035 0 -0.672498 -0.218508 0.672499 0.218508 
-1.63338 0.07 0.07 0.15 0.055 0.035 -0.015 -0.672498 -0.218508 0.672499 0.218508 
-1.6352 0.07 0.07 0.15 -0.028 -0.055 0.075 -0.707107 0 0 0.707106 
-1.64682 0.07 0.07 0.15 -0.055 -0.035 0.06 -0.218508 0.672498 -0.218508 0.672499 
-1.64764 0.07 0.07 0.15 0.007 -0.055 0.075 -0.672499 0.218508 0.218508 0.672498 
-1.79865 0.07 0.07 0.15 -0.021 -0.055 0.075 -0.707107 0 0 0.707106 
-1.83129 0.07 0.07 0.15 -0.055 -0.035 0.045 -0.218508 0.672498 -0.218508 0.672499 
-1.86961 0.07 0.07 0.15 0.055 -0.007 0.075 -0.415627 -0.572061 0.415627 0.572062 
-1.93164 0.07 0.07 0.15 0.055 -0.035 0.06 -0.415627 -0.572061 0.415627 0.572062 
-1.93183 0.07 0.07 0.15 0.055 -0.035 0.075 0.218508 -0.672498 -0.218508 0.672499 
-1.95119 0.07 0.07 0.15 0.055 -0.035 0.06 0.218508 -0.672498 -0.218508 0.672499 
-1.96204 0.07 0.07 0.15 0.055 -0.035 0.045 0.218508 -0.672498 -0.218508 0.672499 
-1.97557 0.07 0.07 0.15 -0.014 -0.055 0.075 -0.707107 0 0 0.707106 
-1.99284 0.07 0.07 0.15 0.055 0.028 0.075 0.707107 -4.32978e-17 -0.707107 4.32978e-17 
-1.99314 0.07 0.07 0.15 0.055 0.035 0.075 0.707107 -4.32978e-17 -0.707107 4.32978e-17 
-2.00634 0.07 0.07 0.15 -0.055 -0.035 0.03 -0.218508 0.672498 -0.218508 0.672499 
-2.09075 0.07 0.07 0.15 0.055 0.035 0.06 0.707107 -4.32978e-17 -0.707107 4.32978e-17 
-2.09236 0.07 0.07 0.15 0.055 0.028 0.06 0.707107 -4.32978e-17 -0.707107 4.32978e-17 
-2.13346 0.07 0.07 0.15 0.055 -1.73472e-18 0.075 -0.415627 -0.572061 0.415627 0.572062 
-2.15926 0.07 0.07 0.15 -0.007 -0.055 0.075 -0.707107 0 0 0.707106 
-2.17135 0.07 0.07 0.15 -0.055 -0.035 0.015 -0.218508 0.672498 -0.218508 0.672499 
-2.17951 0.07 0.07 0.15 0.055 0.035 0.045 0.707107 -4.32978e-17 -0.707107 4.32978e-17 
-2.18312 0.07 0.07 0.15 0.055 0.028 0.045 0.707107 -4.32978e-17 -0.707107 4.32978e-17 
-2.19148 0.07 0.07 0.15 0.055 -0.028 0.06 -0.415627 -0.572061 0.415627 0.572062 
-2.26005 0.07 0.07 0.15 0.055 0.035 0.03 0.707107 -4.32978e-17 -0.707107 4.32978e-17 
-2.26576 0.07 0.07 0.15 0.055 0.028 0.03 0.707107 -4.32978e-17 -0.707107 4.32978e-17 
-2.27243 0.07 0.07 0.15 0.014 -0.055 0.075 -0.672499 0.218508 0.218508 0.672498 
-2.28201 0.07 0.07 0.15 -0.035 0.055 0.075 0.218508 0.672499 -0.672499 0.218502 
-2.28428 0.07 0.07 0.15 -0.055 0.035 0.045 0.672498 0.218508 0.672499 0.218508 
-2.30816 0.07 0.07 0.15 0.055 0.028 0.075 -0.672498 -0.218508 0.672499 0.218508 
-2.32515 0.07 0.07 0.15 -0.055 -0.035 0 -0.218508 0.672498 -0.218508 0.672499 
-2.33241 0.07 0.07 0.15 0.055 0.035 0.015 0.707107 -4.32978e-17 -0.707107 4.32978e-17 
-2.34031 0.07 0.07 0.15 0.055 0.028 0.015 0.707107 -4.32978e-17 -0.707107 4.32978e-17 
-2.3429 0.07 0.07 0.15 -1.73472e-18 -0.055 0.075 -0.707107 0 0 0.707106 
-2.35558 0.07 0.07 0.15 -0.055 0.035 0.06 0.672498 0.218508 0.672499 0.218508 
-2.35658 0.07 0.07 0.15 -0.028 -0.055 0.045 -0.672499 -0.218508 -0.218508 0.672498 
-2.36499 0.07 0.07 0.15 -0.035 -0.055 0.045 -0.672499 -0.218508 -0.218508 0.672498 
-2.39691 0.07 0.07 0.15 0.055 0.007 0.075 -0.415627 -0.572061 0.415627 0.572062 
-2.40125 0.07 0.07 0.15 0.055 0.028 0.06 -0.672498 -0.218508 0.672499 0.218508 
-2.4138 0.07 0.07 0.15 -0.055 0.035 0.075 0.672498 0.218508 0.672499 0.218508 
-2.46637 0.07 0.07 0.15 -0.055 -0.035 -0.015 -0.218508 0.672498 -0.218508 0.672499 
-2.51967 0.07 0.07 0.15 0.007 -0.055 0.075 -0.707107 0 0 0.707106 
-2.63887 0.07 0.07 0.15 -0.055 -0.028 0.075 -0.218508 0.672498 -0.218508 0.672499 
-2.65949 0.07 0.07 0.15 0.055 0.014 0.075 -0.415627 -0.572061 0.415627 0.572062 
-2.68273 0.07 0.07 0.15 0.014 -0.055 0.075 -0.707107 0 0 0.707106 
-2.82528 0.07 0.07 0.15 0.021 -0.055 0.075 -0.707107 0 0 0.707106 
-2.87819 0.07 0.07 0.15 -0.055 -0.028 0.06 -0.218508 0.672498 -0.218508 0.672499 
-2.88427 0.07 0.07 0.15 0.021 -0.055 0.075 -0.672499 0.218508 0.218508 0.672498 
-2.92074 0.07 0.07 0.15 0.055 0.021 0.075 -0.415627 -0.572061 0.415627 0.572062 
-2.94054 0.07 0.07 0.15 0.028 -0.055 0.075 -0.707107 0 0 0.707106 
-3.02185 0.07 0.07 0.15 0.035 -0.055 0.075 -0.707107 0 0 0.707106 
-3.11551 0.07 0.07 0.15 0.055 0.021 0.075 -0.672498 -0.218508 0.672499 0.218508 
-3.18018 0.07 0.07 0.15 0.055 0.028 0.075 -0.415627 -0.572061 0.415627 0.572062 
-3.43731 0.07 0.07 0.15 0.055 0.035 0.075 -0.415627 -0.572061 0.415627 0.572062 
-3.46007 0.07 0.07 0.15 0.028 -0.055 0.075 -0.672499 0.218508 0.218508 0.672498 
-3.8435 0.07 0.07 0.15 -0.055 -0.021 0.075 -0.218508 0.672498 -0.218508 0.672499 
-3.91628 0.07 0.07 0.15 0.055 0.014 0.075 -0.672498 -0.218508 0.672499 0.218508 
-3.97681 0.07 0.07 0.15 0.035 -0.055 0.075 -0.672499 0.218508 0.218508 0.672498 
-4.61031 0.07 0.07 0.15 0.007 0.055 0.075 -4.32978e-17 0.707107 -0.707107 4.32978e-17 
-4.64507 0.07 0.07 0.15 -0.007 0.055 0.06 -4.32978e-17 0.707107 -0.707107 4.32978e-17 
-4.71055 0.07 0.07 0.15 0.055 0.007 0.075 -0.672498 -0.218508 0.672499 0.218508 
-5.06715 0.07 0.07 0.15 -0.055 -0.014 0.075 -0.218508 0.672498 -0.218508 0.672499 
-5.49848 0.07 0.07 0.15 0.055 -1.73472e-18 0.075 -0.672498 -0.218508 0.672499 0.218508 
-5.88336 0.07 0.07 0.15 0.035 -0.028 0.095 6.12323e-17 1 -6.12323e-17 3.7494e-33 
-5.94743 0.07 0.07 0.15 0.028 -0.028 0.095 6.12323e-17 1 -6.12323e-17 3.7494e-33 
-5.96275 0.07 0.07 0.15 0.021 -0.021 0.095 6.12323e-17 1 -6.12323e-17 3.7494e-33 
-6.00984 0.07 0.07 0.15 0.035 -0.035 0.095 6.12323e-17 1 -6.12323e-17 3.7494e-33 
-6.015 0.07 0.07 0.15 0.021 -0.028 0.095 6.12323e-17 1 -6.12323e-17 3.7494e-33 
-6.04244 0.07 0.07 0.15 0.028 -0.035 0.095 6.12323e-17 1 -6.12323e-17 3.7494e-33 
-6.07538 0.07 0.07 0.15 0.014 -0.021 0.095 6.12323e-17 1 -6.12323e-17 3.7494e-33 
-6.07953 0.07 0.07 0.15 0.021 -0.035 0.095 6.12323e-17 1 -6.12323e-17 3.7494e-33 
-6.0845 0.07 0.07 0.15 0.014 -0.028 0.095 6.12323e-17 1 -6.12323e-17 3.7494e-33 
-6.11954 0.07 0.07 0.15 0.014 -0.035 0.095 6.12323e-17 1 -6.12323e-17 3.7494e-33 
-6.15433 0.07 0.07 0.15 0.007 -0.028 0.095 6.12323e-17 1 -6.12323e-17 3.7494e-33 
-6.16097 0.07 0.07 0.15 0.007 -0.035 0.095 6.12323e-17 1 -6.12323e-17 3.7494e-33 
-6.18727 0.07 0.07 0.15 0.007 -0.021 0.095 6.12323e-17 1 -6.12323e-17 3.7494e-33 
-6.20233 0.07 0.07 0.15 -1.73472e-18 -0.035 0.095 6.12323e-17 1 -6.12323e-17 3.7494e-33 
-6.22308 0.07 0.07 0.15 -1.73472e-18 -0.028 0.095 6.12323e-17 1 -6.12323e-17 3.7494e-33 
-6.24226 0.07 0.07 0.15 -0.007 -0.035 0.095 6.12323e-17 1 -6.12323e-17 3.7494e-33 
-6.27941 0.07 0.07 0.15 -0.014 -0.035 0.095 6.12323e-17 1 -6.12323e-17 3.7494e-33 
-6.28932 0.07 0.07 0.15 -0.007 -0.028 0.095 6.12323e-17 1 -6.12323e-17 3.7494e-33 
-6.2969 0.07 0.07 0.15 -1.73472e-18 -0.021 0.095 6.12323e-17 1 -6.12323e-17 3.7494e-33 
-6.31042 0.07 0.07 0.15 -0.055 -0.007 0.075 -0.218508 0.672498 -0.218508 0.672499 
-6.31257 0.07 0.07 0.15 -0.021 -0.035 0.095 6.12323e-17 1 -6.12323e-17 3.7494e-33 
-6.34056 0.07 0.07 0.15 -0.028 -0.035 0.095 6.12323e-17 1 -6.12323e-17 3.7494e-33 
-6.3517 0.07 0.07 0.15 -0.014 -0.028 0.095 6.12323e-17 1 -6.12323e-17 3.7494e-33 
-6.36232 0.07 0.07 0.15 -0.035 -0.035 0.095 6.12323e-17 1 -6.12323e-17 3.7494e-33 
-6.40287 0.07 0.07 0.15 -0.007 -0.021 0.095 6.12323e-17 1 -6.12323e-17 3.7494e-33 
-6.40902 0.07 0.07 0.15 -0.021 -0.028 0.095 6.12323e-17 1 -6.12323e-17 3.7494e-33 
-6.46008 0.07 0.07 0.15 -0.028 -0.028 0.095 6.12323e-17 1 -6.12323e-17 3.7494e-33 
-6.49207 0.07 0.07 0.15 -0.014 -0.055 0.06 -0.707107 0 0 0.707106 
-6.50381 0.07 0.07 0.15 -0.014 -0.021 0.095 6.12323e-17 1 -6.12323e-17 3.7494e-33 
-6.50385 0.07 0.07 0.15 -0.035 -0.028 0.095 6.12323e-17 1 -6.12323e-17 3.7494e-33 
-6.59845 0.07 0.07 0.15 -0.021 -0.021 0.095 6.12323e-17 1 -6.12323e-17 3.7494e-33 
-6.68404 0.07 0.07 0.15 -0.007 -0.055 0.06 -0.707107 0 0 0.707106 
-6.68563 0.07 0.07 0.15 -0.028 -0.021 0.095 6.12323e-17 1 -6.12323e-17 3.7494e-33 
-6.76425 0.07 0.07 0.15 -0.035 -0.021 0.095 6.12323e-17 1 -6.12323e-17 3.7494e-33 
-6.8733 0.07 0.07 0.15 -1.73472e-18 -0.055 0.06 -0.707107 0 0 0.707106 
-7.05297 0.07 0.07 0.15 0.007 -0.055 0.06 -0.707107 0 0 0.707106 
-7.21618 0.07 0.07 0.15 0.014 -0.055 0.06 -0.707107 0 0 0.707106 
-7.35608 0.07 0.07 0.15 0.021 -0.055 0.06 -0.707107 0 0 0.707106 
-7.46587 0.07 0.07 0.15 0.028 -0.055 0.06 -0.707107 0 0 0.707106 
-7.53883 0.07 0.07 0.15 0.035 -0.055 0.06 -0.707107 0 0 0.707106 
-7.57406 0.07 0.07 0.15 -0.055 -1.73472e-18 0.075 -0.218508 0.672498 -0.218508 0.672499 
-8.6567 0.07 0.07 0.15 -0.035 0.028 0.095 1 0 0 6.12323e-17 
-8.72519 0.07 0.07 0.15 -0.035 0.035 0.095 1 0 0 6.12323e-17 
-8.7322 0.07 0.07 0.15 -0.028 0.028 0.095 1 0 0 6.12323e-17 
-8.76594 0.07 0.07 0.15 -0.028 0.035 0.095 1 0 0 6.12323e-17 
-8.78886 0.07 0.07 0.15 0.021 -0.055 0.06 -0.672499 0.218508 0.218508 0.672498 
-8.81001 0.07 0.07 0.15 -0.021 0.035 0.095 1 0 0 6.12323e-17 
-8.81015 0.07 0.07 0.15 -0.021 0.028 0.095 1 0 0 6.12323e-17 
-8.8173 0.07 0.07 0.15 -0.021 0.021 0.095 1 0 0 6.12323e-17 
-8.85588 0.07 0.07 0.15 -0.014 0.035 0.095 1 0 0 6.12323e-17 
-8.88903 0.07 0.07 0.15 -0.014 0.028 0.095 1 0 0 6.12323e-17 
-8.90213 0.07 0.07 0.15 -0.007 0.035 0.095 1 0 0 6.12323e-17 
-8.94485 0.07 0.07 0.15 -0.014 0.021 0.095 1 0 0 6.12323e-17 
-8.94731 0.07 0.07 0.15 -1.73472e-18 0.035 0.095 1 0 0 6.12323e-17 
-8.96734 0.07 0.07 0.15 -0.007 0.028 0.095 1 0 0 6.12323e-17 
-8.99013 0.07 0.07 0.15 0.007 0.035 0.095 1 0 0 6.12323e-17 
-9.02927 0.07 0.07 0.15 0.014 0.035 0.095 1 0 0 6.12323e-17 
-9.04368 0.07 0.07 0.15 -1.73472e-18 0.028 0.095 1 0 0 6.12323e-17 
-9.06357 0.07 0.07 0.15 0.021 0.035 0.095 1 0 0 6.12323e-17 
-9.07084 0.07 0.07 0.15 -0.007 0.021 0.095 1 0 0 6.12323e-17 
-9.09191 0.07 0.07 0.15 0.028 0.035 0.095 1 0 0 6.12323e-17 
-9.11323 0.07 0.07 0.15 0.035 0.035 0.095 1 0 0 6.12323e-17 
-9.11667 0.07 0.07 0.15 0.007 0.028 0.095 1 0 0 6.12323e-17 
-9.17219 0.07 0.07 0.15 -1.73472e-18 0.055 0.075 -4.32978e-17 0.707107 -0.707107 4.32978e-17 
-9.18504 0.07 0.07 0.15 0.014 0.028 0.095 1 0 0 6.12323e-17 
-9.18731 0.07 0.07 0.15 -0.014 0.055 0.06 -4.32978e-17 0.707107 -0.707107 4.32978e-17 
-9.19381 0.07 0.07 0.15 -1.73472e-18 0.021 0.095 1 0 0 6.12323e-17 
-9.24755 0.07 0.07 0.15 0.021 0.028 0.095 1 0 0 6.12323e-17 
-9.3031 0.07 0.07 0.15 0.028 0.028 0.095 1 0 0 6.12323e-17 
-9.31236 0.07 0.07 0.15 0.007 0.021 0.095 1 0 0 6.12323e-17 
-9.35063 0.07 0.07 0.15 0.035 0.028 0.095 1 0 0 6.12323e-17 
-9.36963 0.07 0.07 0.15 0.028 -0.055 0.06 -0.672499 0.218508 0.218508 0.672498 
-9.42517 0.07 0.07 0.15 0.014 0.021 0.095 1 0 0 6.12323e-17 
-9.53099 0.07 0.07 0.15 0.021 0.021 0.095 1 0 0 6.12323e-17 
-9.62867 0.07 0.07 0.15 0.028 0.021 0.095 1 0 0 6.12323e-17 
-9.71711 0.07 0.07 0.15 0.035 0.021 0.095 1 0 0 6.12323e-17 
-9.88933 0.07 0.07 0.15 0.035 -0.055 0.06 -0.672499 0.218508 0.218508 0.672498 
-11.5877 0.07 0.07 0.15 -0.035 -0.014 0.095 0.309017 0.951057 -5.82354e-17 1.89218e-17 
-11.7328 0.07 0.07 0.15 -0.035 -0.021 0.095 0.309017 0.951057 -5.82354e-17 1.89218e-17 
-11.7857 0.07 0.07 0.15 -0.028 -0.021 0.095 0.309017 0.951057 -5.82354e-17 1.89218e-17 
-11.8123 0.07 0.07 0.15 -0.007 -0.021 0.095 0.309017 0.951057 -5.82354e-17 1.89218e-17 
-11.8151 0.07 0.07 0.15 -0.021 -0.021 0.095 0.309017 0.951057 -5.82354e-17 1.89218e-17 
-11.8233 0.07 0.07 0.15 -0.014 -0.021 0.095 0.309017 0.951057 -5.82354e-17 1.89218e-17 
-11.9032 0.07 0.07 0.15 -0.035 -0.028 0.095 0.309017 0.951057 -5.82354e-17 1.89218e-17 
-11.9238 0.07 0.07 0.15 -1.73472e-18 -0.028 0.095 0.309017 0.951057 -5.82354e-17 1.89218e-17 
-11.9427 0.07 0.07 0.15 -0.028 -0.028 0.095 0.309017 0.951057 -5.82354e-17 1.89218e-17 
-11.9505 0.07 0.07 0.15 -0.007 -0.028 0.095 0.309017 0.951057 -5.82354e-17 1.89218e-17 
-11.9623 0.07 0.07 0.15 -0.021 -0.028 0.095 0.309017 0.951057 -5.82354e-17 1.89218e-17 
-11.9641 0.07 0.07 0.15 -0.014 -0.028 0.095 0.309017 0.951057 -5.82354e-17 1.89218e-17 
-12.0508 0.07 0.07 0.15 0.007 -0.035 0.095 0.309017 0.951057 -5.82354e-17 1.89218e-17 
-12.0833 0.07 0.07 0.15 -1.73472e-18 -0.035 0.095 0.309017 0.951057 -5.82354e-17 1.89218e-17 
-12.0906 0.07 0.07 0.15 -0.035 -0.035 0.095 0.309017 0.951057 -5.82354e-17 1.89218e-17 
-12.1088 0.07 0.07 0.15 -0.007 -0.035 0.095 0.309017 0.951057 -5.82354e-17 1.89218e-17 
-12.1177 0.07 0.07 0.15 -0.028 -0.035 0.095 0.309017 0.951057 -5.82354e-17 1.89218e-17 
-12.1245 0.07 0.07 0.15 -0.014 -0.035 0.095 0.309017 0.951057 -5.82354e-17 1.89218e-17 
-12.1282 0.07 0.07 0.15 -0.021 -0.035 0.095 0.309017 0.951057 -5.82354e-17 1.89218e-17 
-13.7169 0.07 0.07 0.15 -0.021 0.055 0.06 -4.32978e-17 0.707107 -0.707107 4.32978e-17 
-13.7332 0.07 0.07 0.15 -0.007 0.055 0.075 -4.32978e-17 0.707107 -0.707107 4.32978e-17 
-18.2259 0.07 0.07 0.15 -0.028 0.055 0.06 -4.32978e-17 0.707107 -0.707107 4.32978e-17 
-18.2852 0.07 0.07 0.15 -0.014 0.055 0.075 -4.32978e-17 0.707107 -0.707107 4.32978e-17 
-19.9074 0.07 0.07 0.15 0.055 0.035 0.075 -0.572061 -0.415627 0.572061 0.415629 
-20.4762 0.07 0.07 0.15 0.055 0.028 0.075 -0.572061 -0.415627 0.572061 0.415629 
-21.0377 0.07 0.07 0.15 0.055 0.021 0.075 -0.572061 -0.415627 0.572061 0.415629 
-21.2884 0.07 0.07 0.15 0.055 0.035 0.06 -0.572061 -0.415627 0.572061 0.415629 
-21.5925 0.07 0.07 0.15 0.055 0.014 0.075 -0.572061 -0.415627 0.572061 0.415629 
-21.9053 0.07 0.07 0.15 0.055 0.028 0.06 -0.572061 -0.415627 0.572061 0.415629 
-22.1406 0.07 0.07 0.15 0.055 0.007 0.075 -0.572061 -0.415627 0.572061 0.415629 
-22.5148 0.07 0.07 0.15 0.055 0.021 0.06 -0.572061 -0.415627 0.572061 0.415629 
-22.6826 0.07 0.07 0.15 0.055 -1.73472e-18 0.075 -0.572061 -0.415627 0.572061 0.415629 
-22.7062 0.07 0.07 0.15 -0.035 0.055 0.06 -4.32978e-17 0.707107 -0.707107 4.32978e-17 
-22.7185 0.07 0.07 0.15 -0.007 0.035 0.095 0.951057 -0.309017 -1.89218e-17 5.82354e-17 
-22.7222 0.07 0.07 0.15 -1.73472e-18 0.028 0.095 0.951057 -0.309017 -1.89218e-17 5.82354e-17 
-22.7276 0.07 0.07 0.15 0.035 0.021 0.095 0.951057 -0.309017 -1.89218e-17 5.82354e-17 
-22.7314 0.07 0.07 0.15 0.007 0.021 0.095 0.951057 -0.309017 -1.89218e-17 5.82354e-17 
-22.733 0.07 0.07 0.15 0.035 0.014 0.095 0.951057 -0.309017 -1.89218e-17 5.82354e-17 
-22.7382 0.07 0.07 0.15 0.035 0.028 0.095 0.951057 -0.309017 -1.89218e-17 5.82354e-17 
-22.7634 0.07 0.07 0.15 0.035 0.035 0.095 0.951057 -0.309017 -1.89218e-17 5.82354e-17 
-22.7682 0.07 0.07 0.15 -1.73472e-18 0.035 0.095 0.951057 -0.309017 -1.89218e-17 5.82354e-17 
-22.7705 0.07 0.07 0.15 0.007 0.028 0.095 0.951057 -0.309017 -1.89218e-17 5.82354e-17 
-22.773 0.07 0.07 0.15 0.014 0.021 0.095 0.951057 -0.309017 -1.89218e-17 5.82354e-17 
-22.773 0.07 0.07 0.15 0.028 0.021 0.095 0.951057 -0.309017 -1.89218e-17 5.82354e-17 
-22.7841 0.07 0.07 0.15 0.028 0.028 0.095 0.951057 -0.309017 -1.89218e-17 5.82354e-17 
-22.7875 0.07 0.07 0.15 0.021 0.021 0.095 0.951057 -0.309017 -1.89218e-17 5.82354e-17 
-22.7983 0.07 0.07 0.15 0.014 0.028 0.095 0.951057 -0.309017 -1.89218e-17 5.82354e-17 
-22.8035 0.07 0.07 0.15 0.021 0.028 0.095 0.951057 -0.309017 -1.89218e-17 5.82354e-17 
-22.8039 0.07 0.07 0.15 0.007 0.035 0.095 0.951057 -0.309017 -1.89218e-17 5.82354e-17 
-22.805 0.07 0.07 0.15 0.028 0.035 0.095 0.951057 -0.309017 -1.89218e-17 5.82354e-17 
-22.8203 0.07 0.07 0.15 -0.021 0.055 0.075 -4.32978e-17 0.707107 -0.707107 4.32978e-17 
-22.8233 0.07 0.07 0.15 0.014 0.035 0.095 0.951057 -0.309017 -1.89218e-17 5.82354e-17 
-22.8243 0.07 0.07 0.15 0.021 0.035 0.095 0.951057 -0.309017 -1.89218e-17 5.82354e-17 
-23.1172 0.07 0.07 0.15 0.055 0.014 0.06 -0.572061 -0.415627 0.572061 0.415629 
-23.2189 0.07 0.07 0.15 0.055 -0.007 0.075 -0.572061 -0.415627 0.572061 0.415629 
-23.7077 0.07 0.07 0.15 0.035 -0.035 0.095 0.809017 -0.587785 -3.59914e-17 4.9538e-17 
-23.7128 0.07 0.07 0.15 0.055 0.007 0.06 -0.572061 -0.415627 0.572061 0.415629 
-23.7263 0.07 0.07 0.15 0.028 -0.035 0.095 0.809017 -0.587785 -3.59914e-17 4.9538e-17 
-23.7499 0.07 0.07 0.15 0.055 -0.014 0.075 -0.572061 -0.415627 0.572061 0.415629 
-23.8222 0.07 0.07 0.15 0.035 -0.028 0.095 0.809017 -0.587785 -3.59914e-17 4.9538e-17 
-23.842 0.07 0.07 0.15 0.028 -0.028 0.095 0.809017 -0.587785 -3.59914e-17 4.9538e-17 
-23.9295 0.07 0.07 0.15 0.035 -0.021 0.095 0.809017 -0.587785 -3.59914e-17 4.9538e-17 
-23.9496 0.07 0.07 0.15 0.028 -0.021 0.095 0.809017 -0.587785 -3.59914e-17 4.9538e-17 
-24.0306 0.07 0.07 0.15 0.035 -0.014 0.095 0.809017 -0.587785 -3.59914e-17 4.9538e-17 
-24.0504 0.07 0.07 0.15 0.028 -0.014 0.095 0.809017 -0.587785 -3.59914e-17 4.9538e-17 
-24.1261 0.07 0.07 0.15 0.035 -0.007 0.095 0.809017 -0.587785 -3.59914e-17 4.9538e-17 
-24.145 0.07 0.07 0.15 0.028 -0.007 0.095 0.809017 -0.587785 -3.59914e-17 4.9538e-17 
-24.2165 0.07 0.07 0.15 0.035 -1.73472e-18 0.095 0.809017 -0.587785 -3.59914e-17 4.9538e-17 
-24.2342 0.07 0.07 0.15 0.028 -1.73472e-18 0.095 0.809017 -0.587785 -3.59914e-17 4.9538e-17 
-24.2763 0.07 0.07 0.15 0.055 -0.021 0.075 -0.572061 -0.415627 0.572061 0.415629 
-24.3018 0.07 0.07 0.15 0.035 0.007 0.095 0.809017 -0.587785 -3.59914e-17 4.9538e-17 
-24.3018 0.07 0.07 0.15 0.055 -1.73472e-18 0.06 -0.572061 -0.415627 0.572061 0.415629 
-24.3182 0.07 0.07 0.15 0.028 0.007 0.095 0.809017 -0.587785 -3.59914e-17 4.9538e-17 
-24.3818 0.07 0.07 0.15 0.035 0.014 0.095 0.809017 -0.587785 -3.59914e-17 4.9538e-17 
-24.397 0.07 0.07 0.15 0.028 0.014 0.095 0.809017 -0.587785 -3.59914e-17 4.9538e-17 
-24.4562 0.07 0.07 0.15 0.035 0.021 0.095 0.809017 -0.587785 -3.59914e-17 4.9538e-17 
-24.4701 0.07 0.07 0.15 0.028 0.021 0.095 0.809017 -0.587785 -3.59914e-17 4.9538e-17 
-24.4819 0.07 0.07 0.15 0.021 0.021 0.095 0.809017 -0.587785 -3.59914e-17 4.9538e-17 
-24.5238 0.07 0.07 0.15 0.035 0.028 0.095 0.809017 -0.587785 -3.59914e-17 4.9538e-17 
-24.5371 0.07 0.07 0.15 0.028 0.028 0.095 0.809017 -0.587785 -3.59914e-17 4.9538e-17 
-24.5473 0.07 0.07 0.15 0.021 0.028 0.095 0.809017 -0.587785 -3.59914e-17 4.9538e-17 
-24.5837 0.07 0.07 0.15 0.035 0.035 0.095 0.809017 -0.587785 -3.59914e-17 4.9538e-17 
-24.5968 0.07 0.07 0.15 0.028 0.035 0.095 0.809017 -0.587785 -3.59914e-17 4.9538e-17 
-24.6058 0.07 0.07 0.15 0.021 0.035 0.095 0.809017 -0.587785 -3.59914e-17 4.9538e-17 
-24.6115 0.07 0.07 0.15 0.014 0.035 0.095 0.809017 -0.587785 -3.59914e-17 4.9538e-17 
-24.6147 0.07 0.07 0.15 0.007 0.035 0.095 0.809017 -0.587785 -3.59914e-17 4.9538e-17 
-27.3304 0.07 0.07 0.15 -0.028 0.055 0.075 -4.32978e-17 0.707107 -0.707107 4.32978e-17 
-31.8077 0.07 0.07 0.15 -0.035 0.055 0.075 -4.32978e-17 0.707107 -0.707107 4.32978e-17 
