1.39538 0.04 0.04 0.2 0.008 0.02 0.12 -0.587785 0.809017 -4.9538e-17 -3.59915e-17 
1.393 0.04 0.04 0.2 -0.008 -0.02 0.12 0.809017 0.587785 3.59914e-17 4.9538e-17 
1.18266 0.04 0.04 0.2 -0.012 -0.012 0.12 0.951057 0.309017 1.89218e-17 5.82354e-17 
1.18209 0.04 0.04 0.2 0.012 0.012 0.12 -0.309017 0.951057 -5.82354e-17 -1.89218e-17 
1.16908 0.04 0.04 0.2 0.004 0.016 0.12 -0.587785 0.809017 -4.9538e-17 -3.59915e-17 
1.16597 0.04 0.04 0.2 -0.004 -0.016 0.12 0.809017 0.587785 3.59914e-17 4.9538e-17 
1.15297 0.04 0.04 0.2 -0.02 0 0.12 0.309017 0.951057 -5.82354e-17 1.89218e-17 
1.15293 0.04 0.04 0.2 0.02 0 0.12 0.951057 -0.309017 -1.89218e-17 5.82354e-17 
1.15154 0.04 0.04 0.2 -0.016 -0.012 0.12 0.951057 0.309017 1.89218e-17 5.82354e-17 
1.1512 0.04 0.04 0.2 0.016 0.012 0.12 -0.309017 0.951057 -5.82354e-17 -1.89218e-17 
1.08348 0.04 0.04 0.2 0.012 0.02 0.12 -0.587785 0.809017 -4.9538e-17 -3.59915e-17 
1.08232 0.04 0.04 0.2 -0.012 -0.02 0.12 0.809017 0.587785 3.59914e-17 4.9538e-17 
1.02384 0.04 0.04 0.2 -0.02 -0.012 0.12 0.951057 0.309017 1.89218e-17 5.82354e-17 
1.02367 0.04 0.04 0.2 0.02 0.012 0.12 -0.309017 0.951057 -5.82354e-17 -1.89218e-17 
0.945142 0.04 0.04 0.2 0.008 0.016 0.12 -0.587785 0.809017 -4.9538e-17 -3.59915e-17 
0.943135 0.04 0.04 0.2 -0.008 -0.016 0.12 0.809017 0.587785 3.59914e-17 4.9538e-17 
0.878103 0.04 0.04 0.2 -0.012 -0.004 0.12 0.309017 0.951057 -5.82354e-17 1.89218e-17 
0.878057 0.04 0.04 0.2 0.012 0.004 0.12 0.951057 -0.309017 -1.89218e-17 5.82354e-17 
0.858371 0.04 0.04 0.2 -0.016 -0.004 0.12 0.309017 0.951057 -5.82354e-17 1.89218e-17 
0.858332 0.04 0.04 0.2 0.016 0.004 0.12 0.951057 -0.309017 -1.89218e-17 5.82354e-17 
0.822145 0.04 0.04 0.2 -0.008 -0.004 0.12 0.309017 0.951057 -5.82354e-17 1.89218e-17 
0.822091 0.04 0.04 0.2 0.008 0.004 0.12 0.951057 -0.309017 -1.89218e-17 5.82354e-17 
0.804858 0.04 0.04 0.2 0.016 0.02 0.12 -0.587785 0.809017 -4.9538e-17 -3.59915e-17 
0.804628 0.04 0.04 0.2 -0.016 -0.02 0.12 0.809017 0.587785 3.59914e-17 4.9538e-17 
0.779256 0.04 0.04 0.2 -0.02 -0.004 0.12 0.309017 0.951057 -5.82354e-17 1.89218e-17 
0.779228 0.04 0.04 0.2 0.02 0.004 0.12 0.951057 -0.309017 -1.89218e-17 5.82354e-17 
0.739468 0.04 0.04 0.2 0.012 0.016 0.12 -0.587785 0.809017 -4.9538e-17 -3.59915e-17 
0.738375 0.04 0.04 0.2 -0.012 -0.016 0.12 0.809017 0.587785 3.59914e-17 4.9538e-17 
0.716664 0.04 0.04 0.2 0.004 0.012 0.12 -0.587785 0.809017 -4.9538e-17 -3.59915e-17 
0.714299 0.04 0.04 0.2 -0.004 -0.012 0.12 0.809017 0.587785 3.59914e-17 4.9538e-17 
0.68414 0.04 0.04 0.2 -0.016 -0.008 0.12 0.951057 0.309017 1.89218e-17 5.82354e-17 
0.683848 0.04 0.04 0.2 0.016 0.008 0.12 -0.309017 0.951057 -5.82354e-17 -1.89218e-17 
0.657492 0.04 0.04 0.2 -0.012 -0.008 0.12 0.951057 0.309017 1.89218e-17 5.82354e-17 
0.657009 0.04 0.04 0.2 0.012 0.008 0.12 -0.309017 0.951057 -5.82354e-17 -1.89218e-17 
0.621272 0.04 0.04 0.2 -0.02 -0.008 0.12 0.951057 0.309017 1.89218e-17 5.82354e-17 
0.621126 0.04 0.04 0.2 0.02 0.008 0.12 -0.309017 0.951057 -5.82354e-17 -1.89218e-17 
0.589711 0.04 0.04 0.2 -0.02 0 0.12 1 0 0 6.12323e-17 
0.589682 0.04 0.04 0.2 0.02 0 0.12 6.12323e-17 1 -6.12323e-17 3.7494e-33 
0.589588 0.04 0.04 0.2 0.008 0.012 0.12 -0.587785 0.809017 -4.9538e-17 -3.59915e-17 
0.588007 0.04 0.04 0.2 -0.008 -0.012 0.12 0.809017 0.587785 3.59914e-17 4.9538e-17 
0.579408 0.04 0.04 0.2 -0.012 -0.008 0.12 0.309017 0.951057 -5.82354e-17 1.89218e-17 
0.579379 0.04 0.04 0.2 0.012 0.008 0.12 0.951057 -0.309017 -1.89218e-17 5.82354e-17 
0.56234 0.04 0.04 0.2 -0.016 -0.008 0.12 0.309017 0.951057 -5.82354e-17 1.89218e-17 
0.562316 0.04 0.04 0.2 0.016 0.008 0.12 0.951057 -0.309017 -1.89218e-17 5.82354e-17 
0.562153 0.04 0.04 0.2 -0.02 -0.02 0.12 0.809017 0.587785 3.59914e-17 4.9538e-17 
0.561782 0.04 0.04 0.2 0.02 0.02 0.12 -0.587785 0.809017 -4.9538e-17 -3.59915e-17 
0.553864 0.04 0.04 0.2 0.016 0.016 0.12 -0.587785 0.809017 -4.9538e-17 -3.59915e-17 
0.55347 0.04 0.04 0.2 -0.016 -0.016 0.12 0.809017 0.587785 3.59914e-17 4.9538e-17 
0.537956 0.04 0.04 0.2 -0.008 -0.008 0.12 0.309017 0.951057 -5.82354e-17 1.89218e-17 
0.537923 0.04 0.04 0.2 0.008 0.008 0.12 0.951057 -0.309017 -1.89218e-17 5.82354e-17 
0.499773 0.04 0.04 0.2 -0.02 -0.008 0.12 0.309017 0.951057 -5.82354e-17 1.89218e-17 
0.499754 0.04 0.04 0.2 0.02 0.008 0.12 0.951057 -0.309017 -1.89218e-17 5.82354e-17 
0.470364 0.04 0.04 0.2 0.012 0.012 0.12 -0.587785 0.809017 -4.9538e-17 -3.59915e-17 
0.469444 0.04 0.04 0.2 -0.012 -0.012 0.12 0.809017 0.587785 3.59914e-17 4.9538e-17 
0.456434 0.04 0.04 0.2 -0.02 0.004 0.12 1 0 0 6.12323e-17 
0.456419 0.04 0.04 0.2 0.02 -0.004 0.12 6.12323e-17 1 -6.12323e-17 3.7494e-33 
0.427017 0.04 0.04 0.2 -0.004 -0.008 0.12 0.309017 0.951057 -5.82354e-17 1.89218e-17 
0.42698 0.04 0.04 0.2 0.004 0.008 0.12 0.951057 -0.309017 -1.89218e-17 5.82354e-17 
0.390094 0.04 0.04 0.2 -0.02 -0.016 0.12 0.809017 0.587785 3.59914e-17 4.9538e-17 
0.390017 0.04 0.04 0.2 0.02 0.016 0.12 -0.587785 0.809017 -4.9538e-17 -3.59915e-17 
0.368953 0.04 0.04 0.2 0.004 0.008 0.12 -0.587785 0.809017 -4.9538e-17 -3.59915e-17 
0.367268 0.04 0.04 0.2 -0.004 -0.008 0.12 0.809017 0.587785 3.59914e-17 4.9538e-17 
0.362632 0.04 0.04 0.2 -0.012 -0.012 0.12 0.309017 0.951057 -5.82354e-17 1.89218e-17 
0.362618 0.04 0.04 0.2 0.012 0.012 0.12 0.951057 -0.309017 -1.89218e-17 5.82354e-17 
0.360466 0.04 0.04 0.2 -0.016 -0.004 0.12 0.951057 0.309017 1.89218e-17 5.82354e-17 
0.360228 0.04 0.04 0.2 0.016 0.012 0.12 -0.587785 0.809017 -4.9538e-17 -3.59915e-17 
0.360222 0.04 0.04 0.2 0.016 0.004 0.12 -0.309017 0.951057 -5.82354e-17 -1.89218e-17 
0.359815 0.04 0.04 0.2 -0.016 -0.012 0.12 0.809017 0.587785 3.59914e-17 4.9538e-17 
0.34875 0.04 0.04 0.2 -0.016 -0.012 0.12 0.309017 0.951057 -5.82354e-17 1.89218e-17 
0.348736 0.04 0.04 0.2 0.016 0.012 0.12 0.951057 -0.309017 -1.89218e-17 5.82354e-17 
0.34643 0.04 0.04 0.2 -0.02 -0.004 0.12 0.951057 0.309017 1.89218e-17 5.82354e-17 
0.346305 0.04 0.04 0.2 0.02 0.004 0.12 -0.309017 0.951057 -5.82354e-17 -1.89218e-17 
0.340398 0.04 0.04 0.2 -0.02 0.008 0.12 1 0 0 6.12323e-17 
0.340392 0.04 0.04 0.2 0.02 -0.008 0.12 6.12323e-17 1 -6.12323e-17 3.7494e-33 
0.33335 0.04 0.04 0.2 -0.008 -0.012 0.12 0.309017 0.951057 -5.82354e-17 1.89218e-17 
0.333333 0.04 0.04 0.2 0.008 0.012 0.12 0.951057 -0.309017 -1.89218e-17 5.82354e-17 
0.318111 0.04 0.04 0.2 0.008 0.008 0.12 -0.587785 0.809017 -4.9538e-17 -3.59915e-17 
0.31696 0.04 0.04 0.2 -0.008 -0.008 0.12 0.809017 0.587785 3.59914e-17 4.9538e-17 
0.301641 0.04 0.04 0.2 -0.02 -0.012 0.12 0.309017 0.951057 -5.82354e-17 1.89218e-17 
0.301632 0.04 0.04 0.2 0.02 0.012 0.12 0.951057 -0.309017 -1.89218e-17 5.82354e-17 
0.292113 0.04 0.04 0.2 -0.012 -0.004 0.12 0.951057 0.309017 1.89218e-17 5.82354e-17 
0.291719 0.04 0.04 0.2 0.012 0.004 0.12 -0.309017 0.951057 -5.82354e-17 -1.89218e-17 
0.266745 0.04 0.04 0.2 0.012 0.008 0.12 -0.587785 0.809017 -4.9538e-17 -3.59915e-17 
0.266052 0.04 0.04 0.2 -0.012 -0.008 0.12 0.809017 0.587785 3.59914e-17 4.9538e-17 
0.260369 0.04 0.04 0.2 0.02 0.012 0.12 -0.587785 0.809017 -4.9538e-17 -3.59915e-17 
0.260292 0.04 0.04 0.2 -0.02 -0.012 0.12 0.809017 0.587785 3.59914e-17 4.9538e-17 
0.252252 0.04 0.04 0.2 -0.004 -0.012 0.12 0.309017 0.951057 -5.82354e-17 1.89218e-17 
0.252234 0.04 0.04 0.2 0.004 0.012 0.12 0.951057 -0.309017 -1.89218e-17 5.82354e-17 
0.241798 0.04 0.04 0.2 -0.02 0.012 0.12 1 0 0 6.12323e-17 
0.241788 0.04 0.04 0.2 0.02 -0.012 0.12 6.12323e-17 1 -6.12323e-17 3.7494e-33 
0.237207 0.04 0.04 0.2 0 -0.008 0.12 0.309017 0.951057 -5.82354e-17 1.89218e-17 
0.237167 0.04 0.04 0.2 0 0.008 0.12 0.951057 -0.309017 -1.89218e-17 5.82354e-17 
0.215627 0.04 0.04 0.2 0.016 0.008 0.12 -0.587785 0.809017 -4.9538e-17 -3.59915e-17 
0.215284 0.04 0.04 0.2 -0.016 -0.008 0.12 0.809017 0.587785 3.59914e-17 4.9538e-17 
0.214276 0.04 0.04 0.2 -0.012 -0.016 0.12 0.309017 0.951057 -5.82354e-17 1.89218e-17 
0.214271 0.04 0.04 0.2 0.012 0.016 0.12 0.951057 -0.309017 -1.89218e-17 5.82354e-17 
0.203986 0.04 0.04 0.2 -0.016 -0.016 0.12 0.309017 0.951057 -5.82354e-17 1.89218e-17 
0.203981 0.04 0.04 0.2 0.016 0.016 0.12 0.951057 -0.309017 -1.89218e-17 5.82354e-17 
0.194863 0.04 0.04 0.2 -0.008 -0.016 0.12 0.309017 0.951057 -5.82354e-17 1.89218e-17 
0.194857 0.04 0.04 0.2 0.008 0.016 0.12 0.951057 -0.309017 -1.89218e-17 5.82354e-17 
0.171083 0.04 0.04 0.2 -0.02 -0.016 0.12 0.309017 0.951057 -5.82354e-17 1.89218e-17 
0.171079 0.04 0.04 0.2 0.02 0.016 0.12 0.951057 -0.309017 -1.89218e-17 5.82354e-17 
0.170312 0.04 0.04 0.2 -0.02 0 0.12 0.951057 0.309017 1.89218e-17 5.82354e-17 
0.170211 0.04 0.04 0.2 0.02 0 0.12 -0.309017 0.951057 -5.82354e-17 -1.89218e-17 
0.165537 0.04 0.04 0.2 0.02 0.008 0.12 -0.587785 0.809017 -4.9538e-17 -3.59915e-17 
0.165419 0.04 0.04 0.2 -0.02 -0.008 0.12 0.809017 0.587785 3.59914e-17 4.9538e-17 
0.16074 0.04 0.04 0.2 -0.02 0.016 0.12 1 0 0 6.12323e-17 
0.160726 0.04 0.04 0.2 0.02 -0.016 0.12 6.12323e-17 1 -6.12323e-17 3.7494e-33 
0.150175 0.04 0.04 0.2 -0.016 0 0.12 0.951057 0.309017 1.89218e-17 5.82354e-17 
0.149983 0.04 0.04 0.2 0.016 0 0.12 -0.309017 0.951057 -5.82354e-17 -1.89218e-17 
0.139191 0.04 0.04 0.2 -0.004 -0.016 0.12 0.309017 0.951057 -5.82354e-17 1.89218e-17 
0.139184 0.04 0.04 0.2 0.004 0.016 0.12 0.951057 -0.309017 -1.89218e-17 5.82354e-17 
0.120507 0.04 0.04 0.2 0.008 0.004 0.12 -0.587785 0.809017 -4.9538e-17 -3.59915e-17 
0.120114 0.04 0.04 0.2 0.012 0.02 0.12 0.951057 -0.309017 -1.89218e-17 5.82354e-17 
0.120113 0.04 0.04 0.2 -0.012 -0.02 0.12 0.309017 0.951057 -5.82354e-17 1.89218e-17 
0.119813 0.04 0.04 0.2 0.012 0.004 0.12 -0.587785 0.809017 -4.9538e-17 -3.59915e-17 
0.119729 0.04 0.04 0.2 -0.008 -0.004 0.12 0.809017 0.587785 3.59914e-17 4.9538e-17 
0.119344 0.04 0.04 0.2 -0.012 -0.004 0.12 0.809017 0.587785 3.59914e-17 4.9538e-17 
0.114244 0.04 0.04 0.2 0.004 0.004 0.12 -0.587785 0.809017 -4.9538e-17 -3.59915e-17 
0.113699 0.04 0.04 0.2 -0.016 -0.02 0.12 0.309017 0.951057 -5.82354e-17 1.89218e-17 
0.113698 0.04 0.04 0.2 0.016 0.02 0.12 0.951057 -0.309017 -1.89218e-17 5.82354e-17 
0.113113 0.04 0.04 0.2 -0.004 -0.004 0.12 0.809017 0.587785 3.59914e-17 4.9538e-17 
0.112562 0.04 0.04 0.2 0.016 0.004 0.12 -0.587785 0.809017 -4.9538e-17 -3.59915e-17 
0.11233 0.04 0.04 0.2 -0.016 -0.004 0.12 0.809017 0.587785 3.59914e-17 4.9538e-17 
0.1115 0.04 0.04 0.2 0 -0.012 0.12 0.309017 0.951057 -5.82354e-17 1.89218e-17 
0.111479 0.04 0.04 0.2 0 0.012 0.12 0.951057 -0.309017 -1.89218e-17 5.82354e-17 
0.108327 0.04 0.04 0.2 -0.008 -0.02 0.12 0.309017 0.951057 -5.82354e-17 1.89218e-17 
0.108326 0.04 0.04 0.2 0.008 0.02 0.12 0.951057 -0.309017 -1.89218e-17 5.82354e-17 
0.107813 0.04 0.04 0.2 -0.016 0.004 0.12 1 0 0 6.12323e-17 
0.107803 0.04 0.04 0.2 0.016 -0.004 0.12 6.12323e-17 1 -6.12323e-17 3.7494e-33 
0.0992264 0.04 0.04 0.2 0.02 0.004 0.12 -0.587785 0.809017 -4.9538e-17 -3.59915e-17 
0.0991389 0.04 0.04 0.2 -0.02 -0.004 0.12 0.809017 0.587785 3.59914e-17 4.9538e-17 
0.097272 0.04 0.04 0.2 -0.02 0.02 0.12 1 0 0 6.12323e-17 
0.0972548 0.04 0.04 0.2 0.02 -0.02 0.12 6.12323e-17 1 -6.12323e-17 3.7494e-33 
0.0935771 0.04 0.04 0.2 0.02 0.02 0.12 0.951057 -0.309017 -1.89218e-17 5.82354e-17 
0.0935769 0.04 0.04 0.2 -0.02 -0.02 0.12 0.309017 0.951057 -5.82354e-17 1.89218e-17 
0.0928481 0.04 0.04 0.2 -0.016 0.008 0.12 1 0 0 6.12323e-17 
0.0928392 0.04 0.04 0.2 0.016 -0.008 0.12 6.12323e-17 1 -6.12323e-17 3.7494e-33 
0.0798782 0.04 0.04 0.2 -0.016 0.012 0.12 1 0 0 6.12323e-17 
0.0798728 0.04 0.04 0.2 0.016 -0.012 0.12 6.12323e-17 1 -6.12323e-17 3.7494e-33 
0.0736549 0.04 0.04 0.2 -0.004 -0.02 0.12 0.309017 0.951057 -5.82354e-17 1.89218e-17 
0.0736542 0.04 0.04 0.2 0.004 0.02 0.12 0.951057 -0.309017 -1.89218e-17 5.82354e-17 
0.0683674 0.04 0.04 0.2 0.016 -0.016 0.12 6.12323e-17 1 -6.12323e-17 3.7494e-33 
0.0683635 0.04 0.04 0.2 -0.016 0.016 0.12 1 0 0 6.12323e-17 
0.0675545 0.04 0.04 0.2 -0.02 0.004 0.12 0.951057 0.309017 1.89218e-17 5.82354e-17 
0.0674766 0.04 0.04 0.2 0.02 -0.004 0.12 -0.309017 0.951057 -5.82354e-17 -1.89218e-17 
0.0578277 0.04 0.04 0.2 -0.016 0.02 0.12 1 0 0 6.12323e-17 
0.0578246 0.04 0.04 0.2 0.016 -0.02 0.12 6.12323e-17 1 -6.12323e-17 3.7494e-33 
0.0560344 0.04 0.04 0.2 0.02 0 0.12 -0.587785 0.809017 -4.9538e-17 -3.59915e-17 
0.0559989 0.04 0.04 0.2 -0.02 0 0.12 0.809017 0.587785 3.59914e-17 4.9538e-17 
0.0548696 0.04 0.04 0.2 -0.012 0 0.12 0.951057 0.309017 1.89218e-17 5.82354e-17 
0.0545567 0.04 0.04 0.2 0.012 0 0.12 -0.309017 0.951057 -5.82354e-17 -1.89218e-17 
0.0442659 0.04 0.04 0.2 0.016 0 0.12 -0.587785 0.809017 -4.9538e-17 -3.59915e-17 
0.0441434 0.04 0.04 0.2 -0.016 0 0.12 0.809017 0.587785 3.59914e-17 4.9538e-17 
0.0407524 0.04 0.04 0.2 0 -0.016 0.12 0.309017 0.951057 -5.82354e-17 1.89218e-17 
0.0407457 0.04 0.04 0.2 0 0.016 0.12 0.951057 -0.309017 -1.89218e-17 5.82354e-17 
0.036604 0.04 0.04 0.2 0.02 -0.02 0.12 -0.587785 0.809017 -4.9538e-17 -3.59915e-17 
0.0365676 0.04 0.04 0.2 -0.02 0.02 0.12 0.809017 0.587785 3.59914e-17 4.9538e-17 
0.0320621 0.04 0.04 0.2 0.012 -0.02 0.12 6.12323e-17 1 -6.12323e-17 3.7494e-33 
0.0320587 0.04 0.04 0.2 -0.012 0.02 0.12 1 0 0 6.12323e-17 
0.031295 0.04 0.04 0.2 -0.02 0.004 0.12 0.809017 0.587785 3.59914e-17 4.9538e-17 
0.0312838 0.04 0.04 0.2 0.02 -0.004 0.12 -0.587785 0.809017 -4.9538e-17 -3.59915e-17 
0.0274402 0.04 0.04 0.2 0.02 -0.016 0.12 -0.587785 0.809017 -4.9538e-17 -3.59915e-17 
0.0274293 0.04 0.04 0.2 -0.02 0.016 0.12 0.809017 0.587785 3.59914e-17 4.9538e-17 
0.0265656 0.04 0.04 0.2 -0.02 -0.02 0.12 0.587785 0.809017 -4.9538e-17 3.59915e-17 
0.0265295 0.04 0.04 0.2 0.02 0.02 0.12 0.809017 -0.587785 -3.59914e-17 4.9538e-17 
0.0263045 0.04 0.04 0.2 -0.016 0.004 0.12 0.951057 0.309017 1.89218e-17 5.82354e-17 
0.0262642 0.04 0.04 0.2 -0.016 -0.02 0.12 6.12323e-17 1 -6.12323e-17 3.7494e-33 
0.0262581 0.04 0.04 0.2 0.016 0.02 0.12 1 0 0 6.12323e-17 
0.0261573 0.04 0.04 0.2 0.016 -0.004 0.12 -0.309017 0.951057 -5.82354e-17 -1.89218e-17 
0.0251506 0.04 0.04 0.2 0.02 0.02 0.12 1 0 0 6.12323e-17 
0.0251425 0.04 0.04 0.2 -0.02 -0.02 0.12 6.12323e-17 1 -6.12323e-17 3.7494e-33 
0.0239312 0.04 0.04 0.2 -0.016 -0.02 0.12 0.587785 0.809017 -4.9538e-17 3.59915e-17 
0.02392 0.04 0.04 0.2 0.016 0.02 0.12 0.809017 -0.587785 -3.59914e-17 4.9538e-17 
0.0236986 0.04 0.04 0.2 -0.012 -0.02 0.12 6.12323e-17 1 -6.12323e-17 3.7494e-33 
0.0236896 0.04 0.04 0.2 0.012 0.02 0.12 1 0 0 6.12323e-17 
0.0212986 0.04 0.04 0.2 0.012 0 0.12 -0.587785 0.809017 -4.9538e-17 -3.59915e-17 
0.0210164 0.04 0.04 0.2 -0.012 0 0.12 0.809017 0.587785 3.59914e-17 4.9538e-17 
0.0208605 0.04 0.04 0.2 -0.02 0.008 0.12 0.809017 0.587785 3.59914e-17 4.9538e-17 
0.0208421 0.04 0.04 0.2 -0.02 0.012 0.12 0.809017 0.587785 3.59914e-17 4.9538e-17 
0.0208315 0.04 0.04 0.2 0.02 -0.008 0.12 -0.587785 0.809017 -4.9538e-17 -3.59915e-17 
0.0208254 0.04 0.04 0.2 0.02 -0.012 0.12 -0.587785 0.809017 -4.9538e-17 -3.59915e-17 
0.0187893 0.04 0.04 0.2 -0.008 -0.02 0.12 6.12323e-17 1 -6.12323e-17 3.7494e-33 
0.0187835 0.04 0.04 0.2 0.008 0.02 0.12 1 0 0 6.12323e-17 
0.0172159 0.04 0.04 0.2 0.016 -0.02 0.12 -0.587785 0.809017 -4.9538e-17 -3.59915e-17 
0.0170852 0.04 0.04 0.2 -0.016 0.02 0.12 0.809017 0.587785 3.59914e-17 4.9538e-17 
0.0170499 0.04 0.04 0.2 -0.008 0.02 0.12 1 0 0 6.12323e-17 
0.0170456 0.04 0.04 0.2 0.008 -0.02 0.12 6.12323e-17 1 -6.12323e-17 3.7494e-33 
0.0165037 0.04 0.04 0.2 -0.02 0.008 0.12 0.951057 0.309017 1.89218e-17 5.82354e-17 
0.0164452 0.04 0.04 0.2 0.02 -0.008 0.12 -0.309017 0.951057 -5.82354e-17 -1.89218e-17 
0.0149369 0.04 0.04 0.2 0.012 0.02 0.12 0.809017 -0.587785 -3.59914e-17 4.9538e-17 
0.014904 0.04 0.04 0.2 -0.012 -0.02 0.12 0.587785 0.809017 -4.9538e-17 3.59915e-17 
0.0134752 0.04 0.04 0.2 0.004 0.02 0.12 1 0 0 6.12323e-17 
0.0134712 0.04 0.04 0.2 -0.004 -0.02 0.12 6.12323e-17 1 -6.12323e-17 3.7494e-33 
0.0123874 0.04 0.04 0.2 -0.02 0.02 0.12 0.951057 0.309017 1.89218e-17 5.82354e-17 
0.0123752 0.04 0.04 0.2 0.02 -0.02 0.12 -0.309017 0.951057 -5.82354e-17 -1.89218e-17 
0.0106955 0.04 0.04 0.2 0 -0.02 0.12 0.309017 0.951057 -5.82354e-17 1.89218e-17 
0.0106952 0.04 0.04 0.2 0 0.02 0.12 0.951057 -0.309017 -1.89218e-17 5.82354e-17 
0.0104121 0.04 0.04 0.2 0.004 -0.02 0.12 6.12323e-17 1 -6.12323e-17 3.7494e-33 
0.0104073 0.04 0.04 0.2 -0.004 0.02 0.12 1 0 0 6.12323e-17 
0.00993931 0.04 0.04 0.2 0 0.02 0.12 1 0 0 6.12323e-17 
0.00993903 0.04 0.04 0.2 0 -0.02 0.12 6.12323e-17 1 -6.12323e-17 3.7494e-33 
0.0078238 0.04 0.04 0.2 0.04 0.016 0.08 -0.672498 -0.218508 0.672499 0.218508 
0.00782238 0.04 0.04 0.2 -0.04 -0.016 0.08 -0.218508 0.672498 -0.218508 0.672499 
0.00542431 0.04 0.04 0.2 0.04 0.012 0.08 -0.672498 -0.218508 0.672499 0.218508 
0.00542292 0.04 0.04 0.2 -0.04 -0.012 0.08 -0.218508 0.672498 -0.218508 0.672499 
0.0047432 0.04 0.04 0.2 -0.02 -0.016 0.12 0.587785 0.809017 -4.9538e-17 3.59915e-17 
0.00457327 0.04 0.04 0.2 0.02 0.016 0.12 0.809017 -0.587785 -3.59914e-17 4.9538e-17 
0.00455158 0.04 0.04 0.2 0.016 -0.004 0.12 -0.587785 0.809017 -4.9538e-17 -3.59915e-17 
0.00450613 0.04 0.04 0.2 -0.016 0.004 0.12 0.809017 0.587785 3.59914e-17 4.9538e-17 
0.00367002 0.04 0.04 0.2 0.04 0.02 0.08 -0.672498 -0.218508 0.672499 0.218508 
0.00366885 0.04 0.04 0.2 -0.04 -0.02 0.08 -0.218508 0.672498 -0.218508 0.672499 
0.00327357 0.04 0.04 0.2 -0.012 0.016 0.12 1 0 0 6.12323e-17 
0.00325795 0.04 0.04 0.2 0.012 -0.016 0.12 6.12323e-17 1 -6.12323e-17 3.7494e-33 
0.00217087 0.04 0.04 0.2 -0.04 0.004 0.08 0.707107 -4.32978e-17 0.707107 -4.32978e-17 
0.00217081 0.04 0.04 0.2 0.04 -0.004 0.08 0 -0.707107 0 0.707106 
0.00214435 0.04 0.04 0.2 -0.04 0.004 0.06 0.707107 -4.32978e-17 0.707107 -4.32978e-17 
0.00214429 0.04 0.04 0.2 0.04 -0.004 0.06 0 -0.707107 0 0.707106 
0.00145626 0.04 0.04 0.2 -0.02 0.016 0.12 0.951057 0.309017 1.89218e-17 5.82354e-17 
0.00143674 0.04 0.04 0.2 0.04 0.02 0.06 -0.672498 -0.218508 0.672499 0.218508 
0.00143597 0.04 0.04 0.2 -0.04 -0.02 0.06 -0.218508 0.672498 -0.218508 0.672499 
0.00143204 0.04 0.04 0.2 0.02 -0.016 0.12 -0.309017 0.951057 -5.82354e-17 -1.89218e-17 
0.000810149 0.04 0.04 0.2 -0.04 0.008 0.06 0.707107 -4.32978e-17 0.707107 -4.32978e-17 
0.000810113 0.04 0.04 0.2 0.04 -0.008 0.06 0 -0.707107 0 0.707106 
0.000806065 0.04 0.04 0.2 -0.04 0.008 0.08 0.707107 -4.32978e-17 0.707107 -4.32978e-17 
0.000806022 0.04 0.04 0.2 0.04 -0.008 0.08 0 -0.707107 0 0.707106 
0.000155908 0.04 0.04 0.2 -0.04 -0.016 0.08 0 0.707107 0 0.707106 
9.73629e-05 0.04 0.04 0.2 -0.04 -0.016 0.06 0 0.707107 0 0.707106 
8.99695e-05 0.04 0.04 0.2 0.008 0.02 0.12 0.809017 -0.587785 -3.59914e-17 4.9538e-17 
7.3116e-05 0.04 0.04 0.2 -0.04 -0.02 0.08 0 0.707107 0 0.707106 
7.00439e-05 0.04 0.04 0.2 -0.04 0.012 0.04 0.707107 -4.32978e-17 0.707107 -4.32978e-17 
7.00238e-05 0.04 0.04 0.2 0.04 -0.012 0.04 0 -0.707107 0 0.707106 
5.75768e-05 0.04 0.04 0.2 -0.04 0.012 0.06 0.707107 -4.32978e-17 0.707107 -4.32978e-17 
5.75508e-05 0.04 0.04 0.2 0.04 -0.012 0.06 0 -0.707107 0 0.707106 
4.56335e-05 0.04 0.04 0.2 -0.04 0.012 0.08 0.707107 -4.32978e-17 0.707107 -4.32978e-17 
4.56091e-05 0.04 0.04 0.2 0.04 -0.012 0.08 0 -0.707107 0 0.707106 
2.97834e-05 0.04 0.04 0.2 -0.04 -0.016 0.04 0 0.707107 0 0.707106 
2.86315e-05 0.04 0.04 0.2 -0.04 -0.02 0.06 0 0.707107 0 0.707106 
1.65924e-05 0.04 0.04 0.2 -0.008 -0.02 0.12 0.587785 0.809017 -4.9538e-17 3.59915e-17 
9.36892e-09 0.04 0.04 0.2 0.04 -0.008 0.08 -0.218508 -0.672498 0.218508 0.672499 
7.49678e-10 0.04 0.04 0.2 -0.02 0.04 0.08 0.218508 0.672499 -0.672499 0.218502 
5.32525e-10 0.04 0.04 0.2 0.04 -0.012 0.08 -0.218508 -0.672498 0.218508 0.672499 
2.40714e-10 0.04 0.04 0.2 0.02 0.04 0.08 -4.32978e-17 0.707107 -0.707107 4.32978e-17 
5.308e-11 0.04 0.04 0.2 0.02 0.04 0.08 0.572061 -0.415627 0.415627 0.572062 
5.07931e-11 0.04 0.04 0.2 0.02 -0.04 -0.02 -0.572061 0.415627 0.415627 0.572062 
4.99066e-11 0.04 0.04 0.2 0.016 -0.04 -0.02 -0.572061 0.415627 0.415627 0.572062 
4.84941e-11 0.04 0.04 0.2 0.012 -0.04 -0.02 -0.572061 0.415627 0.415627 0.572062 
4.66264e-11 0.04 0.04 0.2 0.008 -0.04 -0.02 -0.572061 0.415627 0.415627 0.572062 
2.79654e-11 0.04 0.04 0.2 0.02 0.04 0.06 0.572061 -0.415627 0.415627 0.572062 
1.04321e-11 0.04 0.04 0.2 0.02 -0.04 6.93889e-18 -0.572061 0.415627 0.415627 0.572062 
1.00482e-11 0.04 0.04 0.2 0.016 -0.04 6.93889e-18 -0.572061 0.415627 0.415627 0.572062 
9.22072e-12 0.04 0.04 0.2 0.012 -0.04 6.93889e-18 -0.572061 0.415627 0.415627 0.572062 
8.014e-12 0.04 0.04 0.2 0.008 -0.04 6.93889e-18 -0.572061 0.415627 0.415627 0.572062 
1.29583e-12 0.04 0.04 0.2 0.012 0.04 0.08 0.218508 -0.672499 0.672499 0.218502 
1.28679e-12 0.04 0.04 0.2 -0.012 -0.04 0.08 -0.672499 -0.218508 -0.218508 0.672498 
1.17225e-12 0.04 0.04 0.2 0.02 0.04 0.08 0.218508 -0.672499 0.672499 0.218502 
1.16382e-12 0.04 0.04 0.2 -0.02 -0.04 0.08 -0.672499 -0.218508 -0.218508 0.672498 
1.10834e-12 0.04 0.04 0.2 0.016 0.04 0.08 0.218508 -0.672499 0.672499 0.218502 
1.09969e-12 0.04 0.04 0.2 -0.016 -0.04 0.08 -0.672499 -0.218508 -0.218508 0.672498 
4.96237e-13 0.04 0.04 0.2 -0.02 -0.04 0.08 -0.707107 0 0 0.707106 
-1.75554e-14 0.04 0.04 0.2 -0.04 0.02 0.08 -0.672498 0.218508 -0.672499 0.218508 
-2.05526e-14 0.04 0.04 0.2 -0.04 0.02 0.06 -0.672498 0.218508 -0.672499 0.218508 
-6.05075e-14 0.04 0.04 0.2 -0.04 0.016 0.08 -0.672498 0.218508 -0.672499 0.218508 
-7.3089e-14 0.04 0.04 0.2 -0.04 0.016 0.06 -0.672498 0.218508 -0.672499 0.218508 
-1.19793e-13 0.04 0.04 0.2 -0.04 0.012 0.08 -0.672498 0.218508 -0.672499 0.218508 
-1.99693e-13 0.04 0.04 0.2 -0.04 0.008 0.08 -0.672498 0.218508 -0.672499 0.218508 
-6.17246e-12 0.04 0.04 0.2 0.02 0.04 0.08 0.415627 -0.572061 0.572061 0.415629 
-6.20763e-12 0.04 0.04 0.2 -0.02 -0.04 0.08 -0.572061 -0.415627 -0.415627 0.572062 
-7.54963e-12 0.04 0.04 0.2 0.02 0.04 0.04 0.572061 -0.415627 0.415627 0.572062 
-7.58058e-12 0.04 0.04 0.2 -0.02 -0.04 0.06 -0.572061 -0.415627 -0.415627 0.572062 
-7.6842e-12 0.04 0.04 0.2 0.02 0.04 0.06 0.415627 -0.572061 0.572061 0.415629 
-9.17491e-12 0.04 0.04 0.2 -0.016 -0.04 0.08 -0.572061 -0.415627 -0.415627 0.572062 
-9.36387e-12 0.04 0.04 0.2 0.016 0.04 0.08 0.415627 -0.572061 0.572061 0.415629 
-1.12046e-11 0.04 0.04 0.2 -0.016 -0.04 0.06 -0.572061 -0.415627 -0.415627 0.572062 
-1.15423e-11 0.04 0.04 0.2 0.016 0.04 0.06 0.415627 -0.572061 0.572061 0.415629 
-1.26951e-11 0.04 0.04 0.2 -0.012 -0.04 0.08 -0.572061 -0.415627 -0.415627 0.572062 
-1.31741e-11 0.04 0.04 0.2 0.012 0.04 0.08 0.415627 -0.572061 0.572061 0.415629 
-1.55047e-11 0.04 0.04 0.2 -0.012 -0.04 0.06 -0.572061 -0.415627 -0.415627 0.572062 
-1.61419e-11 0.04 0.04 0.2 0.012 0.04 0.06 0.415627 -0.572061 0.572061 0.415629 
-1.67356e-11 0.04 0.04 0.2 -0.008 -0.04 0.08 -0.572061 -0.415627 -0.415627 0.572062 
-1.75643e-11 0.04 0.04 0.2 0.008 0.04 0.08 0.415627 -0.572061 0.572061 0.415629 
-2.04393e-11 0.04 0.04 0.2 -0.008 -0.04 0.06 -0.572061 -0.415627 -0.415627 0.572062 
-2.09363e-11 0.04 0.04 0.2 0.016 0.04 0.08 0.572061 -0.415627 0.415627 0.572062 
-2.11644e-11 0.04 0.04 0.2 0.04 0.02 6.93889e-18 0.707107 -4.32978e-17 -0.707107 4.32978e-17 
-2.12555e-11 0.04 0.04 0.2 -0.004 -0.04 0.08 -0.572061 -0.415627 -0.415627 0.572062 
-2.14394e-11 0.04 0.04 0.2 0.008 0.04 0.06 0.415627 -0.572061 0.572061 0.415629 
-2.24861e-11 0.04 0.04 0.2 0.004 0.04 0.08 0.415627 -0.572061 0.572061 0.415629 
-2.27451e-11 0.04 0.04 0.2 0.04 0.02 0.02 0.707107 -4.32978e-17 -0.707107 4.32978e-17 
-2.3297e-11 0.04 0.04 0.2 0.04 0.02 0.08 0.707107 -4.32978e-17 -0.707107 4.32978e-17 
-2.35612e-11 0.04 0.04 0.2 0.04 0.016 6.93889e-18 0.707107 -4.32978e-17 -0.707107 4.32978e-17 
-2.36732e-11 0.04 0.04 0.2 0.04 0.02 0.04 0.707107 -4.32978e-17 -0.707107 4.32978e-17 
-2.38635e-11 0.04 0.04 0.2 0.04 0.02 0.06 0.707107 -4.32978e-17 -0.707107 4.32978e-17 
-2.53199e-11 0.04 0.04 0.2 0.04 0.016 0.02 0.707107 -4.32978e-17 -0.707107 4.32978e-17 
-2.59352e-11 0.04 0.04 0.2 0.04 0.016 0.08 0.707107 -4.32978e-17 -0.707107 4.32978e-17 
-2.63529e-11 0.04 0.04 0.2 0.04 0.016 0.04 0.707107 -4.32978e-17 -0.707107 4.32978e-17 
-2.65647e-11 0.04 0.04 0.2 0.04 0.016 0.06 0.707107 -4.32978e-17 -0.707107 4.32978e-17 
-3.42951e-11 0.04 0.04 0.2 0.016 -0.04 0.02 -0.572061 0.415627 0.415627 0.572062 
-3.44605e-11 0.04 0.04 0.2 0.012 -0.04 0.02 -0.572061 0.415627 0.415627 0.572062 
-3.44736e-11 0.04 0.04 0.2 0.02 -0.04 0.02 -0.572061 0.415627 0.415627 0.572062 
-3.49156e-11 0.04 0.04 0.2 0.008 -0.04 0.02 -0.572061 0.415627 0.415627 0.572062 
-4.35095e-11 0.04 0.04 0.2 -0.02 0.04 -0.02 0.415627 0.572061 -0.572061 0.415629 
-5.19659e-11 0.04 0.04 0.2 0.02 0.04 0.02 0.572061 -0.415627 0.415627 0.572062 
-6.13593e-11 0.04 0.04 0.2 0.016 0.04 0.06 0.572061 -0.415627 0.415627 0.572062 
-7.82562e-11 0.04 0.04 0.2 0.008 -0.04 0.04 -0.572061 0.415627 0.415627 0.572062 
-7.85764e-11 0.04 0.04 0.2 0.012 -0.04 0.04 -0.572061 0.415627 0.415627 0.572062 
-7.90896e-11 0.04 0.04 0.2 0.016 -0.04 0.04 -0.572061 0.415627 0.415627 0.572062 
-7.9126e-11 0.04 0.04 0.2 -0.02 -0.04 0.08 -0.415627 -0.572061 -0.572061 0.415629 
-7.98425e-11 0.04 0.04 0.2 0.02 -0.04 0.04 -0.572061 0.415627 0.415627 0.572062 
-9.4661e-11 0.04 0.04 0.2 -0.02 0.04 6.93889e-18 0.415627 0.572061 -0.572061 0.415629 
-9.62894e-11 0.04 0.04 0.2 -0.02 -0.04 0.06 -0.415627 -0.572061 -0.572061 0.415629 
-1.02332e-10 0.04 0.04 0.2 0.02 0.04 6.93889e-18 0.572061 -0.415627 0.415627 0.572062 
-1.12096e-10 0.04 0.04 0.2 0.016 0.04 0.04 0.572061 -0.415627 0.415627 0.572062 
-1.13512e-10 0.04 0.04 0.2 -0.02 -0.04 0.04 -0.415627 -0.572061 -0.572061 0.415629 
-1.16967e-10 0.04 0.04 0.2 0.012 0.04 0.08 0.572061 -0.415627 0.415627 0.572062 
-1.17923e-10 0.04 0.04 0.2 0.008 -0.04 0.06 -0.572061 0.415627 0.415627 0.572062 
-1.18969e-10 0.04 0.04 0.2 0.012 -0.04 0.06 -0.572061 0.415627 0.415627 0.572062 
-1.20117e-10 0.04 0.04 0.2 0.016 -0.04 0.06 -0.572061 0.415627 0.415627 0.572062 
-1.214e-10 0.04 0.04 0.2 0.02 -0.04 0.06 -0.572061 0.415627 0.415627 0.572062 
-1.29628e-10 0.04 0.04 0.2 -0.02 -0.04 0.02 -0.415627 -0.572061 -0.572061 0.415629 
-1.43402e-10 0.04 0.04 0.2 -0.02 -0.04 6.93889e-18 -0.415627 -0.572061 -0.572061 0.415629 
-1.47869e-10 0.04 0.04 0.2 -0.02 0.04 0.02 0.415627 0.572061 -0.572061 0.415629 
-1.48885e-10 0.04 0.04 0.2 -0.016 -0.04 0.08 -0.415627 -0.572061 -0.572061 0.415629 
-1.50284e-10 0.04 0.04 0.2 0.008 -0.04 0.08 -0.572061 0.415627 0.415627 0.572062 
-1.51947e-10 0.04 0.04 0.2 0.012 -0.04 0.08 -0.572061 0.415627 0.415627 0.572062 
-1.53626e-10 0.04 0.04 0.2 0.016 -0.04 0.08 -0.572061 0.415627 0.415627 0.572062 
-1.55348e-10 0.04 0.04 0.2 0.02 -0.04 0.08 -0.572061 0.415627 0.415627 0.572062 
-1.59266e-10 0.04 0.04 0.2 -0.016 0.04 -0.02 0.415627 0.572061 -0.572061 0.415629 
-1.59477e-10 0.04 0.04 0.2 0.02 -0.04 0.08 -0.672499 0.218508 0.218508 0.672498 
-1.70614e-10 0.04 0.04 0.2 0.016 0.04 0.02 0.572061 -0.415627 0.415627 0.572062 
-1.77334e-10 0.04 0.04 0.2 0.012 0.04 0.06 0.572061 -0.415627 0.415627 0.572062 
-1.81484e-10 0.04 0.04 0.2 -0.016 -0.04 0.06 -0.415627 -0.572061 -0.572061 0.415629 
-1.98303e-10 0.04 0.04 0.2 -0.02 0.04 0.04 0.415627 0.572061 -0.572061 0.415629 
-2.14282e-10 0.04 0.04 0.2 -0.016 -0.04 0.04 -0.415627 -0.572061 -0.572061 0.415629 
-2.22524e-10 0.04 0.04 0.2 -0.016 0.04 6.93889e-18 0.415627 0.572061 -0.572061 0.415629 
-2.32881e-10 0.04 0.04 0.2 0.016 0.04 6.93889e-18 0.572061 -0.415627 0.415627 0.572062 
-2.34426e-10 0.04 0.04 0.2 0.008 0.04 0.08 0.572061 -0.415627 0.415627 0.572062 
-2.38858e-10 0.04 0.04 0.2 -0.012 -0.04 0.08 -0.415627 -0.572061 -0.572061 0.415629 
-2.41222e-10 0.04 0.04 0.2 -0.02 0.04 0.06 0.415627 0.572061 -0.572061 0.415629 
-2.45071e-10 0.04 0.04 0.2 -0.016 -0.04 0.02 -0.415627 -0.572061 -0.572061 0.415629 
-2.47926e-10 0.04 0.04 0.2 0.012 0.04 0.04 0.572061 -0.415627 0.415627 0.572062 
-2.71486e-10 0.04 0.04 0.2 -0.016 -0.04 6.93889e-18 -0.415627 -0.572061 -0.572061 0.415629 
-2.72698e-10 0.04 0.04 0.2 -0.02 0.04 0.08 0.415627 0.572061 -0.572061 0.415629 
-2.84701e-10 0.04 0.04 0.2 -0.016 0.04 0.02 0.415627 0.572061 -0.572061 0.415629 
-2.9137e-10 0.04 0.04 0.2 -0.012 -0.04 0.06 -0.415627 -0.572061 -0.572061 0.415629 
-3.10193e-10 0.04 0.04 0.2 -0.012 0.04 -0.02 0.415627 0.572061 -0.572061 0.415629 
-3.19265e-10 0.04 0.04 0.2 0.008 0.04 0.06 0.572061 -0.415627 0.415627 0.572062 
-3.24872e-10 0.04 0.04 0.2 0.012 0.04 0.02 0.572061 -0.415627 0.415627 0.572062 
-3.40169e-10 0.04 0.04 0.2 -0.016 0.04 0.04 0.415627 0.572061 -0.572061 0.415629 
-3.44262e-10 0.04 0.04 0.2 -0.012 -0.04 0.04 -0.415627 -0.572061 -0.572061 0.415629 
-3.48408e-10 0.04 0.04 0.2 -0.008 -0.04 0.08 -0.415627 -0.572061 -0.572061 0.415629 
-3.83716e-10 0.04 0.04 0.2 -0.016 0.04 0.06 0.415627 0.572061 -0.572061 0.415629 
-3.89265e-10 0.04 0.04 0.2 -0.012 0.04 6.93889e-18 0.415627 0.572061 -0.572061 0.415629 
-3.93975e-10 0.04 0.04 0.2 -0.012 -0.04 0.02 -0.415627 -0.572061 -0.572061 0.415629 
-4.02719e-10 0.04 0.04 0.2 0.012 0.04 6.93889e-18 0.572061 -0.415627 0.415627 0.572062 
-4.11355e-10 0.04 0.04 0.2 -0.016 0.04 0.08 0.415627 0.572061 -0.572061 0.415629 
-4.14242e-10 0.04 0.04 0.2 0.008 0.04 0.04 0.572061 -0.415627 0.415627 0.572062 
-4.25166e-10 0.04 0.04 0.2 -0.008 -0.04 0.06 -0.415627 -0.572061 -0.572061 0.415629 
-4.36702e-10 0.04 0.04 0.2 -0.012 -0.04 6.93889e-18 -0.415627 -0.572061 -0.572061 0.415629 
-4.63179e-10 0.04 0.04 0.2 -0.012 0.04 0.02 0.415627 0.572061 -0.572061 0.415629 
-4.95422e-10 0.04 0.04 0.2 -0.008 0.04 -0.02 0.415627 0.572061 -0.572061 0.415629 
-5.02525e-10 0.04 0.04 0.2 -0.008 -0.04 0.04 -0.415627 -0.572061 -0.572061 0.415629 
-5.13837e-10 0.04 0.04 0.2 0.008 0.04 0.02 0.572061 -0.415627 0.415627 0.572062 
-5.25256e-10 0.04 0.04 0.2 -0.012 0.04 0.04 0.415627 0.572061 -0.572061 0.415629 
-5.6967e-10 0.04 0.04 0.2 -0.012 0.04 0.06 0.415627 0.572061 -0.572061 0.415629 
-5.75285e-10 0.04 0.04 0.2 -0.008 -0.04 0.02 -0.415627 -0.572061 -0.572061 0.415629 
-5.9235e-10 0.04 0.04 0.2 -0.012 0.04 0.08 0.415627 0.572061 -0.572061 0.415629 
-5.93933e-10 0.04 0.04 0.2 -0.008 0.04 6.93889e-18 0.415627 0.572061 -0.572061 0.415629 
-6.10863e-10 0.04 0.04 0.2 0.008 0.04 6.93889e-18 0.572061 -0.415627 0.415627 0.572062 
-6.37874e-10 0.04 0.04 0.2 -0.008 -0.04 6.93889e-18 -0.415627 -0.572061 -0.572061 0.415629 
-6.82289e-10 0.04 0.04 0.2 -0.008 0.04 0.02 0.415627 0.572061 -0.572061 0.415629 
-7.5252e-10 0.04 0.04 0.2 -0.008 0.04 0.04 0.415627 0.572061 -0.572061 0.415629 
-7.98041e-10 0.04 0.04 0.2 -0.008 0.04 0.06 0.415627 0.572061 -0.572061 0.415629 
-8.1467e-10 0.04 0.04 0.2 -0.008 0.04 0.08 0.415627 0.572061 -0.572061 0.415629 
-2.28534e-09 0.04 0.04 0.2 0.04 -0.02 0.06 -0.218508 -0.672498 0.218508 0.672499 
-2.30159e-09 0.04 0.04 0.2 0.04 -0.02 0.08 -0.218508 -0.672498 0.218508 0.672499 
-2.68858e-09 0.04 0.04 0.2 0.04 -0.016 0.06 -0.218508 -0.672498 0.218508 0.672499 
-2.7854e-09 0.04 0.04 0.2 0.04 -0.016 0.08 -0.218508 -0.672498 0.218508 0.672499 
-2.04436e-07 0.04 0.04 0.2 -0.04 0.016 0.08 -0.572061 0.415627 -0.572061 0.415629 
-2.04442e-07 0.04 0.04 0.2 0.04 -0.016 0.08 -0.415627 -0.572061 0.415627 0.572062 
-2.9268e-07 0.04 0.04 0.2 -0.04 0.02 0.08 -0.572061 0.415627 -0.572061 0.415629 
-2.92691e-07 0.04 0.04 0.2 0.04 -0.02 0.08 -0.415627 -0.572061 0.415627 0.572062 
-2.11282e-05 0.04 0.04 0.2 -0.04 -0.02 0.04 0 0.707107 0 0.707106 
-4.06184e-05 0.04 0.04 0.2 0.04 -0.016 -0.02 0 -0.707107 0 0.707106 
-4.06206e-05 0.04 0.04 0.2 -0.04 -0.016 0.02 0 0.707107 0 0.707106 
-4.0626e-05 0.04 0.04 0.2 -0.04 0.016 -0.02 0.707107 -4.32978e-17 0.707107 -4.32978e-17 
-7.15753e-05 0.04 0.04 0.2 0.04 -0.02 -0.02 0 -0.707107 0 0.707106 
-7.1576e-05 0.04 0.04 0.2 -0.04 -0.02 0.02 0 0.707107 0 0.707106 
-7.15767e-05 0.04 0.04 0.2 -0.04 0.02 -0.02 0.707107 -4.32978e-17 0.707107 -4.32978e-17 
-0.000107194 0.04 0.04 0.2 0.04 -0.016 6.93889e-18 0 -0.707107 0 0.707106 
-0.000107195 0.04 0.04 0.2 -0.04 0.016 6.93889e-18 0.707107 -4.32978e-17 0.707107 -4.32978e-17 
-0.000107196 0.04 0.04 0.2 -0.04 -0.016 6.93889e-18 0 0.707107 0 0.707106 
-0.000117943 0.04 0.04 0.2 0.04 -0.02 6.93889e-18 0 -0.707107 0 0.707106 
-0.000117949 0.04 0.04 0.2 -0.04 0.02 6.93889e-18 0.707107 -4.32978e-17 0.707107 -4.32978e-17 
-0.000117949 0.04 0.04 0.2 -0.04 -0.02 6.93889e-18 0 0.707107 0 0.707106 
-0.000156022 0.04 0.04 0.2 0.04 -0.02 0.02 0 -0.707107 0 0.707106 
-0.00015603 0.04 0.04 0.2 -0.04 0.02 0.02 0.707107 -4.32978e-17 0.707107 -4.32978e-17 
-0.0001639 0.04 0.04 0.2 -0.04 0.016 0.02 0.707107 -4.32978e-17 0.707107 -4.32978e-17 
-0.000163902 0.04 0.04 0.2 0.04 -0.016 0.02 0 -0.707107 0 0.707106 
-0.000182784 0.04 0.04 0.2 0.04 -0.02 0.04 0 -0.707107 0 0.707106 
-0.000182789 0.04 0.04 0.2 -0.04 0.02 0.04 0.707107 -4.32978e-17 0.707107 -4.32978e-17 
-0.000196766 0.04 0.04 0.2 0.04 -0.02 0.06 0 -0.707107 0 0.707106 
-0.000196778 0.04 0.04 0.2 -0.04 0.02 0.06 0.707107 -4.32978e-17 0.707107 -4.32978e-17 
-0.000198158 0.04 0.04 0.2 0.04 -0.02 0.08 0 -0.707107 0 0.707106 
-0.000198166 0.04 0.04 0.2 -0.04 0.02 0.08 0.707107 -4.32978e-17 0.707107 -4.32978e-17 
-0.000206174 0.04 0.04 0.2 -0.04 0.016 0.04 0.707107 -4.32978e-17 0.707107 -4.32978e-17 
-0.000206179 0.04 0.04 0.2 0.04 -0.016 0.04 0 -0.707107 0 0.707106 
-0.00022466 0.04 0.04 0.2 0.016 -0.016 0.12 -0.587785 0.809017 -4.9538e-17 -3.59915e-17 
-0.000231555 0.04 0.04 0.2 -0.04 0.016 0.06 0.707107 -4.32978e-17 0.707107 -4.32978e-17 
-0.000231564 0.04 0.04 0.2 0.04 -0.016 0.06 0 -0.707107 0 0.707106 
-0.000239864 0.04 0.04 0.2 -0.04 0.016 0.08 0.707107 -4.32978e-17 0.707107 -4.32978e-17 
-0.000239871 0.04 0.04 0.2 0.04 -0.016 0.08 0 -0.707107 0 0.707106 
-0.000306645 0.04 0.04 0.2 -0.016 0.016 0.12 0.809017 0.587785 3.59914e-17 4.9538e-17 
-0.000770432 0.04 0.04 0.2 -0.02 0.012 0.12 0.951057 0.309017 1.89218e-17 5.82354e-17 
-0.000807399 0.04 0.04 0.2 0.02 -0.012 0.12 -0.309017 0.951057 -5.82354e-17 -1.89218e-17 
-0.00105994 0.04 0.04 0.2 0.04 0.02 0.04 -0.672498 -0.218508 0.672499 0.218508 
-0.00106032 0.04 0.04 0.2 -0.04 -0.02 0.04 -0.218508 0.672498 -0.218508 0.672499 
-0.00359149 0.04 0.04 0.2 -0.04 -0.02 0.02 -0.218508 0.672498 -0.218508 0.672499 
-0.00359157 0.04 0.04 0.2 0.04 0.02 0.02 -0.672498 -0.218508 0.672499 0.218508 
-0.0059179 0.04 0.04 0.2 -0.04 -0.02 6.93889e-18 -0.218508 0.672498 -0.218508 0.672499 
-0.00591869 0.04 0.04 0.2 0.04 0.02 6.93889e-18 -0.672498 -0.218508 0.672499 0.218508 
-0.00782844 0.04 0.04 0.2 0.04 -0.02 0.02 0.218508 -0.672498 -0.218508 0.672499 
-0.00782845 0.04 0.04 0.2 -0.04 0.02 0.02 0.672498 0.218508 0.672499 0.218508 
-0.00782868 0.04 0.04 0.2 -0.04 -0.02 -0.02 -0.218508 0.672498 -0.218508 0.672499 
-0.00783013 0.04 0.04 0.2 0.04 0.02 -0.02 -0.672498 -0.218508 0.672499 0.218508 
-0.00917117 0.04 0.04 0.2 0.04 -0.02 0.04 0.218508 -0.672498 -0.218508 0.672499 
-0.00917132 0.04 0.04 0.2 -0.04 0.02 0.04 0.672498 0.218508 0.672499 0.218508 
-0.00917149 0.04 0.04 0.2 -0.04 -0.02 -0.04 -0.218508 0.672498 -0.218508 0.672499 
-0.00917318 0.04 0.04 0.2 0.04 0.02 -0.04 -0.672498 -0.218508 0.672499 0.218508 
-0.00987224 0.04 0.04 0.2 0.04 -0.02 0.06 0.218508 -0.672498 -0.218508 0.672499 
-0.00987271 0.04 0.04 0.2 -0.04 0.02 0.06 0.672498 0.218508 0.672499 0.218508 
-0.00994233 0.04 0.04 0.2 0.04 -0.02 0.08 0.218508 -0.672498 -0.218508 0.672499 
-0.00994263 0.04 0.04 0.2 -0.04 0.02 0.08 0.672498 0.218508 0.672499 0.218508 
-0.0109773 0.04 0.04 0.2 0.02 0.016 0.12 1 0 0 6.12323e-17 
-0.0109822 0.04 0.04 0.2 -0.02 -0.016 0.12 6.12323e-17 1 -6.12323e-17 3.7494e-33 
-0.0120715 0.04 0.04 0.2 0.016 -0.012 0.12 -0.587785 0.809017 -4.9538e-17 -3.59915e-17 
-0.0121111 0.04 0.04 0.2 -0.016 0.012 0.12 0.809017 0.587785 3.59914e-17 4.9538e-17 
-0.0123582 0.04 0.04 0.2 0.016 -0.008 0.12 -0.587785 0.809017 -4.9538e-17 -3.59915e-17 
-0.0123814 0.04 0.04 0.2 -0.016 0.008 0.12 0.809017 0.587785 3.59914e-17 4.9538e-17 
-0.0131039 0.04 0.04 0.2 0.008 0 0.12 -0.587785 0.809017 -4.9538e-17 -3.59915e-17 
-0.0135984 0.04 0.04 0.2 -0.008 0 0.12 0.809017 0.587785 3.59914e-17 4.9538e-17 
-0.0147235 0.04 0.04 0.2 0.012 -0.02 0.12 -0.587785 0.809017 -4.9538e-17 -3.59915e-17 
-0.0150273 0.04 0.04 0.2 -0.012 0.02 0.12 0.809017 0.587785 3.59914e-17 4.9538e-17 
-0.0192207 0.04 0.04 0.2 0.004 0.02 0.12 0.809017 -0.587785 -3.59914e-17 4.9538e-17 
-0.019311 0.04 0.04 0.2 -0.004 -0.02 0.12 0.587785 0.809017 -4.9538e-17 3.59915e-17 
-0.0223105 0.04 0.04 0.2 -0.016 0.02 0.12 0.951057 0.309017 1.89218e-17 5.82354e-17 
-0.0223344 0.04 0.04 0.2 0.016 -0.02 0.12 -0.309017 0.951057 -5.82354e-17 -1.89218e-17 
-0.0254614 0.04 0.04 0.2 0.016 0.016 0.12 1 0 0 6.12323e-17 
-0.0254712 0.04 0.04 0.2 -0.016 -0.016 0.12 6.12323e-17 1 -6.12323e-17 3.7494e-33 
-0.0346314 0.04 0.04 0.2 -0.016 0.008 0.12 0.951057 0.309017 1.89218e-17 5.82354e-17 
-0.0347367 0.04 0.04 0.2 0.016 -0.008 0.12 -0.309017 0.951057 -5.82354e-17 -1.89218e-17 
-0.0349277 0.04 0.04 0.2 -0.016 -0.016 0.12 0.587785 0.809017 -4.9538e-17 3.59915e-17 
-0.0351999 0.04 0.04 0.2 0.016 0.016 0.12 0.809017 -0.587785 -3.59914e-17 4.9538e-17 
-0.0366394 0.04 0.04 0.2 0.012 -0.004 0.12 -0.587785 0.809017 -4.9538e-17 -3.59915e-17 
-0.0368049 0.04 0.04 0.2 -0.012 0.004 0.12 0.809017 0.587785 3.59914e-17 4.9538e-17 
-0.0373922 0.04 0.04 0.2 0.012 -0.012 0.12 6.12323e-17 1 -6.12323e-17 3.7494e-33 
-0.0373933 0.04 0.04 0.2 -0.012 0.012 0.12 1 0 0 6.12323e-17 
-0.0385248 0.04 0.04 0.2 -0.02 -0.012 0.12 0.587785 0.809017 -4.9538e-17 3.59915e-17 
-0.038882 0.04 0.04 0.2 0.02 0.012 0.12 0.809017 -0.587785 -3.59914e-17 4.9538e-17 
-0.0389781 0.04 0.04 0.2 -0.008 0.016 0.12 1 0 0 6.12323e-17 
-0.0389876 0.04 0.04 0.2 0.008 -0.016 0.12 6.12323e-17 1 -6.12323e-17 3.7494e-33 
-0.0397403 0.04 0.04 0.2 0.004 -0.008 0.12 0.309017 0.951057 -5.82354e-17 1.89218e-17 
-0.0397842 0.04 0.04 0.2 -0.004 0.008 0.12 0.951057 -0.309017 -1.89218e-17 5.82354e-17 
-0.0407599 0.04 0.04 0.2 0 0.02 0.12 0.809017 -0.587785 -3.59914e-17 4.9538e-17 
-0.0407943 0.04 0.04 0.2 0 -0.02 0.12 0.587785 0.809017 -4.9538e-17 3.59915e-17 
-0.041446 0.04 0.04 0.2 0.012 0.016 0.12 1 0 0 6.12323e-17 
-0.0414473 0.04 0.04 0.2 -0.012 -0.016 0.12 6.12323e-17 1 -6.12323e-17 3.7494e-33 
-0.0427696 0.04 0.04 0.2 0.012 -0.016 0.12 -0.587785 0.809017 -4.9538e-17 -3.59915e-17 
-0.043 0.04 0.04 0.2 -0.012 0.016 0.12 0.809017 0.587785 3.59914e-17 4.9538e-17 
-0.0441005 0.04 0.04 0.2 -0.016 0.016 0.12 0.951057 0.309017 1.89218e-17 5.82354e-17 
-0.0441437 0.04 0.04 0.2 0.016 -0.016 0.12 -0.309017 0.951057 -5.82354e-17 -1.89218e-17 
-0.052596 0.04 0.04 0.2 -0.016 0.012 0.12 0.951057 0.309017 1.89218e-17 5.82354e-17 
-0.0526684 0.04 0.04 0.2 0.016 -0.012 0.12 -0.309017 0.951057 -5.82354e-17 -1.89218e-17 
-0.0564794 0.04 0.04 0.2 0.008 0.016 0.12 1 0 0 6.12323e-17 
-0.0564819 0.04 0.04 0.2 -0.008 -0.016 0.12 6.12323e-17 1 -6.12323e-17 3.7494e-33 
-0.059066 0.04 0.04 0.2 0.004 0 0.12 -0.587785 0.809017 -4.9538e-17 -3.59915e-17 
-0.0591266 0.04 0.04 0.2 0.008 -0.02 0.12 -0.587785 0.809017 -4.9538e-17 -3.59915e-17 
-0.0596638 0.04 0.04 0.2 -0.008 0.02 0.12 0.809017 0.587785 3.59914e-17 4.9538e-17 
-0.0597974 0.04 0.04 0.2 -0.004 0 0.12 0.809017 0.587785 3.59914e-17 4.9538e-17 
-0.0598245 0.04 0.04 0.2 0.02 0.012 0.12 1 0 0 6.12323e-17 
-0.0598358 0.04 0.04 0.2 -0.02 -0.012 0.12 6.12323e-17 1 -6.12323e-17 3.7494e-33 
-0.0610792 0.04 0.04 0.2 0.012 -0.012 0.12 -0.587785 0.809017 -4.9538e-17 -3.59915e-17 
-0.0612351 0.04 0.04 0.2 -0.012 0.012 0.12 0.809017 0.587785 3.59914e-17 4.9538e-17 
-0.0613555 0.04 0.04 0.2 0.004 -0.02 0.12 0.587785 0.809017 -4.9538e-17 3.59915e-17 
-0.061511 0.04 0.04 0.2 -0.004 0.02 0.12 0.809017 -0.587785 -3.59914e-17 4.9538e-17 
-0.0615935 0.04 0.04 0.2 0.012 -0.008 0.12 -0.587785 0.809017 -4.9538e-17 -3.59915e-17 
-0.0617186 0.04 0.04 0.2 -0.012 0.008 0.12 0.809017 0.587785 3.59914e-17 4.9538e-17 
-0.0623379 0.04 0.04 0.2 0.004 -0.016 0.12 6.12323e-17 1 -6.12323e-17 3.7494e-33 
-0.0623403 0.04 0.04 0.2 -0.004 0.016 0.12 1 0 0 6.12323e-17 
-0.0673704 0.04 0.04 0.2 -0.004 -0.016 0.12 6.12323e-17 1 -6.12323e-17 3.7494e-33 
-0.0673785 0.04 0.04 0.2 0.004 0.016 0.12 1 0 0 6.12323e-17 
-0.0705567 0.04 0.04 0.2 0 -0.016 0.12 6.12323e-17 1 -6.12323e-17 3.7494e-33 
-0.0705708 0.04 0.04 0.2 0 0.016 0.12 1 0 0 6.12323e-17 
-0.0772076 0.04 0.04 0.2 0.008 -0.02 0.12 0.587785 0.809017 -4.9538e-17 3.59915e-17 
-0.0777353 0.04 0.04 0.2 -0.008 0.02 0.12 0.809017 -0.587785 -3.59914e-17 4.9538e-17 
-0.082779 0.04 0.04 0.2 -0.012 0.004 0.12 0.951057 0.309017 1.89218e-17 5.82354e-17 
-0.0830155 0.04 0.04 0.2 0.012 -0.004 0.12 -0.309017 0.951057 -5.82354e-17 -1.89218e-17 
-0.0871868 0.04 0.04 0.2 0.004 -0.02 0.12 0.309017 0.951057 -5.82354e-17 1.89218e-17 
-0.087188 0.04 0.04 0.2 -0.004 0.02 0.12 0.951057 -0.309017 -1.89218e-17 5.82354e-17 
-0.089005 0.04 0.04 0.2 -0.012 0.008 0.12 1 0 0 6.12323e-17 
-0.0890069 0.04 0.04 0.2 0.012 -0.008 0.12 6.12323e-17 1 -6.12323e-17 3.7494e-33 
-0.0923613 0.04 0.04 0.2 0.008 -0.004 0.12 -0.587785 0.809017 -4.9538e-17 -3.59915e-17 
-0.0926865 0.04 0.04 0.2 -0.008 0.004 0.12 0.809017 0.587785 3.59914e-17 4.9538e-17 
-0.092766 0.04 0.04 0.2 -0.012 -0.016 0.12 0.587785 0.809017 -4.9538e-17 3.59915e-17 
-0.0931663 0.04 0.04 0.2 0.012 0.016 0.12 0.809017 -0.587785 -3.59914e-17 4.9538e-17 
-0.0939578 0.04 0.04 0.2 -0.012 0.02 0.12 0.951057 0.309017 1.89218e-17 5.82354e-17 
-0.0939954 0.04 0.04 0.2 0.012 -0.02 0.12 -0.309017 0.951057 -5.82354e-17 -1.89218e-17 
-0.0963936 0.04 0.04 0.2 0.016 0.012 0.12 1 0 0 6.12323e-17 
-0.0964013 0.04 0.04 0.2 -0.016 -0.012 0.12 6.12323e-17 1 -6.12323e-17 3.7494e-33 
-0.0964344 0.04 0.04 0.2 0.004 -0.012 0.12 0.309017 0.951057 -5.82354e-17 1.89218e-17 
-0.0964561 0.04 0.04 0.2 -0.004 0.012 0.12 0.951057 -0.309017 -1.89218e-17 5.82354e-17 
-0.100092 0.04 0.04 0.2 0.008 -0.016 0.12 -0.587785 0.809017 -4.9538e-17 -3.59915e-17 
-0.10052 0.04 0.04 0.2 -0.008 0.016 0.12 0.809017 0.587785 3.59914e-17 4.9538e-17 
-0.106343 0.04 0.04 0.2 -0.02 -0.008 0.12 0.587785 0.809017 -4.9538e-17 3.59915e-17 
-0.10693 0.04 0.04 0.2 0.02 0.008 0.12 0.809017 -0.587785 -3.59914e-17 4.9538e-17 
-0.107434 0.04 0.04 0.2 0.004 -0.016 0.12 0.309017 0.951057 -5.82354e-17 1.89218e-17 
-0.107441 0.04 0.04 0.2 -0.004 0.016 0.12 0.951057 -0.309017 -1.89218e-17 5.82354e-17 
-0.115785 0.04 0.04 0.2 0.004 -0.02 0.12 -0.587785 0.809017 -4.9538e-17 -3.59915e-17 
-0.116159 0.04 0.04 0.2 0.008 -0.012 0.12 6.12323e-17 1 -6.12323e-17 3.7494e-33 
-0.116176 0.04 0.04 0.2 -0.008 0.012 0.12 1 0 0 6.12323e-17 
-0.11659 0.04 0.04 0.2 -0.004 0.02 0.12 0.809017 0.587785 3.59914e-17 4.9538e-17 
-0.120104 0.04 0.04 0.2 -0.02 -0.008 0.12 6.12323e-17 1 -6.12323e-17 3.7494e-33 
-0.120106 0.04 0.04 0.2 0.02 0.008 0.12 1 0 0 6.12323e-17 
-0.126107 0.04 0.04 0.2 0.008 -0.012 0.12 -0.587785 0.809017 -4.9538e-17 -3.59915e-17 
-0.126428 0.04 0.04 0.2 -0.008 0.012 0.12 0.809017 0.587785 3.59914e-17 4.9538e-17 
-0.126822 0.04 0.04 0.2 0.008 -0.008 0.12 -0.587785 0.809017 -4.9538e-17 -3.59915e-17 
-0.127103 0.04 0.04 0.2 -0.008 0.008 0.12 0.809017 0.587785 3.59914e-17 4.9538e-17 
-0.131179 0.04 0.04 0.2 0.012 0.012 0.12 1 0 0 6.12323e-17 
-0.131186 0.04 0.04 0.2 -0.012 -0.012 0.12 6.12323e-17 1 -6.12323e-17 3.7494e-33 
-0.131251 0.04 0.04 0.2 -0.016 -0.012 0.12 0.587785 0.809017 -4.9538e-17 3.59915e-17 
-0.131888 0.04 0.04 0.2 0.016 0.012 0.12 0.809017 -0.587785 -3.59914e-17 4.9538e-17 
-0.134582 0.04 0.04 0.2 -0.012 0.016 0.12 0.951057 0.309017 1.89218e-17 5.82354e-17 
-0.134652 0.04 0.04 0.2 0.012 -0.016 0.12 -0.309017 0.951057 -5.82354e-17 -1.89218e-17 
-0.146121 0.04 0.04 0.2 -0.012 0.008 0.12 0.951057 0.309017 1.89218e-17 5.82354e-17 
-0.146294 0.04 0.04 0.2 0.012 -0.008 0.12 -0.309017 0.951057 -5.82354e-17 -1.89218e-17 
-0.150507 0.04 0.04 0.2 0.012 -0.004 0.12 6.12323e-17 1 -6.12323e-17 3.7494e-33 
-0.150523 0.04 0.04 0.2 -0.012 0.004 0.12 1 0 0 6.12323e-17 
-0.15715 0.04 0.04 0.2 -0.012 0.012 0.12 0.951057 0.309017 1.89218e-17 5.82354e-17 
-0.157266 0.04 0.04 0.2 0.012 -0.012 0.12 -0.309017 0.951057 -5.82354e-17 -1.89218e-17 
-0.160236 0.04 0.04 0.2 0.008 0.012 0.12 1 0 0 6.12323e-17 
-0.160244 0.04 0.04 0.2 -0.008 -0.012 0.12 6.12323e-17 1 -6.12323e-17 3.7494e-33 
-0.162216 0.04 0.04 0.2 -0.004 0.012 0.12 1 0 0 6.12323e-17 
-0.162216 0.04 0.04 0.2 0.004 -0.012 0.12 6.12323e-17 1 -6.12323e-17 3.7494e-33 
-0.16255 0.04 0.04 0.2 0.004 -0.004 0.12 -0.587785 0.809017 -4.9538e-17 -3.59915e-17 
-0.163059 0.04 0.04 0.2 -0.004 0.004 0.12 0.809017 0.587785 3.59914e-17 4.9538e-17 
-0.167966 0.04 0.04 0.2 -0.008 -0.016 0.12 0.587785 0.809017 -4.9538e-17 3.59915e-17 
-0.168524 0.04 0.04 0.2 0.008 0.016 0.12 0.809017 -0.587785 -3.59914e-17 4.9538e-17 
-0.171956 0.04 0.04 0.2 0.004 -0.016 0.12 -0.587785 0.809017 -4.9538e-17 -3.59915e-17 
-0.172607 0.04 0.04 0.2 -0.004 0.016 0.12 0.809017 0.587785 3.59914e-17 4.9538e-17 
-0.178679 0.04 0.04 0.2 0.004 0.012 0.12 1 0 0 6.12323e-17 
-0.178679 0.04 0.04 0.2 -0.004 -0.012 0.12 6.12323e-17 1 -6.12323e-17 3.7494e-33 
-0.181181 0.04 0.04 0.2 0 0.012 0.12 1 0 0 6.12323e-17 
-0.181194 0.04 0.04 0.2 0 -0.012 0.12 6.12323e-17 1 -6.12323e-17 3.7494e-33 
-0.185092 0.04 0.04 0.2 0.016 0.008 0.12 1 0 0 6.12323e-17 
-0.185103 0.04 0.04 0.2 -0.016 -0.008 0.12 6.12323e-17 1 -6.12323e-17 3.7494e-33 
-0.190336 0.04 0.04 0.2 0.02 0.004 0.12 1 0 0 6.12323e-17 
-0.190354 0.04 0.04 0.2 -0.02 -0.004 0.12 6.12323e-17 1 -6.12323e-17 3.7494e-33 
-0.200054 0.04 0.04 0.2 -0.02 -0.004 0.12 0.587785 0.809017 -4.9538e-17 3.59915e-17 
-0.200902 0.04 0.04 0.2 0.02 0.004 0.12 0.809017 -0.587785 -3.59914e-17 4.9538e-17 
-0.206922 0.04 0.04 0.2 0.004 -0.012 0.12 -0.587785 0.809017 -4.9538e-17 -3.59915e-17 
-0.20743 0.04 0.04 0.2 -0.004 0.012 0.12 0.809017 0.587785 3.59914e-17 4.9538e-17 
-0.207874 0.04 0.04 0.2 0.004 -0.008 0.12 -0.587785 0.809017 -4.9538e-17 -3.59915e-17 
-0.208317 0.04 0.04 0.2 -0.004 0.008 0.12 0.809017 0.587785 3.59914e-17 4.9538e-17 
-0.211811 0.04 0.04 0.2 -0.008 0.02 0.12 0.951057 0.309017 1.89218e-17 5.82354e-17 
-0.211862 0.04 0.04 0.2 0.008 -0.02 0.12 -0.309017 0.951057 -5.82354e-17 -1.89218e-17 
-0.213255 0.04 0.04 0.2 -0.008 0.008 0.12 1 0 0 6.12323e-17 
-0.213264 0.04 0.04 0.2 0.008 -0.008 0.12 6.12323e-17 1 -6.12323e-17 3.7494e-33 
-0.228325 0.04 0.04 0.2 0.008 -0.02 0.12 0.309017 0.951057 -5.82354e-17 1.89218e-17 
-0.228326 0.04 0.04 0.2 -0.008 0.02 0.12 0.951057 -0.309017 -1.89218e-17 5.82354e-17 
-0.243967 0.04 0.04 0.2 0.012 0.008 0.12 1 0 0 6.12323e-17 
-0.243989 0.04 0.04 0.2 -0.012 -0.008 0.12 6.12323e-17 1 -6.12323e-17 3.7494e-33 
-0.258155 0.04 0.04 0.2 -0.012 -0.012 0.12 0.587785 0.809017 -4.9538e-17 3.59915e-17 
-0.258711 0.04 0.04 0.2 -0.004 -0.016 0.12 0.587785 0.809017 -4.9538e-17 3.59915e-17 
-0.259139 0.04 0.04 0.2 0.012 0.012 0.12 0.809017 -0.587785 -3.59914e-17 4.9538e-17 
-0.259492 0.04 0.04 0.2 0.004 0.016 0.12 0.809017 -0.587785 -3.59914e-17 4.9538e-17 
-0.268023 0.04 0.04 0.2 -0.016 -0.008 0.12 0.587785 0.809017 -4.9538e-17 3.59915e-17 
-0.269103 0.04 0.04 0.2 0.016 0.008 0.12 0.809017 -0.587785 -3.59914e-17 4.9538e-17 
-0.279591 0.04 0.04 0.2 -0.008 0.004 0.12 0.951057 0.309017 1.89218e-17 5.82354e-17 
-0.279938 0.04 0.04 0.2 0.008 -0.004 0.12 -0.309017 0.951057 -5.82354e-17 -1.89218e-17 
-0.281933 0.04 0.04 0.2 -0.008 0.016 0.12 0.951057 0.309017 1.89218e-17 5.82354e-17 
-0.282036 0.04 0.04 0.2 0.008 -0.016 0.12 -0.309017 0.951057 -5.82354e-17 -1.89218e-17 
-0.287765 0.04 0.04 0.2 0.004 -0.008 0.12 6.12323e-17 1 -6.12323e-17 3.7494e-33 
-0.287772 0.04 0.04 0.2 -0.004 0.008 0.12 1 0 0 6.12323e-17 
-0.289934 0.04 0.04 0.2 0.016 0.004 0.12 1 0 0 6.12323e-17 
-0.289947 0.04 0.04 0.2 -0.016 -0.004 0.12 6.12323e-17 1 -6.12323e-17 3.7494e-33 
-0.290845 0.04 0.04 0.2 0.008 0.008 0.12 1 0 0 6.12323e-17 
-0.29085 0.04 0.04 0.2 -0.008 -0.008 0.12 6.12323e-17 1 -6.12323e-17 3.7494e-33 
-0.313289 0.04 0.04 0.2 0.008 -0.016 0.12 0.309017 0.951057 -5.82354e-17 1.89218e-17 
-0.313298 0.04 0.04 0.2 -0.008 0.016 0.12 0.951057 -0.309017 -1.89218e-17 5.82354e-17 
-0.318791 0.04 0.04 0.2 -0.004 -0.008 0.12 6.12323e-17 1 -6.12323e-17 3.7494e-33 
-0.318804 0.04 0.04 0.2 0.004 0.008 0.12 1 0 0 6.12323e-17 
-0.319055 0.04 0.04 0.2 -0.02 0 0.12 0.587785 0.809017 -4.9538e-17 3.59915e-17 
-0.320195 0.04 0.04 0.2 0.02 0 0.12 0.809017 -0.587785 -3.59914e-17 4.9538e-17 
-0.320353 0.04 0.04 0.2 0 0.008 0.12 1 0 0 6.12323e-17 
-0.320355 0.04 0.04 0.2 0 -0.008 0.12 6.12323e-17 1 -6.12323e-17 3.7494e-33 
-0.328822 0.04 0.04 0.2 0.008 -0.004 0.12 6.12323e-17 1 -6.12323e-17 3.7494e-33 
-0.328825 0.04 0.04 0.2 -0.008 0.004 0.12 1 0 0 6.12323e-17 
-0.329045 0.04 0.04 0.2 -0.008 0.012 0.12 0.951057 0.309017 1.89218e-17 5.82354e-17 
-0.329213 0.04 0.04 0.2 0.008 -0.012 0.12 -0.309017 0.951057 -5.82354e-17 -1.89218e-17 
-0.335237 0.04 0.04 0.2 -0.008 0.008 0.12 0.951057 0.309017 1.89218e-17 5.82354e-17 
-0.335486 0.04 0.04 0.2 0.008 -0.008 0.12 -0.309017 0.951057 -5.82354e-17 -1.89218e-17 
-0.362246 0.04 0.04 0.2 0 -0.016 0.12 0.587785 0.809017 -4.9538e-17 3.59915e-17 
-0.36335 0.04 0.04 0.2 0 0.016 0.12 0.809017 -0.587785 -3.59914e-17 4.9538e-17 
-0.378045 0.04 0.04 0.2 0.012 0.004 0.12 1 0 0 6.12323e-17 
-0.378055 0.04 0.04 0.2 -0.012 -0.004 0.12 6.12323e-17 1 -6.12323e-17 3.7494e-33 
-0.379237 0.04 0.04 0.2 0.008 -0.012 0.12 0.309017 0.951057 -5.82354e-17 1.89218e-17 
-0.379259 0.04 0.04 0.2 -0.008 0.012 0.12 0.951057 -0.309017 -1.89218e-17 5.82354e-17 
-0.383924 0.04 0.04 0.2 -0.004 0.02 0.12 0.951057 0.309017 1.89218e-17 5.82354e-17 
-0.383996 0.04 0.04 0.2 0.004 -0.02 0.12 -0.309017 0.951057 -5.82354e-17 -1.89218e-17 
-0.411457 0.04 0.04 0.2 0.008 -0.008 0.12 0.309017 0.951057 -5.82354e-17 1.89218e-17 
-0.411504 0.04 0.04 0.2 -0.008 0.008 0.12 0.951057 -0.309017 -1.89218e-17 5.82354e-17 
-0.417999 0.04 0.04 0.2 -0.008 -0.012 0.12 0.587785 0.809017 -4.9538e-17 3.59915e-17 
-0.419416 0.04 0.04 0.2 0.008 0.012 0.12 0.809017 -0.587785 -3.59914e-17 4.9538e-17 
-0.423178 0.04 0.04 0.2 -0.012 0.02 0.12 0.951057 -0.309017 -1.89218e-17 5.82354e-17 
-0.423179 0.04 0.04 0.2 0.012 -0.02 0.12 0.309017 0.951057 -5.82354e-17 1.89218e-17 
-0.437297 0.04 0.04 0.2 0.004 -0.004 0.12 6.12323e-17 1 -6.12323e-17 3.7494e-33 
-0.437307 0.04 0.04 0.2 -0.004 0.004 0.12 1 0 0 6.12323e-17 
-0.446164 0.04 0.04 0.2 -0.016 -0.004 0.12 0.587785 0.809017 -4.9538e-17 3.59915e-17 
-0.44646 0.04 0.04 0.2 0.008 0.004 0.12 1 0 0 6.12323e-17 
-0.446462 0.04 0.04 0.2 -0.008 -0.004 0.12 6.12323e-17 1 -6.12323e-17 3.7494e-33 
-0.44775 0.04 0.04 0.2 0.016 0.004 0.12 0.809017 -0.587785 -3.59914e-17 4.9538e-17 
-0.460869 0.04 0.04 0.2 -0.02 0.004 0.12 0.587785 0.809017 -4.9538e-17 3.59915e-17 
-0.462311 0.04 0.04 0.2 0.02 -0.004 0.12 0.809017 -0.587785 -3.59914e-17 4.9538e-17 
-0.483984 0.04 0.04 0.2 -0.012 -0.008 0.12 0.587785 0.809017 -4.9538e-17 3.59915e-17 
-0.485686 0.04 0.04 0.2 0.012 0.008 0.12 0.809017 -0.587785 -3.59914e-17 4.9538e-17 
-0.485835 0.04 0.04 0.2 -0.004 -0.004 0.12 6.12323e-17 1 -6.12323e-17 3.7494e-33 
-0.485837 0.04 0.04 0.2 0.004 0.004 0.12 1 0 0 6.12323e-17 
-0.4862 0.04 0.04 0.2 0 -0.004 0.12 6.12323e-17 1 -6.12323e-17 3.7494e-33 
-0.486201 0.04 0.04 0.2 0 0.004 0.12 1 0 0 6.12323e-17 
-0.496782 0.04 0.04 0.2 -0.004 0.016 0.12 0.951057 0.309017 1.89218e-17 5.82354e-17 
-0.496924 0.04 0.04 0.2 0.004 -0.016 0.12 -0.309017 0.951057 -5.82354e-17 -1.89218e-17 
-0.581459 0.04 0.04 0.2 -0.004 0.012 0.12 0.951057 0.309017 1.89218e-17 5.82354e-17 
-0.581691 0.04 0.04 0.2 0.004 -0.012 0.12 -0.309017 0.951057 -5.82354e-17 -1.89218e-17 
-0.586124 0.04 0.04 0.2 0.012 -0.016 0.12 0.309017 0.951057 -5.82354e-17 1.89218e-17 
-0.586132 0.04 0.04 0.2 -0.012 0.016 0.12 0.951057 -0.309017 -1.89218e-17 5.82354e-17 
-0.608425 0.04 0.04 0.2 -0.004 -0.012 0.12 0.587785 0.809017 -4.9538e-17 3.59915e-17 
-0.610387 0.04 0.04 0.2 0.004 0.012 0.12 0.809017 -0.587785 -3.59914e-17 4.9538e-17 
-0.617437 0.04 0.04 0.2 0 0.02 0.12 0.951057 0.309017 1.89218e-17 5.82354e-17 
-0.61753 0.04 0.04 0.2 0 -0.02 0.12 -0.309017 0.951057 -5.82354e-17 -1.89218e-17 
-0.621363 0.04 0.04 0.2 -0.02 0.008 0.12 0.587785 0.809017 -4.9538e-17 3.59915e-17 
-0.623095 0.04 0.04 0.2 0.02 -0.008 0.12 0.809017 -0.587785 -3.59914e-17 4.9538e-17 
-0.664374 0.04 0.04 0.2 -0.016 0 0.12 0.587785 0.809017 -4.9538e-17 3.59915e-17 
-0.666506 0.04 0.04 0.2 0.016 0 0.12 0.809017 -0.587785 -3.59914e-17 4.9538e-17 
-0.684695 0.04 0.04 0.2 -0.016 0.02 0.12 0.951057 -0.309017 -1.89218e-17 5.82354e-17 
-0.684696 0.04 0.04 0.2 0.016 -0.02 0.12 0.309017 0.951057 -5.82354e-17 1.89218e-17 
-0.745223 0.04 0.04 0.2 0.012 -0.012 0.12 0.309017 0.951057 -5.82354e-17 1.89218e-17 
-0.745247 0.04 0.04 0.2 -0.012 0.012 0.12 0.951057 -0.309017 -1.89218e-17 5.82354e-17 
-0.752429 0.04 0.04 0.2 -0.008 -0.008 0.12 0.587785 0.809017 -4.9538e-17 3.59915e-17 
-0.754899 0.04 0.04 0.2 0.008 0.008 0.12 0.809017 -0.587785 -3.59914e-17 4.9538e-17 
-0.770598 0.04 0.04 0.2 -0.012 -0.004 0.12 0.587785 0.809017 -4.9538e-17 3.59915e-17 
-0.773114 0.04 0.04 0.2 0.012 0.004 0.12 0.809017 -0.587785 -3.59914e-17 4.9538e-17 
-0.788672 0.04 0.04 0.2 0 0.016 0.12 0.951057 0.309017 1.89218e-17 5.82354e-17 
-0.788857 0.04 0.04 0.2 0 -0.016 0.12 -0.309017 0.951057 -5.82354e-17 -1.89218e-17 
-0.795183 0.04 0.04 0.2 -0.02 0.012 0.12 0.587785 0.809017 -4.9538e-17 3.59915e-17 
-0.797194 0.04 0.04 0.2 0.02 -0.012 0.12 0.809017 -0.587785 -3.59914e-17 4.9538e-17 
-0.885413 0.04 0.04 0.2 0.012 -0.008 0.12 0.309017 0.951057 -5.82354e-17 1.89218e-17 
-0.885463 0.04 0.04 0.2 -0.012 0.008 0.12 0.951057 -0.309017 -1.89218e-17 5.82354e-17 
-0.918792 0.04 0.04 0.2 0.004 0.02 0.12 0.951057 0.309017 1.89218e-17 5.82354e-17 
-0.918912 0.04 0.04 0.2 -0.004 -0.02 0.12 -0.309017 0.951057 -5.82354e-17 -1.89218e-17 
-0.919201 0.04 0.04 0.2 -0.016 0.004 0.12 0.587785 0.809017 -4.9538e-17 3.59915e-17 
-0.921898 0.04 0.04 0.2 0.016 -0.004 0.12 0.809017 -0.587785 -3.59914e-17 4.9538e-17 
-0.926335 0.04 0.04 0.2 0 0.012 0.12 0.951057 0.309017 1.89218e-17 5.82354e-17 
-0.926641 0.04 0.04 0.2 0 -0.012 0.12 -0.309017 0.951057 -5.82354e-17 -1.89218e-17 
-0.937028 0.04 0.04 0.2 0.016 -0.016 0.12 0.309017 0.951057 -5.82354e-17 1.89218e-17 
-0.937037 0.04 0.04 0.2 -0.016 0.016 0.12 0.951057 -0.309017 -1.89218e-17 5.82354e-17 
-0.976394 0.04 0.04 0.2 -0.02 0.016 0.12 0.587785 0.809017 -4.9538e-17 3.59915e-17 
-0.97866 0.04 0.04 0.2 0.02 -0.016 0.12 0.809017 -0.587785 -3.59914e-17 4.9538e-17 
-1.0286 0.04 0.04 0.2 -0.02 0.02 0.12 0.951057 -0.309017 -1.89218e-17 5.82354e-17 
-1.0286 0.04 0.04 0.2 0.02 -0.02 0.12 0.309017 0.951057 -5.82354e-17 1.89218e-17 
-1.11582 0.04 0.04 0.2 -0.012 0 0.12 0.587785 0.809017 -4.9538e-17 3.59915e-17 
-1.11922 0.04 0.04 0.2 0.012 0 0.12 0.809017 -0.587785 -3.59914e-17 4.9538e-17 
-1.15926 0.04 0.04 0.2 -0.02 0.02 0.12 0.587785 0.809017 -4.9538e-17 3.59915e-17 
-1.16174 0.04 0.04 0.2 0.02 -0.02 0.12 0.809017 -0.587785 -3.59914e-17 4.9538e-17 
-1.16627 0.04 0.04 0.2 0.004 0.016 0.12 0.951057 0.309017 1.89218e-17 5.82354e-17 
-1.1665 0.04 0.04 0.2 -0.004 -0.016 0.12 -0.309017 0.951057 -5.82354e-17 -1.89218e-17 
-1.17089 0.04 0.04 0.2 -0.008 -0.004 0.12 0.587785 0.809017 -4.9538e-17 3.59915e-17 
-1.17455 0.04 0.04 0.2 0.008 0.004 0.12 0.809017 -0.587785 -3.59914e-17 4.9538e-17 
-1.20375 0.04 0.04 0.2 0.016 -0.012 0.12 0.309017 0.951057 -5.82354e-17 1.89218e-17 
-1.20378 0.04 0.04 0.2 -0.016 0.012 0.12 0.951057 -0.309017 -1.89218e-17 5.82354e-17 
-1.2053 0.04 0.04 0.2 -0.016 0.008 0.12 0.587785 0.809017 -4.9538e-17 3.59915e-17 
-1.20856 0.04 0.04 0.2 0.016 -0.008 0.12 0.809017 -0.587785 -3.59914e-17 4.9538e-17 
-1.29396 0.04 0.04 0.2 0.008 0.02 0.12 0.951057 0.309017 1.89218e-17 5.82354e-17 
-1.2941 0.04 0.04 0.2 -0.008 -0.02 0.12 -0.309017 0.951057 -5.82354e-17 -1.89218e-17 
-1.37921 0.04 0.04 0.2 0.02 -0.016 0.12 0.309017 0.951057 -5.82354e-17 1.89218e-17 
-1.37922 0.04 0.04 0.2 -0.02 0.016 0.12 0.951057 -0.309017 -1.89218e-17 5.82354e-17 
-1.51503 0.04 0.04 0.2 -0.012 0.004 0.12 0.587785 0.809017 -4.9538e-17 3.59915e-17 
-1.51591 0.04 0.04 0.2 -0.016 0.012 0.12 0.587785 0.809017 -4.9538e-17 3.59915e-17 
-1.51934 0.04 0.04 0.2 0.012 -0.004 0.12 0.809017 -0.587785 -3.59914e-17 4.9538e-17 
-1.51969 0.04 0.04 0.2 0.016 -0.012 0.12 0.809017 -0.587785 -3.59914e-17 4.9538e-17 
-1.63753 0.04 0.04 0.2 0.008 0.016 0.12 0.951057 0.309017 1.89218e-17 5.82354e-17 
-1.63782 0.04 0.04 0.2 -0.008 -0.016 0.12 -0.309017 0.951057 -5.82354e-17 -1.89218e-17 
-1.67015 0.04 0.04 0.2 -0.008 0 0.12 0.587785 0.809017 -4.9538e-17 3.59915e-17 
-1.6751 0.04 0.04 0.2 0.008 0 0.12 0.809017 -0.587785 -3.59914e-17 4.9538e-17 
-1.74857 0.04 0.04 0.2 0.012 0.02 0.12 0.951057 0.309017 1.89218e-17 5.82354e-17 
-1.74874 0.04 0.04 0.2 -0.012 -0.02 0.12 -0.309017 0.951057 -5.82354e-17 -1.89218e-17 
-1.84347 0.04 0.04 0.2 -0.016 0.016 0.12 0.587785 0.809017 -4.9538e-17 3.59915e-17 
-1.84773 0.04 0.04 0.2 0.016 -0.016 0.12 0.809017 -0.587785 -3.59914e-17 4.9538e-17 
-1.96146 0.04 0.04 0.2 -0.012 0.008 0.12 0.587785 0.809017 -4.9538e-17 3.59915e-17 
-1.96667 0.04 0.04 0.2 0.012 -0.008 0.12 0.809017 -0.587785 -3.59914e-17 4.9538e-17 
-2.18048 0.04 0.04 0.2 -0.016 0.02 0.12 0.587785 0.809017 -4.9538e-17 3.59915e-17 
-2.18514 0.04 0.04 0.2 0.016 -0.02 0.12 0.809017 -0.587785 -3.59914e-17 4.9538e-17 
-2.20984 0.04 0.04 0.2 0.012 0.016 0.12 0.951057 0.309017 1.89218e-17 5.82354e-17 
-2.21019 0.04 0.04 0.2 -0.012 -0.016 0.12 -0.309017 0.951057 -5.82354e-17 -1.89218e-17 
-2.24423 0.04 0.04 0.2 -0.008 0.004 0.12 0.587785 0.809017 -4.9538e-17 3.59915e-17 
-2.2505 0.04 0.04 0.2 0.008 -0.004 0.12 0.809017 -0.587785 -3.59914e-17 4.9538e-17 
-2.28805 0.04 0.04 0.2 0.016 0.02 0.12 0.951057 0.309017 1.89218e-17 5.82354e-17 
-2.28826 0.04 0.04 0.2 -0.016 -0.02 0.12 -0.309017 0.951057 -5.82354e-17 -1.89218e-17 
-2.44668 0.04 0.04 0.2 -0.012 0.012 0.12 0.587785 0.809017 -4.9538e-17 3.59915e-17 
-2.45273 0.04 0.04 0.2 0.012 -0.012 0.12 0.809017 -0.587785 -3.59914e-17 4.9538e-17 
-2.88471 0.04 0.04 0.2 -0.008 0.008 0.12 0.587785 0.809017 -4.9538e-17 3.59915e-17 
-2.8923 0.04 0.04 0.2 0.008 -0.008 0.12 0.809017 -0.587785 -3.59914e-17 4.9538e-17 
-2.91769 0.04 0.04 0.2 0.02 0.02 0.12 0.951057 0.309017 1.89218e-17 5.82354e-17 
-2.91794 0.04 0.04 0.2 -0.02 -0.02 0.12 -0.309017 0.951057 -5.82354e-17 -1.89218e-17 
-2.96126 0.04 0.04 0.2 -0.012 0.016 0.12 0.587785 0.809017 -4.9538e-17 3.59915e-17 
-2.96807 0.04 0.04 0.2 0.012 -0.016 0.12 0.809017 -0.587785 -3.59914e-17 4.9538e-17 
-3.49564 0.04 0.04 0.2 -0.012 0.02 0.12 0.587785 0.809017 -4.9538e-17 3.59915e-17 
-3.50309 0.04 0.04 0.2 0.012 -0.02 0.12 0.809017 -0.587785 -3.59914e-17 4.9538e-17 
-3.58127 0.04 0.04 0.2 -0.008 0.012 0.12 0.587785 0.809017 -4.9538e-17 3.59915e-17 
-3.59009 0.04 0.04 0.2 0.008 -0.012 0.12 0.809017 -0.587785 -3.59914e-17 4.9538e-17 
-4.32235 0.04 0.04 0.2 -0.008 0.016 0.12 0.587785 0.809017 -4.9538e-17 3.59915e-17 
-4.33228 0.04 0.04 0.2 0.008 -0.016 0.12 0.809017 -0.587785 -3.59914e-17 4.9538e-17 
-5.09607 0.04 0.04 0.2 -0.008 0.02 0.12 0.587785 0.809017 -4.9538e-17 3.59915e-17 
-5.10692 0.04 0.04 0.2 0.008 -0.02 0.12 0.809017 -0.587785 -3.59914e-17 4.9538e-17 
