0.334235 0.062 0.062 0.1 0.0062 0.0186 0.07 0.951057 -0.309017 -1.89218e-17 5.82354e-17 
0.281155 0.062 0.062 0.1 0.031 0.031 0.07 0.951057 -0.309017 -1.89218e-17 5.82354e-17 
0.280534 0.062 0.062 0.1 0.0186 0.031 0.07 0.951057 -0.309017 -1.89218e-17 5.82354e-17 
0.276089 0.062 0.062 0.1 0.0062 0.031 0.07 0.951057 -0.309017 -1.89218e-17 5.82354e-17 
0.271788 0.062 0.062 0.1 0.0186 0.0186 0.07 0.951057 -0.309017 -1.89218e-17 5.82354e-17 
0.216137 0.062 0.062 0.1 -0.031 0.031 0.07 0.587785 0.809017 -4.9538e-17 3.59915e-17 
0.205405 0.062 0.062 0.1 0.031 0.0186 0.07 0.951057 -0.309017 -1.89218e-17 5.82354e-17 
0.190691 0.062 0.062 0.1 0.0186 -0.0062 0.07 -0.587785 0.809017 -4.9538e-17 -3.59915e-17 
0.176716 0.062 0.062 0.1 0.0186 0.0062 0.07 -0.587785 0.809017 -4.9538e-17 -3.59915e-17 
0.154796 0.062 0.062 0.1 0.031 -0.031 0.07 -0.587785 0.809017 -4.9538e-17 -3.59915e-17 
0.15323 0.062 0.062 0.1 -0.031 -0.0186 0.07 0.587785 0.809017 -4.9538e-17 3.59915e-17 
0.142315 0.062 0.062 0.1 -0.031 -0.0062 0.07 0.587785 0.809017 -4.9538e-17 3.59915e-17 
0.111343 0.062 0.062 0.1 0.0186 -0.0186 0.07 -0.587785 0.809017 -4.9538e-17 -3.59915e-17 
0.108251 0.062 0.062 0.1 0.051 0.031 0.05 -0.572061 -0.415627 0.572061 0.415629 
0.102261 0.062 0.062 0.1 -0.031 0.0062 0.07 0.587785 0.809017 -4.9538e-17 3.59915e-17 
0.102246 0.062 0.062 0.1 0.031 0.051 0.05 -4.32978e-17 0.707107 -0.707107 4.32978e-17 
0.100235 0.062 0.062 0.1 -0.0186 -0.0062 0.07 0.587785 0.809017 -4.9538e-17 3.59915e-17 
0.0994884 0.062 0.062 0.1 -0.031 0.0186 0.07 0.587785 0.809017 -4.9538e-17 3.59915e-17 
0.0958976 0.062 0.062 0.1 0.0062 -0.0186 0.07 6.12323e-17 1 -6.12323e-17 3.7494e-33 
0.085132 0.062 0.062 0.1 -0.031 -0.031 0.07 0.587785 0.809017 -4.9538e-17 3.59915e-17 
0.0849272 0.062 0.062 0.1 0.051 -0.0186 0.05 -0.572061 -0.415627 0.572061 0.415629 
0.0750958 0.062 0.062 0.1 -0.0186 0.0186 0.07 0.951057 0.309017 1.89218e-17 5.82354e-17 
0.0696911 0.062 0.062 0.1 -0.031 0.0186 0.07 0.951057 0.309017 1.89218e-17 5.82354e-17 
0.0677517 0.062 0.062 0.1 0.0186 -0.0186 0.07 6.12323e-17 1 -6.12323e-17 3.7494e-33 
0.0655487 0.062 0.062 0.1 0.0186 0.051 0.05 -4.32978e-17 0.707107 -0.707107 4.32978e-17 
0.0639441 0.062 0.062 0.1 -0.031 -0.051 0.05 -0.415627 -0.572061 -0.572061 0.415629 
0.0581236 0.062 0.062 0.1 -0.0186 0.0062 0.07 0.587785 0.809017 -4.9538e-17 3.59915e-17 
0.0567141 0.062 0.062 0.1 -0.0062 -0.0186 0.07 6.12323e-17 1 -6.12323e-17 3.7494e-33 
0.0557969 0.062 0.062 0.1 -0.031 0.031 0.07 0.951057 0.309017 1.89218e-17 5.82354e-17 
0.0555167 0.062 0.062 0.1 -0.031 -0.0186 0.07 6.12323e-17 1 -6.12323e-17 3.7494e-33 
0.0548277 0.062 0.062 0.1 0.051 0.0186 0.05 -0.572061 -0.415627 0.572061 0.415629 
0.0512956 0.062 0.062 0.1 0.031 -0.051 0.05 -0.672499 0.218508 0.218508 0.672498 
0.0507056 0.062 0.062 0.1 0.031 -0.051 0.03 -0.672499 0.218508 0.218508 0.672498 
0.0488759 0.062 0.062 0.1 -0.031 0.0062 0.07 0.951057 0.309017 1.89218e-17 5.82354e-17 
0.0436929 0.062 0.062 0.1 0.051 -0.0062 0.05 -0.572061 -0.415627 0.572061 0.415629 
0.0409551 0.062 0.062 0.1 -0.0186 -0.0186 0.07 0.587785 0.809017 -4.9538e-17 3.59915e-17 
0.0336411 0.062 0.062 0.1 0.051 0.0062 0.05 -0.572061 -0.415627 0.572061 0.415629 
0.0232352 0.062 0.062 0.1 0.051 0.031 0.05 0.707107 -4.32978e-17 -0.707107 4.32978e-17 
0.0209138 0.062 0.062 0.1 -0.0186 -0.051 0.05 -0.415627 -0.572061 -0.572061 0.415629 
0.0208924 0.062 0.062 0.1 -0.0186 -0.0186 0.07 6.12323e-17 1 -6.12323e-17 3.7494e-33 
0.0124815 0.062 0.062 0.1 -0.031 0.051 0.05 0.415627 0.572061 -0.572061 0.415629 
0.0119437 0.062 0.062 0.1 -0.031 0.051 0.03 0.415627 0.572061 -0.572061 0.415629 
-0.0137845 0.062 0.062 0.1 -0.0186 0.0186 0.07 0.587785 0.809017 -4.9538e-17 3.59915e-17 
-0.0160514 0.062 0.062 0.1 0.031 0.0186 0.07 -0.587785 0.809017 -4.9538e-17 -3.59915e-17 
-0.0237465 0.062 0.062 0.1 0.031 0.051 0.05 0.415627 -0.572061 0.572061 0.415629 
-0.0264742 0.062 0.062 0.1 -0.031 -0.031 0.07 6.12323e-17 1 -6.12323e-17 3.7494e-33 
-0.0276931 0.062 0.062 0.1 -0.0186 0.031 0.07 0.587785 0.809017 -4.9538e-17 3.59915e-17 
-0.0278931 0.062 0.062 0.1 0.031 -0.0186 0.07 -0.587785 0.809017 -4.9538e-17 -3.59915e-17 
-0.0280076 0.062 0.062 0.1 0.0186 -0.031 0.07 -0.587785 0.809017 -4.9538e-17 -3.59915e-17 
-0.033281 0.062 0.062 0.1 0.0062 0.051 0.05 -4.32978e-17 0.707107 -0.707107 4.32978e-17 
-0.0359484 0.062 0.062 0.1 0.0186 -0.051 0.05 -0.672499 0.218508 0.218508 0.672498 
-0.0407663 0.062 0.062 0.1 0.0062 -0.031 0.07 6.12323e-17 1 -6.12323e-17 3.7494e-33 
-0.0613502 0.062 0.062 0.1 -0.0186 0.031 0.07 0.951057 0.309017 1.89218e-17 5.82354e-17 
-0.0641381 0.062 0.062 0.1 -0.0062 -0.031 0.07 6.12323e-17 1 -6.12323e-17 3.7494e-33 
-0.0749979 0.062 0.062 0.1 0.0186 -0.031 0.07 6.12323e-17 1 -6.12323e-17 3.7494e-33 
-0.0799121 0.062 0.062 0.1 -0.0186 -0.031 0.07 6.12323e-17 1 -6.12323e-17 3.7494e-33 
-0.0887809 0.062 0.062 0.1 0.031 0.0062 0.07 -0.587785 0.809017 -4.9538e-17 -3.59915e-17 
-0.0959277 0.062 0.062 0.1 -0.051 -0.0062 0.05 -0.218508 0.672498 -0.218508 0.672499 
-0.0990888 0.062 0.062 0.1 -0.051 -0.0186 0.05 -0.218508 0.672498 -0.218508 0.672499 
-0.10076 0.062 0.062 0.1 0.031 -0.0062 0.07 -0.587785 0.809017 -4.9538e-17 -3.59915e-17 
-0.101576 0.062 0.062 0.1 -0.0186 0.051 0.05 0.415627 0.572061 -0.572061 0.415629 
-0.102946 0.062 0.062 0.1 -0.0186 0.051 0.03 0.415627 0.572061 -0.572061 0.415629 
-0.123617 0.062 0.062 0.1 0.0062 -0.051 0.05 -0.672499 0.218508 0.218508 0.672498 
-0.157147 0.062 0.062 0.1 -0.0062 0.031 0.07 0.951057 -0.309017 -1.89218e-17 5.82354e-17 
-0.164207 0.062 0.062 0.1 -0.0062 0.031 0.07 0.951057 0.309017 1.89218e-17 5.82354e-17 
-0.164828 0.062 0.062 0.1 -0.051 -0.031 0.01 -0.218508 0.672498 -0.218508 0.672499 
-0.165054 0.062 0.062 0.1 -0.051 -0.031 0.05 -0.218508 0.672498 -0.218508 0.672499 
-0.165202 0.062 0.062 0.1 -0.051 -0.031 0.03 -0.218508 0.672498 -0.218508 0.672499 
-0.168131 0.062 0.062 0.1 -0.0062 0.051 0.05 -4.32978e-17 0.707107 -0.707107 4.32978e-17 
-0.170271 0.062 0.062 0.1 0.0186 0.051 0.05 0.415627 -0.572061 0.572061 0.415629 
-0.174187 0.062 0.062 0.1 -0.0186 -0.031 0.07 0.587785 0.809017 -4.9538e-17 3.59915e-17 
-0.174522 0.062 0.062 0.1 -0.0062 -0.031 0.07 0.587785 0.809017 -4.9538e-17 3.59915e-17 
-0.190767 0.062 0.062 0.1 -0.0062 0.051 0.05 0.415627 0.572061 -0.572061 0.415629 
-0.234808 0.062 0.062 0.1 0.031 -0.031 0.07 6.12323e-17 1 -6.12323e-17 3.7494e-33 
-0.244577 0.062 0.062 0.1 -0.051 0.0062 0.05 -0.572061 0.415627 -0.572061 0.415629 
-0.244954 0.062 0.062 0.1 -0.0062 -0.051 0.05 -0.672499 0.218508 0.218508 0.672498 
-0.245747 0.062 0.062 0.1 0.0062 0.031 0.07 0.951057 0.309017 1.89218e-17 5.82354e-17 
-0.267156 0.062 0.062 0.1 -0.051 0.0186 0.03 0.707107 -4.32978e-17 0.707107 -4.32978e-17 
-0.268288 0.062 0.062 0.1 -0.051 0.0186 0.05 0.707107 -4.32978e-17 0.707107 -4.32978e-17 
-0.270485 0.062 0.062 0.1 -0.051 -0.0062 0.05 -0.572061 0.415627 -0.572061 0.415629 
-0.291801 0.062 0.062 0.1 -0.051 0.0186 0.05 -0.572061 0.415627 -0.572061 0.415629 
-0.299264 0.062 0.062 0.1 -0.051 0.031 0.03 0.707107 -4.32978e-17 0.707107 -4.32978e-17 
-0.300096 0.062 0.062 0.1 -0.051 0.031 0.05 0.707107 -4.32978e-17 0.707107 -4.32978e-17 
-0.304787 0.062 0.062 0.1 0.0186 0.031 0.07 0.951057 0.309017 1.89218e-17 5.82354e-17 
-0.312881 0.062 0.062 0.1 -0.0186 0.051 0.05 -4.32978e-17 0.707107 -0.707107 4.32978e-17 
-0.34606 0.062 0.062 0.1 0.031 0.031 0.07 0.951057 0.309017 1.89218e-17 5.82354e-17 
-0.357542 0.062 0.062 0.1 -0.051 -0.0186 0.05 -0.572061 0.415627 -0.572061 0.415629 
-0.421917 0.062 0.062 0.1 -0.051 0.031 0.05 -0.572061 0.415627 -0.572061 0.415629 
-0.441721 0.062 0.062 0.1 -0.031 0.051 0.05 -4.32978e-17 0.707107 -0.707107 4.32978e-17 
-0.4917 0.062 0.062 0.1 -0.051 -0.031 0.05 -0.572061 0.415627 -0.572061 0.415629 
