0.342985 0.045 0.045 0.045 0.0135 0.0225 0.0425 0.951057 -0.309017 -1.89218e-17 5.82354e-17 
0.326913 0.045 0.045 0.045 0.0045 0.0225 0.0425 0.951057 -0.309017 -1.89218e-17 5.82354e-17 
0.28641 0.045 0.045 0.045 0.0045 0.0135 0.0425 0.951057 -0.309017 -1.89218e-17 5.82354e-17 
0.278411 0.045 0.045 0.045 0.0135 0.0135 0.0425 0.951057 -0.309017 -1.89218e-17 5.82354e-17 
0.262956 0.045 0.045 0.045 0.0225 0.0225 0.0425 0.951057 -0.309017 -1.89218e-17 5.82354e-17 
0.209228 0.045 0.045 0.045 0.0135 -0.0045 0.0425 -0.587785 0.809017 -4.9538e-17 -3.59915e-17 
0.191152 0.045 0.045 0.045 0.0135 0.0045 0.0425 -0.587785 0.809017 -4.9538e-17 -3.59915e-17 
0.181142 0.045 0.045 0.045 -0.0135 -0.0045 0.0425 0.587785 0.809017 -4.9538e-17 3.59915e-17 
0.173688 0.045 0.045 0.045 0.0225 0.0135 0.0425 0.951057 -0.309017 -1.89218e-17 5.82354e-17 
0.148638 0.045 0.045 0.045 -0.0135 -0.0135 0.0425 0.587785 0.809017 -4.9538e-17 3.59915e-17 
0.148092 0.045 0.045 0.045 -0.0135 0.0045 0.0425 0.587785 0.809017 -4.9538e-17 3.59915e-17 
0.146752 0.045 0.045 0.045 0.0225 -0.0045 0.0425 -0.587785 0.809017 -4.9538e-17 -3.59915e-17 
0.143073 0.045 0.045 0.045 0.0225 0.0045 0.0425 -0.587785 0.809017 -4.9538e-17 -3.59915e-17 
0.1358 0.045 0.045 0.045 0.0135 -0.0135 0.0425 -0.587785 0.809017 -4.9538e-17 -3.59915e-17 
0.128282 0.045 0.045 0.045 0.0225 -0.0135 0.0425 -0.587785 0.809017 -4.9538e-17 -3.59915e-17 
0.115908 0.045 0.045 0.045 0.0045 -0.0225 0.0425 0.587785 0.809017 -4.9538e-17 3.59915e-17 
0.115756 0.045 0.045 0.045 -0.0045 -0.0225 0.0425 0.587785 0.809017 -4.9538e-17 3.59915e-17 
0.110182 0.045 0.045 0.045 0.0135 -0.0135 0.0425 6.12323e-17 1 -6.12323e-17 3.7494e-33 
0.106032 0.045 0.045 0.045 0.0225 0.0135 0.0425 -0.587785 0.809017 -4.9538e-17 -3.59915e-17 
0.0993989 0.045 0.045 0.045 0.0225 -0.0225 0.0425 -0.587785 0.809017 -4.9538e-17 -3.59915e-17 
0.098145 0.045 0.045 0.045 0.0045 -0.0135 0.0425 6.12323e-17 1 -6.12323e-17 3.7494e-33 
0.0960656 0.045 0.045 0.045 0.0045 -0.0045 0.0425 -0.587785 0.809017 -4.9538e-17 -3.59915e-17 
0.0912757 0.045 0.045 0.045 0.0225 0.0225 0.0425 0.951057 0.309017 1.89218e-17 5.82354e-17 
0.087698 0.045 0.045 0.045 -0.0135 0.0135 0.0425 0.951057 0.309017 1.89218e-17 5.82354e-17 
0.086592 0.045 0.045 0.045 0.0225 -0.0045 0.0425 6.12323e-17 1 -6.12323e-17 3.7494e-33 
0.0780789 0.045 0.045 0.045 -0.0135 0.0135 0.0425 0.587785 0.809017 -4.9538e-17 3.59915e-17 
0.0749434 0.045 0.045 0.045 -0.0225 0.0135 0.0425 0.951057 0.309017 1.89218e-17 5.82354e-17 
0.0725685 0.045 0.045 0.045 0.0045 -0.0225 0.0425 6.12323e-17 1 -6.12323e-17 3.7494e-33 
0.0683894 0.045 0.045 0.045 0.0135 0.0135 0.0425 -0.587785 0.809017 -4.9538e-17 -3.59915e-17 
0.0667567 0.045 0.045 0.045 -0.0225 -0.0045 0.0425 0.587785 0.809017 -4.9538e-17 3.59915e-17 
0.0659625 0.045 0.045 0.045 0.0135 -0.0225 0.0425 6.12323e-17 1 -6.12323e-17 3.7494e-33 
0.0642631 0.045 0.045 0.045 0.0135 0.0225 0.0425 0.951057 0.309017 1.89218e-17 5.82354e-17 
0.0630296 0.045 0.045 0.045 0.0045 0.0045 0.0425 -0.587785 0.809017 -4.9538e-17 -3.59915e-17 
0.0606022 0.045 0.045 0.045 0.0225 -0.0135 0.0425 6.12323e-17 1 -6.12323e-17 3.7494e-33 
0.0604104 0.045 0.045 0.045 -0.0225 -0.0135 0.0425 0.587785 0.809017 -4.9538e-17 3.59915e-17 
0.0596282 0.045 0.045 0.045 -0.0225 0.0225 0.0425 0.951057 0.309017 1.89218e-17 5.82354e-17 
0.0535788 0.045 0.045 0.045 -0.0045 -0.0135 0.0425 6.12323e-17 1 -6.12323e-17 3.7494e-33 
0.0500441 0.045 0.045 0.045 -0.0045 -0.0225 0.0425 6.12323e-17 1 -6.12323e-17 3.7494e-33 
0.0488585 0.045 0.045 0.045 -0.0045 0.0225 0.0425 0.951057 -0.309017 -1.89218e-17 5.82354e-17 
0.0479897 0.045 0.045 0.045 0.0045 0.0225 0.0425 0.951057 0.309017 1.89218e-17 5.82354e-17 
0.0477287 0.045 0.045 0.045 -0.0135 0.0225 0.0425 0.951057 0.309017 1.89218e-17 5.82354e-17 
0.0428877 0.045 0.045 0.045 -0.0045 0.0225 0.0425 0.951057 0.309017 1.89218e-17 5.82354e-17 
0.0381356 0.045 0.045 0.045 -0.0225 0.0045 0.0425 0.951057 0.309017 1.89218e-17 5.82354e-17 
0.0353643 0.045 0.045 0.045 -0.0225 0.0045 0.0425 0.587785 0.809017 -4.9538e-17 3.59915e-17 
0.0306549 0.045 0.045 0.045 -0.0045 0.0135 0.0425 0.951057 -0.309017 -1.89218e-17 5.82354e-17 
0.0268586 0.045 0.045 0.045 -0.0135 -0.0225 0.0425 0.587785 0.809017 -4.9538e-17 3.59915e-17 
0.0251231 0.045 0.045 0.045 -0.0135 -0.0225 0.0425 6.12323e-17 1 -6.12323e-17 3.7494e-33 
0.0250173 0.045 0.045 0.045 0.0225 0.0225 0.0425 -0.587785 0.809017 -4.9538e-17 -3.59915e-17 
0.0235777 0.045 0.045 0.045 -0.0135 0.0045 0.0425 0.951057 0.309017 1.89218e-17 5.82354e-17 
0.0235564 0.045 0.045 0.045 -0.0225 -0.0225 0.0425 6.12323e-17 1 -6.12323e-17 3.7494e-33 
0.0162341 0.045 0.045 0.045 0.0225 0.0045 0.0425 0.951057 -0.309017 -1.89218e-17 5.82354e-17 
0.00476891 0.045 0.045 0.045 -0.0135 -0.0135 0.0425 6.12323e-17 1 -6.12323e-17 3.7494e-33 
0.00432775 0.045 0.045 0.045 -0.0135 0.0225 0.0425 0.587785 0.809017 -4.9538e-17 3.59915e-17 
0.00269454 0.045 0.045 0.045 0.0225 -0.0225 0.0425 6.12323e-17 1 -6.12323e-17 3.7494e-33 
-0.00605922 0.045 0.045 0.045 -0.0225 -0.0225 0.0425 0.587785 0.809017 -4.9538e-17 3.59915e-17 
-0.00661406 0.045 0.045 0.045 -0.0225 0.0135 0.0425 0.587785 0.809017 -4.9538e-17 3.59915e-17 
-0.0151645 0.045 0.045 0.045 0.0135 -0.0225 0.0425 -0.587785 0.809017 -4.9538e-17 -3.59915e-17 
-0.0209651 0.045 0.045 0.045 -0.0225 -0.0135 0.0425 6.12323e-17 1 -6.12323e-17 3.7494e-33 
-0.0235072 0.045 0.045 0.045 -0.0225 -0.0045 0.0425 0.951057 0.309017 1.89218e-17 5.82354e-17 
-0.0274952 0.045 0.045 0.045 -0.0225 0.0225 0.0425 0.587785 0.809017 -4.9538e-17 3.59915e-17 
-0.0315198 0.045 0.045 0.045 0.0045 -0.0135 0.0425 -0.587785 0.809017 -4.9538e-17 -3.59915e-17 
-0.303527 0.045 0.045 0.045 0.0045 -0.0225 0.0425 -0.587785 0.809017 -4.9538e-17 -3.59915e-17 
-0.65605 0.045 0.045 0.045 -0.0135 0.0225 0.0425 0.951057 -0.309017 -1.89218e-17 5.82354e-17 
