0.360482 0.05 0.05 0.1 0.005 0.025 0.07 0.951057 -0.309017 -1.89218e-17 5.82354e-17 
0.340231 0.05 0.05 0.1 0.015 0.025 0.07 0.951057 -0.309017 -1.89218e-17 5.82354e-17 
0.316552 0.05 0.05 0.1 0.005 0.015 0.07 0.951057 -0.309017 -1.89218e-17 5.82354e-17 
0.285421 0.05 0.05 0.1 0.025 0.025 0.07 0.951057 -0.309017 -1.89218e-17 5.82354e-17 
0.261162 0.05 0.05 0.1 0.015 0.015 0.07 0.951057 -0.309017 -1.89218e-17 5.82354e-17 
0.208472 0.05 0.05 0.1 0.015 -0.005 0.07 -0.587785 0.809017 -4.9538e-17 -3.59915e-17 
0.192645 0.05 0.05 0.1 0.015 0.005 0.07 -0.587785 0.809017 -4.9538e-17 -3.59915e-17 
0.173584 0.05 0.05 0.1 0.025 0.015 0.07 0.951057 -0.309017 -1.89218e-17 5.82354e-17 
0.153803 0.05 0.05 0.1 -0.015 -0.005 0.07 0.587785 0.809017 -4.9538e-17 3.59915e-17 
0.12652 0.05 0.05 0.1 0.015 -0.015 0.07 -0.587785 0.809017 -4.9538e-17 -3.59915e-17 
0.117395 0.05 0.05 0.1 -0.015 0.005 0.07 0.587785 0.809017 -4.9538e-17 3.59915e-17 
0.110431 0.05 0.05 0.1 -0.015 -0.015 0.07 0.587785 0.809017 -4.9538e-17 3.59915e-17 
0.102369 0.05 0.05 0.1 0.015 -0.015 0.07 6.12323e-17 1 -6.12323e-17 3.7494e-33 
0.0997719 0.05 0.05 0.1 0.025 -0.025 0.07 -0.587785 0.809017 -4.9538e-17 -3.59915e-17 
0.0992235 0.05 0.05 0.1 0.005 -0.015 0.07 6.12323e-17 1 -6.12323e-17 3.7494e-33 
0.0917189 0.05 0.05 0.1 0.025 0.005 0.07 -0.587785 0.809017 -4.9538e-17 -3.59915e-17 
0.0911718 0.05 0.05 0.1 0.025 -0.005 0.07 -0.587785 0.809017 -4.9538e-17 -3.59915e-17 
0.0883871 0.05 0.05 0.1 0.025 -0.015 0.07 -0.587785 0.809017 -4.9538e-17 -3.59915e-17 
0.0853383 0.05 0.05 0.1 -0.015 0.015 0.07 0.951057 0.309017 1.89218e-17 5.82354e-17 
0.0751502 0.05 0.05 0.1 -0.025 0.015 0.07 0.951057 0.309017 1.89218e-17 5.82354e-17 
0.0750479 0.05 0.05 0.1 0.025 0.015 0.07 -0.587785 0.809017 -4.9538e-17 -3.59915e-17 
0.0655092 0.05 0.05 0.1 -0.025 -0.005 0.07 0.587785 0.809017 -4.9538e-17 3.59915e-17 
0.0577027 0.05 0.05 0.1 -0.025 -0.015 0.07 0.587785 0.809017 -4.9538e-17 3.59915e-17 
0.0567355 0.05 0.05 0.1 0.015 0.015 0.07 -0.587785 0.809017 -4.9538e-17 -3.59915e-17 
0.0560759 0.05 0.05 0.1 -0.005 -0.015 0.07 6.12323e-17 1 -6.12323e-17 3.7494e-33 
0.0484644 0.05 0.05 0.1 -0.025 0.025 0.07 0.951057 0.309017 1.89218e-17 5.82354e-17 
0.0472464 0.05 0.05 0.1 0.005 -0.025 0.07 6.12323e-17 1 -6.12323e-17 3.7494e-33 
0.0421276 0.05 0.05 0.1 0.025 0.045 0.05 -4.32978e-17 0.707107 -0.707107 4.32978e-17 
0.0420104 0.05 0.05 0.1 -0.005 -0.025 0.07 0.587785 0.809017 -4.9538e-17 3.59915e-17 
0.0410742 0.05 0.05 0.1 -0.015 0.015 0.07 0.587785 0.809017 -4.9538e-17 3.59915e-17 
0.0405111 0.05 0.05 0.1 -0.025 0.005 0.07 0.951057 0.309017 1.89218e-17 5.82354e-17 
0.038868 0.05 0.05 0.1 0.015 0.045 0.05 -4.32978e-17 0.707107 -0.707107 4.32978e-17 
0.0324711 0.05 0.05 0.1 -0.025 0.005 0.07 0.587785 0.809017 -4.9538e-17 3.59915e-17 
0.0323452 0.05 0.05 0.1 0.015 -0.025 0.07 6.12323e-17 1 -6.12323e-17 3.7494e-33 
0.029214 0.05 0.05 0.1 0.045 -0.025 0.05 -0.572061 -0.415627 0.572061 0.415629 
0.0284404 0.05 0.05 0.1 -0.005 -0.025 0.07 6.12323e-17 1 -6.12323e-17 3.7494e-33 
0.0277208 0.05 0.05 0.1 0.025 0.025 0.07 -0.587785 0.809017 -4.9538e-17 -3.59915e-17 
0.0239364 0.05 0.05 0.1 0.025 -0.015 0.07 6.12323e-17 1 -6.12323e-17 3.7494e-33 
0.0229386 0.05 0.05 0.1 0.025 -0.045 0.03 -0.672499 0.218508 0.218508 0.672498 
0.0228911 0.05 0.05 0.1 0.025 -0.045 0.05 -0.672499 0.218508 0.218508 0.672498 
0.021329 0.05 0.05 0.1 -0.005 0.025 0.07 0.951057 -0.309017 -1.89218e-17 5.82354e-17 
0.0205421 0.05 0.05 0.1 -0.015 0.025 0.07 0.951057 0.309017 1.89218e-17 5.82354e-17 
0.0177906 0.05 0.05 0.1 -0.025 -0.045 0.05 -0.415627 -0.572061 -0.572061 0.415629 
0.0160854 0.05 0.05 0.1 -0.025 -0.025 0.07 6.12323e-17 1 -6.12323e-17 3.7494e-33 
0.0155065 0.05 0.05 0.1 0.005 -0.025 0.07 0.587785 0.809017 -4.9538e-17 3.59915e-17 
0.0141135 0.05 0.05 0.1 0.045 0.025 0.05 -0.572061 -0.415627 0.572061 0.415629 
0.0121565 0.05 0.05 0.1 0.045 0.025 0.05 0.707107 -4.32978e-17 -0.707107 4.32978e-17 
0.0119545 0.05 0.05 0.1 0.005 0.045 0.05 -4.32978e-17 0.707107 -0.707107 4.32978e-17 
0.0112917 0.05 0.05 0.1 -0.005 0.015 0.07 0.951057 -0.309017 -1.89218e-17 5.82354e-17 
0.0108997 0.05 0.05 0.1 -0.015 -0.015 0.07 6.12323e-17 1 -6.12323e-17 3.7494e-33 
0.0085111 0.05 0.05 0.1 -0.015 -0.025 0.07 6.12323e-17 1 -6.12323e-17 3.7494e-33 
0.00683601 0.05 0.05 0.1 0.045 -0.015 0.05 -0.572061 -0.415627 0.572061 0.415629 
0.00582545 0.05 0.05 0.1 0.025 0.025 0.07 0.951057 0.309017 1.89218e-17 5.82354e-17 
0.00569838 0.05 0.05 0.1 -0.015 -0.045 0.05 -0.415627 -0.572061 -0.572061 0.415629 
0.00184296 0.05 0.05 0.1 0.015 -0.045 0.05 -0.672499 0.218508 0.218508 0.672498 
0.000865187 0.05 0.05 0.1 -0.025 -0.005 0.07 0.951057 0.309017 1.89218e-17 5.82354e-17 
1.62676e-05 0.05 0.05 0.1 -0.025 0.025 0.07 0.587785 0.809017 -4.9538e-17 3.59915e-17 
2.83883e-06 0.05 0.05 0.1 0.025 0.005 0.07 0.951057 -0.309017 -1.89218e-17 5.82354e-17 
-0.00117139 0.05 0.05 0.1 0.045 0.015 0.05 -0.572061 -0.415627 0.572061 0.415629 
-0.00228393 0.05 0.05 0.1 -0.025 -0.015 0.07 6.12323e-17 1 -6.12323e-17 3.7494e-33 
-0.0039451 0.05 0.05 0.1 -0.005 0.025 0.07 0.951057 0.309017 1.89218e-17 5.82354e-17 
-0.00507215 0.05 0.05 0.1 0.045 -0.005 0.05 -0.572061 -0.415627 0.572061 0.415629 
-0.00626127 0.05 0.05 0.1 -0.025 0.015 0.07 0.587785 0.809017 -4.9538e-17 3.59915e-17 
-0.00646649 0.05 0.05 0.1 -0.025 0.045 0.05 0.415627 0.572061 -0.572061 0.415629 
-0.00679325 0.05 0.05 0.1 -0.025 0.045 0.03 0.415627 0.572061 -0.572061 0.415629 
-0.00756602 0.05 0.05 0.1 0.045 0.005 0.05 -0.572061 -0.415627 0.572061 0.415629 
-0.010186 0.05 0.05 0.1 -0.025 -0.025 0.07 0.587785 0.809017 -4.9538e-17 3.59915e-17 
-0.0114013 0.05 0.05 0.1 0.015 0.025 0.07 0.951057 0.309017 1.89218e-17 5.82354e-17 
-0.0156567 0.05 0.05 0.1 0.005 0.025 0.07 0.951057 0.309017 1.89218e-17 5.82354e-17 
-0.0195135 0.05 0.05 0.1 -0.015 0.025 0.07 0.587785 0.809017 -4.9538e-17 3.59915e-17 
-0.0206943 0.05 0.05 0.1 0.005 -0.045 0.05 -0.672499 0.218508 0.218508 0.672498 
-0.028806 0.05 0.05 0.1 -0.045 -0.015 0.05 -0.218508 0.672498 -0.218508 0.672499 
-0.0289565 0.05 0.05 0.1 0.015 -0.025 0.07 -0.587785 0.809017 -4.9538e-17 -3.59915e-17 
-0.0291063 0.05 0.05 0.1 -0.005 0.045 0.05 -4.32978e-17 0.707107 -0.707107 4.32978e-17 
-0.0291437 0.05 0.05 0.1 0.025 0.045 0.05 0.415627 -0.572061 0.572061 0.415629 
-0.0328449 0.05 0.05 0.1 -0.045 -0.005 0.05 -0.218508 0.672498 -0.218508 0.672499 
-0.0364548 0.05 0.05 0.1 -0.015 -0.025 0.07 0.587785 0.809017 -4.9538e-17 3.59915e-17 
-0.0409394 0.05 0.05 0.1 -0.015 0.045 0.05 0.415627 0.572061 -0.572061 0.415629 
-0.0416134 0.05 0.05 0.1 -0.015 0.045 0.03 0.415627 0.572061 -0.572061 0.415629 
-0.0460525 0.05 0.05 0.1 -0.045 -0.025 0.05 -0.218508 0.672498 -0.218508 0.672499 
-0.0461137 0.05 0.05 0.1 -0.045 -0.025 0.01 -0.218508 0.672498 -0.218508 0.672499 
-0.0461744 0.05 0.05 0.1 -0.045 -0.025 0.03 -0.218508 0.672498 -0.218508 0.672499 
-0.0524722 0.05 0.05 0.1 0.025 -0.025 0.07 6.12323e-17 1 -6.12323e-17 3.7494e-33 
-0.0546675 0.05 0.05 0.1 -0.045 0.005 0.05 -0.218508 0.672498 -0.218508 0.672499 
-0.0585235 0.05 0.05 0.1 -0.005 -0.045 0.05 -0.672499 0.218508 0.218508 0.672498 
-0.0700037 0.05 0.05 0.1 0.015 0.045 0.05 0.415627 -0.572061 0.572061 0.415629 
-0.0705776 0.05 0.05 0.1 -0.005 0.045 0.05 0.415627 0.572061 -0.572061 0.415629 
-0.0711943 0.05 0.05 0.1 -0.045 0.005 0.05 -0.572061 0.415627 -0.572061 0.415629 
-0.0749218 0.05 0.05 0.1 -0.015 0.045 0.05 -4.32978e-17 0.707107 -0.707107 4.32978e-17 
-0.0795565 0.05 0.05 0.1 -0.045 -0.005 0.05 -0.572061 0.415627 -0.572061 0.415629 
-0.0880762 0.05 0.05 0.1 -0.045 0.015 0.05 -0.572061 0.415627 -0.572061 0.415629 
-0.108719 0.05 0.05 0.1 -0.045 -0.015 0.05 -0.572061 0.415627 -0.572061 0.415629 
-0.116306 0.05 0.05 0.1 -0.025 0.045 0.05 -4.32978e-17 0.707107 -0.707107 4.32978e-17 
-0.125443 0.05 0.05 0.1 -0.015 -0.045 0.05 -0.672499 0.218508 0.218508 0.672498 
-0.133619 0.05 0.05 0.1 -0.045 0.025 0.05 -0.572061 0.415627 -0.572061 0.415629 
-0.134636 0.05 0.05 0.1 -0.045 0.015 0.03 0.707107 -4.32978e-17 0.707107 -4.32978e-17 
-0.135256 0.05 0.05 0.1 -0.045 0.015 0.05 0.707107 -4.32978e-17 0.707107 -4.32978e-17 
-0.136631 0.05 0.05 0.1 -0.045 0.025 0.03 0.707107 -4.32978e-17 0.707107 -4.32978e-17 
-0.137233 0.05 0.05 0.1 -0.045 0.025 0.05 0.707107 -4.32978e-17 0.707107 -4.32978e-17 
-0.153258 0.05 0.05 0.1 -0.045 -0.025 0.05 -0.572061 0.415627 -0.572061 0.415629 
-1.00038 0.05 0.05 0.1 -0.015 0.025 0.07 0.951057 -0.309017 -1.89218e-17 5.82354e-17 
