0.378115 0.05 0.1 0.2 -0.025 -0.07 0.06 -0.415627 -0.572061 -0.572061 0.415629 
0.26593 0.05 0.1 0.2 -0.025 -0.07 6.93889e-18 -0.415627 -0.572061 -0.572061 0.415629 
0.231987 0.05 0.1 0.2 -0.02 -0.07 0.06 -0.415627 -0.572061 -0.572061 0.415629 
0.227509 0.05 0.1 0.2 -0.025 0.07 0.04 0.415627 0.572061 -0.572061 0.415629 
0.222801 0.05 0.1 0.2 -0.025 0.07 0.06 0.415627 0.572061 -0.572061 0.415629 
0.174736 0.05 0.1 0.2 -0.025 -0.07 0.04 -0.415627 -0.572061 -0.572061 0.415629 
0.159902 0.05 0.1 0.2 0.02 0.07 0.06 0.572061 -0.415627 0.415627 0.572062 
0.158662 0.05 0.1 0.2 -0.025 0.01 0.12 0.809017 0.587785 3.59914e-17 4.9538e-17 
0.144245 0.05 0.1 0.2 0.02 0.07 0.04 0.572061 -0.415627 0.415627 0.572062 
0.139683 0.05 0.1 0.2 -0.025 0.07 0.02 0.415627 0.572061 -0.572061 0.415629 
0.138437 0.05 0.1 0.2 -0.015 -0.07 0.06 -0.415627 -0.572061 -0.572061 0.415629 
0.129016 0.05 0.1 0.2 -0.025 0.02 0.12 0.951057 0.309017 1.89218e-17 5.82354e-17 
0.108365 0.05 0.1 0.2 -0.025 0.01 0.12 0.587785 0.809017 -4.9538e-17 3.59915e-17 
0.106967 0.05 0.1 0.2 -0.025 0.02 0.12 0.587785 0.809017 -4.9538e-17 3.59915e-17 
0.106299 0.05 0.1 0.2 -0.025 -0.07 0.02 -0.415627 -0.572061 -0.572061 0.415629 
0.105199 0.05 0.1 0.2 0.015 0.07 0.04 0.572061 -0.415627 0.415627 0.572062 
0.103307 0.05 0.1 0.2 -0.025 3.46945e-18 0.12 0.587785 0.809017 -4.9538e-17 3.59915e-17 
0.101541 0.05 0.1 0.2 -0.02 -0.07 0.04 -0.415627 -0.572061 -0.572061 0.415629 
0.100568 0.05 0.1 0.2 -0.025 -0.01 0.12 0.587785 0.809017 -4.9538e-17 3.59915e-17 
0.100439 0.05 0.1 0.2 -0.025 -0.02 0.12 0.587785 0.809017 -4.9538e-17 3.59915e-17 
0.0988921 0.05 0.1 0.2 -0.02 0.07 0.06 0.415627 0.572061 -0.572061 0.415629 
0.0949611 0.05 0.1 0.2 -0.025 -0.03 0.12 0.587785 0.809017 -4.9538e-17 3.59915e-17 
0.0937716 0.05 0.1 0.2 -0.015 -0.07 0.04 -0.415627 -0.572061 -0.572061 0.415629 
0.0928855 0.05 0.1 0.2 0.015 0.07 6.93889e-18 0.572061 -0.415627 0.415627 0.572062 
0.0905921 0.05 0.1 0.2 -0.015 -0.07 0.02 -0.415627 -0.572061 -0.572061 0.415629 
0.089904 0.05 0.1 0.2 0.02 0.07 0.02 0.572061 -0.415627 0.415627 0.572062 
0.089888 0.05 0.1 0.2 0.015 0.07 0.02 0.572061 -0.415627 0.415627 0.572062 
0.0892158 0.05 0.1 0.2 -0.02 0.07 0.04 0.415627 0.572061 -0.572061 0.415629 
0.0888835 0.05 0.1 0.2 -0.025 0.03 0.12 0.587785 0.809017 -4.9538e-17 3.59915e-17 
0.083142 0.05 0.1 0.2 0.02 0.07 6.93889e-18 0.572061 -0.415627 0.415627 0.572062 
0.0819817 0.05 0.1 0.2 0.015 0.07 0.06 0.572061 -0.415627 0.415627 0.572062 
0.0773333 0.05 0.1 0.2 -0.025 -0.04 0.12 0.587785 0.809017 -4.9538e-17 3.59915e-17 
0.0756346 0.05 0.1 0.2 -0.025 0.02 0.12 0.809017 0.587785 3.59914e-17 4.9538e-17 
0.0721842 0.05 0.1 0.2 -0.025 0.07 -0.02 0.415627 0.572061 -0.572061 0.415629 
0.0598501 0.05 0.1 0.2 -0.025 -0.05 0.12 0.587785 0.809017 -4.9538e-17 3.59915e-17 
0.0570378 0.05 0.1 0.2 -0.02 -0.07 0.02 -0.415627 -0.572061 -0.572061 0.415629 
0.0538717 0.05 0.1 0.2 -0.025 0.04 0.12 0.587785 0.809017 -4.9538e-17 3.59915e-17 
0.0521684 0.05 0.1 0.2 -0.025 0.07 6.93889e-18 0.415627 0.572061 -0.572061 0.415629 
0.0496124 0.05 0.1 0.2 -0.025 3.46945e-18 0.12 0.809017 0.587785 3.59914e-17 4.9538e-17 
0.0495698 0.05 0.1 0.2 -0.02 -0.01 0.12 0.587785 0.809017 -4.9538e-17 3.59915e-17 
0.0495612 0.05 0.1 0.2 0.02 0.01 0.12 0.809017 -0.587785 -3.59914e-17 4.9538e-17 
0.0492956 0.05 0.1 0.2 -0.02 -0.07 6.93889e-18 -0.415627 -0.572061 -0.572061 0.415629 
0.049239 0.05 0.1 0.2 -0.015 -0.01 0.12 0.587785 0.809017 -4.9538e-17 3.59915e-17 
0.0492329 0.05 0.1 0.2 0.015 0.01 0.12 0.809017 -0.587785 -3.59914e-17 4.9538e-17 
0.0482633 0.05 0.1 0.2 0.02 3.46945e-18 0.12 0.809017 -0.587785 -3.59914e-17 4.9538e-17 
0.0482613 0.05 0.1 0.2 -0.02 3.46945e-18 0.12 0.587785 0.809017 -4.9538e-17 3.59915e-17 
0.0477479 0.05 0.1 0.2 -0.02 -0.02 0.12 0.587785 0.809017 -4.9538e-17 3.59915e-17 
0.0477396 0.05 0.1 0.2 0.02 0.02 0.12 0.809017 -0.587785 -3.59914e-17 4.9538e-17 
0.0471671 0.05 0.1 0.2 -0.015 -0.02 0.12 0.587785 0.809017 -4.9538e-17 3.59915e-17 
0.0471661 0.05 0.1 0.2 0.015 0.02 0.12 0.809017 -0.587785 -3.59914e-17 4.9538e-17 
0.0462521 0.05 0.1 0.2 -0.02 0.07 0.02 0.415627 0.572061 -0.572061 0.415629 
0.0453194 0.05 0.1 0.2 0.02 -0.01 0.12 0.809017 -0.587785 -3.59914e-17 4.9538e-17 
0.0453124 0.05 0.1 0.2 -0.02 0.01 0.12 0.587785 0.809017 -4.9538e-17 3.59915e-17 
0.0450197 0.05 0.1 0.2 -0.02 0.01 0.12 0.809017 0.587785 3.59914e-17 4.9538e-17 
0.045012 0.05 0.1 0.2 0.02 -0.01 0.12 -0.587785 0.809017 -4.9538e-17 -3.59915e-17 
0.0445604 0.05 0.1 0.2 0.015 3.46945e-18 0.12 0.809017 -0.587785 -3.59914e-17 4.9538e-17 
0.0445565 0.05 0.1 0.2 -0.015 3.46945e-18 0.12 0.587785 0.809017 -4.9538e-17 3.59915e-17 
0.0441535 0.05 0.1 0.2 0.02 -0.07 0.04 -0.572061 0.415627 0.415627 0.572062 
0.0432908 0.05 0.1 0.2 -0.015 0.07 0.04 0.415627 0.572061 -0.572061 0.415629 
0.0403659 0.05 0.1 0.2 -0.015 0.07 0.02 0.415627 0.572061 -0.572061 0.415629 
0.0379173 0.05 0.1 0.2 0.02 -0.05 0.12 -0.309017 0.951057 -5.82354e-17 -1.89218e-17 
0.0368926 0.05 0.1 0.2 -0.02 -0.03 0.12 0.587785 0.809017 -4.9538e-17 3.59915e-17 
0.0368904 0.05 0.1 0.2 0.02 0.03 0.12 0.809017 -0.587785 -3.59914e-17 4.9538e-17 
0.0368458 0.05 0.1 0.2 -0.02 0.02 0.12 0.587785 0.809017 -4.9538e-17 3.59915e-17 
0.0368377 0.05 0.1 0.2 0.02 -0.02 0.12 0.809017 -0.587785 -3.59914e-17 4.9538e-17 
0.0362683 0.05 0.1 0.2 0.015 -0.01 0.12 0.809017 -0.587785 -3.59914e-17 4.9538e-17 
0.0362645 0.05 0.1 0.2 -0.015 0.01 0.12 0.587785 0.809017 -4.9538e-17 3.59915e-17 
0.0341239 0.05 0.1 0.2 -0.015 0.07 0.06 0.415627 0.572061 -0.572061 0.415629 
0.0327683 0.05 0.1 0.2 0.015 0.03 0.12 0.809017 -0.587785 -3.59914e-17 4.9538e-17 
0.032765 0.05 0.1 0.2 -0.015 -0.03 0.12 0.587785 0.809017 -4.9538e-17 3.59915e-17 
0.0323983 0.05 0.1 0.2 0.02 -0.07 0.06 -0.572061 0.415627 0.415627 0.572062 
0.0316539 0.05 0.1 0.2 -0.02 0.02 0.12 0.951057 0.309017 1.89218e-17 5.82354e-17 
0.0316538 0.05 0.1 0.2 0.02 -0.02 0.12 -0.309017 0.951057 -5.82354e-17 -1.89218e-17 
0.0309134 0.05 0.1 0.2 -0.025 -0.04 0.12 0.309017 0.951057 -5.82354e-17 1.89218e-17 
0.0300656 0.05 0.1 0.2 -0.025 -0.05 0.12 0.309017 0.951057 -5.82354e-17 1.89218e-17 
0.0294791 0.05 0.1 0.2 -0.025 0.03 0.12 0.951057 0.309017 1.89218e-17 5.82354e-17 
0.0292512 0.05 0.1 0.2 0.015 -0.05 0.12 0.309017 0.951057 -5.82354e-17 1.89218e-17 
0.0286053 0.05 0.1 0.2 0.02 -0.07 0.02 -0.572061 0.415627 0.415627 0.572062 
0.0265593 0.05 0.1 0.2 -0.015 -0.07 6.93889e-18 -0.415627 -0.572061 -0.572061 0.415629 
0.0255825 0.05 0.1 0.2 0.01 -0.05 0.12 0.309017 0.951057 -5.82354e-17 1.89218e-17 
0.0251814 0.05 0.1 0.2 0.015 -0.07 0.02 -0.572061 0.415627 0.415627 0.572062 
0.0234454 0.05 0.1 0.2 -0.015 0.02 0.12 0.587785 0.809017 -4.9538e-17 3.59915e-17 
0.0234412 0.05 0.1 0.2 0.015 -0.02 0.12 0.809017 -0.587785 -3.59914e-17 4.9538e-17 
0.0213745 0.05 0.1 0.2 0.015 -0.07 0.04 -0.572061 0.415627 0.415627 0.572062 
0.021244 0.05 0.1 0.2 0.005 -0.04 0.12 0.309017 0.951057 -5.82354e-17 1.89218e-17 
0.021243 0.05 0.1 0.2 -0.005 0.04 0.12 0.951057 -0.309017 -1.89218e-17 5.82354e-17 
0.0211951 0.05 0.1 0.2 0.005 -0.05 0.12 0.309017 0.951057 -5.82354e-17 1.89218e-17 
0.0200909 0.05 0.1 0.2 -0.015 0.07 6.93889e-18 0.415627 0.572061 -0.572061 0.415629 
0.0197834 0.05 0.1 0.2 -0.015 0.07 -0.02 0.415627 0.572061 -0.572061 0.415629 
0.0193102 0.05 0.1 0.2 -0.02 0.03 0.12 0.587785 0.809017 -4.9538e-17 3.59915e-17 
0.0193031 0.05 0.1 0.2 0.02 -0.03 0.12 0.809017 -0.587785 -3.59914e-17 4.9538e-17 
0.017371 0.05 0.1 0.2 -0.025 0.03 0.12 0.809017 0.587785 3.59914e-17 4.9538e-17 
0.0169826 0.05 0.1 0.2 1.73472e-18 -0.05 0.12 0.309017 0.951057 -5.82354e-17 1.89218e-17 
0.015926 0.05 0.1 0.2 0.02 0.04 0.12 0.809017 -0.587785 -3.59914e-17 4.9538e-17 
0.0159175 0.05 0.1 0.2 -0.02 -0.04 0.12 0.587785 0.809017 -4.9538e-17 3.59915e-17 
0.0135616 0.05 0.1 0.2 -0.01 -0.04 0.12 0.587785 0.809017 -4.9538e-17 3.59915e-17 
0.0135484 0.05 0.1 0.2 0.01 0.04 0.12 0.809017 -0.587785 -3.59914e-17 4.9538e-17 
0.0128002 0.05 0.1 0.2 0.02 -0.02 0.12 -0.587785 0.809017 -4.9538e-17 -3.59915e-17 
0.0127959 0.05 0.1 0.2 -0.02 0.02 0.12 0.809017 0.587785 3.59914e-17 4.9538e-17 
0.0124295 0.05 0.1 0.2 -0.025 0.04 0.12 0.951057 0.309017 1.89218e-17 5.82354e-17 
0.0117583 0.05 0.1 0.2 1.73472e-18 0.04 0.12 0.951057 -0.309017 -1.89218e-17 5.82354e-17 
0.0117577 0.05 0.1 0.2 1.73472e-18 -0.04 0.12 0.309017 0.951057 -5.82354e-17 1.89218e-17 
0.0116039 0.05 0.1 0.2 -0.005 -0.05 0.12 0.309017 0.951057 -5.82354e-17 1.89218e-17 
0.011542 0.05 0.1 0.2 -0.025 -0.03 0.12 0.309017 0.951057 -5.82354e-17 1.89218e-17 
0.00976236 0.05 0.1 0.2 0.015 -0.01 0.12 -0.587785 0.809017 -4.9538e-17 -3.59915e-17 
0.00975352 0.05 0.1 0.2 -0.015 0.01 0.12 0.809017 0.587785 3.59914e-17 4.9538e-17 
0.00864648 0.05 0.1 0.2 -0.015 0.04 0.12 1 0 0 6.12323e-17 
0.00864624 0.05 0.1 0.2 0.015 -0.04 0.12 6.12323e-17 1 -6.12323e-17 3.7494e-33 
0.00775694 0.05 0.1 0.2 0.005 0.04 0.12 0.951057 -0.309017 -1.89218e-17 5.82354e-17 
0.00775451 0.05 0.1 0.2 -0.005 -0.04 0.12 0.309017 0.951057 -5.82354e-17 1.89218e-17 
0.00775361 0.05 0.1 0.2 0.015 -0.07 6.93889e-18 -0.572061 0.415627 0.415627 0.572062 
0.00718076 0.05 0.1 0.2 0.015 0.04 0.12 0.809017 -0.587785 -3.59914e-17 4.9538e-17 
0.00716839 0.05 0.1 0.2 -0.015 -0.04 0.12 0.587785 0.809017 -4.9538e-17 3.59915e-17 
0.0069634 0.05 0.1 0.2 0.01 -0.04 0.12 6.12323e-17 1 -6.12323e-17 3.7494e-33 
0.00696336 0.05 0.1 0.2 -0.01 0.04 0.12 1 0 0 6.12323e-17 
0.00565348 0.05 0.1 0.2 -0.015 0.03 0.12 0.587785 0.809017 -4.9538e-17 3.59915e-17 
0.00565255 0.05 0.1 0.2 0.015 -0.07 -0.02 -0.572061 0.415627 0.415627 0.572062 
0.00563951 0.05 0.1 0.2 0.015 -0.03 0.12 0.809017 -0.587785 -3.59914e-17 4.9538e-17 
0.00558245 0.05 0.1 0.2 0.02 -0.07 -0.02 -0.572061 0.415627 0.415627 0.572062 
0.00550682 0.05 0.1 0.2 -0.02 -0.05 0.12 0.587785 0.809017 -4.9538e-17 3.59915e-17 
0.00473141 0.05 0.1 0.2 -0.005 -0.05 0.12 0.587785 0.809017 -4.9538e-17 3.59915e-17 
0.00445703 0.05 0.1 0.2 0.02 0.04 0.12 0.951057 -0.309017 -1.89218e-17 5.82354e-17 
0.0044559 0.05 0.1 0.2 -0.02 -0.04 0.12 0.309017 0.951057 -5.82354e-17 1.89218e-17 
0.00431893 0.05 0.1 0.2 -0.01 -0.04 0.12 0.309017 0.951057 -5.82354e-17 1.89218e-17 
0.00431887 0.05 0.1 0.2 0.01 0.04 0.12 0.951057 -0.309017 -1.89218e-17 5.82354e-17 
0.00431835 0.05 0.1 0.2 -0.01 -0.05 0.12 0.309017 0.951057 -5.82354e-17 1.89218e-17 
0.0042465 0.05 0.1 0.2 -0.01 0.02 0.12 0.809017 0.587785 3.59914e-17 4.9538e-17 
0.00423631 0.05 0.1 0.2 0.01 -0.02 0.12 -0.587785 0.809017 -4.9538e-17 -3.59915e-17 
0.00403482 0.05 0.1 0.2 -0.015 0.07 0.08 0.415627 0.572061 -0.572061 0.415629 
0.00391281 0.05 0.1 0.2 -0.02 0.07 -0.02 0.415627 0.572061 -0.572061 0.415629 
0.00359924 0.05 0.1 0.2 0.015 -0.04 0.12 -0.587785 0.809017 -4.9538e-17 -3.59915e-17 
0.00359657 0.05 0.1 0.2 -0.015 0.04 0.12 0.809017 0.587785 3.59914e-17 4.9538e-17 
0.0035356 0.05 0.1 0.2 -0.02 -0.07 0.08 -0.415627 -0.572061 -0.572061 0.415629 
0.00301951 0.05 0.1 0.2 0.015 -0.07 0.06 -0.572061 0.415627 0.415627 0.572062 
0.00291831 0.05 0.1 0.2 1.73472e-18 -0.05 0.12 0.587785 0.809017 -4.9538e-17 3.59915e-17 
0.00273538 0.05 0.1 0.2 -0.005 0.04 0.12 1 0 0 6.12323e-17 
0.00273532 0.05 0.1 0.2 0.005 -0.04 0.12 6.12323e-17 1 -6.12323e-17 3.7494e-33 
0.00207591 0.05 0.1 0.2 0.015 -0.05 0.12 6.12323e-17 1 -6.12323e-17 3.7494e-33 
0.00181831 0.05 0.1 0.2 -0.02 0.04 0.12 0.809017 0.587785 3.59914e-17 4.9538e-17 
0.00181347 0.05 0.1 0.2 0.02 -0.04 0.12 -0.587785 0.809017 -4.9538e-17 -3.59915e-17 
0.00161143 0.05 0.1 0.2 0.01 -0.04 0.12 -0.587785 0.809017 -4.9538e-17 -3.59915e-17 
0.0016109 0.05 0.1 0.2 -0.01 0.04 0.12 0.809017 0.587785 3.59914e-17 4.9538e-17 
0.00159379 0.05 0.1 0.2 -0.02 0.04 0.12 1 0 0 6.12323e-17 
0.00159276 0.05 0.1 0.2 0.02 -0.04 0.12 6.12323e-17 1 -6.12323e-17 3.7494e-33 
0.0014938 0.05 0.1 0.2 0.015 -0.05 0.12 0.809017 -0.587785 -3.59914e-17 4.9538e-17 
0.00146174 0.05 0.1 0.2 -0.015 -0.05 0.12 6.12323e-17 1 -6.12323e-17 3.7494e-33 
0.0010865 0.05 0.1 0.2 -0.01 -0.05 0.12 6.12323e-17 1 -6.12323e-17 3.7494e-33 
0.00103486 0.05 0.1 0.2 0.02 0.07 0.08 0.572061 -0.415627 0.415627 0.572062 
0.000992224 0.05 0.1 0.2 0.015 0.04 0.12 0.951057 -0.309017 -1.89218e-17 5.82354e-17 
0.000990843 0.05 0.1 0.2 -0.015 -0.04 0.12 0.309017 0.951057 -5.82354e-17 1.89218e-17 
0.000987709 0.05 0.1 0.2 -0.02 0.07 0.08 0.415627 0.572061 -0.572061 0.415629 
0.000892933 0.05 0.1 0.2 0.01 -0.05 0.12 6.12323e-17 1 -6.12323e-17 3.7494e-33 
0.000769924 0.05 0.1 0.2 0.01 -0.04 0.12 -0.309017 0.951057 -5.82354e-17 -1.89218e-17 
0.000769747 0.05 0.1 0.2 -0.01 0.04 0.12 0.951057 0.309017 1.89218e-17 5.82354e-17 
0.000740712 0.05 0.1 0.2 -0.02 0.04 0.12 0.951057 0.309017 1.89218e-17 5.82354e-17 
0.000740362 0.05 0.1 0.2 0.02 -0.04 0.12 -0.309017 0.951057 -5.82354e-17 -1.89218e-17 
0.000738551 0.05 0.1 0.2 0.015 0.04 0.12 1 0 0 6.12323e-17 
0.000738501 0.05 0.1 0.2 -0.015 -0.04 0.12 6.12323e-17 1 -6.12323e-17 3.7494e-33 
0.000726009 0.05 0.1 0.2 -0.025 -0.07 0.06 -0.572061 -0.415627 -0.415627 0.572062 
0.000724764 0.05 0.1 0.2 0.015 -0.05 0.12 -0.587785 0.809017 -4.9538e-17 -3.59915e-17 
0.000667285 0.05 0.1 0.2 -0.02 -0.05 0.12 0.309017 0.951057 -5.82354e-17 1.89218e-17 
0.000152923 0.05 0.1 0.2 0.02 0.07 0.08 0.415627 -0.572061 0.572061 0.415629 
0.000147182 0.05 0.1 0.2 0.015 0.07 0.08 0.415627 -0.572061 0.572061 0.415629 
0.00014182 0.05 0.1 0.2 0.02 -0.05 0.12 0.809017 -0.587785 -3.59914e-17 4.9538e-17 
8.56463e-05 0.05 0.1 0.2 0.01 0.07 0.08 0.415627 -0.572061 0.572061 0.415629 
1.49632e-05 0.05 0.1 0.2 -0.025 -0.07 0.08 -0.672499 -0.218508 -0.218508 0.672498 
1.48942e-05 0.05 0.1 0.2 -0.015 -0.07 0.08 -0.572061 -0.415627 -0.415627 0.572062 
1.48299e-05 0.05 0.1 0.2 -0.02 -0.07 0.06 -0.572061 -0.415627 -0.415627 0.572062 
8.36762e-07 0.05 0.1 0.2 0.045 -0.05 -0.02 0 -0.707107 0 0.707106 
8.29213e-07 0.05 0.1 0.2 -0.045 -0.05 6.93889e-18 -0.218508 0.672498 -0.218508 0.672499 
8.25347e-07 0.05 0.1 0.2 0.045 -0.05 6.93889e-18 0 -0.707107 0 0.707106 
8.14142e-07 0.05 0.1 0.2 -0.045 -0.05 0.02 -0.218508 0.672498 -0.218508 0.672499 
8.13475e-07 0.05 0.1 0.2 -0.045 -0.05 -0.02 -0.218508 0.672498 -0.218508 0.672499 
8.09456e-07 0.05 0.1 0.2 -0.045 -0.05 6.93889e-18 0 0.707107 0 0.707106 
7.9873e-07 0.05 0.1 0.2 -0.045 -0.05 0.02 0 0.707107 0 0.707106 
7.88892e-07 0.05 0.1 0.2 0.045 -0.05 0.02 0 -0.707107 0 0.707106 
7.82657e-07 0.05 0.1 0.2 0.045 -0.05 0.08 0.218508 -0.672498 -0.218508 0.672499 
7.77367e-07 0.05 0.1 0.2 0.045 -0.05 0.06 0.218508 -0.672498 -0.218508 0.672499 
7.70645e-07 0.05 0.1 0.2 -0.045 -0.05 0.04 -0.218508 0.672498 -0.218508 0.672499 
7.67732e-07 0.05 0.1 0.2 -0.045 -0.05 -0.04 -0.218508 0.672498 -0.218508 0.672499 
7.63172e-07 0.05 0.1 0.2 -0.045 -0.05 0.04 0 0.707107 0 0.707106 
7.53198e-07 0.05 0.1 0.2 0.045 -0.05 0.04 0.218508 -0.672498 -0.218508 0.672499 
7.30773e-07 0.05 0.1 0.2 0.045 -0.05 0.04 0 -0.707107 0 0.707106 
7.27956e-07 0.05 0.1 0.2 0.045 -0.04 0.04 0 -0.707107 0 0.707106 
7.12965e-07 0.05 0.1 0.2 0.045 -0.05 0.02 0.218508 -0.672498 -0.218508 0.672499 
7.06107e-07 0.05 0.1 0.2 -0.045 -0.05 0.06 0 0.707107 0 0.707106 
7.03809e-07 0.05 0.1 0.2 -0.045 -0.05 0.06 -0.218508 0.672498 -0.218508 0.672499 
6.56072e-07 0.05 0.1 0.2 0.045 -0.05 0.06 0 -0.707107 0 0.707106 
6.53527e-07 0.05 0.1 0.2 0.045 -0.04 0.06 0 -0.707107 0 0.707106 
6.3265e-07 0.05 0.1 0.2 -0.045 -0.05 0.08 0 0.707107 0 0.707106 
6.20534e-07 0.05 0.1 0.2 -0.045 -0.05 0.08 -0.218508 0.672498 -0.218508 0.672499 
5.70804e-07 0.05 0.1 0.2 0.045 -0.05 0.08 0 -0.707107 0 0.707106 
5.6871e-07 0.05 0.1 0.2 0.045 -0.04 0.08 0 -0.707107 0 0.707106 
2.40069e-07 0.05 0.1 0.2 -0.02 -0.07 0.08 -0.672499 -0.218508 -0.218508 0.672498 
1.13997e-08 0.05 0.1 0.2 0.045 -0.05 0.06 -0.218508 -0.672498 0.218508 0.672499 
1.0334e-08 0.05 0.1 0.2 0.045 -0.05 0.08 -0.218508 -0.672498 0.218508 0.672499 
1.02299e-08 0.05 0.1 0.2 0.045 -0.04 0.08 -0.218508 -0.672498 0.218508 0.672499 
7.78216e-09 0.05 0.1 0.2 -0.045 0.04 0.04 0.707107 -4.32978e-17 0.707107 -4.32978e-17 
4.42488e-09 0.05 0.1 0.2 -0.045 0.04 0.06 0.707107 -4.32978e-17 0.707107 -4.32978e-17 
1.45438e-09 0.05 0.1 0.2 -0.045 0.04 0.08 0.707107 -4.32978e-17 0.707107 -4.32978e-17 
-1.12194e-11 0.05 0.1 0.2 -0.045 0.04 0.08 -0.672498 0.218508 -0.672499 0.218508 
-1.8553e-10 0.05 0.1 0.2 0.045 -0.05 0.08 -0.415627 -0.572061 0.415627 0.572062 
-1.47943e-06 0.05 0.1 0.2 0.02 0.07 0.08 0.218508 -0.672499 0.672499 0.218502 
-8.54209e-06 0.05 0.1 0.2 -0.02 -0.07 0.08 -0.572061 -0.415627 -0.415627 0.572062 
-1.12969e-05 0.05 0.1 0.2 -0.01 -0.07 0.08 -0.572061 -0.415627 -0.415627 0.572062 
-2.48053e-05 0.05 0.1 0.2 -0.015 -0.07 0.06 -0.572061 -0.415627 -0.415627 0.572062 
-2.60863e-05 0.05 0.1 0.2 0.02 0.07 0.06 0.415627 -0.572061 0.572061 0.415629 
-6.98382e-05 0.05 0.1 0.2 -0.01 -0.05 0.12 0.587785 0.809017 -4.9538e-17 3.59915e-17 
-0.000112362 0.05 0.1 0.2 0.015 0.07 0.06 0.415627 -0.572061 0.572061 0.415629 
-0.000170888 0.05 0.1 0.2 0.02 0.04 0.12 1 0 0 6.12323e-17 
-0.000171199 0.05 0.1 0.2 -0.02 -0.04 0.12 6.12323e-17 1 -6.12323e-17 3.7494e-33 
-0.000177895 0.05 0.1 0.2 -0.025 0.04 0.12 0.809017 0.587785 3.59914e-17 4.9538e-17 
-0.00019005 0.05 0.1 0.2 -0.025 -0.07 0.08 -0.572061 -0.415627 -0.415627 0.572062 
-0.000213374 0.05 0.1 0.2 0.015 -0.02 0.12 -0.587785 0.809017 -4.9538e-17 -3.59915e-17 
-0.000213828 0.05 0.1 0.2 -0.015 0.02 0.12 0.809017 0.587785 3.59914e-17 4.9538e-17 
-0.000443023 0.05 0.1 0.2 0.01 0.04 0.12 1 0 0 6.12323e-17 
-0.000443319 0.05 0.1 0.2 -0.01 -0.04 0.12 6.12323e-17 1 -6.12323e-17 3.7494e-33 
-0.000491973 0.05 0.1 0.2 1.73472e-18 -0.04 0.12 6.12323e-17 1 -6.12323e-17 3.7494e-33 
-0.000491992 0.05 0.1 0.2 1.73472e-18 0.04 0.12 1 0 0 6.12323e-17 
-0.000518906 0.05 0.1 0.2 -0.005 -0.05 0.12 6.12323e-17 1 -6.12323e-17 3.7494e-33 
-0.00100577 0.05 0.1 0.2 0.005 -0.05 0.12 6.12323e-17 1 -6.12323e-17 3.7494e-33 
-0.00106105 0.05 0.1 0.2 -0.015 0.04 0.12 0.951057 0.309017 1.89218e-17 5.82354e-17 
-0.00106144 0.05 0.1 0.2 0.015 -0.04 0.12 -0.309017 0.951057 -5.82354e-17 -1.89218e-17 
-0.00116644 0.05 0.1 0.2 0.02 -0.04 0.12 0.809017 -0.587785 -3.59914e-17 4.9538e-17 
-0.00116828 0.05 0.1 0.2 -0.02 0.04 0.12 0.587785 0.809017 -4.9538e-17 3.59915e-17 
-0.00121726 0.05 0.1 0.2 -0.01 0.03 0.12 0.809017 0.587785 3.59914e-17 4.9538e-17 
-0.00121838 0.05 0.1 0.2 0.01 -0.03 0.12 -0.587785 0.809017 -4.9538e-17 -3.59915e-17 
-0.00127567 0.05 0.1 0.2 0.02 -0.05 0.12 -0.587785 0.809017 -4.9538e-17 -3.59915e-17 
-0.00138406 0.05 0.1 0.2 -0.02 -0.05 0.12 6.12323e-17 1 -6.12323e-17 3.7494e-33 
-0.00140521 0.05 0.1 0.2 0.005 0.04 0.12 1 0 0 6.12323e-17 
-0.0014053 0.05 0.1 0.2 -0.005 -0.04 0.12 6.12323e-17 1 -6.12323e-17 3.7494e-33 
-0.00156262 0.05 0.1 0.2 1.73472e-18 -0.05 0.12 6.12323e-17 1 -6.12323e-17 3.7494e-33 
-0.00169563 0.05 0.1 0.2 -0.02 0.07 6.93889e-18 0.415627 0.572061 -0.572061 0.415629 
-0.00175778 0.05 0.1 0.2 0.02 -0.05 0.12 6.12323e-17 1 -6.12323e-17 3.7494e-33 
-0.00176281 0.05 0.1 0.2 -0.02 0.03 0.12 0.951057 0.309017 1.89218e-17 5.82354e-17 
-0.00176284 0.05 0.1 0.2 0.02 -0.03 0.12 -0.309017 0.951057 -5.82354e-17 -1.89218e-17 
-0.00211394 0.05 0.1 0.2 0.02 -0.07 6.93889e-18 -0.572061 0.415627 0.415627 0.572062 
-0.00222021 0.05 0.1 0.2 -0.015 -0.05 0.12 0.309017 0.951057 -5.82354e-17 1.89218e-17 
-0.00337385 0.05 0.1 0.2 -0.015 -0.07 0.08 -0.415627 -0.572061 -0.572061 0.415629 
-0.00538356 0.05 0.1 0.2 -0.015 -0.05 0.12 0.587785 0.809017 -4.9538e-17 3.59915e-17 
-0.00556797 0.05 0.1 0.2 -0.025 -0.04 0.12 6.12323e-17 1 -6.12323e-17 3.7494e-33 
-0.00630822 0.05 0.1 0.2 -0.02 0.03 0.12 0.809017 0.587785 3.59914e-17 4.9538e-17 
-0.0063135 0.05 0.1 0.2 0.02 -0.03 0.12 -0.587785 0.809017 -4.9538e-17 -3.59915e-17 
-0.00655964 0.05 0.1 0.2 0.015 -0.03 0.12 -0.587785 0.809017 -4.9538e-17 -3.59915e-17 
-0.00656857 0.05 0.1 0.2 -0.015 0.03 0.12 0.809017 0.587785 3.59914e-17 4.9538e-17 
-0.00756786 0.05 0.1 0.2 0.01 -0.05 0.12 -0.587785 0.809017 -4.9538e-17 -3.59915e-17 
-0.0090899 0.05 0.1 0.2 -0.025 -0.05 0.12 6.12323e-17 1 -6.12323e-17 3.7494e-33 
-0.00938849 0.05 0.1 0.2 0.015 -0.04 0.12 0.809017 -0.587785 -3.59914e-17 4.9538e-17 
-0.00939534 0.05 0.1 0.2 -0.015 0.04 0.12 0.587785 0.809017 -4.9538e-17 3.59915e-17 
-0.0146943 0.05 0.1 0.2 0.02 -0.07 0.08 -0.572061 0.415627 0.415627 0.572062 
-0.0177876 0.05 0.1 0.2 0.015 -0.07 0.08 -0.572061 0.415627 0.415627 0.572062 
-0.0181926 0.05 0.1 0.2 0.015 0.07 0.08 0.572061 -0.415627 0.415627 0.572062 
-0.0233488 0.05 0.1 0.2 -0.025 0.04 0.12 1 0 0 6.12323e-17 
-0.0274058 0.05 0.1 0.2 -0.025 0.07 0.08 0.415627 0.572061 -0.572061 0.415629 
-0.0335936 0.05 0.1 0.2 0.015 -0.05 0.12 -0.309017 0.951057 -5.82354e-17 -1.89218e-17 
-0.0385449 0.05 0.1 0.2 -0.025 -0.07 0.08 -0.415627 -0.572061 -0.572061 0.415629 
-0.143845 0.05 0.1 0.2 0.01 -0.05 0.12 -0.309017 0.951057 -5.82354e-17 -1.89218e-17 
-0.297492 0.05 0.1 0.2 0.005 -0.05 0.12 -0.309017 0.951057 -5.82354e-17 -1.89218e-17 
-0.49807 0.05 0.1 0.2 1.73472e-18 -0.05 0.12 -0.309017 0.951057 -5.82354e-17 -1.89218e-17 
-0.747914 0.05 0.1 0.2 -0.005 -0.05 0.12 -0.309017 0.951057 -5.82354e-17 -1.89218e-17 
-0.864801 0.05 0.1 0.2 -0.025 0.07 0.08 0.218508 0.672499 -0.672499 0.218502 
-1.0481 0.05 0.1 0.2 -0.01 -0.05 0.12 -0.309017 0.951057 -5.82354e-17 -1.89218e-17 
-1.39843 0.05 0.1 0.2 -0.015 -0.05 0.12 -0.309017 0.951057 -5.82354e-17 -1.89218e-17 
-1.79742 0.05 0.1 0.2 -0.02 -0.05 0.12 -0.309017 0.951057 -5.82354e-17 -1.89218e-17 
-2.24232 0.05 0.1 0.2 -0.025 -0.05 0.12 -0.309017 0.951057 -5.82354e-17 -1.89218e-17 
