0.809732 0.05 0.05 0.05 -0.025 -0.005 0.045 0.309017 0.951057 -5.82354e-17 1.89218e-17 
0.793284 0.05 0.05 0.05 0.01 0.01 0.045 0.951057 -0.309017 -1.89218e-17 5.82354e-17 
0.775244 0.05 0.05 0.05 -0.01 -0.01 0.045 0.309017 0.951057 -5.82354e-17 1.89218e-17 
0.725805 0.05 0.05 0.05 0.015 0.01 0.045 0.951057 -0.309017 -1.89218e-17 5.82354e-17 
0.711056 0.05 0.05 0.05 -0.015 -0.01 0.045 0.309017 0.951057 -5.82354e-17 1.89218e-17 
0.630438 0.05 0.05 0.05 0.02 0.01 0.045 0.951057 -0.309017 -1.89218e-17 5.82354e-17 
0.618774 0.05 0.05 0.05 -0.02 -0.01 0.045 0.309017 0.951057 -5.82354e-17 1.89218e-17 
0.496158 0.05 0.05 0.05 -0.025 -0.01 0.045 0.309017 0.951057 -5.82354e-17 1.89218e-17 
0.485847 0.05 0.05 0.05 0.005 0.015 0.045 0.951057 -0.309017 -1.89218e-17 5.82354e-17 
0.481842 0.05 0.05 0.05 1.73472e-18 0.015 0.045 0.951057 -0.309017 -1.89218e-17 5.82354e-17 
0.477433 0.05 0.05 0.05 -0.005 -0.015 0.045 0.309017 0.951057 -5.82354e-17 1.89218e-17 
0.471682 0.05 0.05 0.05 0.01 0.015 0.045 0.951057 -0.309017 -1.89218e-17 5.82354e-17 
0.471072 0.05 0.05 0.05 1.73472e-18 -0.015 0.045 0.309017 0.951057 -5.82354e-17 1.89218e-17 
0.465254 0.05 0.05 0.05 -0.01 -0.015 0.045 0.309017 0.951057 -5.82354e-17 1.89218e-17 
0.46219 0.05 0.05 0.05 -0.005 0.015 0.045 0.951057 -0.309017 -1.89218e-17 5.82354e-17 
0.448467 0.05 0.05 0.05 0.005 -0.015 0.045 0.309017 0.951057 -5.82354e-17 1.89218e-17 
0.436438 0.05 0.05 0.05 0.015 0.015 0.045 0.951057 -0.309017 -1.89218e-17 5.82354e-17 
0.431979 0.05 0.05 0.05 -0.015 -0.015 0.045 0.309017 0.951057 -5.82354e-17 1.89218e-17 
0.419692 0.05 0.05 0.05 -0.025 0.01 0.045 1 0 0 6.12323e-17 
0.377759 0.05 0.05 0.05 0.02 0.015 0.045 0.951057 -0.309017 -1.89218e-17 5.82354e-17 
0.374769 0.05 0.05 0.05 -0.02 -0.015 0.045 0.309017 0.951057 -5.82354e-17 1.89218e-17 
0.343282 0.05 0.05 0.05 -0.02 0.01 0.045 1 0 0 6.12323e-17 
0.333801 0.05 0.05 0.05 0.02 -0.01 0.045 6.12323e-17 1 -6.12323e-17 3.7494e-33 
0.303082 0.05 0.05 0.05 -0.025 -0.025 0.045 0.809017 0.587785 3.59914e-17 4.9538e-17 
0.291111 0.05 0.05 0.05 -0.025 -0.015 0.045 0.309017 0.951057 -5.82354e-17 1.89218e-17 
0.270259 0.05 0.05 0.05 -0.015 0.01 0.045 1 0 0 6.12323e-17 
0.265979 0.05 0.05 0.05 0.02 0.02 0.045 -0.587785 0.809017 -4.9538e-17 -3.59915e-17 
0.261233 0.05 0.05 0.05 0.015 -0.01 0.045 6.12323e-17 1 -6.12323e-17 3.7494e-33 
0.259972 0.05 0.05 0.05 0.01 0.02 0.045 0.951057 -0.309017 -1.89218e-17 5.82354e-17 
0.259091 0.05 0.05 0.05 -0.01 -0.02 0.045 0.309017 0.951057 -5.82354e-17 1.89218e-17 
0.255492 0.05 0.05 0.05 0.005 0.02 0.045 0.951057 -0.309017 -1.89218e-17 5.82354e-17 
0.254286 0.05 0.05 0.05 -0.025 0.015 0.045 1 0 0 6.12323e-17 
0.253614 0.05 0.05 0.05 -0.005 -0.02 0.045 0.309017 0.951057 -5.82354e-17 1.89218e-17 
0.248777 0.05 0.05 0.05 0.015 0.02 0.045 0.951057 -0.309017 -1.89218e-17 5.82354e-17 
0.248469 0.05 0.05 0.05 -0.015 -0.02 0.045 0.309017 0.951057 -5.82354e-17 1.89218e-17 
0.247098 0.05 0.05 0.05 -0.025 -0.02 0.045 0.809017 0.587785 3.59914e-17 4.9538e-17 
0.237992 0.05 0.05 0.05 1.73472e-18 0.02 0.045 0.951057 -0.309017 -1.89218e-17 5.82354e-17 
0.235018 0.05 0.05 0.05 1.73472e-18 -0.02 0.045 0.309017 0.951057 -5.82354e-17 1.89218e-17 
0.221416 0.05 0.05 0.05 -0.02 -0.02 0.045 0.809017 0.587785 3.59914e-17 4.9538e-17 
0.219029 0.05 0.05 0.05 -0.02 -0.02 0.045 0.309017 0.951057 -5.82354e-17 1.89218e-17 
0.218853 0.05 0.05 0.05 0.02 0.02 0.045 0.951057 -0.309017 -1.89218e-17 5.82354e-17 
0.21877 0.05 0.05 0.05 -0.02 0.015 0.045 1 0 0 6.12323e-17 
0.21525 0.05 0.05 0.05 0.02 -0.015 0.045 6.12323e-17 1 -6.12323e-17 3.7494e-33 
0.212484 0.05 0.05 0.05 0.02 0.015 0.045 -0.587785 0.809017 -4.9538e-17 -3.59915e-17 
0.210563 0.05 0.05 0.05 -0.005 0.02 0.045 0.951057 -0.309017 -1.89218e-17 5.82354e-17 
0.20599 0.05 0.05 0.05 -0.025 -0.015 0.045 0.809017 0.587785 3.59914e-17 4.9538e-17 
0.205928 0.05 0.05 0.05 0.005 -0.02 0.045 0.309017 0.951057 -5.82354e-17 1.89218e-17 
0.201581 0.05 0.05 0.05 -0.01 0.01 0.045 1 0 0 6.12323e-17 
0.192873 0.05 0.05 0.05 0.01 -0.01 0.045 6.12323e-17 1 -6.12323e-17 3.7494e-33 
0.18369 0.05 0.05 0.05 -0.015 0.015 0.045 1 0 0 6.12323e-17 
0.180347 0.05 0.05 0.05 0.015 -0.015 0.045 6.12323e-17 1 -6.12323e-17 3.7494e-33 
0.176399 0.05 0.05 0.05 -0.025 -0.01 0.045 0.809017 0.587785 3.59914e-17 4.9538e-17 
0.175797 0.05 0.05 0.05 -0.01 0.02 0.045 0.951057 -0.309017 -1.89218e-17 5.82354e-17 
0.175545 0.05 0.05 0.05 -0.02 -0.015 0.045 0.809017 0.587785 3.59914e-17 4.9538e-17 
0.169111 0.05 0.05 0.05 0.01 -0.02 0.045 0.309017 0.951057 -5.82354e-17 1.89218e-17 
0.168629 0.05 0.05 0.05 0.02 0.01 0.045 -0.587785 0.809017 -4.9538e-17 -3.59915e-17 
0.167878 0.05 0.05 0.05 -0.025 -0.02 0.045 0.309017 0.951057 -5.82354e-17 1.89218e-17 
0.155496 0.05 0.05 0.05 -0.015 -0.005 0.045 0.587785 0.809017 -4.9538e-17 3.59915e-17 
0.155272 0.05 0.05 0.05 -0.025 -0.005 0.045 0.809017 0.587785 3.59914e-17 4.9538e-17 
0.152634 0.05 0.05 0.05 -0.015 -0.01 0.045 0.587785 0.809017 -4.9538e-17 3.59915e-17 
0.149672 0.05 0.05 0.05 -0.01 0.015 0.045 1 0 0 6.12323e-17 
0.14947 0.05 0.05 0.05 -0.025 0.02 0.045 1 0 0 6.12323e-17 
0.146613 0.05 0.05 0.05 0.01 -0.015 0.045 6.12323e-17 1 -6.12323e-17 3.7494e-33 
0.144619 0.05 0.05 0.05 -0.01 -0.015 0.045 0.587785 0.809017 -4.9538e-17 3.59915e-17 
0.143915 0.05 0.05 0.05 -0.02 0.02 0.045 1 0 0 6.12323e-17 
0.143177 0.05 0.05 0.05 -0.02 -0.01 0.045 0.809017 0.587785 3.59914e-17 4.9538e-17 
0.143173 0.05 0.05 0.05 0.02 -0.02 0.045 6.12323e-17 1 -6.12323e-17 3.7494e-33 
0.143078 0.05 0.05 0.05 -0.015 1.73472e-18 0.045 0.587785 0.809017 -4.9538e-17 3.59915e-17 
0.14001 0.05 0.05 0.05 -0.025 1.73472e-18 0.045 0.809017 0.587785 3.59914e-17 4.9538e-17 
0.139041 0.05 0.05 0.05 -0.02 -0.005 0.045 0.587785 0.809017 -4.9538e-17 3.59915e-17 
0.137861 0.05 0.05 0.05 -0.005 0.01 0.045 1 0 0 6.12323e-17 
0.136834 0.05 0.05 0.05 -0.015 0.02 0.045 1 0 0 6.12323e-17 
0.136618 0.05 0.05 0.05 -0.015 0.02 0.045 0.951057 -0.309017 -1.89218e-17 5.82354e-17 
0.136195 0.05 0.05 0.05 0.015 -0.02 0.045 6.12323e-17 1 -6.12323e-17 3.7494e-33 
0.135306 0.05 0.05 0.05 -0.015 -0.015 0.045 0.587785 0.809017 -4.9538e-17 3.59915e-17 
0.134975 0.05 0.05 0.05 0.02 0.005 0.045 -0.587785 0.809017 -4.9538e-17 -3.59915e-17 
0.134905 0.05 0.05 0.05 -0.015 -0.025 0.045 0.309017 0.951057 -5.82354e-17 1.89218e-17 
0.134418 0.05 0.05 0.05 -0.02 -0.01 0.045 0.587785 0.809017 -4.9538e-17 3.59915e-17 
0.131796 0.05 0.05 0.05 -0.005 -0.025 0.045 6.12323e-17 1 -6.12323e-17 3.7494e-33 
0.13049 0.05 0.05 0.05 -0.01 -0.025 0.045 0.309017 0.951057 -5.82354e-17 1.89218e-17 
0.130456 0.05 0.05 0.05 1.73472e-18 -0.025 0.045 6.12323e-17 1 -6.12323e-17 3.7494e-33 
0.129568 0.05 0.05 0.05 -0.01 -0.025 0.045 6.12323e-17 1 -6.12323e-17 3.7494e-33 
0.129492 0.05 0.05 0.05 -0.02 1.73472e-18 0.045 0.587785 0.809017 -4.9538e-17 3.59915e-17 
0.129439 0.05 0.05 0.05 0.005 -0.01 0.045 6.12323e-17 1 -6.12323e-17 3.7494e-33 
0.128709 0.05 0.05 0.05 -0.01 0.02 0.045 1 0 0 6.12323e-17 
0.128128 0.05 0.05 0.05 0.01 -0.02 0.045 6.12323e-17 1 -6.12323e-17 3.7494e-33 
0.128118 0.05 0.05 0.05 -0.025 0.005 0.045 0.809017 0.587785 3.59914e-17 4.9538e-17 
0.127335 0.05 0.05 0.05 0.015 -0.02 0.045 0.309017 0.951057 -5.82354e-17 1.89218e-17 
0.126111 0.05 0.05 0.05 0.005 -0.025 0.045 6.12323e-17 1 -6.12323e-17 3.7494e-33 
0.126048 0.05 0.05 0.05 -0.02 -0.025 0.045 0.309017 0.951057 -5.82354e-17 1.89218e-17 
0.122521 0.05 0.05 0.05 -0.015 -0.025 0.045 6.12323e-17 1 -6.12323e-17 3.7494e-33 
0.121346 0.05 0.05 0.05 -0.02 -0.005 0.045 0.809017 0.587785 3.59914e-17 4.9538e-17 
0.119962 0.05 0.05 0.05 -0.005 0.02 0.045 1 0 0 6.12323e-17 
0.119562 0.05 0.05 0.05 0.01 -0.025 0.045 6.12323e-17 1 -6.12323e-17 3.7494e-33 
0.119348 0.05 0.05 0.05 0.005 -0.02 0.045 6.12323e-17 1 -6.12323e-17 3.7494e-33 
0.117407 0.05 0.05 0.05 -0.025 0.01 0.045 0.809017 0.587785 3.59914e-17 4.9538e-17 
0.117405 0.05 0.05 0.05 -0.005 0.015 0.045 1 0 0 6.12323e-17 
0.116713 0.05 0.05 0.05 -0.015 0.005 0.045 0.587785 0.809017 -4.9538e-17 3.59915e-17 
0.116534 0.05 0.05 0.05 -0.02 -0.015 0.045 0.587785 0.809017 -4.9538e-17 3.59915e-17 
0.115856 0.05 0.05 0.05 -0.005 -0.025 0.045 0.309017 0.951057 -5.82354e-17 1.89218e-17 
0.115233 0.05 0.05 0.05 -0.01 -0.02 0.045 0.587785 0.809017 -4.9538e-17 3.59915e-17 
0.115054 0.05 0.05 0.05 -0.025 -0.005 0.045 0.587785 0.809017 -4.9538e-17 3.59915e-17 
0.114461 0.05 0.05 0.05 0.005 -0.015 0.045 6.12323e-17 1 -6.12323e-17 3.7494e-33 
0.113524 0.05 0.05 0.05 -0.005 -0.02 0.045 0.587785 0.809017 -4.9538e-17 3.59915e-17 
0.111237 0.05 0.05 0.05 0.02 1.73472e-18 0.045 -0.587785 0.809017 -4.9538e-17 -3.59915e-17 
0.110856 0.05 0.05 0.05 0.02 0.01 0.045 0.809017 -0.587785 -3.59914e-17 4.9538e-17 
0.110803 0.05 0.05 0.05 0.015 -0.025 0.045 6.12323e-17 1 -6.12323e-17 3.7494e-33 
0.110364 0.05 0.05 0.05 1.73472e-18 0.02 0.045 1 0 0 6.12323e-17 
0.109788 0.05 0.05 0.05 1.73472e-18 -0.02 0.045 6.12323e-17 1 -6.12323e-17 3.7494e-33 
0.10919 0.05 0.05 0.05 -0.02 -0.025 0.045 6.12323e-17 1 -6.12323e-17 3.7494e-33 
0.10886 0.05 0.05 0.05 -0.025 -0.01 0.045 0.587785 0.809017 -4.9538e-17 3.59915e-17 
0.108346 0.05 0.05 0.05 -0.025 1.73472e-18 0.045 0.587785 0.809017 -4.9538e-17 3.59915e-17 
0.107058 0.05 0.05 0.05 -0.02 1.73472e-18 0.045 0.809017 0.587785 3.59914e-17 4.9538e-17 
0.106648 0.05 0.05 0.05 -0.02 0.005 0.045 0.587785 0.809017 -4.9538e-17 3.59915e-17 
0.106111 0.05 0.05 0.05 -0.025 0.015 0.045 0.809017 0.587785 3.59914e-17 4.9538e-17 
0.106002 0.05 0.05 0.05 -0.015 -0.02 0.045 0.587785 0.809017 -4.9538e-17 3.59915e-17 
0.10404 0.05 0.05 0.05 0.02 0.005 0.045 0.809017 -0.587785 -3.59914e-17 4.9538e-17 
0.102357 0.05 0.05 0.05 0.02 0.015 0.045 0.809017 -0.587785 -3.59914e-17 4.9538e-17 
0.102291 0.05 0.05 0.05 0.015 0.015 0.045 -0.587785 0.809017 -4.9538e-17 -3.59915e-17 
0.100855 0.05 0.05 0.05 -0.025 -0.025 0.045 0.309017 0.951057 -5.82354e-17 1.89218e-17 
0.0998707 0.05 0.05 0.05 0.02 -0.025 0.045 6.12323e-17 1 -6.12323e-17 3.7494e-33 
0.0997082 0.05 0.05 0.05 0.005 0.02 0.045 1 0 0 6.12323e-17 
0.0990734 0.05 0.05 0.05 -0.005 -0.02 0.045 6.12323e-17 1 -6.12323e-17 3.7494e-33 
0.0976908 0.05 0.05 0.05 -0.02 0.005 0.045 0.809017 0.587785 3.59914e-17 4.9538e-17 
0.0963342 0.05 0.05 0.05 0.02 -0.005 0.045 -0.587785 0.809017 -4.9538e-17 -3.59915e-17 
0.0941468 0.05 0.05 0.05 1.73472e-18 -0.025 0.045 0.309017 0.951057 -5.82354e-17 1.89218e-17 
0.0925665 0.05 0.05 0.05 -0.025 0.02 0.045 0.809017 0.587785 3.59914e-17 4.9538e-17 
0.0917752 0.05 0.05 0.05 0.015 0.015 0.045 0.809017 -0.587785 -3.59914e-17 4.9538e-17 
0.0909526 0.05 0.05 0.05 -0.02 0.01 0.045 0.809017 0.587785 3.59914e-17 4.9538e-17 
0.0909387 0.05 0.05 0.05 -0.025 -0.015 0.045 0.587785 0.809017 -4.9538e-17 3.59915e-17 
0.0892434 0.05 0.05 0.05 -0.025 0.005 0.045 0.587785 0.809017 -4.9538e-17 3.59915e-17 
0.0883653 0.05 0.05 0.05 0.02 -0.01 0.045 -0.587785 0.809017 -4.9538e-17 -3.59915e-17 
0.0882877 0.05 0.05 0.05 -0.02 -0.02 0.045 0.587785 0.809017 -4.9538e-17 3.59915e-17 
0.0882377 0.05 0.05 0.05 0.015 0.01 0.045 0.809017 -0.587785 -3.59914e-17 4.9538e-17 
0.0877991 0.05 0.05 0.05 -0.025 -0.025 0.045 6.12323e-17 1 -6.12323e-17 3.7494e-33 
0.0872846 0.05 0.05 0.05 0.01 0.02 0.045 1 0 0 6.12323e-17 
0.0869355 0.05 0.05 0.05 1.73472e-18 0.015 0.045 1 0 0 6.12323e-17 
0.0866413 0.05 0.05 0.05 -0.01 -0.02 0.045 6.12323e-17 1 -6.12323e-17 3.7494e-33 
0.0847911 0.05 0.05 0.05 -0.02 0.015 0.045 0.809017 0.587785 3.59914e-17 4.9538e-17 
0.0846914 0.05 0.05 0.05 0.02 -0.015 0.045 -0.587785 0.809017 -4.9538e-17 -3.59915e-17 
0.0840522 0.05 0.05 0.05 1.73472e-18 -0.015 0.045 6.12323e-17 1 -6.12323e-17 3.7494e-33 
0.0817721 0.05 0.05 0.05 0.02 -0.02 0.045 -0.587785 0.809017 -4.9538e-17 -3.59915e-17 
0.0812938 0.05 0.05 0.05 0.02 1.73472e-18 0.045 0.809017 -0.587785 -3.59914e-17 4.9538e-17 
0.0811764 0.05 0.05 0.05 0.02 0.02 0.045 0.809017 -0.587785 -3.59914e-17 4.9538e-17 
0.0798989 0.05 0.05 0.05 0.015 0.02 0.045 0.809017 -0.587785 -3.59914e-17 4.9538e-17 
0.0794939 0.05 0.05 0.05 1.73472e-18 0.01 0.045 1 0 0 6.12323e-17 
0.0793123 0.05 0.05 0.05 -0.015 0.01 0.045 0.587785 0.809017 -4.9538e-17 3.59915e-17 
0.0774789 0.05 0.05 0.05 -0.02 0.02 0.045 0.809017 0.587785 3.59914e-17 4.9538e-17 
0.0769292 0.05 0.05 0.05 -0.01 -0.025 0.045 0.587785 0.809017 -4.9538e-17 3.59915e-17 
0.0753912 0.05 0.05 0.05 0.02 -0.025 0.045 -0.587785 0.809017 -4.9538e-17 -3.59915e-17 
0.0746801 0.05 0.05 0.05 -0.005 -0.025 0.045 0.587785 0.809017 -4.9538e-17 3.59915e-17 
0.0732675 0.05 0.05 0.05 -0.02 0.01 0.045 0.587785 0.809017 -4.9538e-17 3.59915e-17 
0.0720865 0.05 0.05 0.05 0.015 0.02 0.045 1 0 0 6.12323e-17 
0.0714512 0.05 0.05 0.05 -0.015 -0.02 0.045 6.12323e-17 1 -6.12323e-17 3.7494e-33 
0.0713011 0.05 0.05 0.05 1.73472e-18 -0.01 0.045 6.12323e-17 1 -6.12323e-17 3.7494e-33 
0.0694436 0.05 0.05 0.05 -0.015 -0.025 0.045 0.587785 0.809017 -4.9538e-17 3.59915e-17 
0.0682276 0.05 0.05 0.05 0.005 -0.025 0.045 0.309017 0.951057 -5.82354e-17 1.89218e-17 
0.0672803 0.05 0.05 0.05 0.015 0.005 0.045 0.809017 -0.587785 -3.59914e-17 4.9538e-17 
0.0645371 0.05 0.05 0.05 -0.025 -0.02 0.045 0.587785 0.809017 -4.9538e-17 3.59915e-17 
0.0604752 0.05 0.05 0.05 1.73472e-18 -0.025 0.045 0.587785 0.809017 -4.9538e-17 3.59915e-17 
0.0604401 0.05 0.05 0.05 0.015 0.01 0.045 -0.587785 0.809017 -4.9538e-17 -3.59915e-17 
0.0604371 0.05 0.05 0.05 -0.025 0.01 0.045 0.587785 0.809017 -4.9538e-17 3.59915e-17 
0.0580783 0.05 0.05 0.05 0.005 0.015 0.045 1 0 0 6.12323e-17 
0.0562317 0.05 0.05 0.05 0.01 0.02 0.045 0.809017 -0.587785 -3.59914e-17 4.9538e-17 
0.0552366 0.05 0.05 0.05 -0.005 -0.015 0.045 6.12323e-17 1 -6.12323e-17 3.7494e-33 
0.0546103 0.05 0.05 0.05 -0.02 -0.025 0.045 0.587785 0.809017 -4.9538e-17 3.59915e-17 
0.0540622 0.05 0.05 0.05 0.01 0.015 0.045 0.809017 -0.587785 -3.59914e-17 4.9538e-17 
0.0528262 0.05 0.05 0.05 0.02 0.02 0.045 1 0 0 6.12323e-17 
0.0522634 0.05 0.05 0.05 -0.02 -0.02 0.045 6.12323e-17 1 -6.12323e-17 3.7494e-33 
0.0521977 0.05 0.05 0.05 -0.015 -0.015 0.045 0.809017 0.587785 3.59914e-17 4.9538e-17 
0.0502421 0.05 0.05 0.05 0.015 -0.025 0.045 -0.587785 0.809017 -4.9538e-17 -3.59915e-17 
0.045266 0.05 0.05 0.05 -0.025 0.02 0.045 0.951057 0.309017 1.89218e-17 5.82354e-17 
0.0441261 0.05 0.05 0.05 0.02 -0.005 0.045 0.809017 -0.587785 -3.59914e-17 4.9538e-17 
0.0429211 0.05 0.05 0.05 0.02 -0.025 0.045 -0.309017 0.951057 -5.82354e-17 -1.89218e-17 
0.0410494 0.05 0.05 0.05 0.01 -0.025 0.045 0.309017 0.951057 -5.82354e-17 1.89218e-17 
0.0406453 0.05 0.05 0.05 0.015 -0.02 0.045 -0.587785 0.809017 -4.9538e-17 -3.59915e-17 
0.0387165 0.05 0.05 0.05 -0.025 0.015 0.045 0.951057 0.309017 1.89218e-17 5.82354e-17 
0.036065 0.05 0.05 0.05 -0.015 0.015 0.045 0.587785 0.809017 -4.9538e-17 3.59915e-17 
0.0347435 0.05 0.05 0.05 -0.025 -0.025 0.045 0.587785 0.809017 -4.9538e-17 3.59915e-17 
0.034217 0.05 0.05 0.05 -0.02 0.015 0.045 0.587785 0.809017 -4.9538e-17 3.59915e-17 
0.0322141 0.05 0.05 0.05 0.015 0.005 0.045 -0.587785 0.809017 -4.9538e-17 -3.59915e-17 
0.0320105 0.05 0.05 0.05 0.005 -0.025 0.045 0.587785 0.809017 -4.9538e-17 3.59915e-17 
0.0304093 0.05 0.05 0.05 0.01 0.015 0.045 1 0 0 6.12323e-17 
0.0290415 0.05 0.05 0.05 0.02 -0.02 0.045 -0.309017 0.951057 -5.82354e-17 -1.89218e-17 
0.0288277 0.05 0.05 0.05 0.015 1.73472e-18 0.045 0.809017 -0.587785 -3.59914e-17 4.9538e-17 
0.0285515 0.05 0.05 0.05 -0.02 0.02 0.045 0.951057 0.309017 1.89218e-17 5.82354e-17 
0.0283867 0.05 0.05 0.05 -0.025 0.01 0.045 0.951057 0.309017 1.89218e-17 5.82354e-17 
0.0281904 0.05 0.05 0.05 0.015 -0.015 0.045 -0.587785 0.809017 -4.9538e-17 -3.59915e-17 
0.0275837 0.05 0.05 0.05 -0.01 -0.015 0.045 6.12323e-17 1 -6.12323e-17 3.7494e-33 
0.0275185 0.05 0.05 0.05 -0.025 -0.02 0.045 6.12323e-17 1 -6.12323e-17 3.7494e-33 
0.0266285 0.05 0.05 0.05 -0.015 0.02 0.045 0.809017 0.587785 3.59914e-17 4.9538e-17 
0.0265114 0.05 0.05 0.05 0.005 0.01 0.045 1 0 0 6.12323e-17 
0.026293 0.05 0.05 0.05 -0.025 0.015 0.045 0.587785 0.809017 -4.9538e-17 3.59915e-17 
0.0246756 0.05 0.05 0.05 -0.015 -0.01 0.045 0.809017 0.587785 3.59914e-17 4.9538e-17 
0.0244831 0.05 0.05 0.05 0.015 -0.025 0.045 -0.309017 0.951057 -5.82354e-17 -1.89218e-17 
0.0189573 0.05 0.05 0.05 -0.015 0.015 0.045 0.809017 0.587785 3.59914e-17 4.9538e-17 
0.0185292 0.05 0.05 0.05 -0.005 -0.01 0.045 6.12323e-17 1 -6.12323e-17 3.7494e-33 
0.0175229 0.05 0.05 0.05 0.015 -0.01 0.045 -0.587785 0.809017 -4.9538e-17 -3.59915e-17 
0.016805 0.05 0.05 0.05 0.015 1.73472e-18 0.045 -0.587785 0.809017 -4.9538e-17 -3.59915e-17 
0.0166238 0.05 0.05 0.05 0.02 -0.015 0.045 -0.309017 0.951057 -5.82354e-17 -1.89218e-17 
0.015599 0.05 0.05 0.05 0.015 -0.025 0.045 0.309017 0.951057 -5.82354e-17 1.89218e-17 
0.0143572 0.05 0.05 0.05 -0.02 0.015 0.045 0.951057 0.309017 1.89218e-17 5.82354e-17 
0.0126853 0.05 0.05 0.05 0.015 -0.005 0.045 -0.587785 0.809017 -4.9538e-17 -3.59915e-17 
0.0113188 0.05 0.05 0.05 -0.015 0.01 0.045 0.809017 0.587785 3.59914e-17 4.9538e-17 
0.0106675 0.05 0.05 0.05 -0.025 0.005 0.045 0.951057 0.309017 1.89218e-17 5.82354e-17 
0.00979365 0.05 0.05 0.05 -0.015 -0.005 0.045 0.809017 0.587785 3.59914e-17 4.9538e-17 
0.00697287 0.05 0.05 0.05 0.01 -0.025 0.045 -0.587785 0.809017 -4.9538e-17 -3.59915e-17 
0.00575203 0.05 0.05 0.05 -0.015 0.005 0.045 0.809017 0.587785 3.59914e-17 4.9538e-17 
0.00488168 0.05 0.05 0.05 0.005 0.02 0.045 0.809017 -0.587785 -3.59914e-17 4.9538e-17 
0.00437717 0.05 0.05 0.05 -0.015 1.73472e-18 0.045 0.809017 0.587785 3.59914e-17 4.9538e-17 
0.00415824 0.05 0.05 0.05 0.015 -0.02 0.045 -0.309017 0.951057 -5.82354e-17 -1.89218e-17 
0.00322726 0.05 0.05 0.05 0.02 -0.01 0.045 -0.309017 0.951057 -5.82354e-17 -1.89218e-17 
0.00298839 0.05 0.05 0.05 0.015 0.015 0.045 1 0 0 6.12323e-17 
0.000922651 0.05 0.05 0.05 -0.015 0.02 0.045 0.951057 0.309017 1.89218e-17 5.82354e-17 
0.000448238 0.05 0.05 0.05 -0.015 -0.015 0.045 6.12323e-17 1 -6.12323e-17 3.7494e-33 
-0.00124559 0.05 0.05 0.05 0.01 -0.025 0.045 -0.309017 0.951057 -5.82354e-17 -1.89218e-17 
-0.00192774 0.05 0.05 0.05 -0.02 0.01 0.045 0.951057 0.309017 1.89218e-17 5.82354e-17 
-0.00384427 0.05 0.05 0.05 0.02 -0.01 0.045 0.809017 -0.587785 -3.59914e-17 4.9538e-17 
-0.00393973 0.05 0.05 0.05 -0.02 0.02 0.045 0.587785 0.809017 -4.9538e-17 3.59915e-17 
-0.00620209 0.05 0.05 0.05 -0.015 0.02 0.045 0.587785 0.809017 -4.9538e-17 3.59915e-17 
-0.00680761 0.05 0.05 0.05 -0.025 0.02 0.045 0.587785 0.809017 -4.9538e-17 3.59915e-17 
-0.0124449 0.05 0.05 0.05 0.015 -0.015 0.045 -0.309017 0.951057 -5.82354e-17 -1.89218e-17 
-0.0142616 0.05 0.05 0.05 0.02 -0.005 0.045 -0.309017 0.951057 -5.82354e-17 -1.89218e-17 
-0.0180997 0.05 0.05 0.05 -0.025 1.73472e-18 0.045 0.951057 0.309017 1.89218e-17 5.82354e-17 
-0.0187916 0.05 0.05 0.05 -0.015 0.015 0.045 0.951057 0.309017 1.89218e-17 5.82354e-17 
-0.0213596 0.05 0.05 0.05 0.01 0.01 0.045 1 0 0 6.12323e-17 
-0.0234271 0.05 0.05 0.05 -0.02 0.005 0.045 0.951057 0.309017 1.89218e-17 5.82354e-17 
-0.0250908 0.05 0.05 0.05 0.015 -0.005 0.045 0.809017 -0.587785 -3.59914e-17 4.9538e-17 
-0.025112 0.05 0.05 0.05 0.02 0.015 0.045 1 0 0 6.12323e-17 
-0.0260979 0.05 0.05 0.05 0.01 -0.02 0.045 -0.309017 0.951057 -5.82354e-17 -1.89218e-17 
-0.0274891 0.05 0.05 0.05 0.01 -0.02 0.045 -0.587785 0.809017 -4.9538e-17 -3.59915e-17 
-0.0275774 0.05 0.05 0.05 0.015 -0.01 0.045 -0.309017 0.951057 -5.82354e-17 -1.89218e-17 
-0.02759 0.05 0.05 0.05 -0.02 -0.015 0.045 6.12323e-17 1 -6.12323e-17 3.7494e-33 
-0.0291957 0.05 0.05 0.05 -0.01 -0.01 0.045 6.12323e-17 1 -6.12323e-17 3.7494e-33 
-0.0307172 0.05 0.05 0.05 0.005 -0.025 0.045 -0.309017 0.951057 -5.82354e-17 -1.89218e-17 
-0.0334375 0.05 0.05 0.05 -0.01 0.02 0.045 0.951057 0.309017 1.89218e-17 5.82354e-17 
-0.0383454 0.05 0.05 0.05 -0.015 0.01 0.045 0.951057 0.309017 1.89218e-17 5.82354e-17 
-0.0390651 0.05 0.05 0.05 0.02 1.73472e-18 0.045 -0.309017 0.951057 -5.82354e-17 -1.89218e-17 
-0.0443501 0.05 0.05 0.05 0.01 -0.015 0.045 -0.309017 0.951057 -5.82354e-17 -1.89218e-17 
-0.0535093 0.05 0.05 0.05 -0.02 1.73472e-18 0.045 0.951057 0.309017 1.89218e-17 5.82354e-17 
-0.0567042 0.05 0.05 0.05 -0.01 0.015 0.045 0.951057 0.309017 1.89218e-17 5.82354e-17 
-0.056978 0.05 0.05 0.05 0.02 -0.015 0.045 0.809017 -0.587785 -3.59914e-17 4.9538e-17 
-0.0576889 0.05 0.05 0.05 -0.025 -0.015 0.045 6.12323e-17 1 -6.12323e-17 3.7494e-33 
-0.0578729 0.05 0.05 0.05 0.005 -0.02 0.045 -0.309017 0.951057 -5.82354e-17 -1.89218e-17 
-0.0604879 0.05 0.05 0.05 1.73472e-18 -0.025 0.045 -0.309017 0.951057 -5.82354e-17 -1.89218e-17 
-0.0610758 0.05 0.05 0.05 -0.01 0.02 0.045 0.809017 0.587785 3.59914e-17 4.9538e-17 
-0.0622122 0.05 0.05 0.05 -0.025 -0.005 0.045 0.951057 0.309017 1.89218e-17 5.82354e-17 
-0.0640928 0.05 0.05 0.05 0.01 -0.015 0.045 -0.587785 0.809017 -4.9538e-17 -3.59915e-17 
-0.0647493 0.05 0.05 0.05 0.015 0.01 0.045 1 0 0 6.12323e-17 
-0.0708417 0.05 0.05 0.05 -0.005 0.02 0.045 0.951057 0.309017 1.89218e-17 5.82354e-17 
-0.0723875 0.05 0.05 0.05 -0.015 -0.01 0.045 6.12323e-17 1 -6.12323e-17 3.7494e-33 
-0.0749888 0.05 0.05 0.05 0.02 0.005 0.045 -0.309017 0.951057 -5.82354e-17 -1.89218e-17 
-0.0875977 0.05 0.05 0.05 -0.005 -0.025 0.045 -0.309017 0.951057 -5.82354e-17 -1.89218e-17 
-0.0877724 0.05 0.05 0.05 1.73472e-18 -0.02 0.045 -0.309017 0.951057 -5.82354e-17 -1.89218e-17 
-0.0902698 0.05 0.05 0.05 0.015 -0.01 0.045 0.809017 -0.587785 -3.59914e-17 4.9538e-17 
-0.0924722 0.05 0.05 0.05 -0.01 0.015 0.045 0.809017 0.587785 3.59914e-17 4.9538e-17 
-0.0962535 0.05 0.05 0.05 -0.02 -0.005 0.045 0.951057 0.309017 1.89218e-17 5.82354e-17 
-0.0976916 0.05 0.05 0.05 0.01 -0.01 0.045 -0.587785 0.809017 -4.9538e-17 -3.59915e-17 
-0.104645 0.05 0.05 0.05 0.02 0.01 0.045 1 0 0 6.12323e-17 
-0.107619 0.05 0.05 0.05 0.02 -0.02 0.045 0.809017 -0.587785 -3.59914e-17 4.9538e-17 
-0.107967 0.05 0.05 0.05 1.73472e-18 0.02 0.045 0.951057 0.309017 1.89218e-17 5.82354e-17 
-0.109469 0.05 0.05 0.05 -0.01 -0.025 0.045 -0.309017 0.951057 -5.82354e-17 -1.89218e-17 
-0.112016 0.05 0.05 0.05 -0.02 -0.01 0.045 6.12323e-17 1 -6.12323e-17 3.7494e-33 
-0.112856 0.05 0.05 0.05 -0.005 -0.02 0.045 -0.309017 0.951057 -5.82354e-17 -1.89218e-17 
-0.122311 0.05 0.05 0.05 -0.01 0.01 0.045 0.809017 0.587785 3.59914e-17 4.9538e-17 
-0.123813 0.05 0.05 0.05 0.01 -0.005 0.045 -0.587785 0.809017 -4.9538e-17 -3.59915e-17 
-0.124169 0.05 0.05 0.05 -0.015 -0.025 0.045 -0.309017 0.951057 -5.82354e-17 -1.89218e-17 
-0.124978 0.05 0.05 0.05 0.01 0.01 0.045 -0.587785 0.809017 -4.9538e-17 -3.59915e-17 
-0.125125 0.05 0.05 0.05 -0.025 -0.025 0.045 -0.309017 0.951057 -5.82354e-17 -1.89218e-17 
-0.126147 0.05 0.05 0.05 -0.025 -0.01 0.045 0.951057 0.309017 1.89218e-17 5.82354e-17 
-0.129816 0.05 0.05 0.05 -0.02 -0.025 0.045 -0.309017 0.951057 -5.82354e-17 -1.89218e-17 
-0.138806 0.05 0.05 0.05 0.01 1.73472e-18 0.045 -0.587785 0.809017 -4.9538e-17 -3.59915e-17 
-0.13984 0.05 0.05 0.05 0.01 0.005 0.045 -0.587785 0.809017 -4.9538e-17 -3.59915e-17 
-0.141676 0.05 0.05 0.05 0.005 0.02 0.045 0.951057 0.309017 1.89218e-17 5.82354e-17 
-0.145948 0.05 0.05 0.05 0.02 -0.025 0.045 0.809017 -0.587785 -3.59914e-17 4.9538e-17 
-0.148541 0.05 0.05 0.05 -0.01 0.005 0.045 0.809017 0.587785 3.59914e-17 4.9538e-17 
-0.149276 0.05 0.05 0.05 -0.025 -0.01 0.045 6.12323e-17 1 -6.12323e-17 3.7494e-33 
-0.160463 0.05 0.05 0.05 0.015 -0.015 0.045 0.809017 -0.587785 -3.59914e-17 4.9538e-17 
-0.168709 0.05 0.05 0.05 -0.01 1.73472e-18 0.045 0.809017 0.587785 3.59914e-17 4.9538e-17 
-0.179918 0.05 0.05 0.05 -0.01 -0.01 0.045 0.809017 0.587785 3.59914e-17 4.9538e-17 
-0.180124 0.05 0.05 0.05 -0.01 -0.005 0.045 0.809017 0.587785 3.59914e-17 4.9538e-17 
-0.227501 0.05 0.05 0.05 0.015 -0.02 0.045 0.809017 -0.587785 -3.59914e-17 4.9538e-17 
-0.281013 0.05 0.05 0.05 0.015 -0.025 0.045 0.809017 -0.587785 -3.59914e-17 4.9538e-17 
