0.830011 0.06 0.06 0.06 0.03 0.024 0.05 -0.587785 0.809017 -4.9538e-17 -3.59915e-17 
0.829278 0.06 0.06 0.06 -0.03 -0.024 0.05 0.809017 0.587785 3.59914e-17 4.9538e-17 
0.642288 0.06 0.06 0.06 0.03 0.03 0.05 0.951057 -0.309017 -1.89218e-17 5.82354e-17 
0.641806 0.06 0.06 0.06 -0.03 -0.03 0.05 0.309017 0.951057 -5.82354e-17 1.89218e-17 
0.628275 0.06 0.06 0.06 -0.006 -0.03 0.05 0.309017 0.951057 -5.82354e-17 1.89218e-17 
0.625705 0.06 0.06 0.06 0.006 0.03 0.05 0.951057 -0.309017 -1.89218e-17 5.82354e-17 
0.560952 0.06 0.06 0.06 -0.012 -0.03 0.05 0.309017 0.951057 -5.82354e-17 1.89218e-17 
0.559135 0.06 0.06 0.06 0.012 0.03 0.05 0.951057 -0.309017 -1.89218e-17 5.82354e-17 
0.543385 0.06 0.06 0.06 -1.73472e-18 -0.03 0.05 0.309017 0.951057 -5.82354e-17 1.89218e-17 
0.540079 0.06 0.06 0.06 -1.73472e-18 0.03 0.05 0.951057 -0.309017 -1.89218e-17 5.82354e-17 
0.529321 0.06 0.06 0.06 0.03 0.024 0.05 0.951057 -0.309017 -1.89218e-17 5.82354e-17 
0.529077 0.06 0.06 0.06 -0.03 -0.024 0.05 0.309017 0.951057 -5.82354e-17 1.89218e-17 
0.513872 0.06 0.06 0.06 -0.006 -0.024 0.05 0.309017 0.951057 -5.82354e-17 1.89218e-17 
0.512726 0.06 0.06 0.06 0.006 0.024 0.05 0.951057 -0.309017 -1.89218e-17 5.82354e-17 
0.461444 0.06 0.06 0.06 -0.018 -0.03 0.05 0.309017 0.951057 -5.82354e-17 1.89218e-17 
0.460391 0.06 0.06 0.06 0.018 0.03 0.05 0.951057 -0.309017 -1.89218e-17 5.82354e-17 
0.449684 0.06 0.06 0.06 -0.024 -0.03 0.05 0.309017 0.951057 -5.82354e-17 1.89218e-17 
0.4494 0.06 0.06 0.06 0.024 0.03 0.05 0.951057 -0.309017 -1.89218e-17 5.82354e-17 
0.446153 0.06 0.06 0.06 -0.012 -0.024 0.05 0.309017 0.951057 -5.82354e-17 1.89218e-17 
0.445351 0.06 0.06 0.06 0.012 0.024 0.05 0.951057 -0.309017 -1.89218e-17 5.82354e-17 
0.429406 0.06 0.06 0.06 -1.73472e-18 -0.024 0.05 0.309017 0.951057 -5.82354e-17 1.89218e-17 
0.427925 0.06 0.06 0.06 -1.73472e-18 0.024 0.05 0.951057 -0.309017 -1.89218e-17 5.82354e-17 
0.418556 0.06 0.06 0.06 0.03 0.018 0.05 0.951057 -0.309017 -1.89218e-17 5.82354e-17 
0.418491 0.06 0.06 0.06 -0.03 -0.018 0.05 0.309017 0.951057 -5.82354e-17 1.89218e-17 
0.405057 0.06 0.06 0.06 -0.006 -0.018 0.05 0.309017 0.951057 -5.82354e-17 1.89218e-17 
0.404787 0.06 0.06 0.06 0.006 0.018 0.05 0.951057 -0.309017 -1.89218e-17 5.82354e-17 
0.365976 0.06 0.06 0.06 -0.006 -0.03 0.05 0.587785 0.809017 -4.9538e-17 3.59915e-17 
0.363782 0.06 0.06 0.06 0.006 0.03 0.05 0.809017 -0.587785 -3.59914e-17 4.9538e-17 
0.346743 0.06 0.06 0.06 -0.018 -0.024 0.05 0.309017 0.951057 -5.82354e-17 1.89218e-17 
0.346289 0.06 0.06 0.06 0.018 0.024 0.05 0.951057 -0.309017 -1.89218e-17 5.82354e-17 
0.343453 0.06 0.06 0.06 -0.012 -1.73472e-18 0.05 0.809017 0.587785 3.59914e-17 4.9538e-17 
0.343068 0.06 0.06 0.06 0.012 -1.73472e-18 0.05 -0.587785 0.809017 -4.9538e-17 -3.59915e-17 
0.340239 0.06 0.06 0.06 -0.03 -0.03 0.05 0.587785 0.809017 -4.9538e-17 3.59915e-17 
0.336315 0.06 0.06 0.06 -0.012 -0.018 0.05 0.309017 0.951057 -5.82354e-17 1.89218e-17 
0.336128 0.06 0.06 0.06 0.012 0.018 0.05 0.951057 -0.309017 -1.89218e-17 5.82354e-17 
0.335726 0.06 0.06 0.06 -0.024 -0.024 0.05 0.309017 0.951057 -5.82354e-17 1.89218e-17 
0.335621 0.06 0.06 0.06 0.024 0.024 0.05 0.951057 -0.309017 -1.89218e-17 5.82354e-17 
0.333555 0.06 0.06 0.06 -0.03 0.018 0.05 0.809017 0.587785 3.59914e-17 4.9538e-17 
0.333078 0.06 0.06 0.06 0.03 0.03 0.05 0.809017 -0.587785 -3.59914e-17 4.9538e-17 
0.332032 0.06 0.06 0.06 0.03 -0.018 0.05 -0.587785 0.809017 -4.9538e-17 -3.59915e-17 
0.322048 0.06 0.06 0.06 -1.73472e-18 -0.018 0.05 0.309017 0.951057 -5.82354e-17 1.89218e-17 
0.321697 0.06 0.06 0.06 -1.73472e-18 0.018 0.05 0.951057 -0.309017 -1.89218e-17 5.82354e-17 
0.319593 0.06 0.06 0.06 -0.012 -0.03 0.05 0.587785 0.809017 -4.9538e-17 3.59915e-17 
0.316275 0.06 0.06 0.06 0.012 0.03 0.05 0.809017 -0.587785 -3.59914e-17 4.9538e-17 
0.307234 0.06 0.06 0.06 -0.03 -0.012 0.05 0.309017 0.951057 -5.82354e-17 1.89218e-17 
0.307187 0.06 0.06 0.06 0.03 0.012 0.05 0.951057 -0.309017 -1.89218e-17 5.82354e-17 
0.288726 0.06 0.06 0.06 -0.03 -0.018 0.05 0.809017 0.587785 3.59914e-17 4.9538e-17 
0.288288 0.06 0.06 0.06 0.03 0.018 0.05 -0.587785 0.809017 -4.9538e-17 -3.59915e-17 
0.284481 0.06 0.06 0.06 0.03 -0.03 0.05 6.12323e-17 1 -6.12323e-17 3.7494e-33 
0.284478 0.06 0.06 0.06 -0.03 0.03 0.05 1 0 0 6.12323e-17 
0.280967 0.06 0.06 0.06 -0.018 -0.03 0.05 0.587785 0.809017 -4.9538e-17 3.59915e-17 
0.278676 0.06 0.06 0.06 -0.024 -0.03 0.05 0.587785 0.809017 -4.9538e-17 3.59915e-17 
0.276475 0.06 0.06 0.06 0.018 0.03 0.05 0.809017 -0.587785 -3.59914e-17 4.9538e-17 
0.273836 0.06 0.06 0.06 0.018 0.006 0.05 -0.587785 0.809017 -4.9538e-17 -3.59915e-17 
0.273703 0.06 0.06 0.06 -0.018 -0.006 0.05 0.809017 0.587785 3.59914e-17 4.9538e-17 
0.272918 0.06 0.06 0.06 0.024 0.03 0.05 0.809017 -0.587785 -3.59914e-17 4.9538e-17 
0.236444 0.06 0.06 0.06 -0.018 -0.018 0.05 0.309017 0.951057 -5.82354e-17 1.89218e-17 
0.23634 0.06 0.06 0.06 0.018 0.018 0.05 0.951057 -0.309017 -1.89218e-17 5.82354e-17 
0.230307 0.06 0.06 0.06 -0.024 0.018 0.05 0.809017 0.587785 3.59914e-17 4.9538e-17 
0.230103 0.06 0.06 0.06 0.024 -0.018 0.05 -0.587785 0.809017 -4.9538e-17 -3.59915e-17 
0.225339 0.06 0.06 0.06 -0.024 -0.018 0.05 0.309017 0.951057 -5.82354e-17 1.89218e-17 
0.22532 0.06 0.06 0.06 0.024 0.018 0.05 0.951057 -0.309017 -1.89218e-17 5.82354e-17 
0.209106 0.06 0.06 0.06 -0.03 0.012 0.05 0.809017 0.587785 3.59914e-17 4.9538e-17 
0.208114 0.06 0.06 0.06 0.03 -0.012 0.05 -0.587785 0.809017 -4.9538e-17 -3.59915e-17 
0.199123 0.06 0.06 0.06 0.018 -1.73472e-18 0.05 -0.587785 0.809017 -4.9538e-17 -3.59915e-17 
0.198922 0.06 0.06 0.06 -0.018 -1.73472e-18 0.05 0.809017 0.587785 3.59914e-17 4.9538e-17 
0.189893 0.06 0.06 0.06 0.006 -0.03 0.05 0.309017 0.951057 -5.82354e-17 1.89218e-17 
0.185876 0.06 0.06 0.06 -0.006 0.03 0.05 0.951057 -0.309017 -1.89218e-17 5.82354e-17 
0.158771 0.06 0.06 0.06 -0.018 -0.006 0.05 0.587785 0.809017 -4.9538e-17 3.59915e-17 
0.158401 0.06 0.06 0.06 0.018 0.006 0.05 0.809017 -0.587785 -3.59914e-17 4.9538e-17 
0.154182 0.06 0.06 0.06 0.018 -1.73472e-18 0.05 0.809017 -0.587785 -3.59914e-17 4.9538e-17 
0.154061 0.06 0.06 0.06 -0.018 -1.73472e-18 0.05 0.587785 0.809017 -4.9538e-17 3.59915e-17 
0.145885 0.06 0.06 0.06 0.024 -0.012 0.05 -0.587785 0.809017 -4.9538e-17 -3.59915e-17 
0.145653 0.06 0.06 0.06 -0.024 0.012 0.05 0.809017 0.587785 3.59914e-17 4.9538e-17 
0.141798 0.06 0.06 0.06 -0.03 0.024 0.05 0.809017 0.587785 3.59914e-17 4.9538e-17 
0.140478 0.06 0.06 0.06 0.03 -0.024 0.05 -0.587785 0.809017 -4.9538e-17 -3.59915e-17 
0.137431 0.06 0.06 0.06 -0.012 0.006 0.05 0.809017 0.587785 3.59914e-17 4.9538e-17 
0.137136 0.06 0.06 0.06 0.012 -0.006 0.05 -0.587785 0.809017 -4.9538e-17 -3.59915e-17 
0.123363 0.06 0.06 0.06 -0.018 0.018 0.05 0.809017 0.587785 3.59914e-17 4.9538e-17 
0.123359 0.06 0.06 0.06 0.018 -0.018 0.05 -0.587785 0.809017 -4.9538e-17 -3.59915e-17 
0.115641 0.06 0.06 0.06 -0.03 -0.006 0.05 0.587785 0.809017 -4.9538e-17 3.59915e-17 
0.115074 0.06 0.06 0.06 -0.018 0.018 0.05 0.951057 0.309017 1.89218e-17 5.82354e-17 
0.115072 0.06 0.06 0.06 0.018 -0.018 0.05 -0.309017 0.951057 -5.82354e-17 -1.89218e-17 
0.11485 0.06 0.06 0.06 0.03 0.006 0.05 0.809017 -0.587785 -3.59914e-17 4.9538e-17 
0.113396 0.06 0.06 0.06 0.012 -0.018 0.05 6.12323e-17 1 -6.12323e-17 3.7494e-33 
0.113394 0.06 0.06 0.06 -0.012 0.018 0.05 1 0 0 6.12323e-17 
0.10676 0.06 0.06 0.06 -0.024 0.024 0.05 0.809017 0.587785 3.59914e-17 4.9538e-17 
0.106684 0.06 0.06 0.06 0.024 -0.024 0.05 -0.587785 0.809017 -4.9538e-17 -3.59915e-17 
0.105325 0.06 0.06 0.06 -0.024 -0.006 0.05 0.587785 0.809017 -4.9538e-17 3.59915e-17 
0.104821 0.06 0.06 0.06 0.024 0.006 0.05 0.809017 -0.587785 -3.59914e-17 4.9538e-17 
0.101524 0.06 0.06 0.06 0.018 -0.006 0.05 -0.587785 0.809017 -4.9538e-17 -3.59915e-17 
0.101158 0.06 0.06 0.06 -0.018 0.006 0.05 0.809017 0.587785 3.59914e-17 4.9538e-17 
0.0990194 0.06 0.06 0.06 -0.024 0.018 0.05 0.951057 0.309017 1.89218e-17 5.82354e-17 
0.0990177 0.06 0.06 0.06 0.024 -0.018 0.05 -0.309017 0.951057 -5.82354e-17 -1.89218e-17 
0.096865 0.06 0.06 0.06 -0.03 -1.73472e-18 0.05 0.587785 0.809017 -4.9538e-17 3.59915e-17 
0.0963071 0.06 0.06 0.06 0.03 -1.73472e-18 0.05 0.809017 -0.587785 -3.59914e-17 4.9538e-17 
0.094943 0.06 0.06 0.06 0.024 0.012 0.05 -0.587785 0.809017 -4.9538e-17 -3.59915e-17 
0.0948985 0.06 0.06 0.06 -0.024 -0.012 0.05 0.809017 0.587785 3.59914e-17 4.9538e-17 
0.0946381 0.06 0.06 0.06 0.03 -0.024 0.05 6.12323e-17 1 -6.12323e-17 3.7494e-33 
0.094635 0.06 0.06 0.06 -0.03 0.024 0.05 1 0 0 6.12323e-17 
0.0940653 0.06 0.06 0.06 0.006 -0.018 0.05 6.12323e-17 1 -6.12323e-17 3.7494e-33 
0.0940642 0.06 0.06 0.06 -0.006 0.018 0.05 1 0 0 6.12323e-17 
0.0938777 0.06 0.06 0.06 -0.024 -1.73472e-18 0.05 0.587785 0.809017 -4.9538e-17 3.59915e-17 
0.0937363 0.06 0.06 0.06 0.024 -1.73472e-18 0.05 0.809017 -0.587785 -3.59914e-17 4.9538e-17 
0.0884049 0.06 0.06 0.06 0.024 -0.012 0.05 -0.309017 0.951057 -5.82354e-17 -1.89218e-17 
0.088404 0.06 0.06 0.06 -0.024 0.012 0.05 0.951057 0.309017 1.89218e-17 5.82354e-17 
0.0867155 0.06 0.06 0.06 -0.018 0.024 0.05 0.951057 0.309017 1.89218e-17 5.82354e-17 
0.0867136 0.06 0.06 0.06 0.018 -0.024 0.05 -0.309017 0.951057 -5.82354e-17 -1.89218e-17 
0.0860574 0.06 0.06 0.06 -0.024 -0.006 0.05 0.809017 0.587785 3.59914e-17 4.9538e-17 
0.0859414 0.06 0.06 0.06 0.024 0.006 0.05 -0.587785 0.809017 -4.9538e-17 -3.59915e-17 
0.0853052 0.06 0.06 0.06 0.018 -0.018 0.05 6.12323e-17 1 -6.12323e-17 3.7494e-33 
0.0853028 0.06 0.06 0.06 -0.018 0.018 0.05 1 0 0 6.12323e-17 
0.0852063 0.06 0.06 0.06 -0.03 -0.012 0.05 0.587785 0.809017 -4.9538e-17 3.59915e-17 
0.0851841 0.06 0.06 0.06 0.018 -0.006 0.05 0.809017 -0.587785 -3.59914e-17 4.9538e-17 
0.0851053 0.06 0.06 0.06 0.03 0.012 0.05 0.809017 -0.587785 -3.59914e-17 4.9538e-17 
0.0846523 0.06 0.06 0.06 -0.018 0.006 0.05 0.587785 0.809017 -4.9538e-17 3.59915e-17 
0.0825866 0.06 0.06 0.06 -0.018 -0.012 0.05 0.587785 0.809017 -4.9538e-17 3.59915e-17 
0.0823693 0.06 0.06 0.06 0.018 0.012 0.05 0.809017 -0.587785 -3.59914e-17 4.9538e-17 
0.0792537 0.06 0.06 0.06 0.018 -0.012 0.05 -0.587785 0.809017 -4.9538e-17 -3.59915e-17 
0.0789436 0.06 0.06 0.06 -0.018 0.012 0.05 0.809017 0.587785 3.59914e-17 4.9538e-17 
0.0755927 0.06 0.06 0.06 0.006 -0.024 0.05 0.309017 0.951057 -5.82354e-17 1.89218e-17 
0.0737877 0.06 0.06 0.06 -0.006 0.024 0.05 0.951057 -0.309017 -1.89218e-17 5.82354e-17 
0.0732213 0.06 0.06 0.06 0.03 -0.03 0.05 0.809017 -0.587785 -3.59914e-17 4.9538e-17 
0.0702632 0.06 0.06 0.06 -0.03 0.03 0.05 0.587785 0.809017 -4.9538e-17 3.59915e-17 
0.069397 0.06 0.06 0.06 -0.006 -0.03 0.05 6.12323e-17 1 -6.12323e-17 3.7494e-33 
0.0693967 0.06 0.06 0.06 0.006 0.03 0.05 1 0 0 6.12323e-17 
0.0686857 0.06 0.06 0.06 0.018 -0.024 0.05 -0.587785 0.809017 -4.9538e-17 -3.59915e-17 
0.0686121 0.06 0.06 0.06 -0.018 0.024 0.05 0.809017 0.587785 3.59914e-17 4.9538e-17 
0.0662113 0.06 0.06 0.06 -0.03 0.024 0.05 0.587785 0.809017 -4.9538e-17 3.59915e-17 
0.0657964 0.06 0.06 0.06 0.03 -0.024 0.05 0.809017 -0.587785 -3.59914e-17 4.9538e-17 
0.0649807 0.06 0.06 0.06 -0.024 0.024 0.05 0.951057 0.309017 1.89218e-17 5.82354e-17 
0.0649798 0.06 0.06 0.06 0.024 -0.024 0.05 -0.309017 0.951057 -5.82354e-17 -1.89218e-17 
0.0641212 0.06 0.06 0.06 0.024 -0.006 0.05 -0.587785 0.809017 -4.9538e-17 -3.59915e-17 
0.0637769 0.06 0.06 0.06 -0.024 0.006 0.05 0.809017 0.587785 3.59914e-17 4.9538e-17 
0.0573875 0.06 0.06 0.06 0.024 -0.006 0.05 -0.309017 0.951057 -5.82354e-17 -1.89218e-17 
0.0573868 0.06 0.06 0.06 -0.024 0.006 0.05 0.951057 0.309017 1.89218e-17 5.82354e-17 
0.0572052 0.06 0.06 0.06 0.018 -0.03 0.05 0.809017 -0.587785 -3.59914e-17 4.9538e-17 
0.0548937 0.06 0.06 0.06 -1.73472e-18 0.03 0.05 1 0 0 6.12323e-17 
0.0548928 0.06 0.06 0.06 -1.73472e-18 -0.03 0.05 6.12323e-17 1 -6.12323e-17 3.7494e-33 
0.0546751 0.06 0.06 0.06 0.012 0.03 0.05 1 0 0 6.12323e-17 
0.0546738 0.06 0.06 0.06 -0.012 -0.03 0.05 6.12323e-17 1 -6.12323e-17 3.7494e-33 
0.0543239 0.06 0.06 0.06 -1.73472e-18 -0.024 0.05 6.12323e-17 1 -6.12323e-17 3.7494e-33 
0.0543226 0.06 0.06 0.06 -1.73472e-18 0.024 0.05 1 0 0 6.12323e-17 
0.0529134 0.06 0.06 0.06 0.024 -1.73472e-18 0.05 -0.587785 0.809017 -4.9538e-17 -3.59915e-17 
0.0528138 0.06 0.06 0.06 -0.024 -1.73472e-18 0.05 0.809017 0.587785 3.59914e-17 4.9538e-17 
0.0524141 0.06 0.06 0.06 -1.73472e-18 -0.018 0.05 6.12323e-17 1 -6.12323e-17 3.7494e-33 
0.0524118 0.06 0.06 0.06 -1.73472e-18 0.018 0.05 1 0 0 6.12323e-17 
0.052162 0.06 0.06 0.06 0.03 0.024 0.05 0.809017 -0.587785 -3.59914e-17 4.9538e-17 
0.0519245 0.06 0.06 0.06 -0.03 -0.024 0.05 0.587785 0.809017 -4.9538e-17 3.59915e-17 
0.0517981 0.06 0.06 0.06 -0.018 0.03 0.05 0.587785 0.809017 -4.9538e-17 3.59915e-17 
0.0517453 0.06 0.06 0.06 -0.024 -0.012 0.05 0.587785 0.809017 -4.9538e-17 3.59915e-17 
0.0516649 0.06 0.06 0.06 0.024 0.012 0.05 0.809017 -0.587785 -3.59914e-17 4.9538e-17 
0.0503073 0.06 0.06 0.06 0.03 -0.006 0.05 0.809017 -0.587785 -3.59914e-17 4.9538e-17 
0.0502581 0.06 0.06 0.06 -0.03 0.006 0.05 0.587785 0.809017 -4.9538e-17 3.59915e-17 
0.0485407 0.06 0.06 0.06 0.006 -0.024 0.05 6.12323e-17 1 -6.12323e-17 3.7494e-33 
0.0485403 0.06 0.06 0.06 -0.006 0.024 0.05 1 0 0 6.12323e-17 
0.0447181 0.06 0.06 0.06 0.006 0.024 0.05 1 0 0 6.12323e-17 
0.0447179 0.06 0.06 0.06 -0.006 -0.024 0.05 6.12323e-17 1 -6.12323e-17 3.7494e-33 
0.0365893 0.06 0.06 0.06 0.024 -0.006 0.05 0.809017 -0.587785 -3.59914e-17 4.9538e-17 
0.0365402 0.06 0.06 0.06 0.024 -0.03 0.05 0.809017 -0.587785 -3.59914e-17 4.9538e-17 
0.0364903 0.06 0.06 0.06 -0.012 0.024 0.05 0.951057 0.309017 1.89218e-17 5.82354e-17 
0.0364879 0.06 0.06 0.06 0.012 -0.024 0.05 -0.309017 0.951057 -5.82354e-17 -1.89218e-17 
0.0362224 0.06 0.06 0.06 -0.024 0.006 0.05 0.587785 0.809017 -4.9538e-17 3.59915e-17 
0.0341573 0.06 0.06 0.06 -0.012 -0.024 0.05 6.12323e-17 1 -6.12323e-17 3.7494e-33 
0.0341564 0.06 0.06 0.06 0.012 0.024 0.05 1 0 0 6.12323e-17 
0.0322834 0.06 0.06 0.06 -0.024 0.03 0.05 0.587785 0.809017 -4.9538e-17 3.59915e-17 
0.0321914 0.06 0.06 0.06 0.03 0.018 0.05 0.809017 -0.587785 -3.59914e-17 4.9538e-17 
0.031181 0.06 0.06 0.06 -0.03 -0.018 0.05 0.587785 0.809017 -4.9538e-17 3.59915e-17 
0.0295351 0.06 0.06 0.06 -0.012 0.024 0.05 0.809017 0.587785 3.59914e-17 4.9538e-17 
0.0291152 0.06 0.06 0.06 0.012 -0.024 0.05 -0.587785 0.809017 -4.9538e-17 -3.59915e-17 
0.0278096 0.06 0.06 0.06 -0.024 -1.73472e-18 0.05 0.951057 0.309017 1.89218e-17 5.82354e-17 
0.027808 0.06 0.06 0.06 0.024 -1.73472e-18 0.05 -0.309017 0.951057 -5.82354e-17 -1.89218e-17 
0.0274887 0.06 0.06 0.06 -0.018 -0.024 0.05 6.12323e-17 1 -6.12323e-17 3.7494e-33 
0.0274877 0.06 0.06 0.06 0.018 0.024 0.05 1 0 0 6.12323e-17 
0.0269541 0.06 0.06 0.06 -0.018 -0.018 0.05 6.12323e-17 1 -6.12323e-17 3.7494e-33 
0.0269518 0.06 0.06 0.06 0.018 0.018 0.05 1 0 0 6.12323e-17 
0.0268202 0.06 0.06 0.06 0.018 0.03 0.05 1 0 0 6.12323e-17 
0.026819 0.06 0.06 0.06 -0.018 -0.03 0.05 6.12323e-17 1 -6.12323e-17 3.7494e-33 
0.0240877 0.06 0.06 0.06 -0.03 0.018 0.05 0.587785 0.809017 -4.9538e-17 3.59915e-17 
0.0238197 0.06 0.06 0.06 -0.03 0.006 0.05 0.809017 0.587785 3.59914e-17 4.9538e-17 
0.0237943 0.06 0.06 0.06 0.03 -0.018 0.05 0.809017 -0.587785 -3.59914e-17 4.9538e-17 
0.0229776 0.06 0.06 0.06 0.03 -0.006 0.05 -0.587785 0.809017 -4.9538e-17 -3.59915e-17 
0.0187308 0.06 0.06 0.06 0.012 -0.024 0.05 6.12323e-17 1 -6.12323e-17 3.7494e-33 
0.0187295 0.06 0.06 0.06 -0.012 0.024 0.05 1 0 0 6.12323e-17 
0.01865 0.06 0.06 0.06 -0.006 -0.018 0.05 6.12323e-17 1 -6.12323e-17 3.7494e-33 
0.0186488 0.06 0.06 0.06 0.006 0.018 0.05 1 0 0 6.12323e-17 
0.0162249 0.06 0.06 0.06 0.03 -0.012 0.05 0.809017 -0.587785 -3.59914e-17 4.9538e-17 
0.0161337 0.06 0.06 0.06 -0.024 -0.018 0.05 6.12323e-17 1 -6.12323e-17 3.7494e-33 
0.0161331 0.06 0.06 0.06 0.024 0.018 0.05 1 0 0 6.12323e-17 
0.0160038 0.06 0.06 0.06 -0.03 0.012 0.05 0.587785 0.809017 -4.9538e-17 3.59915e-17 
0.0154827 0.06 0.06 0.06 -0.012 0.018 0.05 0.809017 0.587785 3.59914e-17 4.9538e-17 
0.0150199 0.06 0.06 0.06 0.012 -0.018 0.05 -0.587785 0.809017 -4.9538e-17 -3.59915e-17 
0.0129907 0.06 0.06 0.06 -0.03 -0.012 0.05 0.809017 0.587785 3.59914e-17 4.9538e-17 
0.0123161 0.06 0.06 0.06 -0.012 -0.018 0.05 6.12323e-17 1 -6.12323e-17 3.7494e-33 
0.0123138 0.06 0.06 0.06 0.012 0.018 0.05 1 0 0 6.12323e-17 
0.0116045 0.06 0.06 0.06 0.03 0.012 0.05 -0.587785 0.809017 -4.9538e-17 -3.59915e-17 
0.0113654 0.06 0.06 0.06 -0.012 0.012 0.05 0.809017 0.587785 3.59914e-17 4.9538e-17 
0.0110846 0.06 0.06 0.06 0.012 -0.012 0.05 -0.587785 0.809017 -4.9538e-17 -3.59915e-17 
0.00526115 0.06 0.06 0.06 -0.024 -0.024 0.05 6.12323e-17 1 -6.12323e-17 3.7494e-33 
0.00526079 0.06 0.06 0.06 0.024 0.024 0.05 1 0 0 6.12323e-17 
0.00512545 0.06 0.06 0.06 0.024 -0.018 0.05 6.12323e-17 1 -6.12323e-17 3.7494e-33 
0.0051251 0.06 0.06 0.06 -0.024 0.018 0.05 1 0 0 6.12323e-17 
0.00186181 0.06 0.06 0.06 -0.006 0.03 0.05 1 0 0 6.12323e-17 
0.00186143 0.06 0.06 0.06 0.006 -0.03 0.05 6.12323e-17 1 -6.12323e-17 3.7494e-33 
0.000761024 0.06 0.06 0.06 0.018 -0.012 0.05 0.809017 -0.587785 -3.59914e-17 4.9538e-17 
0.00056963 0.06 0.06 0.06 -0.018 0.012 0.05 0.587785 0.809017 -4.9538e-17 3.59915e-17 
-2.34109e-10 0.06 0.06 0.06 0.05 0.024 0.03 -0.672498 -0.218508 0.672499 0.218508 
-2.34973e-10 0.06 0.06 0.06 0.05 0.03 0.03 -0.672498 -0.218508 0.672499 0.218508 
-2.39568e-10 0.06 0.06 0.06 0.05 0.018 0.03 -0.672498 -0.218508 0.672499 0.218508 
-2.48601e-10 0.06 0.06 0.06 0.05 0.012 0.03 -0.672498 -0.218508 0.672499 0.218508 
-2.58791e-10 0.06 0.06 0.06 0.05 0.006 0.03 -0.672498 -0.218508 0.672499 0.218508 
-2.64426e-10 0.06 0.06 0.06 -0.05 -0.03 0.03 -0.218508 0.672498 -0.218508 0.672499 
-2.67969e-10 0.06 0.06 0.06 0.05 -1.73472e-18 0.03 -0.672498 -0.218508 0.672499 0.218508 
-2.74227e-10 0.06 0.06 0.06 -0.05 -0.024 0.03 -0.218508 0.672498 -0.218508 0.672499 
-2.89606e-10 0.06 0.06 0.06 -0.05 -0.018 0.03 -0.218508 0.672498 -0.218508 0.672499 
-3.06656e-10 0.06 0.06 0.06 -0.05 -0.012 0.03 -0.218508 0.672498 -0.218508 0.672499 
-3.23003e-10 0.06 0.06 0.06 -0.05 -0.006 0.03 -0.218508 0.672498 -0.218508 0.672499 
-3.37579e-10 0.06 0.06 0.06 -0.05 -1.73472e-18 0.03 -0.218508 0.672498 -0.218508 0.672499 
-0.00595526 0.06 0.06 0.06 -0.024 0.024 0.05 0.587785 0.809017 -4.9538e-17 3.59915e-17 
-0.0062589 0.06 0.06 0.06 0.024 -0.024 0.05 0.809017 -0.587785 -3.59914e-17 4.9538e-17 
-0.00668321 0.06 0.06 0.06 0.024 0.03 0.05 1 0 0 6.12323e-17 
-0.00668368 0.06 0.06 0.06 -0.024 -0.03 0.05 6.12323e-17 1 -6.12323e-17 3.7494e-33 
-0.00837609 0.06 0.06 0.06 -0.018 -0.03 0.05 -0.309017 0.951057 -5.82354e-17 -1.89218e-17 
-0.00841997 0.06 0.06 0.06 0.018 0.03 0.05 0.951057 0.309017 1.89218e-17 5.82354e-17 
-0.0103662 0.06 0.06 0.06 0.018 -0.03 0.05 -0.309017 0.951057 -5.82354e-17 -1.89218e-17 
-0.0103831 0.06 0.06 0.06 -0.018 0.03 0.05 0.951057 0.309017 1.89218e-17 5.82354e-17 
-0.0155397 0.06 0.06 0.06 -0.006 0.024 0.05 0.951057 0.309017 1.89218e-17 5.82354e-17 
-0.0155423 0.06 0.06 0.06 0.006 -0.024 0.05 -0.309017 0.951057 -5.82354e-17 -1.89218e-17 
-0.0180832 0.06 0.06 0.06 -0.024 -0.03 0.05 -0.309017 0.951057 -5.82354e-17 -1.89218e-17 
-0.0181309 0.06 0.06 0.06 0.024 0.03 0.05 0.951057 0.309017 1.89218e-17 5.82354e-17 
-0.0192072 0.06 0.06 0.06 -0.018 0.024 0.05 0.587785 0.809017 -4.9538e-17 3.59915e-17 
-0.0195435 0.06 0.06 0.06 0.018 -0.024 0.05 0.809017 -0.587785 -3.59914e-17 4.9538e-17 
-0.0199167 0.06 0.06 0.06 0.012 0.024 0.05 0.809017 -0.587785 -3.59914e-17 4.9538e-17 
-0.0201751 0.06 0.06 0.06 -0.012 -0.024 0.05 0.587785 0.809017 -4.9538e-17 3.59915e-17 
-0.0222049 0.06 0.06 0.06 0.024 -0.012 0.05 0.809017 -0.587785 -3.59914e-17 4.9538e-17 
-0.0224864 0.06 0.06 0.06 -0.024 0.012 0.05 0.587785 0.809017 -4.9538e-17 3.59915e-17 
-0.0228175 0.06 0.06 0.06 0.018 -0.024 0.05 6.12323e-17 1 -6.12323e-17 3.7494e-33 
-0.0228184 0.06 0.06 0.06 -0.018 0.024 0.05 1 0 0 6.12323e-17 
-0.0273366 0.06 0.06 0.06 0.024 0.024 0.05 0.809017 -0.587785 -3.59914e-17 4.9538e-17 
-0.0277226 0.06 0.06 0.06 -0.024 -0.024 0.05 0.587785 0.809017 -4.9538e-17 3.59915e-17 
-0.028213 0.06 0.06 0.06 0.018 0.018 0.05 0.809017 -0.587785 -3.59914e-17 4.9538e-17 
-0.0287619 0.06 0.06 0.06 -0.018 -0.018 0.05 0.587785 0.809017 -4.9538e-17 3.59915e-17 
-0.0288946 0.06 0.06 0.06 0.024 -0.024 0.05 6.12323e-17 1 -6.12323e-17 3.7494e-33 
-0.0288961 0.06 0.06 0.06 -0.024 0.024 0.05 1 0 0 6.12323e-17 
-0.0302905 0.06 0.06 0.06 0.024 0.018 0.05 0.809017 -0.587785 -3.59914e-17 4.9538e-17 
-0.0311505 0.06 0.06 0.06 -0.024 -0.018 0.05 0.587785 0.809017 -4.9538e-17 3.59915e-17 
-0.0368488 0.06 0.06 0.06 -0.012 -0.03 0.05 -0.309017 0.951057 -5.82354e-17 -1.89218e-17 
-0.0368887 0.06 0.06 0.06 0.012 0.03 0.05 0.951057 0.309017 1.89218e-17 5.82354e-17 
-0.0400567 0.06 0.06 0.06 -0.024 0.018 0.05 0.587785 0.809017 -4.9538e-17 3.59915e-17 
-0.0404824 0.06 0.06 0.06 0.024 -0.018 0.05 0.809017 -0.587785 -3.59914e-17 4.9538e-17 
-0.0405778 0.06 0.06 0.06 0.024 -0.03 0.05 -0.309017 0.951057 -5.82354e-17 -1.89218e-17 
-0.0405899 0.06 0.06 0.06 -0.024 0.03 0.05 0.951057 0.309017 1.89218e-17 5.82354e-17 
-0.0422451 0.06 0.06 0.06 0.018 0.024 0.05 0.809017 -0.587785 -3.59914e-17 4.9538e-17 
-0.04262 0.06 0.06 0.06 -0.018 -0.024 0.05 0.587785 0.809017 -4.9538e-17 3.59915e-17 
-0.0438561 0.06 0.06 0.06 -0.018 0.018 0.05 0.587785 0.809017 -4.9538e-17 3.59915e-17 
-0.0445614 0.06 0.06 0.06 0.018 -0.018 0.05 0.809017 -0.587785 -3.59914e-17 4.9538e-17 
-0.0500561 0.06 0.06 0.06 0.012 -0.03 0.05 -0.309017 0.951057 -5.82354e-17 -1.89218e-17 
-0.0500776 0.06 0.06 0.06 -0.012 0.03 0.05 0.951057 0.309017 1.89218e-17 5.82354e-17 
-0.0614816 0.06 0.06 0.06 0.03 0.03 0.05 1 0 0 6.12323e-17 
-0.0614844 0.06 0.06 0.06 -0.03 -0.03 0.05 6.12323e-17 1 -6.12323e-17 3.7494e-33 
-0.063908 0.06 0.06 0.06 0.024 -0.03 0.05 6.12323e-17 1 -6.12323e-17 3.7494e-33 
-0.0639082 0.06 0.06 0.06 -0.024 0.03 0.05 1 0 0 6.12323e-17 
-0.0766326 0.06 0.06 0.06 -0.006 -0.03 0.05 -0.309017 0.951057 -5.82354e-17 -1.89218e-17 
-0.0766681 0.06 0.06 0.06 0.006 0.03 0.05 0.951057 0.309017 1.89218e-17 5.82354e-17 
-0.0768227 0.06 0.06 0.06 0.012 -0.03 0.05 6.12323e-17 1 -6.12323e-17 3.7494e-33 
-0.076823 0.06 0.06 0.06 -0.012 0.03 0.05 1 0 0 6.12323e-17 
-0.0823479 0.06 0.06 0.06 -0.03 -0.03 0.05 -0.309017 0.951057 -5.82354e-17 -1.89218e-17 
-0.0823986 0.06 0.06 0.06 0.03 0.03 0.05 0.951057 0.309017 1.89218e-17 5.82354e-17 
-0.0894387 0.06 0.06 0.06 0.03 0.024 0.05 1 0 0 6.12323e-17 
-0.0894394 0.06 0.06 0.06 -0.03 -0.024 0.05 6.12323e-17 1 -6.12323e-17 3.7494e-33 
-0.0906756 0.06 0.06 0.06 0.006 -0.03 0.05 -0.309017 0.951057 -5.82354e-17 -1.89218e-17 
-0.090702 0.06 0.06 0.06 -0.006 0.03 0.05 0.951057 0.309017 1.89218e-17 5.82354e-17 
-0.0953673 0.06 0.06 0.06 -0.03 -1.73472e-18 0.05 0.809017 0.587785 3.59914e-17 4.9538e-17 
-0.0965483 0.06 0.06 0.06 0.03 -1.73472e-18 0.05 -0.587785 0.809017 -4.9538e-17 -3.59915e-17 
-0.100389 0.06 0.06 0.06 -1.73472e-18 -0.03 0.05 -0.309017 0.951057 -5.82354e-17 -1.89218e-17 
-0.10042 0.06 0.06 0.06 -1.73472e-18 0.03 0.05 0.951057 0.309017 1.89218e-17 5.82354e-17 
-0.103535 0.06 0.06 0.06 -0.03 -0.006 0.05 0.809017 0.587785 3.59914e-17 4.9538e-17 
-0.105091 0.06 0.06 0.06 0.03 0.006 0.05 -0.587785 0.809017 -4.9538e-17 -3.59915e-17 
-0.105328 0.06 0.06 0.06 -0.03 0.018 0.05 0.951057 0.309017 1.89218e-17 5.82354e-17 
-0.105328 0.06 0.06 0.06 0.03 -0.018 0.05 -0.309017 0.951057 -5.82354e-17 -1.89218e-17 
-0.114572 0.06 0.06 0.06 -0.03 0.012 0.05 0.951057 0.309017 1.89218e-17 5.82354e-17 
-0.114573 0.06 0.06 0.06 0.03 -0.012 0.05 -0.309017 0.951057 -5.82354e-17 -1.89218e-17 
-0.11832 0.06 0.06 0.06 -0.03 -0.018 0.05 6.12323e-17 1 -6.12323e-17 3.7494e-33 
-0.11832 0.06 0.06 0.06 0.03 0.018 0.05 1 0 0 6.12323e-17 
-0.131664 0.06 0.06 0.06 0.018 -0.03 0.05 6.12323e-17 1 -6.12323e-17 3.7494e-33 
-0.131664 0.06 0.06 0.06 -0.018 0.03 0.05 1 0 0 6.12323e-17 
-0.142255 0.06 0.06 0.06 -0.03 0.024 0.05 0.951057 0.309017 1.89218e-17 5.82354e-17 
-0.142256 0.06 0.06 0.06 0.03 -0.024 0.05 -0.309017 0.951057 -5.82354e-17 -1.89218e-17 
-0.144897 0.06 0.06 0.06 -0.03 0.006 0.05 0.951057 0.309017 1.89218e-17 5.82354e-17 
-0.144901 0.06 0.06 0.06 0.03 -0.006 0.05 -0.309017 0.951057 -5.82354e-17 -1.89218e-17 
-0.173336 0.06 0.06 0.06 -0.03 -1.73472e-18 0.05 0.951057 0.309017 1.89218e-17 5.82354e-17 
-0.173342 0.06 0.06 0.06 0.03 -1.73472e-18 0.05 -0.309017 0.951057 -5.82354e-17 -1.89218e-17 
-0.252763 0.06 0.06 0.06 0.03 -0.03 0.05 -0.309017 0.951057 -5.82354e-17 -1.89218e-17 
-0.25277 0.06 0.06 0.06 -0.03 0.03 0.05 0.951057 0.309017 1.89218e-17 5.82354e-17 
-0.277789 0.06 0.06 0.06 0.012 -0.03 0.05 -0.587785 0.809017 -4.9538e-17 -3.59915e-17 
-0.279024 0.06 0.06 0.06 -0.012 0.03 0.05 0.809017 0.587785 3.59914e-17 4.9538e-17 
-0.44676 0.06 0.06 0.06 0.018 -0.03 0.05 -0.587785 0.809017 -4.9538e-17 -3.59915e-17 
-0.449062 0.06 0.06 0.06 -0.018 0.03 0.05 0.809017 0.587785 3.59914e-17 4.9538e-17 
-0.54131 0.06 0.06 0.06 0.012 -0.03 0.05 0.309017 0.951057 -5.82354e-17 1.89218e-17 
-0.546009 0.06 0.06 0.06 -0.012 0.03 0.05 0.951057 -0.309017 -1.89218e-17 5.82354e-17 
-0.61622 0.06 0.06 0.06 0.024 -0.03 0.05 -0.587785 0.809017 -4.9538e-17 -3.59915e-17 
-0.618957 0.06 0.06 0.06 -0.024 0.03 0.05 0.809017 0.587785 3.59914e-17 4.9538e-17 
-0.787011 0.06 0.06 0.06 0.03 -0.03 0.05 -0.587785 0.809017 -4.9538e-17 -3.59915e-17 
-0.789105 0.06 0.06 0.06 -0.03 0.03 0.05 0.809017 0.587785 3.59914e-17 4.9538e-17 
