0.637515 0.062 0.062 0.1 0.031 0.031 0.07 0.951057 -0.309017 -1.89218e-17 5.82354e-17 
0.570117 0.062 0.062 0.1 0.0062 0.031 0.07 0.951057 -0.309017 -1.89218e-17 5.82354e-17 
0.432932 0.062 0.062 0.1 -0.0062 -0.031 0.07 0.587785 0.809017 -4.9538e-17 3.59915e-17 
0.43255 0.062 0.062 0.1 0.031 0.0186 0.07 0.951057 -0.309017 -1.89218e-17 5.82354e-17 
0.41821 0.062 0.062 0.1 0.0186 0.031 0.07 0.951057 -0.309017 -1.89218e-17 5.82354e-17 
0.398385 0.062 0.062 0.1 -0.031 -0.031 0.07 0.587785 0.809017 -4.9538e-17 3.59915e-17 
0.375891 0.062 0.062 0.1 0.031 -0.031 0.07 6.12323e-17 1 -6.12323e-17 3.7494e-33 
0.366781 0.062 0.062 0.1 0.0062 0.0186 0.07 0.951057 -0.309017 -1.89218e-17 5.82354e-17 
0.343004 0.062 0.062 0.1 -0.0186 -0.031 0.07 0.587785 0.809017 -4.9538e-17 3.59915e-17 
0.335622 0.062 0.062 0.1 0.031 0.0186 0.07 -0.587785 0.809017 -4.9538e-17 -3.59915e-17 
0.308102 0.062 0.062 0.1 0.031 -0.0186 0.07 -0.587785 0.809017 -4.9538e-17 -3.59915e-17 
0.225918 0.062 0.062 0.1 0.0186 0.0062 0.07 -0.587785 0.809017 -4.9538e-17 -3.59915e-17 
0.212316 0.062 0.062 0.1 0.0186 0.0186 0.07 0.951057 -0.309017 -1.89218e-17 5.82354e-17 
0.166253 0.062 0.062 0.1 -0.0062 0.031 0.07 0.951057 -0.309017 -1.89218e-17 5.82354e-17 
0.132655 0.062 0.062 0.1 -0.0186 -0.0062 0.07 0.587785 0.809017 -4.9538e-17 3.59915e-17 
0.121351 0.062 0.062 0.1 0.0186 -0.0186 0.07 -0.587785 0.809017 -4.9538e-17 -3.59915e-17 
0.110736 0.062 0.062 0.1 -0.031 -0.0062 0.07 0.587785 0.809017 -4.9538e-17 3.59915e-17 
0.104066 0.062 0.062 0.1 -0.0186 0.0186 0.07 0.951057 0.309017 1.89218e-17 5.82354e-17 
0.0848663 0.062 0.062 0.1 0.0186 -0.0062 0.07 -0.587785 0.809017 -4.9538e-17 -3.59915e-17 
0.0800403 0.062 0.062 0.1 0.0062 -0.0186 0.07 6.12323e-17 1 -6.12323e-17 3.7494e-33 
0.0662281 0.062 0.062 0.1 -0.0186 0.0062 0.07 0.587785 0.809017 -4.9538e-17 3.59915e-17 
0.0647617 0.062 0.062 0.1 -0.0062 -0.031 0.07 6.12323e-17 1 -6.12323e-17 3.7494e-33 
0.0611414 0.062 0.062 0.1 -0.031 0.031 0.07 0.587785 0.809017 -4.9538e-17 3.59915e-17 
0.060929 0.062 0.062 0.1 0.0186 -0.0186 0.07 6.12323e-17 1 -6.12323e-17 3.7494e-33 
0.0521519 0.062 0.062 0.1 -0.031 0.0062 0.07 0.587785 0.809017 -4.9538e-17 3.59915e-17 
0.0508409 0.062 0.062 0.1 -0.0186 0.031 0.07 0.587785 0.809017 -4.9538e-17 3.59915e-17 
0.0410653 0.062 0.062 0.1 -0.031 -0.0186 0.07 0.587785 0.809017 -4.9538e-17 3.59915e-17 
0.040615 0.062 0.062 0.1 -0.031 0.0186 0.07 0.587785 0.809017 -4.9538e-17 3.59915e-17 
0.0248166 0.062 0.062 0.1 -0.0186 -0.0186 0.07 6.12323e-17 1 -6.12323e-17 3.7494e-33 
0.0204573 0.062 0.062 0.1 -0.0186 -0.031 0.07 6.12323e-17 1 -6.12323e-17 3.7494e-33 
0.0192252 0.062 0.062 0.1 0.031 -0.0062 0.07 -0.587785 0.809017 -4.9538e-17 -3.59915e-17 
0.0182312 0.062 0.062 0.1 -0.0062 -0.0186 0.07 6.12323e-17 1 -6.12323e-17 3.7494e-33 
4.37274e-10 0.062 0.062 0.1 -0.0062 0.051 0.05 0.415627 0.572061 -0.572061 0.415629 
3.74147e-10 0.062 0.062 0.1 -0.051 0.031 0.05 0.707107 -4.32978e-17 0.707107 -4.32978e-17 
3.63449e-10 0.062 0.062 0.1 -0.051 0.031 0.03 0.707107 -4.32978e-17 0.707107 -4.32978e-17 
3.42536e-10 0.062 0.062 0.1 -0.0186 0.051 0.03 0.415627 0.572061 -0.572061 0.415629 
2.78784e-10 0.062 0.062 0.1 -0.0186 0.051 0.05 0.415627 0.572061 -0.572061 0.415629 
1.93419e-10 0.062 0.062 0.1 -0.031 0.051 0.03 0.415627 0.572061 -0.572061 0.415629 
1.32474e-10 0.062 0.062 0.1 -0.031 0.051 0.05 0.415627 0.572061 -0.572061 0.415629 
7.54862e-11 0.062 0.062 0.1 0.031 -0.051 0.03 -0.672499 0.218508 0.218508 0.672498 
7.33281e-11 0.062 0.062 0.1 0.0062 -0.051 0.05 -0.672499 0.218508 0.218508 0.672498 
6.58841e-11 0.062 0.062 0.1 0.031 -0.051 0.05 -0.672499 0.218508 0.218508 0.672498 
6.45981e-11 0.062 0.062 0.1 0.0186 0.051 0.05 -4.32978e-17 0.707107 -0.707107 4.32978e-17 
6.09758e-11 0.062 0.062 0.1 0.0186 -0.051 0.05 -0.672499 0.218508 0.218508 0.672498 
5.83843e-11 0.062 0.062 0.1 -0.0062 -0.051 0.05 -0.672499 0.218508 0.218508 0.672498 
4.93597e-11 0.062 0.062 0.1 0.051 -0.0186 0.05 -0.572061 -0.415627 0.572061 0.415629 
4.84057e-11 0.062 0.062 0.1 -0.051 0.0062 0.05 -0.572061 0.415627 -0.572061 0.415629 
4.20854e-11 0.062 0.062 0.1 -0.051 -0.0186 0.05 -0.572061 0.415627 -0.572061 0.415629 
4.09008e-11 0.062 0.062 0.1 -0.051 -0.031 0.05 -0.572061 0.415627 -0.572061 0.415629 
4.04514e-11 0.062 0.062 0.1 -0.051 -0.0062 0.05 -0.572061 0.415627 -0.572061 0.415629 
3.68537e-11 0.062 0.062 0.1 -0.051 0.0186 0.05 -0.572061 0.415627 -0.572061 0.415629 
3.60203e-11 0.062 0.062 0.1 0.0062 0.051 0.05 -4.32978e-17 0.707107 -0.707107 4.32978e-17 
1.77571e-11 0.062 0.062 0.1 0.051 0.0186 0.05 -0.572061 -0.415627 0.572061 0.415629 
6.29619e-12 0.062 0.062 0.1 -0.0186 0.051 0.05 -4.32978e-17 0.707107 -0.707107 4.32978e-17 
-9.20637e-12 0.062 0.062 0.1 -0.0062 0.051 0.05 -4.32978e-17 0.707107 -0.707107 4.32978e-17 
-1.06803e-11 0.062 0.062 0.1 -0.051 0.031 0.05 -0.572061 0.415627 -0.572061 0.415629 
-1.43636e-11 0.062 0.062 0.1 0.051 0.0062 0.05 -0.572061 -0.415627 0.572061 0.415629 
-2.9329e-11 0.062 0.062 0.1 -0.031 0.051 0.05 -4.32978e-17 0.707107 -0.707107 4.32978e-17 
-4.09566e-11 0.062 0.062 0.1 0.051 -0.0062 0.05 -0.572061 -0.415627 0.572061 0.415629 
-7.20293e-11 0.062 0.062 0.1 0.051 0.031 0.05 0.707107 -4.32978e-17 -0.707107 4.32978e-17 
-8.55122e-11 0.062 0.062 0.1 0.051 0.031 0.05 -0.572061 -0.415627 0.572061 0.415629 
-1.03421e-10 0.062 0.062 0.1 -0.0186 -0.051 0.05 -0.415627 -0.572061 -0.572061 0.415629 
-1.5639e-10 0.062 0.062 0.1 0.031 0.051 0.05 -4.32978e-17 0.707107 -0.707107 4.32978e-17 
-1.61307e-10 0.062 0.062 0.1 -0.051 0.0186 0.05 0.707107 -4.32978e-17 0.707107 -4.32978e-17 
-1.8685e-10 0.062 0.062 0.1 -0.051 0.0186 0.03 0.707107 -4.32978e-17 0.707107 -4.32978e-17 
-1.87861e-10 0.062 0.062 0.1 -0.031 -0.051 0.05 -0.415627 -0.572061 -0.572061 0.415629 
-2.30635e-10 0.062 0.062 0.1 -0.051 -0.031 0.05 -0.218508 0.672498 -0.218508 0.672499 
-2.54948e-10 0.062 0.062 0.1 -0.051 -0.0186 0.05 -0.218508 0.672498 -0.218508 0.672499 
-2.60336e-10 0.062 0.062 0.1 -0.051 -0.031 0.03 -0.218508 0.672498 -0.218508 0.672499 
-2.85123e-10 0.062 0.062 0.1 -0.051 -0.031 0.01 -0.218508 0.672498 -0.218508 0.672499 
-2.86292e-10 0.062 0.062 0.1 -0.051 -0.0062 0.05 -0.218508 0.672498 -0.218508 0.672499 
-6.76239e-10 0.062 0.062 0.1 0.0186 0.051 0.05 0.415627 -0.572061 0.572061 0.415629 
-8.63641e-10 0.062 0.062 0.1 0.031 0.051 0.05 0.415627 -0.572061 0.572061 0.415629 
-0.00768027 0.062 0.062 0.1 0.0062 -0.031 0.07 6.12323e-17 1 -6.12323e-17 3.7494e-33 
-0.0168231 0.062 0.062 0.1 0.0186 0.031 0.07 0.951057 0.309017 1.89218e-17 5.82354e-17 
-0.0299019 0.062 0.062 0.1 -0.0186 0.031 0.07 0.951057 0.309017 1.89218e-17 5.82354e-17 
-0.0351031 0.062 0.062 0.1 -0.0186 -0.0186 0.07 0.587785 0.809017 -4.9538e-17 3.59915e-17 
-0.0406728 0.062 0.062 0.1 -0.0186 0.0186 0.07 0.587785 0.809017 -4.9538e-17 3.59915e-17 
-0.0606449 0.062 0.062 0.1 -0.031 -0.031 0.07 6.12323e-17 1 -6.12323e-17 3.7494e-33 
-0.080822 0.062 0.062 0.1 0.0062 0.031 0.07 0.951057 0.309017 1.89218e-17 5.82354e-17 
-0.0936047 0.062 0.062 0.1 0.031 0.031 0.07 0.951057 0.309017 1.89218e-17 5.82354e-17 
-0.0975353 0.062 0.062 0.1 -0.0062 0.031 0.07 0.951057 0.309017 1.89218e-17 5.82354e-17 
-0.119684 0.062 0.062 0.1 0.031 0.0062 0.07 -0.587785 0.809017 -4.9538e-17 -3.59915e-17 
-0.132814 0.062 0.062 0.1 0.0186 -0.031 0.07 6.12323e-17 1 -6.12323e-17 3.7494e-33 
-0.140102 0.062 0.062 0.1 -0.031 -0.0186 0.07 6.12323e-17 1 -6.12323e-17 3.7494e-33 
-0.149831 0.062 0.062 0.1 -0.031 0.0186 0.07 0.951057 0.309017 1.89218e-17 5.82354e-17 
-0.182852 0.062 0.062 0.1 -0.031 0.0062 0.07 0.951057 0.309017 1.89218e-17 5.82354e-17 
-0.304023 0.062 0.062 0.1 -0.031 0.031 0.07 0.951057 0.309017 1.89218e-17 5.82354e-17 
-0.563122 0.062 0.062 0.1 0.0186 -0.031 0.07 -0.587785 0.809017 -4.9538e-17 -3.59915e-17 
-0.963351 0.062 0.062 0.1 0.031 -0.031 0.07 -0.587785 0.809017 -4.9538e-17 -3.59915e-17 
