25.8979 0.07 0.07 0.15 0.035 -0.035 0.095 -0.587785 0.809017 -4.9538e-17 -3.59915e-17 
25.8459 0.07 0.07 0.15 0.035 -0.028 0.095 -0.587785 0.809017 -4.9538e-17 -3.59915e-17 
25.831 0.07 0.07 0.15 0.028 -0.035 0.095 -0.587785 0.809017 -4.9538e-17 -3.59915e-17 
25.802 0.07 0.07 0.15 0.021 -0.035 0.095 -0.587785 0.809017 -4.9538e-17 -3.59915e-17 
25.7785 0.07 0.07 0.15 0.028 -0.028 0.095 -0.587785 0.809017 -4.9538e-17 -3.59915e-17 
25.7731 0.07 0.07 0.15 0.035 -0.021 0.095 -0.587785 0.809017 -4.9538e-17 -3.59915e-17 
25.7472 0.07 0.07 0.15 0.021 -0.028 0.095 -0.587785 0.809017 -4.9538e-17 -3.59915e-17 
25.7084 0.07 0.07 0.15 0.028 -0.021 0.095 -0.587785 0.809017 -4.9538e-17 -3.59915e-17 
25.678 0.07 0.07 0.15 0.021 -0.021 0.095 -0.587785 0.809017 -4.9538e-17 -3.59915e-17 
25.6652 0.07 0.07 0.15 0.035 -0.014 0.095 -0.587785 0.809017 -4.9538e-17 -3.59915e-17 
25.6071 0.07 0.07 0.15 0.028 -0.014 0.095 -0.587785 0.809017 -4.9538e-17 -3.59915e-17 
25.5813 0.07 0.07 0.15 0.021 -0.014 0.095 -0.587785 0.809017 -4.9538e-17 -3.59915e-17 
25.5045 0.07 0.07 0.15 0.035 -0.007 0.095 -0.587785 0.809017 -4.9538e-17 -3.59915e-17 
25.4575 0.07 0.07 0.15 0.028 -0.007 0.095 -0.587785 0.809017 -4.9538e-17 -3.59915e-17 
25.4407 0.07 0.07 0.15 0.021 -0.007 0.095 -0.587785 0.809017 -4.9538e-17 -3.59915e-17 
25.2702 0.07 0.07 0.15 0.035 -1.73472e-18 0.095 -0.587785 0.809017 -4.9538e-17 -3.59915e-17 
25.2391 0.07 0.07 0.15 0.028 -1.73472e-18 0.095 -0.587785 0.809017 -4.9538e-17 -3.59915e-17 
25.2364 0.07 0.07 0.15 0.021 -1.73472e-18 0.095 -0.587785 0.809017 -4.9538e-17 -3.59915e-17 
25.1124 0.07 0.07 0.15 0.007 0.055 0.075 0.218508 0.672499 -0.672499 0.218502 
24.938 0.07 0.07 0.15 0.035 0.007 0.095 -0.587785 0.809017 -4.9538e-17 -3.59915e-17 
24.9283 0.07 0.07 0.15 0.028 0.007 0.095 -0.587785 0.809017 -4.9538e-17 -3.59915e-17 
24.4807 0.07 0.07 0.15 0.035 0.014 0.095 -0.587785 0.809017 -4.9538e-17 -3.59915e-17 
23.8681 0.07 0.07 0.15 0.035 0.021 0.095 -0.587785 0.809017 -4.9538e-17 -3.59915e-17 
20.5857 0.07 0.07 0.15 -0.021 0.055 0.06 0.218508 0.672499 -0.672499 0.218502 
20.2081 0.07 0.07 0.15 -1.73472e-18 0.055 0.075 0.218508 0.672499 -0.672499 0.218502 
18.4017 0.07 0.07 0.15 -0.055 0.028 0.06 -0.572061 0.415627 -0.572061 0.415629 
18.3138 0.07 0.07 0.15 -0.055 0.035 0.06 -0.572061 0.415627 -0.572061 0.415629 
17.7041 0.07 0.07 0.15 -0.055 -0.035 0.075 -0.572061 0.415627 -0.572061 0.415629 
17.6781 0.07 0.07 0.15 -0.055 -0.028 0.075 -0.572061 0.415627 -0.572061 0.415629 
17.6491 0.07 0.07 0.15 -0.055 -0.021 0.075 -0.572061 0.415627 -0.572061 0.415629 
17.617 0.07 0.07 0.15 -0.055 -0.014 0.075 -0.572061 0.415627 -0.572061 0.415629 
17.5813 0.07 0.07 0.15 -0.055 -0.007 0.075 -0.572061 0.415627 -0.572061 0.415629 
17.5414 0.07 0.07 0.15 -0.055 -1.73472e-18 0.075 -0.572061 0.415627 -0.572061 0.415629 
17.4966 0.07 0.07 0.15 -0.055 0.007 0.075 -0.572061 0.415627 -0.572061 0.415629 
17.446 0.07 0.07 0.15 -0.055 0.014 0.075 -0.572061 0.415627 -0.572061 0.415629 
17.3888 0.07 0.07 0.15 -0.055 0.021 0.075 -0.572061 0.415627 -0.572061 0.415629 
17.3238 0.07 0.07 0.15 -0.055 0.028 0.075 -0.572061 0.415627 -0.572061 0.415629 
17.25 0.07 0.07 0.15 -0.055 0.035 0.075 -0.572061 0.415627 -0.572061 0.415629 
16.3454 0.07 0.07 0.15 0.035 0.055 0.075 -4.32978e-17 0.707107 -0.707107 4.32978e-17 
15.6421 0.07 0.07 0.15 -0.028 0.055 0.06 0.218508 0.672499 -0.672499 0.218502 
15.2627 0.07 0.07 0.15 -0.007 0.055 0.075 0.218508 0.672499 -0.672499 0.218502 
14.8379 0.07 0.07 0.15 -0.055 -0.035 0.06 -0.415627 0.572061 -0.415627 0.572062 
14.0941 0.07 0.07 0.15 -0.055 -0.028 0.06 -0.415627 0.572061 -0.415627 0.572062 
14.0027 0.07 0.07 0.15 -0.055 -0.035 0.075 -0.415627 0.572061 -0.415627 0.572062 
13.3397 0.07 0.07 0.15 -0.055 -0.021 0.06 -0.415627 0.572061 -0.415627 0.572062 
13.2981 0.07 0.07 0.15 -0.055 -0.028 0.075 -0.415627 0.572061 -0.415627 0.572062 
12.5835 0.07 0.07 0.15 -0.055 -0.021 0.075 -0.415627 0.572061 -0.415627 0.572062 
12.5749 0.07 0.07 0.15 -0.055 -0.014 0.06 -0.415627 0.572061 -0.415627 0.572062 
11.859 0.07 0.07 0.15 -0.055 -0.014 0.075 -0.415627 0.572061 -0.415627 0.572062 
11.7996 0.07 0.07 0.15 -0.055 -0.007 0.06 -0.415627 0.572061 -0.415627 0.572062 
11.1244 0.07 0.07 0.15 -0.055 -0.007 0.075 -0.415627 0.572061 -0.415627 0.572062 
11.0133 0.07 0.07 0.15 -0.055 -1.73472e-18 0.06 -0.415627 0.572061 -0.415627 0.572062 
10.7326 0.07 0.07 0.15 -0.035 0.055 0.06 0.218508 0.672499 -0.672499 0.218502 
10.4056 0.07 0.07 0.15 0.028 0.055 0.075 -4.32978e-17 0.707107 -0.707107 4.32978e-17 
10.3793 0.07 0.07 0.15 -0.055 -1.73472e-18 0.075 -0.415627 0.572061 -0.415627 0.572062 
10.2984 0.07 0.07 0.15 -0.014 0.055 0.075 0.218508 0.672499 -0.672499 0.218502 
9.62313 0.07 0.07 0.15 -0.055 0.007 0.075 -0.415627 0.572061 -0.415627 0.572062 
8.85506 0.07 0.07 0.15 -0.055 0.014 0.075 -0.415627 0.572061 -0.415627 0.572062 
8.82162 0.07 0.07 0.15 0.035 -1.73472e-18 0.095 -0.309017 0.951057 -5.82354e-17 -1.89218e-17 
8.66085 0.07 0.07 0.15 0.035 -0.007 0.095 -0.309017 0.951057 -5.82354e-17 -1.89218e-17 
8.51921 0.07 0.07 0.15 0.035 -0.014 0.095 -0.309017 0.951057 -5.82354e-17 -1.89218e-17 
8.43189 0.07 0.07 0.15 0.028 -0.007 0.095 -0.309017 0.951057 -5.82354e-17 -1.89218e-17 
8.41044 0.07 0.07 0.15 0.035 -0.021 0.095 -0.309017 0.951057 -5.82354e-17 -1.89218e-17 
8.37167 0.07 0.07 0.15 0.028 -0.014 0.095 -0.309017 0.951057 -5.82354e-17 -1.89218e-17 
8.34614 0.07 0.07 0.15 0.035 -0.028 0.095 -0.309017 0.951057 -5.82354e-17 -1.89218e-17 
8.33565 0.07 0.07 0.15 0.035 -0.035 0.095 -0.309017 0.951057 -5.82354e-17 -1.89218e-17 
8.32412 0.07 0.07 0.15 -0.035 0.035 0.095 0.809017 0.587785 3.59914e-17 4.9538e-17 
8.32103 0.07 0.07 0.15 0.028 -0.021 0.095 -0.309017 0.951057 -5.82354e-17 -1.89218e-17 
8.29105 0.07 0.07 0.15 0.028 -0.028 0.095 -0.309017 0.951057 -5.82354e-17 -1.89218e-17 
8.29064 0.07 0.07 0.15 0.028 -0.035 0.095 -0.309017 0.951057 -5.82354e-17 -1.89218e-17 
8.28844 0.07 0.07 0.15 0.007 -0.035 0.095 -0.309017 0.951057 -5.82354e-17 -1.89218e-17 
8.28431 0.07 0.07 0.15 -1.73472e-18 -0.035 0.095 -0.309017 0.951057 -5.82354e-17 -1.89218e-17 
8.28127 0.07 0.07 0.15 0.014 -0.035 0.095 -0.309017 0.951057 -5.82354e-17 -1.89218e-17 
8.27723 0.07 0.07 0.15 0.021 -0.035 0.095 -0.309017 0.951057 -5.82354e-17 -1.89218e-17 
8.27254 0.07 0.07 0.15 0.014 -0.028 0.095 -0.309017 0.951057 -5.82354e-17 -1.89218e-17 
8.27125 0.07 0.07 0.15 0.021 -0.028 0.095 -0.309017 0.951057 -5.82354e-17 -1.89218e-17 
8.25442 0.07 0.07 0.15 -0.007 -0.035 0.095 -0.309017 0.951057 -5.82354e-17 -1.89218e-17 
8.23631 0.07 0.07 0.15 -0.028 0.035 0.095 0.809017 0.587785 3.59914e-17 4.9538e-17 
8.20323 0.07 0.07 0.15 -0.035 0.028 0.095 0.809017 0.587785 3.59914e-17 4.9538e-17 
8.18685 0.07 0.07 0.15 -0.021 0.035 0.095 0.809017 0.587785 3.59914e-17 4.9538e-17 
8.18433 0.07 0.07 0.15 -0.014 -0.035 0.095 -0.309017 0.951057 -5.82354e-17 -1.89218e-17 
8.1152 0.07 0.07 0.15 -0.028 0.028 0.095 0.809017 0.587785 3.59914e-17 4.9538e-17 
8.07401 0.07 0.07 0.15 -0.055 0.021 0.075 -0.415627 0.572061 -0.415627 0.572062 
8.06886 0.07 0.07 0.15 -0.035 0.021 0.095 0.809017 0.587785 3.59914e-17 4.9538e-17 
8.06349 0.07 0.07 0.15 -0.021 0.028 0.095 0.809017 0.587785 3.59914e-17 4.9538e-17 
8.05971 0.07 0.07 0.15 -0.021 -0.035 0.095 -0.309017 0.951057 -5.82354e-17 -1.89218e-17 
7.99714 0.07 0.07 0.15 0.014 0.055 0.06 -4.32978e-17 0.707107 -0.707107 4.32978e-17 
7.98336 0.07 0.07 0.15 -0.028 0.021 0.095 0.809017 0.587785 3.59914e-17 4.9538e-17 
7.93249 0.07 0.07 0.15 -0.021 0.021 0.095 0.809017 0.587785 3.59914e-17 4.9538e-17 
7.90786 0.07 0.07 0.15 -0.035 0.014 0.095 0.809017 0.587785 3.59914e-17 4.9538e-17 
7.8664 0.07 0.07 0.15 -0.028 -0.035 0.095 -0.309017 0.951057 -5.82354e-17 -1.89218e-17 
7.82791 0.07 0.07 0.15 -0.028 0.014 0.095 0.809017 0.587785 3.59914e-17 4.9538e-17 
7.78128 0.07 0.07 0.15 -0.021 0.014 0.095 0.809017 0.587785 3.59914e-17 4.9538e-17 
7.70492 0.07 0.07 0.15 -0.035 0.007 0.095 0.809017 0.587785 3.59914e-17 4.9538e-17 
7.6339 0.07 0.07 0.15 -0.028 0.007 0.095 0.809017 0.587785 3.59914e-17 4.9538e-17 
7.59514 0.07 0.07 0.15 -0.021 0.007 0.095 0.809017 0.587785 3.59914e-17 4.9538e-17 
7.59049 0.07 0.07 0.15 -0.035 -0.035 0.095 -0.309017 0.951057 -5.82354e-17 -1.89218e-17 
7.44277 0.07 0.07 0.15 -0.035 -1.73472e-18 0.095 0.809017 0.587785 3.59914e-17 4.9538e-17 
7.38421 0.07 0.07 0.15 -0.028 -1.73472e-18 0.095 0.809017 0.587785 3.59914e-17 4.9538e-17 
7.35733 0.07 0.07 0.15 -0.021 -1.73472e-18 0.095 0.809017 0.587785 3.59914e-17 4.9538e-17 
7.10204 0.07 0.07 0.15 -0.035 -0.007 0.095 0.809017 0.587785 3.59914e-17 4.9538e-17 
7.05983 0.07 0.07 0.15 -0.028 -0.007 0.095 0.809017 0.587785 3.59914e-17 4.9538e-17 
6.66173 0.07 0.07 0.15 -0.035 -0.014 0.095 0.809017 0.587785 3.59914e-17 4.9538e-17 
6.09906 0.07 0.07 0.15 -0.035 -0.021 0.095 0.809017 0.587785 3.59914e-17 4.9538e-17 
5.33751 0.07 0.07 0.15 -0.021 0.055 0.075 0.218508 0.672499 -0.672499 0.218502 
4.41573 0.07 0.07 0.15 0.021 0.055 0.075 -4.32978e-17 0.707107 -0.707107 4.32978e-17 
3.63869 0.07 0.07 0.15 -0.035 -1.73472e-18 0.095 0.951057 0.309017 1.89218e-17 5.82354e-17 
3.52658 0.07 0.07 0.15 -0.035 0.007 0.095 0.951057 0.309017 1.89218e-17 5.82354e-17 
3.42582 0.07 0.07 0.15 -0.035 0.014 0.095 0.951057 0.309017 1.89218e-17 5.82354e-17 
3.35152 0.07 0.07 0.15 -0.035 0.021 0.095 0.951057 0.309017 1.89218e-17 5.82354e-17 
3.33278 0.07 0.07 0.15 -0.035 0.035 0.095 0.951057 0.309017 1.89218e-17 5.82354e-17 
3.31681 0.07 0.07 0.15 -0.035 0.028 0.095 0.951057 0.309017 1.89218e-17 5.82354e-17 
3.31404 0.07 0.07 0.15 -0.028 0.007 0.095 0.951057 0.309017 1.89218e-17 5.82354e-17 
3.28592 0.07 0.07 0.15 -0.028 0.014 0.095 0.951057 0.309017 1.89218e-17 5.82354e-17 
3.27884 0.07 0.07 0.15 -0.028 0.035 0.095 0.951057 0.309017 1.89218e-17 5.82354e-17 
3.26255 0.07 0.07 0.15 -0.028 0.021 0.095 0.951057 0.309017 1.89218e-17 5.82354e-17 
3.25661 0.07 0.07 0.15 -0.028 0.028 0.095 0.951057 0.309017 1.89218e-17 5.82354e-17 
3.2556 0.07 0.07 0.15 -0.021 0.035 0.095 0.951057 0.309017 1.89218e-17 5.82354e-17 
3.24927 0.07 0.07 0.15 -0.014 0.035 0.095 0.951057 0.309017 1.89218e-17 5.82354e-17 
3.24582 0.07 0.07 0.15 -0.007 0.035 0.095 0.951057 0.309017 1.89218e-17 5.82354e-17 
3.23115 0.07 0.07 0.15 -1.73472e-18 0.035 0.095 0.951057 0.309017 1.89218e-17 5.82354e-17 
3.22898 0.07 0.07 0.15 -0.021 0.028 0.095 0.951057 0.309017 1.89218e-17 5.82354e-17 
3.21998 0.07 0.07 0.15 -0.014 0.028 0.095 0.951057 0.309017 1.89218e-17 5.82354e-17 
3.19116 0.07 0.07 0.15 0.007 0.035 0.095 0.951057 0.309017 1.89218e-17 5.82354e-17 
3.11179 0.07 0.07 0.15 0.014 0.035 0.095 0.951057 0.309017 1.89218e-17 5.82354e-17 
2.9791 0.07 0.07 0.15 0.021 0.035 0.095 0.951057 0.309017 1.89218e-17 5.82354e-17 
2.77932 0.07 0.07 0.15 0.028 0.035 0.095 0.951057 0.309017 1.89218e-17 5.82354e-17 
2.49898 0.07 0.07 0.15 0.035 0.035 0.095 0.951057 0.309017 1.89218e-17 5.82354e-17 
2.37913 0.07 0.07 0.15 0.028 0.055 0.045 0.218508 -0.672499 0.672499 0.218502 
2.35344 0.07 0.07 0.15 0.035 0.055 0.045 0.218508 -0.672499 0.672499 0.218502 
1.97616 0.07 0.07 0.15 0.007 0.055 0.06 -4.32978e-17 0.707107 -0.707107 4.32978e-17 
1.80593 0.07 0.07 0.15 -0.007 -0.055 0.075 -0.672499 0.218508 0.218508 0.672498 
1.74197 0.07 0.07 0.15 -0.055 -0.035 0.075 0 0.707107 0 0.707106 
1.7346 0.07 0.07 0.15 -0.055 -0.028 0.075 0 0.707107 0 0.707106 
1.65042 0.07 0.07 0.15 -0.055 -0.035 0.06 0 0.707107 0 0.707106 
1.64019 0.07 0.07 0.15 -0.055 -0.028 0.06 0 0.707107 0 0.707106 
1.59857 0.07 0.07 0.15 -0.055 0.035 0.045 -0.672498 0.218508 -0.672499 0.218508 
1.55967 0.07 0.07 0.15 -0.055 -0.035 0.045 0 0.707107 0 0.707106 
1.54685 0.07 0.07 0.15 -0.055 -0.028 0.045 0 0.707107 0 0.707106 
1.52753 0.07 0.07 0.15 -0.055 0.028 0.045 -0.672498 0.218508 -0.672499 0.218508 
1.49658 0.07 0.07 0.15 -0.035 0.055 0.075 0.415627 0.572061 -0.572061 0.415629 
1.47224 0.07 0.07 0.15 -0.035 0.055 0.06 0.415627 0.572061 -0.572061 0.415629 
1.47002 0.07 0.07 0.15 -0.055 -0.035 0.03 0 0.707107 0 0.707106 
1.46616 0.07 0.07 0.15 -0.035 0.035 0.095 0.587785 0.809017 -4.9538e-17 3.59915e-17 
1.46004 0.07 0.07 0.15 -0.055 0.021 0.045 -0.672498 0.218508 -0.672499 0.218508 
1.45495 0.07 0.07 0.15 -0.055 -0.028 0.03 0 0.707107 0 0.707106 
1.44662 0.07 0.07 0.15 -0.028 0.035 0.095 0.587785 0.809017 -4.9538e-17 3.59915e-17 
1.39284 0.07 0.07 0.15 -0.035 0.055 0.045 0.415627 0.572061 -0.572061 0.415629 
1.38205 0.07 0.07 0.15 -0.055 -0.035 0.015 0 0.707107 0 0.707106 
1.36771 0.07 0.07 0.15 -0.028 0.055 0.06 0.415627 0.572061 -0.572061 0.415629 
1.36511 0.07 0.07 0.15 -0.055 -0.028 0.015 0 0.707107 0 0.707106 
1.36499 0.07 0.07 0.15 -0.028 0.055 0.075 0.415627 0.572061 -0.572061 0.415629 
1.32005 0.07 0.07 0.15 -0.028 0.055 0.045 0.415627 0.572061 -0.572061 0.415629 
1.31208 0.07 0.07 0.15 0.035 0.055 0.03 0.415627 -0.572061 0.572061 0.415629 
1.29709 0.07 0.07 0.15 -0.035 0.055 0.03 0.415627 0.572061 -0.572061 0.415629 
1.29565 0.07 0.07 0.15 -0.021 0.055 0.075 0.415627 0.572061 -0.572061 0.415629 
1.26425 0.07 0.07 0.15 -0.014 0.055 0.075 0.415627 0.572061 -0.572061 0.415629 
1.25175 0.07 0.07 0.15 0.028 0.055 0.06 0.218508 -0.672499 0.672499 0.218502 
1.25086 0.07 0.07 0.15 -0.028 0.055 0.03 0.415627 0.572061 -0.572061 0.415629 
1.24625 0.07 0.07 0.15 -0.007 0.055 0.075 0.415627 0.572061 -0.572061 0.415629 
1.23888 0.07 0.07 0.15 0.035 0.055 0.06 0.218508 -0.672499 0.672499 0.218502 
1.23562 0.07 0.07 0.15 -0.035 0.028 0.095 0.587785 0.809017 -4.9538e-17 3.59915e-17 
1.21822 0.07 0.07 0.15 -0.028 0.028 0.095 0.587785 0.809017 -4.9538e-17 3.59915e-17 
1.2182 0.07 0.07 0.15 -0.035 0.055 0.015 0.415627 0.572061 -0.572061 0.415629 
1.18611 0.07 0.07 0.15 -0.028 0.055 0.015 0.415627 0.572061 -0.572061 0.415629 
1.18027 0.07 0.07 0.15 -0.035 0.055 0 0.415627 0.572061 -0.572061 0.415629 
1.14514 0.07 0.07 0.15 -0.028 0.055 0 0.415627 0.572061 -0.572061 0.415629 
1.14161 0.07 0.07 0.15 0.035 0.055 0.075 0.572061 -0.415627 0.415627 0.572062 
1.13766 0.07 0.07 0.15 0.035 0.055 0.06 0.572061 -0.415627 0.415627 0.572062 
1.04335 0.07 0.07 0.15 0.035 0.055 0.045 0.572061 -0.415627 0.415627 0.572062 
1.00315 0.07 0.07 0.15 -0.035 0.021 0.095 0.587785 0.809017 -4.9538e-17 3.59915e-17 
0.988069 0.07 0.07 0.15 -0.028 0.021 0.095 0.587785 0.809017 -4.9538e-17 3.59915e-17 
0.956435 0.07 0.07 0.15 -0.035 -0.055 0.06 -0.415627 -0.572061 -0.572061 0.415629 
0.940568 0.07 0.07 0.15 -0.055 0.035 0.06 -0.672498 0.218508 -0.672499 0.218508 
0.929182 0.07 0.07 0.15 0.035 0.055 0.03 0.572061 -0.415627 0.415627 0.572062 
0.920366 0.07 0.07 0.15 -0.035 -0.055 0.075 -0.415627 -0.572061 -0.572061 0.415629 
0.868118 0.07 0.07 0.15 -0.055 0.028 0.06 -0.672498 0.218508 -0.672499 0.218508 
0.807568 0.07 0.07 0.15 0.028 0.055 0.06 0.572061 -0.415627 0.415627 0.572062 
0.801776 0.07 0.07 0.15 -0.035 -0.055 0.045 -0.415627 -0.572061 -0.572061 0.415629 
0.799443 0.07 0.07 0.15 -0.055 0.021 0.06 -0.672498 0.218508 -0.672499 0.218508 
0.790348 0.07 0.07 0.15 -1.73472e-18 -0.055 0.075 -0.672499 0.218508 0.218508 0.672498 
0.787892 0.07 0.07 0.15 -0.028 -0.055 0.06 -0.415627 -0.572061 -0.572061 0.415629 
0.768055 0.07 0.07 0.15 -0.035 0.014 0.095 0.587785 0.809017 -4.9538e-17 3.59915e-17 
0.767571 0.07 0.07 0.15 0.028 0.055 0.045 0.572061 -0.415627 0.415627 0.572062 
0.763065 0.07 0.07 0.15 0.028 0.055 0.075 0.572061 -0.415627 0.415627 0.572062 
0.755385 0.07 0.07 0.15 -0.028 0.014 0.095 0.587785 0.809017 -4.9538e-17 3.59915e-17 
0.720182 0.07 0.07 0.15 -0.028 -0.055 0.075 -0.415627 -0.572061 -0.572061 0.415629 
0.704701 0.07 0.07 0.15 0.028 0.055 0.03 0.572061 -0.415627 0.415627 0.572062 
0.695085 0.07 0.07 0.15 -0.028 -0.055 0.045 -0.415627 -0.572061 -0.572061 0.415629 
0.638987 0.07 0.07 0.15 0.035 0.055 0.045 0.415627 -0.572061 0.572061 0.415629 
0.616491 0.07 0.07 0.15 -0.035 -0.055 0.03 -0.415627 -0.572061 -0.572061 0.415629 
0.580537 0.07 0.07 0.15 -0.028 -0.055 0.03 -0.415627 -0.572061 -0.572061 0.415629 
0.578835 0.07 0.07 0.15 0.028 0.055 0.045 0.415627 -0.572061 0.572061 0.415629 
0.570937 0.07 0.07 0.15 0.021 0.055 0.045 0.415627 -0.572061 0.572061 0.415629 
0.529998 0.07 0.07 0.15 -0.035 0.007 0.095 0.587785 0.809017 -4.9538e-17 3.59915e-17 
0.519572 0.07 0.07 0.15 -0.028 0.007 0.095 0.587785 0.809017 -4.9538e-17 3.59915e-17 
0.40592 0.07 0.07 0.15 -0.035 -0.055 0.075 -0.572061 -0.415627 -0.415627 0.572062 
0.402391 0.07 0.07 0.15 -0.028 0.055 0.075 0.218508 0.672499 -0.672499 0.218502 
0.381944 0.07 0.07 0.15 -0.028 -0.055 0.075 -0.572061 -0.415627 -0.415627 0.572062 
0.370545 0.07 0.07 0.15 -0.021 -0.055 0.075 -0.572061 -0.415627 -0.415627 0.572062 
0.349147 0.07 0.07 0.15 -0.035 -0.055 0.06 -0.572061 -0.415627 -0.415627 0.572062 
0.341161 0.07 0.07 0.15 -0.021 -0.055 0.06 -0.572061 -0.415627 -0.415627 0.572062 
0.341061 0.07 0.07 0.15 -0.028 -0.055 0.06 -0.572061 -0.415627 -0.415627 0.572062 
0.319154 0.07 0.07 0.15 0.035 0.055 0.06 0.415627 -0.572061 0.572061 0.415629 
0.313467 0.07 0.07 0.15 -1.73472e-18 0.055 0.075 0.218508 -0.672499 0.672499 0.218502 
0.311326 0.07 0.07 0.15 0.007 0.055 0.075 0.218508 -0.672499 0.672499 0.218502 
0.303872 0.07 0.07 0.15 0.035 0.055 0.075 0.415627 -0.572061 0.572061 0.415629 
0.30312 0.07 0.07 0.15 -0.007 0.055 0.075 0.218508 -0.672499 0.672499 0.218502 
0.301832 0.07 0.07 0.15 0.014 0.055 0.075 0.218508 -0.672499 0.672499 0.218502 
0.290169 0.07 0.07 0.15 0.021 0.055 0.075 0.218508 -0.672499 0.672499 0.218502 
0.288871 0.07 0.07 0.15 -0.035 -1.73472e-18 0.095 0.587785 0.809017 -4.9538e-17 3.59915e-17 
0.284134 0.07 0.07 0.15 -0.055 0.035 0.075 -0.672498 0.218508 -0.672499 0.218508 
0.281522 0.07 0.07 0.15 0.028 0.055 0.075 0.218508 -0.672499 0.672499 0.218502 
0.281065 0.07 0.07 0.15 0.035 0.055 0.075 0.218508 -0.672499 0.672499 0.218502 
0.280341 0.07 0.07 0.15 -0.028 -1.73472e-18 0.095 0.587785 0.809017 -4.9538e-17 3.59915e-17 
0.275201 0.07 0.07 0.15 -0.014 0.055 0.075 0.218508 -0.672499 0.672499 0.218502 
0.233541 0.07 0.07 0.15 0.028 0.055 0.06 0.415627 -0.572061 0.572061 0.415629 
0.231661 0.07 0.07 0.15 -0.021 -0.055 0.045 -0.572061 -0.415627 -0.415627 0.572062 
0.224713 0.07 0.07 0.15 -0.021 0.055 0.075 0.218508 -0.672499 0.672499 0.218502 
0.210382 0.07 0.07 0.15 -0.055 0.028 0.075 -0.672498 0.218508 -0.672499 0.218508 
0.206486 0.07 0.07 0.15 0.021 0.055 0.06 0.415627 -0.572061 0.572061 0.415629 
0.201919 0.07 0.07 0.15 -0.028 -0.055 0.045 -0.572061 -0.415627 -0.415627 0.572062 
0.196192 0.07 0.07 0.15 0.028 0.055 0.075 0.415627 -0.572061 0.572061 0.415629 
0.175851 0.07 0.07 0.15 -0.035 -0.055 0.045 -0.572061 -0.415627 -0.415627 0.572062 
0.154958 0.07 0.07 0.15 0.021 0.055 0.075 0.415627 -0.572061 0.572061 0.415629 
0.146772 0.07 0.07 0.15 -0.028 0.055 0.075 0.218508 -0.672499 0.672499 0.218502 
0.140617 0.07 0.07 0.15 -0.055 0.021 0.075 -0.672498 0.218508 -0.672499 0.218508 
0.117502 0.07 0.07 0.15 -0.055 0.028 0.015 0.707107 -4.32978e-17 0.707107 -4.32978e-17 
0.106792 0.07 0.07 0.15 0.055 -0.035 0.075 0 -0.707107 0 0.707106 
0.097459 0.07 0.07 0.15 0.055 -0.028 0.075 0 -0.707107 0 0.707106 
0.0863293 0.07 0.07 0.15 -0.055 0.021 0.03 0.707107 -4.32978e-17 0.707107 -4.32978e-17 
0.0818858 0.07 0.07 0.15 -0.055 0.035 0.015 0.707107 -4.32978e-17 0.707107 -4.32978e-17 
0.081059 0.07 0.07 0.15 0.055 -0.021 0.075 0 -0.707107 0 0.707106 
0.0749782 0.07 0.07 0.15 -0.055 0.014 0.075 -0.672498 0.218508 -0.672499 0.218508 
0.0447027 0.07 0.07 0.15 -0.035 -0.007 0.095 0.587785 0.809017 -4.9538e-17 3.59915e-17 
0.0407832 0.07 0.07 0.15 0.055 -0.035 0.06 0 -0.707107 0 0.707106 
0.0375658 0.07 0.07 0.15 -0.028 -0.007 0.095 0.587785 0.809017 -4.9538e-17 3.59915e-17 
0.0366255 0.07 0.07 0.15 -0.035 0.055 0.075 0.218508 -0.672499 0.672499 0.218502 
0.0320887 0.07 0.07 0.15 0.055 -0.028 0.06 0 -0.707107 0 0.707106 
0.0298201 0.07 0.07 0.15 -0.055 0.028 0.03 0.707107 -4.32978e-17 0.707107 -4.32978e-17 
0.0169145 0.07 0.07 0.15 0.055 -0.021 0.06 0 -0.707107 0 0.707106 
0.00485694 0.07 0.07 0.15 -0.055 0.021 0.045 0.707107 -4.32978e-17 0.707107 -4.32978e-17 
-0.00534998 0.07 0.07 0.15 -0.055 0.035 0.03 0.707107 -4.32978e-17 0.707107 -4.32978e-17 
-0.0153498 0.07 0.07 0.15 -0.035 -0.055 0.03 -0.572061 -0.415627 -0.415627 0.572062 
-0.0228599 0.07 0.07 0.15 0.055 -0.035 0.045 0 -0.707107 0 0.707106 
-0.0305842 0.07 0.07 0.15 0.055 -0.028 0.045 0 -0.707107 0 0.707106 
-0.0441861 0.07 0.07 0.15 0.055 -0.021 0.045 0 -0.707107 0 0.707106 
-0.0515757 0.07 0.07 0.15 -0.055 0.028 0.045 0.707107 -4.32978e-17 0.707107 -4.32978e-17 
-0.0697587 0.07 0.07 0.15 -0.055 0.021 0.06 0.707107 -4.32978e-17 0.707107 -4.32978e-17 
-0.0844708 0.07 0.07 0.15 0.055 -0.035 0.03 0 -0.707107 0 0.707106 
-0.0866341 0.07 0.07 0.15 -0.055 0.035 0.045 0.707107 -4.32978e-17 0.707107 -4.32978e-17 
-0.0908379 0.07 0.07 0.15 0.055 -0.028 0.03 0 -0.707107 0 0.707106 
-0.102463 0.07 0.07 0.15 0.055 -0.021 0.03 0 -0.707107 0 0.707106 
-0.104419 0.07 0.07 0.15 0.014 -0.055 0.075 -0.672499 -0.218508 -0.218508 0.672498 
-0.105067 0.07 0.07 0.15 0.021 -0.055 0.075 -0.672499 -0.218508 -0.218508 0.672498 
-0.107578 0.07 0.07 0.15 0.007 -0.055 0.075 -0.672499 -0.218508 -0.218508 0.672498 
-0.110539 0.07 0.07 0.15 0.028 -0.055 0.075 -0.672499 -0.218508 -0.218508 0.672498 
-0.113506 0.07 0.07 0.15 -1.73472e-18 -0.055 0.075 -0.672499 -0.218508 -0.218508 0.672498 
-0.121152 0.07 0.07 0.15 -0.007 -0.055 0.075 -0.672499 -0.218508 -0.218508 0.672498 
-0.121821 0.07 0.07 0.15 0.035 -0.055 0.075 -0.672499 -0.218508 -0.218508 0.672498 
-0.126366 0.07 0.07 0.15 -0.055 0.028 0.06 0.707107 -4.32978e-17 0.707107 -4.32978e-17 
-0.129448 0.07 0.07 0.15 -0.014 -0.055 0.075 -0.672499 -0.218508 -0.218508 0.672498 
-0.135867 0.07 0.07 0.15 0.055 -0.035 0.075 -0.218508 -0.672498 0.218508 0.672499 
-0.137322 0.07 0.07 0.15 -0.021 -0.055 0.075 -0.672499 -0.218508 -0.218508 0.672498 
-0.137478 0.07 0.07 0.15 -0.055 0.021 0.075 0.707107 -4.32978e-17 0.707107 -4.32978e-17 
-0.138228 0.07 0.07 0.15 0.055 -0.028 0.075 -0.218508 -0.672498 0.218508 0.672499 
-0.140115 0.07 0.07 0.15 0.055 -0.021 0.075 -0.218508 -0.672498 0.218508 0.672499 
-0.141914 0.07 0.07 0.15 0.055 -0.014 0.075 -0.218508 -0.672498 0.218508 0.672499 
-0.143696 0.07 0.07 0.15 -0.028 -0.055 0.075 -0.672499 -0.218508 -0.218508 0.672498 
-0.144862 0.07 0.07 0.15 0.055 -0.035 0.015 0 -0.707107 0 0.707106 
-0.1475 0.07 0.07 0.15 -0.035 -0.055 0.075 -0.672499 -0.218508 -0.218508 0.672498 
-0.14943 0.07 0.07 0.15 0.055 -0.028 0.015 0 -0.707107 0 0.707106 
-0.161617 0.07 0.07 0.15 -0.055 0.035 0.06 0.707107 -4.32978e-17 0.707107 -4.32978e-17 
-0.194462 0.07 0.07 0.15 -0.055 0.028 0.075 0.707107 -4.32978e-17 0.707107 -4.32978e-17 
-0.196904 0.07 0.07 0.15 0.055 -0.035 0.06 -0.218508 -0.672498 0.218508 0.672499 
-0.202032 0.07 0.07 0.15 -0.035 -0.014 0.095 0.587785 0.809017 -4.9538e-17 3.59915e-17 
-0.208481 0.07 0.07 0.15 -0.028 -0.014 0.095 0.587785 0.809017 -4.9538e-17 3.59915e-17 
-0.215751 0.07 0.07 0.15 0.055 -0.028 0.06 -0.218508 -0.672498 0.218508 0.672499 
-0.230158 0.07 0.07 0.15 -0.055 0.035 0.075 0.707107 -4.32978e-17 0.707107 -4.32978e-17 
-0.233758 0.07 0.07 0.15 0.055 -0.021 0.06 -0.218508 -0.672498 0.218508 0.672499 
-0.254211 0.07 0.07 0.15 0.035 -0.055 0.06 -0.572061 0.415627 0.415627 0.572062 
-0.255847 0.07 0.07 0.15 0.055 -0.035 0.045 -0.218508 -0.672498 0.218508 0.672499 
-0.255939 0.07 0.07 0.15 0.035 -0.055 0.075 -0.572061 0.415627 0.415627 0.572062 
-0.281594 0.07 0.07 0.15 0.035 -0.055 0.045 -0.572061 0.415627 0.415627 0.572062 
-0.291294 0.07 0.07 0.15 0.055 -0.028 0.045 -0.218508 -0.672498 0.218508 0.672499 
-0.291586 0.07 0.07 0.15 0.007 -0.055 0.075 -0.672499 0.218508 0.218508 0.672498 
-0.319668 0.07 0.07 0.15 0.035 -0.055 0.03 -0.572061 0.415627 0.415627 0.572062 
-0.325524 0.07 0.07 0.15 0.055 -0.021 0.045 -0.218508 -0.672498 0.218508 0.672499 
-0.338068 0.07 0.07 0.15 0.035 -0.055 0 -0.572061 0.415627 0.415627 0.572062 
-0.345529 0.07 0.07 0.15 0.035 -0.055 0.015 -0.572061 0.415627 0.415627 0.572062 
-0.434361 0.07 0.07 0.15 0.028 -0.055 0.06 -0.572061 0.415627 0.415627 0.572062 
-0.445746 0.07 0.07 0.15 0.028 -0.055 0.045 -0.572061 0.415627 0.415627 0.572062 
-0.447151 0.07 0.07 0.15 0.028 -0.055 0.075 -0.572061 0.415627 0.415627 0.572062 
-0.450557 0.07 0.07 0.15 -0.035 -0.021 0.095 0.587785 0.809017 -4.9538e-17 3.59915e-17 
-0.457238 0.07 0.07 0.15 -0.028 -0.021 0.095 0.587785 0.809017 -4.9538e-17 3.59915e-17 
-0.467647 0.07 0.07 0.15 -0.021 -0.021 0.095 0.587785 0.809017 -4.9538e-17 3.59915e-17 
-0.471628 0.07 0.07 0.15 0.028 -0.055 0.03 -0.572061 0.415627 0.415627 0.572062 
-0.495559 0.07 0.07 0.15 0.028 -0.055 0.015 -0.572061 0.415627 0.415627 0.572062 
-0.500245 0.07 0.07 0.15 0.028 -0.055 0 -0.572061 0.415627 0.415627 0.572062 
-0.526354 0.07 0.07 0.15 0.021 -0.055 0.075 -0.572061 0.415627 0.415627 0.572062 
-0.548587 0.07 0.07 0.15 0.055 -0.035 0.075 -0.415627 -0.572061 0.415627 0.572062 
-0.549511 0.07 0.07 0.15 0.014 -0.055 0.075 -0.572061 0.415627 0.415627 0.572062 
-0.572883 0.07 0.07 0.15 0.007 -0.055 0.075 -0.572061 0.415627 0.415627 0.572062 
-0.602077 0.07 0.07 0.15 -0.035 -0.055 0.075 -0.707107 0 0 0.707106 
-0.699784 0.07 0.07 0.15 -0.035 -0.028 0.095 0.587785 0.809017 -4.9538e-17 3.59915e-17 
-0.70779 0.07 0.07 0.15 -0.028 -0.028 0.095 0.587785 0.809017 -4.9538e-17 3.59915e-17 
-0.717955 0.07 0.07 0.15 -0.021 -0.028 0.095 0.587785 0.809017 -4.9538e-17 3.59915e-17 
-0.756475 0.07 0.07 0.15 0.055 -0.028 0.075 -0.415627 -0.572061 0.415627 0.572062 
-0.85202 0.07 0.07 0.15 -0.028 -0.055 0.06 -0.672499 -0.218508 -0.218508 0.672498 
-0.855147 0.07 0.07 0.15 -0.035 -0.055 0.06 -0.672499 -0.218508 -0.218508 0.672498 
-0.948283 0.07 0.07 0.15 -0.035 -0.035 0.095 0.587785 0.809017 -4.9538e-17 3.59915e-17 
-0.957678 0.07 0.07 0.15 -0.028 -0.055 0.075 -0.707107 0 0 0.707106 
-0.958828 0.07 0.07 0.15 -0.028 -0.035 0.095 0.587785 0.809017 -4.9538e-17 3.59915e-17 
-0.965514 0.07 0.07 0.15 0.055 -0.021 0.075 -0.415627 -0.572061 0.415627 0.572062 
-0.969545 0.07 0.07 0.15 -0.021 -0.035 0.095 0.587785 0.809017 -4.9538e-17 3.59915e-17 
-0.984261 0.07 0.07 0.15 -0.014 -0.035 0.095 0.587785 0.809017 -4.9538e-17 3.59915e-17 
-1.00689 0.07 0.07 0.15 -0.007 -0.035 0.095 0.587785 0.809017 -4.9538e-17 3.59915e-17 
-1.06034 0.07 0.07 0.15 -0.055 -0.035 0.075 -0.218508 0.672498 -0.218508 0.672499 
-1.10918 0.07 0.07 0.15 0.055 0.035 0.075 -0.672498 -0.218508 0.672499 0.218508 
-1.17317 0.07 0.07 0.15 0.055 0.035 0.06 -0.672498 -0.218508 0.672499 0.218508 
-1.17528 0.07 0.07 0.15 0.055 -0.014 0.075 -0.415627 -0.572061 0.415627 0.572062 
-1.2058 0.07 0.07 0.15 0.055 0.035 0.075 0.707107 -4.32978e-17 -0.707107 4.32978e-17 
-1.20874 0.07 0.07 0.15 0.055 -0.035 0.06 -0.415627 -0.572061 0.415627 0.572062 
-1.21444 0.07 0.07 0.15 0.055 0.028 0.075 0.707107 -4.32978e-17 -0.707107 4.32978e-17 
-1.23225 0.07 0.07 0.15 0.055 0.035 0.045 -0.672498 -0.218508 0.672499 0.218508 
-1.25474 0.07 0.07 0.15 -0.055 -0.035 0.06 -0.218508 0.672498 -0.218508 0.672499 
-1.28617 0.07 0.07 0.15 0.055 0.035 0.03 -0.672498 -0.218508 0.672499 0.218508 
-1.29216 0.07 0.07 0.15 0.055 0.035 0.06 0.707107 -4.32978e-17 -0.707107 4.32978e-17 
-1.3008 0.07 0.07 0.15 0.055 0.028 0.06 0.707107 -4.32978e-17 -0.707107 4.32978e-17 
-1.33455 0.07 0.07 0.15 0.055 0.035 0.015 -0.672498 -0.218508 0.672499 0.218508 
-1.34922 0.07 0.07 0.15 -0.021 -0.055 0.075 -0.707107 0 0 0.707106 
-1.37191 0.07 0.07 0.15 0.055 0.035 0.045 0.707107 -4.32978e-17 -0.707107 4.32978e-17 
-1.37709 0.07 0.07 0.15 0.055 0.035 0 -0.672498 -0.218508 0.672499 0.218508 
-1.38074 0.07 0.07 0.15 0.055 0.028 0.045 0.707107 -4.32978e-17 -0.707107 4.32978e-17 
-1.38534 0.07 0.07 0.15 0.055 -0.007 0.075 -0.415627 -0.572061 0.415627 0.572062 
-1.40307 0.07 0.07 0.15 0.014 -0.055 0.075 -0.672499 0.218508 0.218508 0.672498 
-1.41368 0.07 0.07 0.15 0.055 -0.028 0.06 -0.415627 -0.572061 0.415627 0.572062 
-1.41392 0.07 0.07 0.15 0.055 0.035 -0.015 -0.672498 -0.218508 0.672499 0.218508 
-1.44382 0.07 0.07 0.15 -0.055 -0.035 0.045 -0.218508 0.672498 -0.218508 0.672499 
-1.44563 0.07 0.07 0.15 0.055 0.035 0.03 0.707107 -4.32978e-17 -0.707107 4.32978e-17 
-1.45483 0.07 0.07 0.15 0.055 0.028 0.03 0.707107 -4.32978e-17 -0.707107 4.32978e-17 
-1.51342 0.07 0.07 0.15 0.055 0.035 0.015 0.707107 -4.32978e-17 -0.707107 4.32978e-17 
-1.52186 0.07 0.07 0.15 -0.055 0.035 0.045 0.672498 0.218508 0.672499 0.218508 
-1.52319 0.07 0.07 0.15 0.055 0.028 0.015 0.707107 -4.32978e-17 -0.707107 4.32978e-17 
-1.57334 0.07 0.07 0.15 0.055 -0.035 0.045 0.218508 -0.672498 -0.218508 0.672499 
-1.59438 0.07 0.07 0.15 0.055 -0.035 0.06 0.218508 -0.672498 -0.218508 0.672499 
-1.59525 0.07 0.07 0.15 0.055 -1.73472e-18 0.075 -0.415627 -0.572061 0.415627 0.572062 
-1.60807 0.07 0.07 0.15 0.055 -0.035 0.075 0.218508 -0.672498 -0.218508 0.672499 
-1.61229 0.07 0.07 0.15 0.014 0.055 0.075 -4.32978e-17 0.707107 -0.707107 4.32978e-17 
-1.61317 0.07 0.07 0.15 -0.055 0.035 0.06 0.672498 0.218508 0.672499 0.218508 
-1.61542 0.07 0.07 0.15 -0.028 -0.055 0.045 -0.672499 -0.218508 -0.218508 0.672498 
-1.62157 0.07 0.07 0.15 -0.035 -0.055 0.045 -0.672499 -0.218508 -0.218508 0.672498 
-1.62661 0.07 0.07 0.15 -0.055 -0.035 0.03 -0.218508 0.672498 -0.218508 0.672499 
-1.63411 0.07 0.07 0.15 0.055 0.028 0.075 -0.672498 -0.218508 0.672499 0.218508 
-1.69376 0.07 0.07 0.15 -0.055 0.035 0.075 0.672498 0.218508 0.672499 0.218508 
-1.75534 0.07 0.07 0.15 0.055 0.028 0.06 -0.672498 -0.218508 0.672499 0.218508 
-1.76819 0.07 0.07 0.15 -0.014 -0.055 0.075 -0.707107 0 0 0.707106 
-1.80188 0.07 0.07 0.15 -0.055 -0.035 0.015 -0.218508 0.672498 -0.218508 0.672499 
-1.8046 0.07 0.07 0.15 0.055 0.007 0.075 -0.415627 -0.572061 0.415627 0.572062 
-1.9683 0.07 0.07 0.15 -0.055 -0.035 0 -0.218508 0.672498 -0.218508 0.672499 
-1.9783 0.07 0.07 0.15 -0.055 -0.028 0.075 -0.218508 0.672498 -0.218508 0.672499 
-2.01293 0.07 0.07 0.15 0.055 0.014 0.075 -0.415627 -0.572061 0.415627 0.572062 
-2.12454 0.07 0.07 0.15 -0.055 -0.035 -0.015 -0.218508 0.672498 -0.218508 0.672499 
-2.15032 0.07 0.07 0.15 0.055 0.021 0.075 -0.672498 -0.218508 0.672499 0.218508 
-2.20593 0.07 0.07 0.15 -0.007 -0.055 0.075 -0.707107 0 0 0.707106 
-2.21984 0.07 0.07 0.15 0.055 0.021 0.075 -0.415627 -0.572061 0.415627 0.572062 
-2.22021 0.07 0.07 0.15 -0.055 -0.028 0.06 -0.218508 0.672498 -0.218508 0.672499 
-2.4249 0.07 0.07 0.15 0.055 0.028 0.075 -0.415627 -0.572061 0.415627 0.572062 
-2.50704 0.07 0.07 0.15 0.021 -0.055 0.075 -0.672499 0.218508 0.218508 0.672498 
-2.62771 0.07 0.07 0.15 0.055 0.035 0.075 -0.415627 -0.572061 0.415627 0.572062 
-2.65364 0.07 0.07 0.15 -1.73472e-18 -0.055 0.075 -0.707107 0 0 0.707106 
-2.6576 0.07 0.07 0.15 0.055 0.014 0.075 -0.672498 -0.218508 0.672499 0.218508 
-2.91011 0.07 0.07 0.15 -0.055 -0.021 0.075 -0.218508 0.672498 -0.218508 0.672499 
-3.10247 0.07 0.07 0.15 0.007 -0.055 0.075 -0.707107 0 0 0.707106 
-3.15585 0.07 0.07 0.15 0.055 0.007 0.075 -0.672498 -0.218508 0.672499 0.218508 
-3.54353 0.07 0.07 0.15 0.014 -0.055 0.075 -0.707107 0 0 0.707106 
-3.56663 0.07 0.07 0.15 0.028 -0.055 0.075 -0.672499 0.218508 0.218508 0.672498 
-3.64506 0.07 0.07 0.15 0.055 -1.73472e-18 0.075 -0.672498 -0.218508 0.672499 0.218508 
-3.85531 0.07 0.07 0.15 -0.055 -0.014 0.075 -0.218508 0.672498 -0.218508 0.672499 
-3.8811 0.07 0.07 0.15 0.035 -0.028 0.095 6.12323e-17 1 -6.12323e-17 3.7494e-33 
-3.95186 0.07 0.07 0.15 0.028 -0.028 0.095 6.12323e-17 1 -6.12323e-17 3.7494e-33 
-3.96794 0.07 0.07 0.15 0.021 -0.055 0.075 -0.707107 0 0 0.707106 
-3.98903 0.07 0.07 0.15 0.021 -0.021 0.095 6.12323e-17 1 -6.12323e-17 3.7494e-33 
-4.01121 0.07 0.07 0.15 0.035 -0.035 0.095 6.12323e-17 1 -6.12323e-17 3.7494e-33 
-4.02688 0.07 0.07 0.15 0.021 -0.028 0.095 6.12323e-17 1 -6.12323e-17 3.7494e-33 
-4.04005 0.07 0.07 0.15 0.028 -0.035 0.095 6.12323e-17 1 -6.12323e-17 3.7494e-33 
-4.06472 0.07 0.07 0.15 -1.73472e-18 0.055 0.06 -4.32978e-17 0.707107 -0.707107 4.32978e-17 
-4.074 0.07 0.07 0.15 0.021 -0.035 0.095 6.12323e-17 1 -6.12323e-17 3.7494e-33 
-4.10419 0.07 0.07 0.15 0.014 -0.028 0.095 6.12323e-17 1 -6.12323e-17 3.7494e-33 
-4.11107 0.07 0.07 0.15 0.014 -0.035 0.095 6.12323e-17 1 -6.12323e-17 3.7494e-33 
-4.12607 0.07 0.07 0.15 0.014 -0.021 0.095 6.12323e-17 1 -6.12323e-17 3.7494e-33 
-4.14946 0.07 0.07 0.15 0.007 -0.035 0.095 6.12323e-17 1 -6.12323e-17 3.7494e-33 
-4.18192 0.07 0.07 0.15 0.007 -0.028 0.095 6.12323e-17 1 -6.12323e-17 3.7494e-33 
-4.1875 0.07 0.07 0.15 -1.73472e-18 -0.035 0.095 6.12323e-17 1 -6.12323e-17 3.7494e-33 
-4.22374 0.07 0.07 0.15 -0.007 -0.035 0.095 6.12323e-17 1 -6.12323e-17 3.7494e-33 
-4.25686 0.07 0.07 0.15 -0.014 -0.035 0.095 6.12323e-17 1 -6.12323e-17 3.7494e-33 
-4.2584 0.07 0.07 0.15 -1.73472e-18 -0.028 0.095 6.12323e-17 1 -6.12323e-17 3.7494e-33 
-4.26255 0.07 0.07 0.15 0.007 -0.021 0.095 6.12323e-17 1 -6.12323e-17 3.7494e-33 
-4.28576 0.07 0.07 0.15 -0.021 -0.035 0.095 6.12323e-17 1 -6.12323e-17 3.7494e-33 
-4.30958 0.07 0.07 0.15 -0.028 -0.035 0.095 6.12323e-17 1 -6.12323e-17 3.7494e-33 
-4.32757 0.07 0.07 0.15 -0.035 -0.035 0.095 6.12323e-17 1 -6.12323e-17 3.7494e-33 
-4.33211 0.07 0.07 0.15 -0.007 -0.028 0.095 6.12323e-17 1 -6.12323e-17 3.7494e-33 
-4.36686 0.07 0.07 0.15 0.028 -0.055 0.075 -0.707107 0 0 0.707106 
-4.39671 0.07 0.07 0.15 -1.73472e-18 -0.021 0.095 6.12323e-17 1 -6.12323e-17 3.7494e-33 
-4.40176 0.07 0.07 0.15 -0.014 -0.028 0.095 6.12323e-17 1 -6.12323e-17 3.7494e-33 
-4.46623 0.07 0.07 0.15 -0.021 -0.028 0.095 6.12323e-17 1 -6.12323e-17 3.7494e-33 
-4.4848 0.07 0.07 0.15 -0.035 0.055 0.075 0.218508 0.672499 -0.672499 0.218502 
-4.52459 0.07 0.07 0.15 -0.028 -0.028 0.095 6.12323e-17 1 -6.12323e-17 3.7494e-33 
-4.52701 0.07 0.07 0.15 -0.007 -0.021 0.095 6.12323e-17 1 -6.12323e-17 3.7494e-33 
-4.54497 0.07 0.07 0.15 0.035 -0.055 0.075 -0.672499 0.218508 0.218508 0.672498 
-4.57614 0.07 0.07 0.15 -0.035 -0.028 0.095 6.12323e-17 1 -6.12323e-17 3.7494e-33 
-4.6521 0.07 0.07 0.15 -0.014 -0.021 0.095 6.12323e-17 1 -6.12323e-17 3.7494e-33 
-4.73155 0.07 0.07 0.15 0.035 -0.055 0.075 -0.707107 0 0 0.707106 
-4.77082 0.07 0.07 0.15 -0.021 -0.021 0.095 6.12323e-17 1 -6.12323e-17 3.7494e-33 
-4.81362 0.07 0.07 0.15 -0.055 -0.007 0.075 -0.218508 0.672498 -0.218508 0.672499 
-4.88221 0.07 0.07 0.15 -0.028 -0.021 0.095 6.12323e-17 1 -6.12323e-17 3.7494e-33 
-4.9855 0.07 0.07 0.15 -0.035 -0.021 0.095 6.12323e-17 1 -6.12323e-17 3.7494e-33 
-5.43417 0.07 0.07 0.15 -0.035 0.028 0.095 1 0 0 6.12323e-17 
-5.51615 0.07 0.07 0.15 -0.028 0.028 0.095 1 0 0 6.12323e-17 
-5.53427 0.07 0.07 0.15 -0.035 0.035 0.095 1 0 0 6.12323e-17 
-5.56902 0.07 0.07 0.15 -0.028 0.035 0.095 1 0 0 6.12323e-17 
-5.59842 0.07 0.07 0.15 -0.021 0.021 0.095 1 0 0 6.12323e-17 
-5.60135 0.07 0.07 0.15 -0.021 0.028 0.095 1 0 0 6.12323e-17 
-5.60779 0.07 0.07 0.15 -0.021 0.035 0.095 1 0 0 6.12323e-17 
-5.64862 0.07 0.07 0.15 -0.014 0.035 0.095 1 0 0 6.12323e-17 
-5.68782 0.07 0.07 0.15 -0.014 0.028 0.095 1 0 0 6.12323e-17 
-5.68978 0.07 0.07 0.15 -0.007 0.035 0.095 1 0 0 6.12323e-17 
-5.70643 0.07 0.07 0.15 -0.014 -0.055 0.06 -0.707107 0 0 0.707106 
-5.72964 0.07 0.07 0.15 -1.73472e-18 0.035 0.095 1 0 0 6.12323e-17 
-5.75282 0.07 0.07 0.15 -0.014 0.021 0.095 1 0 0 6.12323e-17 
-5.76678 0.07 0.07 0.15 0.007 0.035 0.095 1 0 0 6.12323e-17 
-5.77374 0.07 0.07 0.15 -0.007 0.028 0.095 1 0 0 6.12323e-17 
-5.7849 0.07 0.07 0.15 -0.055 -1.73472e-18 0.075 -0.218508 0.672498 -0.218508 0.672499 
-5.79994 0.07 0.07 0.15 0.014 0.035 0.095 1 0 0 6.12323e-17 
-5.82804 0.07 0.07 0.15 0.021 0.035 0.095 1 0 0 6.12323e-17 
-5.8502 0.07 0.07 0.15 0.028 0.035 0.095 1 0 0 6.12323e-17 
-5.85748 0.07 0.07 0.15 -1.73472e-18 0.028 0.095 1 0 0 6.12323e-17 
-5.86573 0.07 0.07 0.15 0.035 0.035 0.095 1 0 0 6.12323e-17 
-5.9057 0.07 0.07 0.15 -0.007 0.021 0.095 1 0 0 6.12323e-17 
-5.93756 0.07 0.07 0.15 0.007 0.028 0.095 1 0 0 6.12323e-17 
-6.0127 0.07 0.07 0.15 0.014 0.028 0.095 1 0 0 6.12323e-17 
-6.05534 0.07 0.07 0.15 -1.73472e-18 0.021 0.095 1 0 0 6.12323e-17 
-6.08181 0.07 0.07 0.15 0.021 0.028 0.095 1 0 0 6.12323e-17 
-6.14396 0.07 0.07 0.15 0.028 0.028 0.095 1 0 0 6.12323e-17 
-6.15063 0.07 0.07 0.15 -0.007 -0.055 0.06 -0.707107 0 0 0.707106 
-6.19845 0.07 0.07 0.15 0.035 0.028 0.095 1 0 0 6.12323e-17 
-6.20024 0.07 0.07 0.15 0.007 0.021 0.095 1 0 0 6.12323e-17 
-6.33902 0.07 0.07 0.15 0.014 0.021 0.095 1 0 0 6.12323e-17 
-6.47053 0.07 0.07 0.15 0.021 0.021 0.095 1 0 0 6.12323e-17 
-6.59383 0.07 0.07 0.15 0.028 0.021 0.095 1 0 0 6.12323e-17 
-6.60263 0.07 0.07 0.15 -1.73472e-18 -0.055 0.06 -0.707107 0 0 0.707106 
-6.70811 0.07 0.07 0.15 0.035 0.021 0.095 1 0 0 6.12323e-17 
-7.05351 0.07 0.07 0.15 0.007 -0.055 0.06 -0.707107 0 0 0.707106 
-7.4943 0.07 0.07 0.15 0.014 -0.055 0.06 -0.707107 0 0 0.707106 
-7.66626 0.07 0.07 0.15 0.007 0.055 0.075 -4.32978e-17 0.707107 -0.707107 4.32978e-17 
-7.91607 0.07 0.07 0.15 0.021 -0.055 0.06 -0.707107 0 0 0.707106 
-8.30991 0.07 0.07 0.15 0.028 -0.055 0.06 -0.707107 0 0 0.707106 
-8.4964 0.07 0.07 0.15 -0.035 -0.014 0.095 0.309017 0.951057 -5.82354e-17 1.89218e-17 
-8.61843 0.07 0.07 0.15 -0.035 -0.021 0.095 0.309017 0.951057 -5.82354e-17 1.89218e-17 
-8.66704 0.07 0.07 0.15 0.035 -0.055 0.06 -0.707107 0 0 0.707106 
-8.69677 0.07 0.07 0.15 -0.028 -0.021 0.095 0.309017 0.951057 -5.82354e-17 1.89218e-17 
-8.70412 0.07 0.07 0.15 0.021 -0.055 0.06 -0.672499 0.218508 0.218508 0.672498 
-8.74941 0.07 0.07 0.15 -0.021 -0.021 0.095 0.309017 0.951057 -5.82354e-17 1.89218e-17 
-8.77149 0.07 0.07 0.15 -0.035 -0.028 0.095 0.309017 0.951057 -5.82354e-17 1.89218e-17 
-8.7776 0.07 0.07 0.15 -0.014 -0.021 0.095 0.309017 0.951057 -5.82354e-17 1.89218e-17 
-8.7827 0.07 0.07 0.15 -0.007 -0.021 0.095 0.309017 0.951057 -5.82354e-17 1.89218e-17 
-8.82843 0.07 0.07 0.15 -0.028 -0.028 0.095 0.309017 0.951057 -5.82354e-17 1.89218e-17 
-8.86147 0.07 0.07 0.15 -1.73472e-18 -0.028 0.095 0.309017 0.951057 -5.82354e-17 1.89218e-17 
-8.86456 0.07 0.07 0.15 -0.021 -0.028 0.095 0.309017 0.951057 -5.82354e-17 1.89218e-17 
-8.87951 0.07 0.07 0.15 -0.007 -0.028 0.095 0.309017 0.951057 -5.82354e-17 1.89218e-17 
-8.8811 0.07 0.07 0.15 -0.014 -0.028 0.095 0.309017 0.951057 -5.82354e-17 1.89218e-17 
-8.94513 0.07 0.07 0.15 -0.035 -0.035 0.095 0.309017 0.951057 -5.82354e-17 1.89218e-17 
-8.9574 0.07 0.07 0.15 0.007 -0.035 0.095 0.309017 0.951057 -5.82354e-17 1.89218e-17 
-8.983 0.07 0.07 0.15 -0.028 -0.035 0.095 0.309017 0.951057 -5.82354e-17 1.89218e-17 
-8.98591 0.07 0.07 0.15 -1.73472e-18 -0.035 0.095 0.309017 0.951057 -5.82354e-17 1.89218e-17 
-9.00449 0.07 0.07 0.15 -0.007 -0.035 0.095 0.309017 0.951057 -5.82354e-17 1.89218e-17 
-9.00463 0.07 0.07 0.15 -0.021 -0.035 0.095 0.309017 0.951057 -5.82354e-17 1.89218e-17 
-9.01128 0.07 0.07 0.15 -0.014 -0.035 0.095 0.309017 0.951057 -5.82354e-17 1.89218e-17 
-9.77167 0.07 0.07 0.15 0.028 -0.055 0.06 -0.672499 0.218508 0.218508 0.672498 
-10.1132 0.07 0.07 0.15 -0.007 0.055 0.06 -4.32978e-17 0.707107 -0.707107 4.32978e-17 
-10.7574 0.07 0.07 0.15 0.035 -0.055 0.06 -0.672499 0.218508 0.218508 0.672498 
-13.7339 0.07 0.07 0.15 -1.73472e-18 0.055 0.075 -4.32978e-17 0.707107 -0.707107 4.32978e-17 
-15.2359 0.07 0.07 0.15 0.055 0.035 0.075 -0.572061 -0.415627 0.572061 0.415629 
-15.6008 0.07 0.07 0.15 0.055 0.028 0.075 -0.572061 -0.415627 0.572061 0.415629 
-15.9581 0.07 0.07 0.15 0.055 0.021 0.075 -0.572061 -0.415627 0.572061 0.415629 
-16.1126 0.07 0.07 0.15 0.055 0.035 0.06 -0.572061 -0.415627 0.572061 0.415629 
-16.1444 0.07 0.07 0.15 0.035 0.021 0.095 0.951057 -0.309017 -1.89218e-17 5.82354e-17 
-16.1466 0.07 0.07 0.15 0.035 0.014 0.095 0.951057 -0.309017 -1.89218e-17 5.82354e-17 
-16.1569 0.07 0.07 0.15 -0.014 0.055 0.06 -4.32978e-17 0.707107 -0.707107 4.32978e-17 
-16.1586 0.07 0.07 0.15 0.035 0.028 0.095 0.951057 -0.309017 -1.89218e-17 5.82354e-17 
-16.1793 0.07 0.07 0.15 -0.007 0.035 0.095 0.951057 -0.309017 -1.89218e-17 5.82354e-17 
-16.1796 0.07 0.07 0.15 -1.73472e-18 0.028 0.095 0.951057 -0.309017 -1.89218e-17 5.82354e-17 
-16.1862 0.07 0.07 0.15 0.007 0.021 0.095 0.951057 -0.309017 -1.89218e-17 5.82354e-17 
-16.1884 0.07 0.07 0.15 0.035 0.035 0.095 0.951057 -0.309017 -1.89218e-17 5.82354e-17 
-16.2015 0.07 0.07 0.15 0.028 0.021 0.095 0.951057 -0.309017 -1.89218e-17 5.82354e-17 
-16.2132 0.07 0.07 0.15 0.028 0.028 0.095 0.951057 -0.309017 -1.89218e-17 5.82354e-17 
-16.2211 0.07 0.07 0.15 0.014 0.021 0.095 0.951057 -0.309017 -1.89218e-17 5.82354e-17 
-16.2231 0.07 0.07 0.15 0.007 0.028 0.095 0.951057 -0.309017 -1.89218e-17 5.82354e-17 
-16.225 0.07 0.07 0.15 -1.73472e-18 0.035 0.095 0.951057 -0.309017 -1.89218e-17 5.82354e-17 
-16.2267 0.07 0.07 0.15 0.021 0.021 0.095 0.951057 -0.309017 -1.89218e-17 5.82354e-17 
-16.2359 0.07 0.07 0.15 0.028 0.035 0.095 0.951057 -0.309017 -1.89218e-17 5.82354e-17 
-16.2414 0.07 0.07 0.15 0.021 0.028 0.095 0.951057 -0.309017 -1.89218e-17 5.82354e-17 
-16.2442 0.07 0.07 0.15 0.014 0.028 0.095 0.951057 -0.309017 -1.89218e-17 5.82354e-17 
-16.2551 0.07 0.07 0.15 0.007 0.035 0.095 0.951057 -0.309017 -1.89218e-17 5.82354e-17 
-16.262 0.07 0.07 0.15 0.021 0.035 0.095 0.951057 -0.309017 -1.89218e-17 5.82354e-17 
-16.2679 0.07 0.07 0.15 0.014 0.035 0.095 0.951057 -0.309017 -1.89218e-17 5.82354e-17 
-16.3079 0.07 0.07 0.15 0.055 0.014 0.075 -0.572061 -0.415627 0.572061 0.415629 
-16.5253 0.07 0.07 0.15 0.055 0.028 0.06 -0.572061 -0.415627 0.572061 0.415629 
-16.6502 0.07 0.07 0.15 0.055 0.007 0.075 -0.572061 -0.415627 0.572061 0.415629 
-16.9303 0.07 0.07 0.15 0.055 0.021 0.06 -0.572061 -0.415627 0.572061 0.415629 
-16.9855 0.07 0.07 0.15 0.055 -1.73472e-18 0.075 -0.572061 -0.415627 0.572061 0.415629 
-17.1867 0.07 0.07 0.15 0.035 -0.035 0.095 0.809017 -0.587785 -3.59914e-17 4.9538e-17 
-17.219 0.07 0.07 0.15 0.028 -0.035 0.095 0.809017 -0.587785 -3.59914e-17 4.9538e-17 
-17.2974 0.07 0.07 0.15 0.035 -0.028 0.095 0.809017 -0.587785 -3.59914e-17 4.9538e-17 
-17.314 0.07 0.07 0.15 0.055 -0.007 0.075 -0.572061 -0.415627 0.572061 0.415629 
-17.3276 0.07 0.07 0.15 0.055 0.014 0.06 -0.572061 -0.415627 0.572061 0.415629 
-17.328 0.07 0.07 0.15 0.028 -0.028 0.095 0.809017 -0.587785 -3.59914e-17 4.9538e-17 
-17.4012 0.07 0.07 0.15 0.035 -0.021 0.095 0.809017 -0.587785 -3.59914e-17 4.9538e-17 
-17.4297 0.07 0.07 0.15 0.028 -0.021 0.095 0.809017 -0.587785 -3.59914e-17 4.9538e-17 
-17.4988 0.07 0.07 0.15 0.035 -0.014 0.095 0.809017 -0.587785 -3.59914e-17 4.9538e-17 
-17.5251 0.07 0.07 0.15 0.028 -0.014 0.095 0.809017 -0.587785 -3.59914e-17 4.9538e-17 
-17.591 0.07 0.07 0.15 0.035 -0.007 0.095 0.809017 -0.587785 -3.59914e-17 4.9538e-17 
-17.6151 0.07 0.07 0.15 0.028 -0.007 0.095 0.809017 -0.587785 -3.59914e-17 4.9538e-17 
-17.6361 0.07 0.07 0.15 0.055 -0.014 0.075 -0.572061 -0.415627 0.572061 0.415629 
-17.678 0.07 0.07 0.15 0.035 -1.73472e-18 0.095 0.809017 -0.587785 -3.59914e-17 4.9538e-17 
-17.7001 0.07 0.07 0.15 0.028 -1.73472e-18 0.095 0.809017 -0.587785 -3.59914e-17 4.9538e-17 
-17.7173 0.07 0.07 0.15 0.055 0.007 0.06 -0.572061 -0.415627 0.572061 0.415629 
-17.7597 0.07 0.07 0.15 0.035 0.007 0.095 0.809017 -0.587785 -3.59914e-17 4.9538e-17 
-17.7803 0.07 0.07 0.15 0.028 0.007 0.095 0.809017 -0.587785 -3.59914e-17 4.9538e-17 
-17.836 0.07 0.07 0.15 0.035 0.014 0.095 0.809017 -0.587785 -3.59914e-17 4.9538e-17 
-17.8557 0.07 0.07 0.15 0.028 0.014 0.095 0.809017 -0.587785 -3.59914e-17 4.9538e-17 
-17.906 0.07 0.07 0.15 0.035 0.021 0.095 0.809017 -0.587785 -3.59914e-17 4.9538e-17 
-17.9257 0.07 0.07 0.15 0.028 0.021 0.095 0.809017 -0.587785 -3.59914e-17 4.9538e-17 
-17.9404 0.07 0.07 0.15 0.021 0.021 0.095 0.809017 -0.587785 -3.59914e-17 4.9538e-17 
-17.9524 0.07 0.07 0.15 0.055 -0.021 0.075 -0.572061 -0.415627 0.572061 0.415629 
-17.9689 0.07 0.07 0.15 0.035 0.028 0.095 0.809017 -0.587785 -3.59914e-17 4.9538e-17 
-17.9897 0.07 0.07 0.15 0.028 0.028 0.095 0.809017 -0.587785 -3.59914e-17 4.9538e-17 
-18.0041 0.07 0.07 0.15 0.021 0.028 0.095 0.809017 -0.587785 -3.59914e-17 4.9538e-17 
-18.0235 0.07 0.07 0.15 0.035 0.035 0.095 0.809017 -0.587785 -3.59914e-17 4.9538e-17 
-18.0466 0.07 0.07 0.15 0.028 0.035 0.095 0.809017 -0.587785 -3.59914e-17 4.9538e-17 
-18.0615 0.07 0.07 0.15 0.021 0.035 0.095 0.809017 -0.587785 -3.59914e-17 4.9538e-17 
-18.0708 0.07 0.07 0.15 0.014 0.035 0.095 0.809017 -0.587785 -3.59914e-17 4.9538e-17 
-18.0774 0.07 0.07 0.15 0.007 0.035 0.095 0.809017 -0.587785 -3.59914e-17 4.9538e-17 
-18.0996 0.07 0.07 0.15 0.055 -1.73472e-18 0.06 -0.572061 -0.415627 0.572061 0.415629 
-19.803 0.07 0.07 0.15 -0.007 0.055 0.075 -4.32978e-17 0.707107 -0.707107 4.32978e-17 
-22.1836 0.07 0.07 0.15 -0.021 0.055 0.06 -4.32978e-17 0.707107 -0.707107 4.32978e-17 
-25.8612 0.07 0.07 0.15 -0.014 0.055 0.075 -4.32978e-17 0.707107 -0.707107 4.32978e-17 
-28.1808 0.07 0.07 0.15 -0.028 0.055 0.06 -4.32978e-17 0.707107 -0.707107 4.32978e-17 
-31.8961 0.07 0.07 0.15 -0.021 0.055 0.075 -4.32978e-17 0.707107 -0.707107 4.32978e-17 
-34.1365 0.07 0.07 0.15 -0.035 0.055 0.06 -4.32978e-17 0.707107 -0.707107 4.32978e-17 
-37.8956 0.07 0.07 0.15 -0.028 0.055 0.075 -4.32978e-17 0.707107 -0.707107 4.32978e-17 
-43.8474 0.07 0.07 0.15 -0.035 0.055 0.075 -4.32978e-17 0.707107 -0.707107 4.32978e-17 
