2.34922 0.075 0.075 0.048 0.0375 -0.0375 0.044 6.12323e-17 1 -6.12323e-17 3.7494e-33 
2.34921 0.075 0.075 0.048 -0.0375 0.0375 0.044 1 0 0 6.12323e-17 
1.7296 0.075 0.075 0.048 -0.015 -0.0375 0.044 0.587785 0.809017 -4.9538e-17 3.59915e-17 
1.70572 0.075 0.075 0.048 0.015 0.0375 0.044 0.809017 -0.587785 -3.59914e-17 4.9538e-17 
1.57192 0.075 0.075 0.048 -0.0225 -0.0375 0.044 0.587785 0.809017 -4.9538e-17 3.59915e-17 
1.54669 0.075 0.075 0.048 -0.0375 -0.0375 0.044 0.587785 0.809017 -4.9538e-17 3.59915e-17 
1.54183 0.075 0.075 0.048 0.0225 0.0375 0.044 0.809017 -0.587785 -3.59914e-17 4.9538e-17 
1.50399 0.075 0.075 0.048 0.0375 0.0375 0.044 0.809017 -0.587785 -3.59914e-17 4.9538e-17 
1.49417 0.075 0.075 0.048 -0.03 -0.0375 0.044 0.587785 0.809017 -4.9538e-17 3.59915e-17 
1.45781 0.075 0.075 0.048 0.03 0.0375 0.044 0.809017 -0.587785 -3.59914e-17 4.9538e-17 
1.4264 0.075 0.075 0.048 0.0375 0.0375 0.044 0.951057 -0.309017 -1.89218e-17 5.82354e-17 
1.42374 0.075 0.075 0.048 -0.0375 -0.0375 0.044 0.309017 0.951057 -5.82354e-17 1.89218e-17 
1.28608 0.075 0.075 0.048 0.0375 0.03 0.044 0.951057 -0.309017 -1.89218e-17 5.82354e-17 
1.28471 0.075 0.075 0.048 -0.0375 -0.03 0.044 0.309017 0.951057 -5.82354e-17 1.89218e-17 
1.15125 0.075 0.075 0.048 0.0375 0.0225 0.044 0.951057 -0.309017 -1.89218e-17 5.82354e-17 
1.15074 0.075 0.075 0.048 -0.0375 -0.0225 0.044 0.309017 0.951057 -5.82354e-17 1.89218e-17 
1.01441 0.075 0.075 0.048 -0.0375 -0.015 0.044 0.309017 0.951057 -5.82354e-17 1.89218e-17 
1.01441 0.075 0.075 0.048 0.0375 0.015 0.044 0.951057 -0.309017 -1.89218e-17 5.82354e-17 
0.765416 0.075 0.075 0.048 0.03 0.0375 0.044 0.951057 -0.309017 -1.89218e-17 5.82354e-17 
0.764593 0.075 0.075 0.048 -0.03 -0.0375 0.044 0.309017 0.951057 -5.82354e-17 1.89218e-17 
0.754532 0.075 0.075 0.048 -0.0075 -0.0375 0.044 0.309017 0.951057 -5.82354e-17 1.89218e-17 
0.749798 0.075 0.075 0.048 0.0075 0.0375 0.044 0.951057 -0.309017 -1.89218e-17 5.82354e-17 
0.681681 0.075 0.075 0.048 0 -0.0375 0.044 0.309017 0.951057 -5.82354e-17 1.89218e-17 
0.675159 0.075 0.075 0.048 0 0.0375 0.044 0.951057 -0.309017 -1.89218e-17 5.82354e-17 
0.643616 0.075 0.075 0.048 -0.015 -0.0375 0.044 0.309017 0.951057 -5.82354e-17 1.89218e-17 
0.640719 0.075 0.075 0.048 0.015 0.0375 0.044 0.951057 -0.309017 -1.89218e-17 5.82354e-17 
0.618834 0.075 0.075 0.048 0.03 0.03 0.044 0.951057 -0.309017 -1.89218e-17 5.82354e-17 
0.618369 0.075 0.075 0.048 -0.03 -0.03 0.044 0.309017 0.951057 -5.82354e-17 1.89218e-17 
0.59838 0.075 0.075 0.048 -0.0075 -0.03 0.044 0.309017 0.951057 -5.82354e-17 1.89218e-17 
0.596084 0.075 0.075 0.048 0.0075 0.03 0.044 0.951057 -0.309017 -1.89218e-17 5.82354e-17 
0.573376 0.075 0.075 0.048 -0.0225 -0.0375 0.044 0.309017 0.951057 -5.82354e-17 1.89218e-17 
0.57234 0.075 0.075 0.048 0.0225 0.0375 0.044 0.951057 -0.309017 -1.89218e-17 5.82354e-17 
0.525933 0.075 0.075 0.048 -0.0375 -0.03 0.044 0.587785 0.809017 -4.9538e-17 3.59915e-17 
0.523542 0.075 0.075 0.048 0 -0.03 0.044 0.309017 0.951057 -5.82354e-17 1.89218e-17 
0.520357 0.075 0.075 0.048 0 0.03 0.044 0.951057 -0.309017 -1.89218e-17 5.82354e-17 
0.517101 0.075 0.075 0.048 0.0375 0.03 0.044 0.809017 -0.587785 -3.59914e-17 4.9538e-17 
0.496814 0.075 0.075 0.048 0.03 -0.0375 0.044 6.12323e-17 1 -6.12323e-17 3.7494e-33 
0.496814 0.075 0.075 0.048 -0.03 0.0375 0.044 1 0 0 6.12323e-17 
0.489141 0.075 0.075 0.048 -0.015 -0.03 0.044 0.309017 0.951057 -5.82354e-17 1.89218e-17 
0.487757 0.075 0.075 0.048 0.015 0.03 0.044 0.951057 -0.309017 -1.89218e-17 5.82354e-17 
0.483253 0.075 0.075 0.048 0.03 0.0225 0.044 0.951057 -0.309017 -1.89218e-17 5.82354e-17 
0.483067 0.075 0.075 0.048 -0.03 -0.0225 0.044 0.309017 0.951057 -5.82354e-17 1.89218e-17 
0.421955 0.075 0.075 0.048 -0.0225 -0.03 0.044 0.309017 0.951057 -5.82354e-17 1.89218e-17 
0.421496 0.075 0.075 0.048 0.0225 0.03 0.044 0.951057 -0.309017 -1.89218e-17 5.82354e-17 
0.384224 0.075 0.075 0.048 -0.0375 0.015 0.044 0.809017 0.587785 3.59914e-17 4.9538e-17 
0.379309 0.075 0.075 0.048 0.0375 -0.015 0.044 -0.587785 0.809017 -4.9538e-17 -3.59915e-17 
0.327815 0.075 0.075 0.048 -0.03 -0.03 0.044 0.587785 0.809017 -4.9538e-17 3.59915e-17 
0.320915 0.075 0.075 0.048 0.03 0.03 0.044 0.809017 -0.587785 -3.59914e-17 4.9538e-17 
0.29804 0.075 0.075 0.048 -0.0375 0.0225 0.044 0.809017 0.587785 3.59914e-17 4.9538e-17 
0.29287 0.075 0.075 0.048 0.0375 -0.0225 0.044 -0.587785 0.809017 -4.9538e-17 -3.59915e-17 
0.285159 0.075 0.075 0.048 -0.0225 -0.0225 0.044 0.309017 0.951057 -5.82354e-17 1.89218e-17 
0.285021 0.075 0.075 0.048 0.0225 0.0225 0.044 0.951057 -0.309017 -1.89218e-17 5.82354e-17 
0.280744 0.075 0.075 0.048 -0.03 0.015 0.044 0.809017 0.587785 3.59914e-17 4.9538e-17 
0.27954 0.075 0.075 0.048 0.03 -0.015 0.044 -0.587785 0.809017 -4.9538e-17 -3.59915e-17 
0.274091 0.075 0.075 0.048 0.03 -0.03 0.044 6.12323e-17 1 -6.12323e-17 3.7494e-33 
0.27409 0.075 0.075 0.048 -0.03 0.03 0.044 1 0 0 6.12323e-17 
0.264295 0.075 0.075 0.048 -0.0225 -0.03 0.044 0.587785 0.809017 -4.9538e-17 3.59915e-17 
0.259063 0.075 0.075 0.048 0.0225 0.03 0.044 0.809017 -0.587785 -3.59914e-17 4.9538e-17 
0.25561 0.075 0.075 0.048 -0.0375 0.0225 0.044 0.587785 0.809017 -4.9538e-17 3.59915e-17 
0.254838 0.075 0.075 0.048 0.0375 -0.0225 0.044 0.809017 -0.587785 -3.59914e-17 4.9538e-17 
0.25073 0.075 0.075 0.048 -0.0375 -0.0075 0.044 0.587785 0.809017 -4.9538e-17 3.59915e-17 
0.249492 0.075 0.075 0.048 0.0375 0.0075 0.044 0.809017 -0.587785 -3.59914e-17 4.9538e-17 
0.248898 0.075 0.075 0.048 0.0375 0.0225 0.044 0.809017 -0.587785 -3.59914e-17 4.9538e-17 
0.248407 0.075 0.075 0.048 -0.0375 -0.0225 0.044 0.587785 0.809017 -4.9538e-17 3.59915e-17 
0.238121 0.075 0.075 0.048 0.0375 0.015 0.044 0.809017 -0.587785 -3.59914e-17 4.9538e-17 
0.237818 0.075 0.075 0.048 -0.0375 -0.015 0.044 0.587785 0.809017 -4.9538e-17 3.59915e-17 
0.230593 0.075 0.075 0.048 -0.03 0.0225 0.044 0.809017 0.587785 3.59914e-17 4.9538e-17 
0.229101 0.075 0.075 0.048 0.03 -0.0225 0.044 -0.587785 0.809017 -4.9538e-17 -3.59915e-17 
0.225946 0.075 0.075 0.048 0.0375 -0.03 0.044 0.809017 -0.587785 -3.59914e-17 4.9538e-17 
0.22491 0.075 0.075 0.048 -0.0375 0.03 0.044 0.587785 0.809017 -4.9538e-17 3.59915e-17 
0.219879 0.075 0.075 0.048 -0.0375 0 0.044 0.587785 0.809017 -4.9538e-17 3.59915e-17 
0.218566 0.075 0.075 0.048 0.0375 0 0.044 0.809017 -0.587785 -3.59914e-17 4.9538e-17 
0.194386 0.075 0.075 0.048 -0.0375 0.015 0.044 0.587785 0.809017 -4.9538e-17 3.59915e-17 
0.194212 0.075 0.075 0.048 0.0375 -0.015 0.044 0.809017 -0.587785 -3.59914e-17 4.9538e-17 
0.181625 0.075 0.075 0.048 -0.0375 0.0075 0.044 0.587785 0.809017 -4.9538e-17 3.59915e-17 
0.181187 0.075 0.075 0.048 0.0375 -0.0075 0.044 0.809017 -0.587785 -3.59914e-17 4.9538e-17 
0.180862 0.075 0.075 0.048 -0.0375 -0.015 0.044 0.809017 0.587785 3.59914e-17 4.9538e-17 
0.176088 0.075 0.075 0.048 0.0375 0.015 0.044 -0.587785 0.809017 -4.9538e-17 -3.59915e-17 
0.16651 0.075 0.075 0.048 0.0225 -0.015 0.044 -0.587785 0.809017 -4.9538e-17 -3.59915e-17 
0.166369 0.075 0.075 0.048 -0.0225 0.015 0.044 0.809017 0.587785 3.59914e-17 4.9538e-17 
0.15281 0.075 0.075 0.048 -0.0225 0.0225 0.044 0.809017 0.587785 3.59914e-17 4.9538e-17 
0.152696 0.075 0.075 0.048 0.0225 -0.0225 0.044 -0.587785 0.809017 -4.9538e-17 -3.59915e-17 
0.108544 0.075 0.075 0.048 -0.03 -0.0075 0.044 0.587785 0.809017 -4.9538e-17 3.59915e-17 
0.10786 0.075 0.075 0.048 0.03 0.0075 0.044 0.809017 -0.587785 -3.59914e-17 4.9538e-17 
0.0941014 0.075 0.075 0.048 0.0075 0.0375 0.044 1 0 0 6.12323e-17 
0.0940992 0.075 0.075 0.048 -0.0075 -0.0375 0.044 6.12323e-17 1 -6.12323e-17 3.7494e-33 
0.0933279 0.075 0.075 0.048 -0.03 0 0.044 0.587785 0.809017 -4.9538e-17 3.59915e-17 
0.0927902 0.075 0.075 0.048 0.03 0 0.044 0.809017 -0.587785 -3.59914e-17 4.9538e-17 
0.0864402 0.075 0.075 0.048 0.0225 0 0.044 -0.587785 0.809017 -4.9538e-17 -3.59915e-17 
0.0862308 0.075 0.075 0.048 -0.0225 0 0.044 0.809017 0.587785 3.59914e-17 4.9538e-17 
0.0780135 0.075 0.075 0.048 0.0225 -0.0075 0.044 -0.587785 0.809017 -4.9538e-17 -3.59915e-17 
0.0775768 0.075 0.075 0.048 -0.0225 0.0075 0.044 0.809017 0.587785 3.59914e-17 4.9538e-17 
0.0705474 0.075 0.075 0.048 0.03 -0.03 0.044 0.809017 -0.587785 -3.59914e-17 4.9538e-17 
0.0676975 0.075 0.075 0.048 -0.03 0.03 0.044 0.587785 0.809017 -4.9538e-17 3.59915e-17 
0.0653477 0.075 0.075 0.048 -0.0075 -0.03 0.044 6.12323e-17 1 -6.12323e-17 3.7494e-33 
0.0653462 0.075 0.075 0.048 0.0075 0.03 0.044 1 0 0 6.12323e-17 
0.064672 0.075 0.075 0.048 -0.03 0.0075 0.044 0.809017 0.587785 3.59914e-17 4.9538e-17 
0.0638784 0.075 0.075 0.048 0.03 -0.0075 0.044 -0.587785 0.809017 -4.9538e-17 -3.59915e-17 
0.0560283 0.075 0.075 0.048 0.0075 -0.0225 0.044 6.12323e-17 1 -6.12323e-17 3.7494e-33 
0.0560269 0.075 0.075 0.048 -0.0075 0.0225 0.044 1 0 0 6.12323e-17 
0.0553746 0.075 0.075 0.048 0.03 0.015 0.044 0.809017 -0.587785 -3.59914e-17 4.9538e-17 
0.0548968 0.075 0.075 0.048 -0.03 -0.015 0.044 0.587785 0.809017 -4.9538e-17 3.59915e-17 
0.0531105 0.075 0.075 0.048 -0.03 0.0225 0.044 0.587785 0.809017 -4.9538e-17 3.59915e-17 
0.0528889 0.075 0.075 0.048 0 0.03 0.044 1 0 0 6.12323e-17 
0.0528883 0.075 0.075 0.048 0 -0.03 0.044 6.12323e-17 1 -6.12323e-17 3.7494e-33 
0.0525803 0.075 0.075 0.048 0.03 -0.0225 0.044 0.809017 -0.587785 -3.59914e-17 4.9538e-17 
0.0519878 0.075 0.075 0.048 0 -0.0225 0.044 6.12323e-17 1 -6.12323e-17 3.7494e-33 
0.0519857 0.075 0.075 0.048 0 0.0225 0.044 1 0 0 6.12323e-17 
0.0512353 0.075 0.075 0.048 0 0.0375 0.044 1 0 0 6.12323e-17 
0.0512323 0.075 0.075 0.048 0 -0.0375 0.044 6.12323e-17 1 -6.12323e-17 3.7494e-33 
0.0505902 0.075 0.075 0.048 0.015 0.0375 0.044 1 0 0 6.12323e-17 
0.0505886 0.075 0.075 0.048 -0.015 -0.0375 0.044 6.12323e-17 1 -6.12323e-17 3.7494e-33 
0.0434999 0.075 0.075 0.048 -0.0375 0.0075 0.044 0.809017 0.587785 3.59914e-17 4.9538e-17 
0.0419828 0.075 0.075 0.048 0.0375 0.0375 0.044 1 0 0 6.12323e-17 
0.0419706 0.075 0.075 0.048 -0.0375 -0.0375 0.044 6.12323e-17 1 -6.12323e-17 3.7494e-33 
0.040025 0.075 0.075 0.048 -0.015 -0.03 0.044 6.12323e-17 1 -6.12323e-17 3.7494e-33 
0.0400248 0.075 0.075 0.048 0.015 0.03 0.044 1 0 0 6.12323e-17 
0.0390561 0.075 0.075 0.048 0.0375 -0.0075 0.044 -0.587785 0.809017 -4.9538e-17 -3.59915e-17 
0.0376987 0.075 0.075 0.048 0.03 -0.0075 0.044 0.809017 -0.587785 -3.59914e-17 4.9538e-17 
0.0375461 0.075 0.075 0.048 -0.03 0.0075 0.044 0.587785 0.809017 -4.9538e-17 3.59915e-17 
0.0336513 0.075 0.075 0.048 -0.0075 -0.0225 0.044 6.12323e-17 1 -6.12323e-17 3.7494e-33 
0.0336502 0.075 0.075 0.048 0.0075 0.0225 0.044 1 0 0 6.12323e-17 
0.0306327 0.075 0.075 0.048 0.03 0.0225 0.044 0.809017 -0.587785 -3.59914e-17 4.9538e-17 
0.029843 0.075 0.075 0.048 -0.03 -0.0225 0.044 0.587785 0.809017 -4.9538e-17 3.59915e-17 
0.0269024 0.075 0.075 0.048 -0.015 -0.0225 0.044 6.12323e-17 1 -6.12323e-17 3.7494e-33 
0.026902 0.075 0.075 0.048 0.015 0.0225 0.044 1 0 0 6.12323e-17 
0.0238298 0.075 0.075 0.048 0.015 -0.0225 0.044 6.12323e-17 1 -6.12323e-17 3.7494e-33 
0.0238293 0.075 0.075 0.048 -0.015 0.0225 0.044 1 0 0 6.12323e-17 
0.0168376 0.075 0.075 0.048 -0.0225 -0.0225 0.044 6.12323e-17 1 -6.12323e-17 3.7494e-33 
0.0168363 0.075 0.075 0.048 0.0225 0.0225 0.044 1 0 0 6.12323e-17 
0.0135673 0.075 0.075 0.048 0.03 -0.015 0.044 0.809017 -0.587785 -3.59914e-17 4.9538e-17 
0.0135458 0.075 0.075 0.048 -0.03 0.015 0.044 0.587785 0.809017 -4.9538e-17 3.59915e-17 
0.00246101 0.075 0.075 0.048 0.0225 0.03 0.044 1 0 0 6.12323e-17 
0.00246099 0.075 0.075 0.048 -0.0225 -0.03 0.044 6.12323e-17 1 -6.12323e-17 3.7494e-33 
-0.0139183 0.075 0.075 0.048 0.0225 0.0375 0.044 1 0 0 6.12323e-17 
-0.0139221 0.075 0.075 0.048 -0.0225 -0.0375 0.044 6.12323e-17 1 -6.12323e-17 3.7494e-33 
-0.0160002 0.075 0.075 0.048 0.0075 -0.03 0.044 6.12323e-17 1 -6.12323e-17 3.7494e-33 
-0.0160003 0.075 0.075 0.048 -0.0075 0.03 0.044 1 0 0 6.12323e-17 
-0.0203511 0.075 0.075 0.048 0.0225 -0.03 0.044 -0.309017 0.951057 -5.82354e-17 -1.89218e-17 
-0.0203639 0.075 0.075 0.048 -0.0225 0.03 0.044 0.951057 0.309017 1.89218e-17 5.82354e-17 
-0.0276435 0.075 0.075 0.048 0.03 0.0375 0.044 1 0 0 6.12323e-17 
-0.0276487 0.075 0.075 0.048 -0.03 -0.0375 0.044 6.12323e-17 1 -6.12323e-17 3.7494e-33 
-0.0592365 0.075 0.075 0.048 0.03 0.03 0.044 1 0 0 6.12323e-17 
-0.0592399 0.075 0.075 0.048 -0.03 -0.03 0.044 6.12323e-17 1 -6.12323e-17 3.7494e-33 
-0.0894334 0.075 0.075 0.048 -0.0075 0.0375 0.044 1 0 0 6.12323e-17 
-0.089437 0.075 0.075 0.048 0.0075 -0.0375 0.044 6.12323e-17 1 -6.12323e-17 3.7494e-33 
-0.091884 0.075 0.075 0.048 -0.03 0 0.044 0.809017 0.587785 3.59914e-17 4.9538e-17 
-0.0930227 0.075 0.075 0.048 0.03 0 0.044 -0.587785 0.809017 -4.9538e-17 -3.59915e-17 
-0.0930666 0.075 0.075 0.048 -0.03 -0.0225 0.044 6.12323e-17 1 -6.12323e-17 3.7494e-33 
-0.0930677 0.075 0.075 0.048 0.03 0.0225 0.044 1 0 0 6.12323e-17 
-0.0962456 0.075 0.075 0.048 0.0225 -0.03 0.044 6.12323e-17 1 -6.12323e-17 3.7494e-33 
-0.0962463 0.075 0.075 0.048 -0.0225 0.03 0.044 1 0 0 6.12323e-17 
-0.101936 0.075 0.075 0.048 -0.03 0.015 0.044 0.951057 0.309017 1.89218e-17 5.82354e-17 
-0.101936 0.075 0.075 0.048 0.03 -0.015 0.044 -0.309017 0.951057 -5.82354e-17 -1.89218e-17 
-0.108015 0.075 0.075 0.048 -0.015 0.03 0.044 1 0 0 6.12323e-17 
-0.108015 0.075 0.075 0.048 0.015 -0.03 0.044 6.12323e-17 1 -6.12323e-17 3.7494e-33 
-0.12259 0.075 0.075 0.048 -0.03 0.0225 0.044 0.951057 0.309017 1.89218e-17 5.82354e-17 
-0.122591 0.075 0.075 0.048 0.03 -0.0225 0.044 -0.309017 0.951057 -5.82354e-17 -1.89218e-17 
-0.13164 0.075 0.075 0.048 -0.03 0.0075 0.044 0.951057 0.309017 1.89218e-17 5.82354e-17 
-0.131642 0.075 0.075 0.048 0.03 -0.0075 0.044 -0.309017 0.951057 -5.82354e-17 -1.89218e-17 
-0.140879 0.075 0.075 0.048 -0.0225 -0.0375 0.044 -0.309017 0.951057 -5.82354e-17 -1.89218e-17 
-0.141087 0.075 0.075 0.048 0.0225 0.0375 0.044 0.951057 0.309017 1.89218e-17 5.82354e-17 
-0.171062 0.075 0.075 0.048 -0.015 -0.0375 0.044 -0.309017 0.951057 -5.82354e-17 -1.89218e-17 
-0.171251 0.075 0.075 0.048 0.015 0.0375 0.044 0.951057 0.309017 1.89218e-17 5.82354e-17 
-0.175338 0.075 0.075 0.048 -0.0225 0.0375 0.044 1 0 0 6.12323e-17 
-0.175341 0.075 0.075 0.048 0.0225 -0.0375 0.044 6.12323e-17 1 -6.12323e-17 3.7494e-33 
-0.186267 0.075 0.075 0.048 -0.03 -0.0375 0.044 -0.309017 0.951057 -5.82354e-17 -1.89218e-17 
-0.186493 0.075 0.075 0.048 0.03 0.0375 0.044 0.951057 0.309017 1.89218e-17 5.82354e-17 
-0.198883 0.075 0.075 0.048 0.03 -0.0375 0.044 0.809017 -0.587785 -3.59914e-17 4.9538e-17 
-0.219152 0.075 0.075 0.048 -0.03 0.0375 0.044 0.587785 0.809017 -4.9538e-17 3.59915e-17 
-0.225602 0.075 0.075 0.048 0.0375 -0.0375 0.044 0.809017 -0.587785 -3.59914e-17 4.9538e-17 
-0.233907 0.075 0.075 0.048 0.0375 0.03 0.044 1 0 0 6.12323e-17 
-0.233911 0.075 0.075 0.048 -0.0375 -0.03 0.044 6.12323e-17 1 -6.12323e-17 3.7494e-33 
-0.239334 0.075 0.075 0.048 -0.0075 -0.0375 0.044 -0.309017 0.951057 -5.82354e-17 -1.89218e-17 
-0.239501 0.075 0.075 0.048 0.0075 0.0375 0.044 0.951057 0.309017 1.89218e-17 5.82354e-17 
-0.239501 0.075 0.075 0.048 -0.0375 0.0375 0.044 0.587785 0.809017 -4.9538e-17 3.59915e-17 
-0.240157 0.075 0.075 0.048 -0.015 0.0375 0.044 1 0 0 6.12323e-17 
-0.240161 0.075 0.075 0.048 0.015 -0.0375 0.044 6.12323e-17 1 -6.12323e-17 3.7494e-33 
-0.243533 0.075 0.075 0.048 0.03 -0.03 0.044 -0.309017 0.951057 -5.82354e-17 -1.89218e-17 
-0.243539 0.075 0.075 0.048 -0.03 0.03 0.044 0.951057 0.309017 1.89218e-17 5.82354e-17 
-0.270499 0.075 0.075 0.048 0.015 -0.0375 0.044 -0.309017 0.951057 -5.82354e-17 -1.89218e-17 
-0.270591 0.075 0.075 0.048 -0.015 0.0375 0.044 0.951057 0.309017 1.89218e-17 5.82354e-17 
-0.275417 0.075 0.075 0.048 -0.0375 0 0.044 0.809017 0.587785 3.59914e-17 4.9538e-17 
-0.280362 0.075 0.075 0.048 0.0375 0 0.044 -0.587785 0.809017 -4.9538e-17 -3.59915e-17 
-0.284774 0.075 0.075 0.048 0.0225 -0.0375 0.044 -0.309017 0.951057 -5.82354e-17 -1.89218e-17 
-0.28484 0.075 0.075 0.048 -0.0225 0.0375 0.044 0.951057 0.309017 1.89218e-17 5.82354e-17 
-0.29446 0.075 0.075 0.048 0 -0.0375 0.044 -0.309017 0.951057 -5.82354e-17 -1.89218e-17 
-0.294602 0.075 0.075 0.048 0 0.0375 0.044 0.951057 0.309017 1.89218e-17 5.82354e-17 
-0.301326 0.075 0.075 0.048 0.0075 -0.0375 0.044 -0.309017 0.951057 -5.82354e-17 -1.89218e-17 
-0.301443 0.075 0.075 0.048 -0.0075 0.0375 0.044 0.951057 0.309017 1.89218e-17 5.82354e-17 
-0.30342 0.075 0.075 0.048 -0.0375 -0.0375 0.044 -0.309017 0.951057 -5.82354e-17 -1.89218e-17 
-0.303662 0.075 0.075 0.048 0.0375 0.0375 0.044 0.951057 0.309017 1.89218e-17 5.82354e-17 
-0.304847 0.075 0.075 0.048 -0.0375 -0.0075 0.044 0.809017 0.587785 3.59914e-17 4.9538e-17 
-0.310423 0.075 0.075 0.048 0.0375 0.0075 0.044 -0.587785 0.809017 -4.9538e-17 -3.59915e-17 
-0.514115 0.075 0.075 0.048 -0.0375 -0.0225 0.044 6.12323e-17 1 -6.12323e-17 3.7494e-33 
-0.514115 0.075 0.075 0.048 0.0375 0.0225 0.044 1 0 0 6.12323e-17 
-0.520207 0.075 0.075 0.048 0.03 -0.0375 0.044 -0.309017 0.951057 -5.82354e-17 -1.89218e-17 
-0.520247 0.075 0.075 0.048 -0.03 0.0375 0.044 0.951057 0.309017 1.89218e-17 5.82354e-17 
-0.552828 0.075 0.075 0.048 0.0225 -0.03 0.044 -0.587785 0.809017 -4.9538e-17 -3.59915e-17 
-0.555442 0.075 0.075 0.048 -0.0225 0.03 0.044 0.809017 0.587785 3.59914e-17 4.9538e-17 
-0.758272 0.075 0.075 0.048 0.03 -0.03 0.044 -0.587785 0.809017 -4.9538e-17 -3.59915e-17 
-0.760291 0.075 0.075 0.048 -0.03 0.03 0.044 0.809017 0.587785 3.59914e-17 4.9538e-17 
-0.846201 0.075 0.075 0.048 0.0375 -0.015 0.044 -0.309017 0.951057 -5.82354e-17 -1.89218e-17 
-0.846201 0.075 0.075 0.048 -0.0375 0.015 0.044 0.951057 0.309017 1.89218e-17 5.82354e-17 
-0.864042 0.075 0.075 0.048 0.0375 -0.0225 0.044 -0.309017 0.951057 -5.82354e-17 -1.89218e-17 
-0.864043 0.075 0.075 0.048 -0.0375 0.0225 0.044 0.951057 0.309017 1.89218e-17 5.82354e-17 
-0.878312 0.075 0.075 0.048 -0.0375 0.0075 0.044 0.951057 0.309017 1.89218e-17 5.82354e-17 
-0.878318 0.075 0.075 0.048 0.0375 -0.0075 0.044 -0.309017 0.951057 -5.82354e-17 -1.89218e-17 
-0.967713 0.075 0.075 0.048 -0.0375 0.03 0.044 0.809017 0.587785 3.59914e-17 4.9538e-17 
-0.968546 0.075 0.075 0.048 0.0375 -0.03 0.044 -0.587785 0.809017 -4.9538e-17 -3.59915e-17 
-0.983166 0.075 0.075 0.048 0.0375 -0.03 0.044 -0.309017 0.951057 -5.82354e-17 -1.89218e-17 
-0.983167 0.075 0.075 0.048 -0.0375 0.03 0.044 0.951057 0.309017 1.89218e-17 5.82354e-17 
-1.25953 0.075 0.075 0.048 0.0375 -0.0375 0.044 -0.309017 0.951057 -5.82354e-17 -1.89218e-17 
-1.25954 0.075 0.075 0.048 -0.0375 0.0375 0.044 0.951057 0.309017 1.89218e-17 5.82354e-17 
-3.02803 0.075 0.075 0.048 0.0225 -0.0375 0.044 -0.587785 0.809017 -4.9538e-17 -3.59915e-17 
-3.04266 0.075 0.075 0.048 -0.0225 0.0375 0.044 0.809017 0.587785 3.59914e-17 4.9538e-17 
-3.79563 0.075 0.075 0.048 0.03 -0.0375 0.044 -0.587785 0.809017 -4.9538e-17 -3.59915e-17 
-3.81235 0.075 0.075 0.048 -0.03 0.0375 0.044 0.809017 0.587785 3.59914e-17 4.9538e-17 
-4.54765 0.075 0.075 0.048 0.0375 -0.0375 0.044 -0.587785 0.809017 -4.9538e-17 -3.59915e-17 
-4.56417 0.075 0.075 0.048 -0.0375 0.0375 0.044 0.809017 0.587785 3.59914e-17 4.9538e-17 
