0.601282 0.033 0.033 0.1 0.0033 0.0033 0.07 -0.587785 0.809017 -4.9538e-17 -3.59915e-17 
0.500532 0.033 0.033 0.1 0.0033 0.0099 0.07 -0.587785 0.809017 -4.9538e-17 -3.59915e-17 
0.432075 0.033 0.033 0.1 0.0099 0.0033 0.07 -0.587785 0.809017 -4.9538e-17 -3.59915e-17 
0.416088 0.033 0.033 0.1 0.0165 0.0033 0.07 6.12323e-17 1 -6.12323e-17 3.7494e-33 
0.371076 0.033 0.033 0.1 0.0099 0.0099 0.07 -0.587785 0.809017 -4.9538e-17 -3.59915e-17 
0.353083 0.033 0.033 0.1 -0.0033 -0.0033 0.07 0.587785 0.809017 -4.9538e-17 3.59915e-17 
0.320382 0.033 0.033 0.1 0.0033 0.0165 0.07 0.951057 -0.309017 -1.89218e-17 5.82354e-17 
0.31634 0.033 0.033 0.1 0.0165 -0.0033 0.07 6.12323e-17 1 -6.12323e-17 3.7494e-33 
0.308211 0.033 0.033 0.1 0.0033 -0.0033 0.07 -0.587785 0.809017 -4.9538e-17 -3.59915e-17 
0.306402 0.033 0.033 0.1 -0.0033 0.0033 0.07 0.587785 0.809017 -4.9538e-17 3.59915e-17 
0.299521 0.033 0.033 0.1 0.0099 0.0165 0.07 0.951057 -0.309017 -1.89218e-17 5.82354e-17 
0.271488 0.033 0.033 0.1 -0.0033 -0.0099 0.07 0.587785 0.809017 -4.9538e-17 3.59915e-17 
0.261465 0.033 0.033 0.1 0.0099 -0.0033 0.07 6.12323e-17 1 -6.12323e-17 3.7494e-33 
0.260238 0.033 0.033 0.1 -0.0099 -0.0033 0.07 0.587785 0.809017 -4.9538e-17 3.59915e-17 
0.25979 0.033 0.033 0.1 0.0165 0.0033 0.07 -0.587785 0.809017 -4.9538e-17 -3.59915e-17 
0.23918 0.033 0.033 0.1 0.0165 0.0099 0.07 -0.587785 0.809017 -4.9538e-17 -3.59915e-17 
0.225668 0.033 0.033 0.1 0.0099 -0.0033 0.07 -0.587785 0.809017 -4.9538e-17 -3.59915e-17 
0.217401 0.033 0.033 0.1 0.0033 0.0099 0.07 0.951057 -0.309017 -1.89218e-17 5.82354e-17 
0.216498 0.033 0.033 0.1 -0.0099 0.0033 0.07 0.587785 0.809017 -4.9538e-17 3.59915e-17 
0.213853 0.033 0.033 0.1 0.0165 -0.0099 0.07 6.12323e-17 1 -6.12323e-17 3.7494e-33 
0.201201 0.033 0.033 0.1 0.0165 0.0165 0.07 0.951057 -0.309017 -1.89218e-17 5.82354e-17 
0.195557 0.033 0.033 0.1 -0.0099 -0.0099 0.07 0.587785 0.809017 -4.9538e-17 3.59915e-17 
0.194825 0.033 0.033 0.1 0.0099 0.0099 0.07 0.951057 -0.309017 -1.89218e-17 5.82354e-17 
0.188677 0.033 0.033 0.1 0.0099 -0.0099 0.07 6.12323e-17 1 -6.12323e-17 3.7494e-33 
0.17598 0.033 0.033 0.1 -0.0033 0.0099 0.07 0.587785 0.809017 -4.9538e-17 3.59915e-17 
0.164444 0.033 0.033 0.1 -0.0165 -0.0033 0.07 0.587785 0.809017 -4.9538e-17 3.59915e-17 
0.141711 0.033 0.033 0.1 0.0165 -0.0033 0.07 -0.587785 0.809017 -4.9538e-17 -3.59915e-17 
0.124513 0.033 0.033 0.1 -0.0033 0.0165 0.07 0.951057 -0.309017 -1.89218e-17 5.82354e-17 
0.123837 0.033 0.033 0.1 -0.0165 0.0033 0.07 0.587785 0.809017 -4.9538e-17 3.59915e-17 
0.117085 0.033 0.033 0.1 -0.0165 -0.0099 0.07 0.587785 0.809017 -4.9538e-17 3.59915e-17 
0.115512 0.033 0.033 0.1 0.0033 -0.0165 0.07 0.587785 0.809017 -4.9538e-17 3.59915e-17 
0.114142 0.033 0.033 0.1 0.0099 -0.0165 0.07 6.12323e-17 1 -6.12323e-17 3.7494e-33 
0.111977 0.033 0.033 0.1 0.0033 0.0033 0.07 0.951057 -0.309017 -1.89218e-17 5.82354e-17 
0.110745 0.033 0.033 0.1 0.0033 -0.0033 0.07 6.12323e-17 1 -6.12323e-17 3.7494e-33 
0.109209 0.033 0.033 0.1 0.0165 -0.0165 0.07 6.12323e-17 1 -6.12323e-17 3.7494e-33 
0.107766 0.033 0.033 0.1 -0.0099 0.0099 0.07 0.587785 0.809017 -4.9538e-17 3.59915e-17 
0.102772 0.033 0.033 0.1 -0.0033 -0.0165 0.07 0.587785 0.809017 -4.9538e-17 3.59915e-17 
0.0957332 0.033 0.033 0.1 0.0165 0.0099 0.07 0.951057 -0.309017 -1.89218e-17 5.82354e-17 
0.0914378 0.033 0.033 0.1 0.0033 -0.0099 0.07 6.12323e-17 1 -6.12323e-17 3.7494e-33 
0.0902157 0.033 0.033 0.1 -0.0165 0.0165 0.07 0.951057 0.309017 1.89218e-17 5.82354e-17 
0.0879838 0.033 0.033 0.1 0.0099 0.0033 0.07 0.951057 -0.309017 -1.89218e-17 5.82354e-17 
0.0745637 0.033 0.033 0.1 0.0165 -0.0165 0.07 -0.587785 0.809017 -4.9538e-17 -3.59915e-17 
0.072587 0.033 0.033 0.1 -0.0165 -0.0165 0.07 0.951057 0.309017 1.89218e-17 5.82354e-17 
0.0713017 0.033 0.033 0.1 0.0033 -0.0165 0.07 6.12323e-17 1 -6.12323e-17 3.7494e-33 
0.0681906 0.033 0.033 0.1 -0.0165 0.0099 0.07 0.951057 0.309017 1.89218e-17 5.82354e-17 
0.0608974 0.033 0.033 0.1 0.0099 -0.0165 0.07 0.587785 0.809017 -4.9538e-17 3.59915e-17 
0.0586896 0.033 0.033 0.1 0.0165 -0.0099 0.07 -0.587785 0.809017 -4.9538e-17 -3.59915e-17 
0.0548881 0.033 0.033 0.1 -0.0099 -0.0165 0.07 0.587785 0.809017 -4.9538e-17 3.59915e-17 
0.051583 0.033 0.033 0.1 -0.0033 0.0165 0.07 0.587785 0.809017 -4.9538e-17 3.59915e-17 
0.0374187 0.033 0.033 0.1 -0.0165 0.0099 0.07 0.587785 0.809017 -4.9538e-17 3.59915e-17 
0.0341791 0.033 0.033 0.1 -0.0165 0.0033 0.07 0.951057 0.309017 1.89218e-17 5.82354e-17 
0.0278402 0.033 0.033 0.1 -0.0099 0.0165 0.07 0.951057 0.309017 1.89218e-17 5.82354e-17 
0.0244286 0.033 0.033 0.1 -0.0033 0.0099 0.07 0.951057 -0.309017 -1.89218e-17 5.82354e-17 
0.0236809 0.033 0.033 0.1 0.0099 -0.0099 0.07 -0.587785 0.809017 -4.9538e-17 -3.59915e-17 
0.0230057 0.033 0.033 0.1 -0.0033 -0.0165 0.07 6.12323e-17 1 -6.12323e-17 3.7494e-33 
0.0186585 0.033 0.033 0.1 -0.0165 -0.0165 0.07 6.12323e-17 1 -6.12323e-17 3.7494e-33 
0.0175635 0.033 0.033 0.1 -0.0165 -0.0099 0.07 0.951057 0.309017 1.89218e-17 5.82354e-17 
0.012658 0.033 0.033 0.1 -0.0099 0.0165 0.07 0.587785 0.809017 -4.9538e-17 3.59915e-17 
0.0117127 0.033 0.033 0.1 -0.0165 -0.0099 0.07 6.12323e-17 1 -6.12323e-17 3.7494e-33 
0.010707 0.033 0.033 0.1 -0.0165 -0.0033 0.07 0.951057 0.309017 1.89218e-17 5.82354e-17 
0.00526121 0.033 0.033 0.1 -0.0165 -0.0165 0.07 0.587785 0.809017 -4.9538e-17 3.59915e-17 
0.00451814 0.033 0.033 0.1 -0.0165 -0.0033 0.07 6.12323e-17 1 -6.12323e-17 3.7494e-33 
0.00399541 0.033 0.033 0.1 -0.0033 -0.0099 0.07 6.12323e-17 1 -6.12323e-17 3.7494e-33 
0.00385648 0.033 0.033 0.1 -0.0099 -0.0165 0.07 6.12323e-17 1 -6.12323e-17 3.7494e-33 
0.0010864 0.033 0.033 0.1 -0.0099 0.0099 0.07 0.951057 0.309017 1.89218e-17 5.82354e-17 
8.10347e-11 0.033 0.033 0.1 -0.0033 0.0365 0.03 0.415627 0.572061 -0.572061 0.415629 
8.04237e-11 0.033 0.033 0.1 0.0033 0.0365 0.05 0.415627 0.572061 -0.572061 0.415629 
7.82681e-11 0.033 0.033 0.1 0.0099 0.0365 0.05 0.415627 0.572061 -0.572061 0.415629 
7.41054e-11 0.033 0.033 0.1 -0.0033 0.0365 0.05 0.415627 0.572061 -0.572061 0.415629 
7.04452e-11 0.033 0.033 0.1 -0.0099 0.0365 0.03 0.415627 0.572061 -0.572061 0.415629 
6.31481e-11 0.033 0.033 0.1 -0.0099 0.0365 0.05 0.415627 0.572061 -0.572061 0.415629 
5.91736e-11 0.033 0.033 0.1 -0.0165 0.0365 0.03 0.415627 0.572061 -0.572061 0.415629 
5.48937e-11 0.033 0.033 0.1 0.0165 0.0365 0.05 -4.32978e-17 0.707107 -0.707107 4.32978e-17 
5.15355e-11 0.033 0.033 0.1 -0.0165 0.0365 0.05 0.415627 0.572061 -0.572061 0.415629 
4.29358e-11 0.033 0.033 0.1 0.0099 0.0365 0.05 -4.32978e-17 0.707107 -0.707107 4.32978e-17 
3.50988e-11 0.033 0.033 0.1 0.0033 -0.0365 0.05 -0.672499 0.218508 0.218508 0.672498 
3.37733e-11 0.033 0.033 0.1 0.0099 -0.0365 0.05 -0.672499 0.218508 0.218508 0.672498 
3.27559e-11 0.033 0.033 0.1 0.0165 -0.0365 0.03 -0.672499 0.218508 0.218508 0.672498 
2.85904e-11 0.033 0.033 0.1 0.0165 -0.0365 0.05 -0.672499 0.218508 0.218508 0.672498 
2.59286e-11 0.033 0.033 0.1 -0.0033 -0.0365 0.05 -0.672499 0.218508 0.218508 0.672498 
1.85606e-11 0.033 0.033 0.1 -0.0033 -0.0365 0.05 -0.415627 -0.572061 -0.572061 0.415629 
1.65238e-11 0.033 0.033 0.1 0.0365 0.0165 0.05 -0.572061 -0.415627 0.572061 0.415629 
1.50488e-11 0.033 0.033 0.1 0.0033 0.0365 0.05 -4.32978e-17 0.707107 -0.707107 4.32978e-17 
1.48619e-11 0.033 0.033 0.1 -0.0365 0.0033 0.05 -0.572061 0.415627 -0.572061 0.415629 
1.41847e-11 0.033 0.033 0.1 -0.0365 0.0099 0.05 -0.572061 0.415627 -0.572061 0.415629 
1.4054e-11 0.033 0.033 0.1 0.0365 -0.0165 0.05 -0.572061 -0.415627 0.572061 0.415629 
1.03771e-11 0.033 0.033 0.1 -0.0365 -0.0033 0.05 -0.572061 0.415627 -0.572061 0.415629 
9.69346e-12 0.033 0.033 0.1 -0.0099 -0.0365 0.05 -0.415627 -0.572061 -0.572061 0.415629 
6.00901e-12 0.033 0.033 0.1 0.0365 0.0099 0.05 -0.572061 -0.415627 0.572061 0.415629 
5.91917e-12 0.033 0.033 0.1 -0.0365 -0.0099 0.05 -0.572061 0.415627 -0.572061 0.415629 
5.32622e-12 0.033 0.033 0.1 -0.0365 -0.0165 0.05 -0.572061 0.415627 -0.572061 0.415629 
4.2572e-12 0.033 0.033 0.1 -0.0365 0.0165 0.05 -0.572061 0.415627 -0.572061 0.415629 
6.55174e-13 0.033 0.033 0.1 -0.0165 -0.0365 0.05 -0.415627 -0.572061 -0.572061 0.415629 
4.96446e-14 0.033 0.033 0.1 -0.0099 -0.0365 0.05 -0.672499 0.218508 0.218508 0.672498 
-1.63189e-12 0.033 0.033 0.1 -0.0165 0.0365 0.05 -4.32978e-17 0.707107 -0.707107 4.32978e-17 
-6.60841e-12 0.033 0.033 0.1 -0.0033 0.0365 0.05 -4.32978e-17 0.707107 -0.707107 4.32978e-17 
-7.13707e-12 0.033 0.033 0.1 0.0365 0.0033 0.05 -0.572061 -0.415627 0.572061 0.415629 
-9.25579e-12 0.033 0.033 0.1 0.0365 -0.0099 0.05 -0.572061 -0.415627 0.572061 0.415629 
-1.1379e-11 0.033 0.033 0.1 -0.0099 0.0365 0.05 -4.32978e-17 0.707107 -0.707107 4.32978e-17 
-1.41869e-11 0.033 0.033 0.1 0.0365 -0.0033 0.05 -0.572061 -0.415627 0.572061 0.415629 
-2.72167e-11 0.033 0.033 0.1 0.0033 0.0365 0.05 0.415627 -0.572061 0.572061 0.415629 
-3.61343e-11 0.033 0.033 0.1 0.0365 0.0165 0.05 0.707107 -4.32978e-17 -0.707107 4.32978e-17 
-4.80462e-11 0.033 0.033 0.1 -0.0165 -0.0365 0.05 -0.672499 0.218508 0.218508 0.672498 
-4.87788e-11 0.033 0.033 0.1 -0.0365 -0.0165 0.05 -0.218508 0.672498 -0.218508 0.672499 
-4.90875e-11 0.033 0.033 0.1 0.0365 0.0099 0.05 0.707107 -4.32978e-17 -0.707107 4.32978e-17 
-5.29549e-11 0.033 0.033 0.1 -0.0365 -0.0165 0.03 -0.218508 0.672498 -0.218508 0.672499 
-5.42321e-11 0.033 0.033 0.1 0.0099 0.0365 0.05 0.415627 -0.572061 0.572061 0.415629 
-5.44339e-11 0.033 0.033 0.1 -0.0365 -0.0099 0.05 -0.218508 0.672498 -0.218508 0.672499 
-5.59436e-11 0.033 0.033 0.1 -0.0365 -0.0165 0.01 -0.218508 0.672498 -0.218508 0.672499 
-5.89793e-11 0.033 0.033 0.1 -0.0365 -0.0099 0.03 -0.218508 0.672498 -0.218508 0.672499 
-5.95407e-11 0.033 0.033 0.1 -0.0365 -0.0033 0.05 -0.218508 0.672498 -0.218508 0.672499 
-6.37107e-11 0.033 0.033 0.1 -0.0365 0.0033 0.05 -0.218508 0.672498 -0.218508 0.672499 
-6.77133e-11 0.033 0.033 0.1 -0.0365 0.0099 0.05 -0.218508 0.672498 -0.218508 0.672499 
-7.05452e-11 0.033 0.033 0.1 -0.0365 0.0165 0.05 0.707107 -4.32978e-17 0.707107 -4.32978e-17 
-7.29542e-11 0.033 0.033 0.1 -0.0365 0.0165 0.05 -0.218508 0.672498 -0.218508 0.672499 
-7.38556e-11 0.033 0.033 0.1 -0.0365 0.0165 0.03 0.707107 -4.32978e-17 0.707107 -4.32978e-17 
-8.13035e-11 0.033 0.033 0.1 0.0165 0.0365 0.05 0.415627 -0.572061 0.572061 0.415629 
-1.25266e-10 0.033 0.033 0.1 -0.0365 0.0099 0.05 0.707107 -4.32978e-17 0.707107 -4.32978e-17 
-1.29528e-10 0.033 0.033 0.1 -0.0365 0.0099 0.03 0.707107 -4.32978e-17 0.707107 -4.32978e-17 
-1.79073e-10 0.033 0.033 0.1 -0.0365 0.0033 0.05 0.707107 -4.32978e-17 0.707107 -4.32978e-17 
-1.84268e-10 0.033 0.033 0.1 -0.0365 0.0033 0.03 0.707107 -4.32978e-17 0.707107 -4.32978e-17 
-0.000191232 0.033 0.033 0.1 0.0165 0.0165 0.07 0.951057 0.309017 1.89218e-17 5.82354e-17 
-0.0107743 0.033 0.033 0.1 0.0033 -0.0099 0.07 -0.587785 0.809017 -4.9538e-17 -3.59915e-17 
-0.0113161 0.033 0.033 0.1 0.0165 0.0033 0.07 0.951057 -0.309017 -1.89218e-17 5.82354e-17 
-0.0151192 0.033 0.033 0.1 -0.0033 -0.0033 0.07 6.12323e-17 1 -6.12323e-17 3.7494e-33 
-0.0168371 0.033 0.033 0.1 0.0099 0.0165 0.07 0.951057 0.309017 1.89218e-17 5.82354e-17 
-0.0180971 0.033 0.033 0.1 -0.0099 -0.0165 0.07 0.951057 0.309017 1.89218e-17 5.82354e-17 
-0.0214269 0.033 0.033 0.1 -0.0033 0.0165 0.07 0.951057 0.309017 1.89218e-17 5.82354e-17 
-0.0221439 0.033 0.033 0.1 -0.0099 -0.0099 0.07 6.12323e-17 1 -6.12323e-17 3.7494e-33 
-0.0277374 0.033 0.033 0.1 -0.0165 0.0165 0.07 0.587785 0.809017 -4.9538e-17 3.59915e-17 
-0.0282066 0.033 0.033 0.1 0.0099 -0.0165 0.07 -0.587785 0.809017 -4.9538e-17 -3.59915e-17 
-0.0333598 0.033 0.033 0.1 0.0033 0.0165 0.07 0.951057 0.309017 1.89218e-17 5.82354e-17 
-0.0362499 0.033 0.033 0.1 -0.0099 0.0033 0.07 0.951057 0.309017 1.89218e-17 5.82354e-17 
-0.0480786 0.033 0.033 0.1 -0.0099 -0.0033 0.07 6.12323e-17 1 -6.12323e-17 3.7494e-33 
-0.0533341 0.033 0.033 0.1 -0.0033 0.0099 0.07 0.951057 0.309017 1.89218e-17 5.82354e-17 
-0.0624869 0.033 0.033 0.1 -0.0099 -0.0099 0.07 0.951057 0.309017 1.89218e-17 5.82354e-17 
-0.0633578 0.033 0.033 0.1 -0.0099 -0.0033 0.07 0.951057 0.309017 1.89218e-17 5.82354e-17 
-0.070158 0.033 0.033 0.1 0.0033 0.0099 0.07 0.951057 0.309017 1.89218e-17 5.82354e-17 
-0.0776434 0.033 0.033 0.1 -0.0033 0.0033 0.07 0.951057 -0.309017 -1.89218e-17 5.82354e-17 
-0.0944337 0.033 0.033 0.1 -0.0033 0.0033 0.07 0.951057 0.309017 1.89218e-17 5.82354e-17 
-0.119299 0.033 0.033 0.1 0.0165 -0.0033 0.07 0.951057 -0.309017 -1.89218e-17 5.82354e-17 
-0.124411 0.033 0.033 0.1 0.0165 0.0165 0.07 -0.587785 0.809017 -4.9538e-17 -3.59915e-17 
-0.129521 0.033 0.033 0.1 0.0033 -0.0165 0.07 -0.587785 0.809017 -4.9538e-17 -3.59915e-17 
-0.272769 0.033 0.033 0.1 0.0099 0.0165 0.07 -0.587785 0.809017 -4.9538e-17 -3.59915e-17 
-0.418355 0.033 0.033 0.1 0.0033 0.0165 0.07 -0.587785 0.809017 -4.9538e-17 -3.59915e-17 
-0.421488 0.033 0.033 0.1 -0.0099 0.0165 0.07 0.951057 -0.309017 -1.89218e-17 5.82354e-17 
-0.51772 0.033 0.033 0.1 -0.0099 0.0099 0.07 0.951057 -0.309017 -1.89218e-17 5.82354e-17 
-0.614263 0.033 0.033 0.1 -0.0099 0.0033 0.07 0.951057 -0.309017 -1.89218e-17 5.82354e-17 
-1.44011 0.033 0.033 0.1 -0.0165 0.0165 0.07 0.951057 -0.309017 -1.89218e-17 5.82354e-17 
-1.53222 0.033 0.033 0.1 -0.0165 0.0099 0.07 0.951057 -0.309017 -1.89218e-17 5.82354e-17 
