0.033 0.033 0.033 0.0365 -0.0165 -0.0165 -0.707107 4.32978e-17 0.707107 -4.32978e-17
0.033 0.033 0.033 0.0365 -0.0165 -0.0165 -0.572061 0.415627 0.572061 -0.415627
0.033 0.033 0.033 0.0365 -0.0165 -0.0165 0.218508 -0.672498 -0.218508 0.672499
0.033 0.033 0.033 0.0365 -0.0165 -0.0165 -0.218508 -0.672498 0.218508 0.672499
0.033 0.033 0.033 0.0365 -0.0165 -0.0165 -0.572061 -0.415627 0.572061 0.415627
0.033 0.033 0.033 -0.0365 -0.0165 -0.0165 0.707107 -4.32978e-17 0.707107 -4.32978e-17
0.033 0.033 0.033 -0.0365 -0.0165 -0.0165 0.572061 -0.415627 0.572061 -0.415627
0.033 0.033 0.033 -0.0365 -0.0165 -0.0165 -0.218508 0.672498 -0.218508 0.672499
0.033 0.033 0.033 -0.0365 -0.0165 -0.0165 0.218508 0.672498 0.218508 0.672499
0.033 0.033 0.033 -0.0365 -0.0165 -0.0165 0.572061 0.415627 0.572061 0.415627
0.033 0.033 0.033 0.0365 -0.0165 -0.0099 -0.707107 4.32978e-17 0.707107 -4.32978e-17
0.033 0.033 0.033 0.0365 -0.0165 -0.0099 -0.572061 0.415627 0.572061 -0.415627
0.033 0.033 0.033 0.0365 -0.0165 -0.0099 0.218508 -0.672498 -0.218508 0.672499
0.033 0.033 0.033 0.0365 -0.0165 -0.0099 -0.218508 -0.672498 0.218508 0.672499
0.033 0.033 0.033 0.0365 -0.0165 -0.0099 -0.572061 -0.415627 0.572061 0.415627
0.033 0.033 0.033 -0.0365 -0.0165 -0.0099 0.707107 -4.32978e-17 0.707107 -4.32978e-17
0.033 0.033 0.033 -0.0365 -0.0165 -0.0099 0.572061 -0.415627 0.572061 -0.415627
0.033 0.033 0.033 -0.0365 -0.0165 -0.0099 -0.218508 0.672498 -0.218508 0.672499
0.033 0.033 0.033 -0.0365 -0.0165 -0.0099 0.218508 0.672498 0.218508 0.672499
0.033 0.033 0.033 -0.0365 -0.0165 -0.0099 0.572061 0.415627 0.572061 0.415627
0.033 0.033 0.033 0.0365 -0.0165 -0.0033 -0.707107 4.32978e-17 0.707107 -4.32978e-17
0.033 0.033 0.033 0.0365 -0.0165 -0.0033 -0.572061 0.415627 0.572061 -0.415627
0.033 0.033 0.033 0.0365 -0.0165 -0.0033 0.218508 -0.672498 -0.218508 0.672499
0.033 0.033 0.033 0.0365 -0.0165 -0.0033 -0.218508 -0.672498 0.218508 0.672499
0.033 0.033 0.033 0.0365 -0.0165 -0.0033 -0.572061 -0.415627 0.572061 0.415627
0.033 0.033 0.033 -0.0365 -0.0165 -0.0033 0.707107 -4.32978e-17 0.707107 -4.32978e-17
0.033 0.033 0.033 -0.0365 -0.0165 -0.0033 0.572061 -0.415627 0.572061 -0.415627
0.033 0.033 0.033 -0.0365 -0.0165 -0.0033 -0.218508 0.672498 -0.218508 0.672499
0.033 0.033 0.033 -0.0365 -0.0165 -0.0033 0.218508 0.672498 0.218508 0.672499
0.033 0.033 0.033 -0.0365 -0.0165 -0.0033 0.572061 0.415627 0.572061 0.415627
0.033 0.033 0.033 0.0365 -0.0165 0.0033 -0.707107 4.32978e-17 0.707107 -4.32978e-17
0.033 0.033 0.033 0.0365 -0.0165 0.0033 -0.572061 0.415627 0.572061 -0.415627
0.033 0.033 0.033 0.0365 -0.0165 0.0033 0.218508 -0.672498 -0.218508 0.672499
0.033 0.033 0.033 0.0365 -0.0165 0.0033 -0.218508 -0.672498 0.218508 0.672499
0.033 0.033 0.033 0.0365 -0.0165 0.0033 -0.572061 -0.415627 0.572061 0.415627
0.033 0.033 0.033 -0.0365 -0.0165 0.0033 0.707107 -4.32978e-17 0.707107 -4.32978e-17
0.033 0.033 0.033 -0.0365 -0.0165 0.0033 0.572061 -0.415627 0.572061 -0.415627
0.033 0.033 0.033 -0.0365 -0.0165 0.0033 -0.218508 0.672498 -0.218508 0.672499
0.033 0.033 0.033 -0.0365 -0.0165 0.0033 0.218508 0.672498 0.218508 0.672499
0.033 0.033 0.033 -0.0365 -0.0165 0.0033 0.572061 0.415627 0.572061 0.415627
0.033 0.033 0.033 0.0365 -0.0165 0.0099 -0.707107 4.32978e-17 0.707107 -4.32978e-17
0.033 0.033 0.033 0.0365 -0.0165 0.0099 -0.572061 0.415627 0.572061 -0.415627
0.033 0.033 0.033 0.0365 -0.0165 0.0099 0.218508 -0.672498 -0.218508 0.672499
0.033 0.033 0.033 0.0365 -0.0165 0.0099 -0.218508 -0.672498 0.218508 0.672499
0.033 0.033 0.033 0.0365 -0.0165 0.0099 -0.572061 -0.415627 0.572061 0.415627
0.033 0.033 0.033 -0.0365 -0.0165 0.0099 0.707107 -4.32978e-17 0.707107 -4.32978e-17
0.033 0.033 0.033 -0.0365 -0.0165 0.0099 0.572061 -0.415627 0.572061 -0.415627
0.033 0.033 0.033 -0.0365 -0.0165 0.0099 -0.218508 0.672498 -0.218508 0.672499
0.033 0.033 0.033 -0.0365 -0.0165 0.0099 0.218508 0.672498 0.218508 0.672499
0.033 0.033 0.033 -0.0365 -0.0165 0.0099 0.572061 0.415627 0.572061 0.415627
0.033 0.033 0.033 0.0365 -0.0165 0.0165 -0.707107 4.32978e-17 0.707107 -4.32978e-17
0.033 0.033 0.033 0.0365 -0.0165 0.0165 -0.572061 0.415627 0.572061 -0.415627
0.033 0.033 0.033 0.0365 -0.0165 0.0165 0.218508 -0.672498 -0.218508 0.672499
0.033 0.033 0.033 0.0365 -0.0165 0.0165 -0.218508 -0.672498 0.218508 0.672499
0.033 0.033 0.033 0.0365 -0.0165 0.0165 -0.572061 -0.415627 0.572061 0.415627
0.033 0.033 0.033 -0.0365 -0.0165 0.0165 0.707107 -4.32978e-17 0.707107 -4.32978e-17
0.033 0.033 0.033 -0.0365 -0.0165 0.0165 0.572061 -0.415627 0.572061 -0.415627
0.033 0.033 0.033 -0.0365 -0.0165 0.0165 -0.218508 0.672498 -0.218508 0.672499
0.033 0.033 0.033 -0.0365 -0.0165 0.0165 0.218508 0.672498 0.218508 0.672499
0.033 0.033 0.033 -0.0365 -0.0165 0.0165 0.572061 0.415627 0.572061 0.415627
0.033 0.033 0.033 0.0365 -0.0099 -0.0165 -0.707107 4.32978e-17 0.707107 -4.32978e-17
0.033 0.033 0.033 0.0365 -0.0099 -0.0165 -0.572061 0.415627 0.572061 -0.415627
0.033 0.033 0.033 0.0365 -0.0099 -0.0165 0.218508 -0.672498 -0.218508 0.672499
0.033 0.033 0.033 0.0365 -0.0099 -0.0165 -0.218508 -0.672498 0.218508 0.672499
0.033 0.033 0.033 0.0365 -0.0099 -0.0165 -0.572061 -0.415627 0.572061 0.415627
0.033 0.033 0.033 -0.0365 -0.0099 -0.0165 0.707107 -4.32978e-17 0.707107 -4.32978e-17
0.033 0.033 0.033 -0.0365 -0.0099 -0.0165 0.572061 -0.415627 0.572061 -0.415627
0.033 0.033 0.033 -0.0365 -0.0099 -0.0165 -0.218508 0.672498 -0.218508 0.672499
0.033 0.033 0.033 -0.0365 -0.0099 -0.0165 0.218508 0.672498 0.218508 0.672499
0.033 0.033 0.033 -0.0365 -0.0099 -0.0165 0.572061 0.415627 0.572061 0.415627
0.033 0.033 0.033 0.0365 -0.0099 -0.0099 -0.707107 4.32978e-17 0.707107 -4.32978e-17
0.033 0.033 0.033 0.0365 -0.0099 -0.0099 -0.572061 0.415627 0.572061 -0.415627
0.033 0.033 0.033 0.0365 -0.0099 -0.0099 0.218508 -0.672498 -0.218508 0.672499
0.033 0.033 0.033 0.0365 -0.0099 -0.0099 -0.218508 -0.672498 0.218508 0.672499
0.033 0.033 0.033 0.0365 -0.0099 -0.0099 -0.572061 -0.415627 0.572061 0.415627
0.033 0.033 0.033 -0.0365 -0.0099 -0.0099 0.707107 -4.32978e-17 0.707107 -4.32978e-17
0.033 0.033 0.033 -0.0365 -0.0099 -0.0099 0.572061 -0.415627 0.572061 -0.415627
0.033 0.033 0.033 -0.0365 -0.0099 -0.0099 -0.218508 0.672498 -0.218508 0.672499
0.033 0.033 0.033 -0.0365 -0.0099 -0.0099 0.218508 0.672498 0.218508 0.672499
0.033 0.033 0.033 -0.0365 -0.0099 -0.0099 0.572061 0.415627 0.572061 0.415627
0.033 0.033 0.033 0.0365 -0.0099 -0.0033 -0.707107 4.32978e-17 0.707107 -4.32978e-17
0.033 0.033 0.033 0.0365 -0.0099 -0.0033 -0.572061 0.415627 0.572061 -0.415627
0.033 0.033 0.033 0.0365 -0.0099 -0.0033 0.218508 -0.672498 -0.218508 0.672499
0.033 0.033 0.033 0.0365 -0.0099 -0.0033 -0.218508 -0.672498 0.218508 0.672499
0.033 0.033 0.033 0.0365 -0.0099 -0.0033 -0.572061 -0.415627 0.572061 0.415627
0.033 0.033 0.033 -0.0365 -0.0099 -0.0033 0.707107 -4.32978e-17 0.707107 -4.32978e-17
0.033 0.033 0.033 -0.0365 -0.0099 -0.0033 0.572061 -0.415627 0.572061 -0.415627
0.033 0.033 0.033 -0.0365 -0.0099 -0.0033 -0.218508 0.672498 -0.218508 0.672499
0.033 0.033 0.033 -0.0365 -0.0099 -0.0033 0.218508 0.672498 0.218508 0.672499
0.033 0.033 0.033 -0.0365 -0.0099 -0.0033 0.572061 0.415627 0.572061 0.415627
0.033 0.033 0.033 0.0365 -0.0099 0.0033 -0.707107 4.32978e-17 0.707107 -4.32978e-17
0.033 0.033 0.033 0.0365 -0.0099 0.0033 -0.572061 0.415627 0.572061 -0.415627
0.033 0.033 0.033 0.0365 -0.0099 0.0033 0.218508 -0.672498 -0.218508 0.672499
0.033 0.033 0.033 0.0365 -0.0099 0.0033 -0.218508 -0.672498 0.218508 0.672499
0.033 0.033 0.033 0.0365 -0.0099 0.0033 -0.572061 -0.415627 0.572061 0.415627
0.033 0.033 0.033 -0.0365 -0.0099 0.0033 0.707107 -4.32978e-17 0.707107 -4.32978e-17
0.033 0.033 0.033 -0.0365 -0.0099 0.0033 0.572061 -0.415627 0.572061 -0.415627
0.033 0.033 0.033 -0.0365 -0.0099 0.0033 -0.218508 0.672498 -0.218508 0.672499
0.033 0.033 0.033 -0.0365 -0.0099 0.0033 0.218508 0.672498 0.218508 0.672499
0.033 0.033 0.033 -0.0365 -0.0099 0.0033 0.572061 0.415627 0.572061 0.415627
0.033 0.033 0.033 0.0365 -0.0099 0.0099 -0.707107 4.32978e-17 0.707107 -4.32978e-17
0.033 0.033 0.033 0.0365 -0.0099 0.0099 -0.572061 0.415627 0.572061 -0.415627
0.033 0.033 0.033 0.0365 -0.0099 0.0099 0.218508 -0.672498 -0.218508 0.672499
0.033 0.033 0.033 0.0365 -0.0099 0.0099 -0.218508 -0.672498 0.218508 0.672499
0.033 0.033 0.033 0.0365 -0.0099 0.0099 -0.572061 -0.415627 0.572061 0.415627
0.033 0.033 0.033 -0.0365 -0.0099 0.0099 0.707107 -4.32978e-17 0.707107 -4.32978e-17
0.033 0.033 0.033 -0.0365 -0.0099 0.0099 0.572061 -0.415627 0.572061 -0.415627
0.033 0.033 0.033 -0.0365 -0.0099 0.0099 -0.218508 0.672498 -0.218508 0.672499
0.033 0.033 0.033 -0.0365 -0.0099 0.0099 0.218508 0.672498 0.218508 0.672499
0.033 0.033 0.033 -0.0365 -0.0099 0.0099 0.572061 0.415627 0.572061 0.415627
0.033 0.033 0.033 0.0365 -0.0099 0.0165 -0.707107 4.32978e-17 0.707107 -4.32978e-17
0.033 0.033 0.033 0.0365 -0.0099 0.0165 -0.572061 0.415627 0.572061 -0.415627
0.033 0.033 0.033 0.0365 -0.0099 0.0165 0.218508 -0.672498 -0.218508 0.672499
0.033 0.033 0.033 0.0365 -0.0099 0.0165 -0.218508 -0.672498 0.218508 0.672499
0.033 0.033 0.033 0.0365 -0.0099 0.0165 -0.572061 -0.415627 0.572061 0.415627
0.033 0.033 0.033 -0.0365 -0.0099 0.0165 0.707107 -4.32978e-17 0.707107 -4.32978e-17
0.033 0.033 0.033 -0.0365 -0.0099 0.0165 0.572061 -0.415627 0.572061 -0.415627
0.033 0.033 0.033 -0.0365 -0.0099 0.0165 -0.218508 0.672498 -0.218508 0.672499
0.033 0.033 0.033 -0.0365 -0.0099 0.0165 0.218508 0.672498 0.218508 0.672499
0.033 0.033 0.033 -0.0365 -0.0099 0.0165 0.572061 0.415627 0.572061 0.415627
0.033 0.033 0.033 0.0365 -0.0033 -0.0165 -0.707107 4.32978e-17 0.707107 -4.32978e-17
0.033 0.033 0.033 0.0365 -0.0033 -0.0165 -0.572061 0.415627 0.572061 -0.415627
0.033 0.033 0.033 0.0365 -0.0033 -0.0165 0.218508 -0.672498 -0.218508 0.672499
0.033 0.033 0.033 0.0365 -0.0033 -0.0165 -0.218508 -0.672498 0.218508 0.672499
0.033 0.033 0.033 0.0365 -0.0033 -0.0165 -0.572061 -0.415627 0.572061 0.415627
0.033 0.033 0.033 -0.0365 -0.0033 -0.0165 0.707107 -4.32978e-17 0.707107 -4.32978e-17
0.033 0.033 0.033 -0.0365 -0.0033 -0.0165 0.572061 -0.415627 0.572061 -0.415627
0.033 0.033 0.033 -0.0365 -0.0033 -0.0165 -0.218508 0.672498 -0.218508 0.672499
0.033 0.033 0.033 -0.0365 -0.0033 -0.0165 0.218508 0.672498 0.218508 0.672499
0.033 0.033 0.033 -0.0365 -0.0033 -0.0165 0.572061 0.415627 0.572061 0.415627
0.033 0.033 0.033 0.0365 -0.0033 -0.0099 -0.707107 4.32978e-17 0.707107 -4.32978e-17
0.033 0.033 0.033 0.0365 -0.0033 -0.0099 -0.572061 0.415627 0.572061 -0.415627
0.033 0.033 0.033 0.0365 -0.0033 -0.0099 0.218508 -0.672498 -0.218508 0.672499
0.033 0.033 0.033 0.0365 -0.0033 -0.0099 -0.218508 -0.672498 0.218508 0.672499
0.033 0.033 0.033 0.0365 -0.0033 -0.0099 -0.572061 -0.415627 0.572061 0.415627
0.033 0.033 0.033 -0.0365 -0.0033 -0.0099 0.707107 -4.32978e-17 0.707107 -4.32978e-17
0.033 0.033 0.033 -0.0365 -0.0033 -0.0099 0.572061 -0.415627 0.572061 -0.415627
0.033 0.033 0.033 -0.0365 -0.0033 -0.0099 -0.218508 0.672498 -0.218508 0.672499
0.033 0.033 0.033 -0.0365 -0.0033 -0.0099 0.218508 0.672498 0.218508 0.672499
0.033 0.033 0.033 -0.0365 -0.0033 -0.0099 0.572061 0.415627 0.572061 0.415627
0.033 0.033 0.033 0.0365 -0.0033 -0.0033 -0.707107 4.32978e-17 0.707107 -4.32978e-17
0.033 0.033 0.033 0.0365 -0.0033 -0.0033 -0.572061 0.415627 0.572061 -0.415627
0.033 0.033 0.033 0.0365 -0.0033 -0.0033 0.218508 -0.672498 -0.218508 0.672499
0.033 0.033 0.033 0.0365 -0.0033 -0.0033 -0.218508 -0.672498 0.218508 0.672499
0.033 0.033 0.033 0.0365 -0.0033 -0.0033 -0.572061 -0.415627 0.572061 0.415627
0.033 0.033 0.033 -0.0365 -0.0033 -0.0033 0.707107 -4.32978e-17 0.707107 -4.32978e-17
0.033 0.033 0.033 -0.0365 -0.0033 -0.0033 0.572061 -0.415627 0.572061 -0.415627
0.033 0.033 0.033 -0.0365 -0.0033 -0.0033 -0.218508 0.672498 -0.218508 0.672499
0.033 0.033 0.033 -0.0365 -0.0033 -0.0033 0.218508 0.672498 0.218508 0.672499
0.033 0.033 0.033 -0.0365 -0.0033 -0.0033 0.572061 0.415627 0.572061 0.415627
0.033 0.033 0.033 0.0365 -0.0033 0.0033 -0.707107 4.32978e-17 0.707107 -4.32978e-17
0.033 0.033 0.033 0.0365 -0.0033 0.0033 -0.572061 0.415627 0.572061 -0.415627
0.033 0.033 0.033 0.0365 -0.0033 0.0033 0.218508 -0.672498 -0.218508 0.672499
0.033 0.033 0.033 0.0365 -0.0033 0.0033 -0.218508 -0.672498 0.218508 0.672499
0.033 0.033 0.033 0.0365 -0.0033 0.0033 -0.572061 -0.415627 0.572061 0.415627
0.033 0.033 0.033 -0.0365 -0.0033 0.0033 0.707107 -4.32978e-17 0.707107 -4.32978e-17
0.033 0.033 0.033 -0.0365 -0.0033 0.0033 0.572061 -0.415627 0.572061 -0.415627
0.033 0.033 0.033 -0.0365 -0.0033 0.0033 -0.218508 0.672498 -0.218508 0.672499
0.033 0.033 0.033 -0.0365 -0.0033 0.0033 0.218508 0.672498 0.218508 0.672499
0.033 0.033 0.033 -0.0365 -0.0033 0.0033 0.572061 0.415627 0.572061 0.415627
0.033 0.033 0.033 0.0365 -0.0033 0.0099 -0.707107 4.32978e-17 0.707107 -4.32978e-17
0.033 0.033 0.033 0.0365 -0.0033 0.0099 -0.572061 0.415627 0.572061 -0.415627
0.033 0.033 0.033 0.0365 -0.0033 0.0099 0.218508 -0.672498 -0.218508 0.672499
0.033 0.033 0.033 0.0365 -0.0033 0.0099 -0.218508 -0.672498 0.218508 0.672499
0.033 0.033 0.033 0.0365 -0.0033 0.0099 -0.572061 -0.415627 0.572061 0.415627
0.033 0.033 0.033 -0.0365 -0.0033 0.0099 0.707107 -4.32978e-17 0.707107 -4.32978e-17
0.033 0.033 0.033 -0.0365 -0.0033 0.0099 0.572061 -0.415627 0.572061 -0.415627
0.033 0.033 0.033 -0.0365 -0.0033 0.0099 -0.218508 0.672498 -0.218508 0.672499
0.033 0.033 0.033 -0.0365 -0.0033 0.0099 0.218508 0.672498 0.218508 0.672499
0.033 0.033 0.033 -0.0365 -0.0033 0.0099 0.572061 0.415627 0.572061 0.415627
0.033 0.033 0.033 0.0365 -0.0033 0.0165 -0.707107 4.32978e-17 0.707107 -4.32978e-17
0.033 0.033 0.033 0.0365 -0.0033 0.0165 -0.572061 0.415627 0.572061 -0.415627
0.033 0.033 0.033 0.0365 -0.0033 0.0165 0.218508 -0.672498 -0.218508 0.672499
0.033 0.033 0.033 0.0365 -0.0033 0.0165 -0.218508 -0.672498 0.218508 0.672499
0.033 0.033 0.033 0.0365 -0.0033 0.0165 -0.572061 -0.415627 0.572061 0.415627
0.033 0.033 0.033 -0.0365 -0.0033 0.0165 0.707107 -4.32978e-17 0.707107 -4.32978e-17
0.033 0.033 0.033 -0.0365 -0.0033 0.0165 0.572061 -0.415627 0.572061 -0.415627
0.033 0.033 0.033 -0.0365 -0.0033 0.0165 -0.218508 0.672498 -0.218508 0.672499
0.033 0.033 0.033 -0.0365 -0.0033 0.0165 0.218508 0.672498 0.218508 0.672499
0.033 0.033 0.033 -0.0365 -0.0033 0.0165 0.572061 0.415627 0.572061 0.415627
0.033 0.033 0.033 0.0365 0.0033 -0.0165 -0.707107 4.32978e-17 0.707107 -4.32978e-17
0.033 0.033 0.033 0.0365 0.0033 -0.0165 -0.572061 0.415627 0.572061 -0.415627
0.033 0.033 0.033 0.0365 0.0033 -0.0165 0.218508 -0.672498 -0.218508 0.672499
0.033 0.033 0.033 0.0365 0.0033 -0.0165 -0.218508 -0.672498 0.218508 0.672499
0.033 0.033 0.033 0.0365 0.0033 -0.0165 -0.572061 -0.415627 0.572061 0.415627
0.033 0.033 0.033 -0.0365 0.0033 -0.0165 0.707107 -4.32978e-17 0.707107 -4.32978e-17
0.033 0.033 0.033 -0.0365 0.0033 -0.0165 0.572061 -0.415627 0.572061 -0.415627
0.033 0.033 0.033 -0.0365 0.0033 -0.0165 -0.218508 0.672498 -0.218508 0.672499
0.033 0.033 0.033 -0.0365 0.0033 -0.0165 0.218508 0.672498 0.218508 0.672499
0.033 0.033 0.033 -0.0365 0.0033 -0.0165 0.572061 0.415627 0.572061 0.415627
0.033 0.033 0.033 0.0365 0.0033 -0.0099 -0.707107 4.32978e-17 0.707107 -4.32978e-17
0.033 0.033 0.033 0.0365 0.0033 -0.0099 -0.572061 0.415627 0.572061 -0.415627
0.033 0.033 0.033 0.0365 0.0033 -0.0099 0.218508 -0.672498 -0.218508 0.672499
0.033 0.033 0.033 0.0365 0.0033 -0.0099 -0.218508 -0.672498 0.218508 0.672499
0.033 0.033 0.033 0.0365 0.0033 -0.0099 -0.572061 -0.415627 0.572061 0.415627
0.033 0.033 0.033 -0.0365 0.0033 -0.0099 0.707107 -4.32978e-17 0.707107 -4.32978e-17
0.033 0.033 0.033 -0.0365 0.0033 -0.0099 0.572061 -0.415627 0.572061 -0.415627
0.033 0.033 0.033 -0.0365 0.0033 -0.0099 -0.218508 0.672498 -0.218508 0.672499
0.033 0.033 0.033 -0.0365 0.0033 -0.0099 0.218508 0.672498 0.218508 0.672499
0.033 0.033 0.033 -0.0365 0.0033 -0.0099 0.572061 0.415627 0.572061 0.415627
0.033 0.033 0.033 0.0365 0.0033 -0.0033 -0.707107 4.32978e-17 0.707107 -4.32978e-17
0.033 0.033 0.033 0.0365 0.0033 -0.0033 -0.572061 0.415627 0.572061 -0.415627
0.033 0.033 0.033 0.0365 0.0033 -0.0033 0.218508 -0.672498 -0.218508 0.672499
0.033 0.033 0.033 0.0365 0.0033 -0.0033 -0.218508 -0.672498 0.218508 0.672499
0.033 0.033 0.033 0.0365 0.0033 -0.0033 -0.572061 -0.415627 0.572061 0.415627
0.033 0.033 0.033 -0.0365 0.0033 -0.0033 0.707107 -4.32978e-17 0.707107 -4.32978e-17
0.033 0.033 0.033 -0.0365 0.0033 -0.0033 0.572061 -0.415627 0.572061 -0.415627
0.033 0.033 0.033 -0.0365 0.0033 -0.0033 -0.218508 0.672498 -0.218508 0.672499
0.033 0.033 0.033 -0.0365 0.0033 -0.0033 0.218508 0.672498 0.218508 0.672499
0.033 0.033 0.033 -0.0365 0.0033 -0.0033 0.572061 0.415627 0.572061 0.415627
0.033 0.033 0.033 0.0365 0.0033 0.0033 -0.707107 4.32978e-17 0.707107 -4.32978e-17
0.033 0.033 0.033 0.0365 0.0033 0.0033 -0.572061 0.415627 0.572061 -0.415627
0.033 0.033 0.033 0.0365 0.0033 0.0033 0.218508 -0.672498 -0.218508 0.672499
0.033 0.033 0.033 0.0365 0.0033 0.0033 -0.218508 -0.672498 0.218508 0.672499
0.033 0.033 0.033 0.0365 0.0033 0.0033 -0.572061 -0.415627 0.572061 0.415627
0.033 0.033 0.033 -0.0365 0.0033 0.0033 0.707107 -4.32978e-17 0.707107 -4.32978e-17
0.033 0.033 0.033 -0.0365 0.0033 0.0033 0.572061 -0.415627 0.572061 -0.415627
0.033 0.033 0.033 -0.0365 0.0033 0.0033 -0.218508 0.672498 -0.218508 0.672499
0.033 0.033 0.033 -0.0365 0.0033 0.0033 0.218508 0.672498 0.218508 0.672499
0.033 0.033 0.033 -0.0365 0.0033 0.0033 0.572061 0.415627 0.572061 0.415627
0.033 0.033 0.033 0.0365 0.0033 0.0099 -0.707107 4.32978e-17 0.707107 -4.32978e-17
0.033 0.033 0.033 0.0365 0.0033 0.0099 -0.572061 0.415627 0.572061 -0.415627
0.033 0.033 0.033 0.0365 0.0033 0.0099 0.218508 -0.672498 -0.218508 0.672499
0.033 0.033 0.033 0.0365 0.0033 0.0099 -0.218508 -0.672498 0.218508 0.672499
0.033 0.033 0.033 0.0365 0.0033 0.0099 -0.572061 -0.415627 0.572061 0.415627
0.033 0.033 0.033 -0.0365 0.0033 0.0099 0.707107 -4.32978e-17 0.707107 -4.32978e-17
0.033 0.033 0.033 -0.0365 0.0033 0.0099 0.572061 -0.415627 0.572061 -0.415627
0.033 0.033 0.033 -0.0365 0.0033 0.0099 -0.218508 0.672498 -0.218508 0.672499
0.033 0.033 0.033 -0.0365 0.0033 0.0099 0.218508 0.672498 0.218508 0.672499
0.033 0.033 0.033 -0.0365 0.0033 0.0099 0.572061 0.415627 0.572061 0.415627
0.033 0.033 0.033 0.0365 0.0033 0.0165 -0.707107 4.32978e-17 0.707107 -4.32978e-17
0.033 0.033 0.033 0.0365 0.0033 0.0165 -0.572061 0.415627 0.572061 -0.415627
0.033 0.033 0.033 0.0365 0.0033 0.0165 0.218508 -0.672498 -0.218508 0.672499
0.033 0.033 0.033 0.0365 0.0033 0.0165 -0.218508 -0.672498 0.218508 0.672499
0.033 0.033 0.033 0.0365 0.0033 0.0165 -0.572061 -0.415627 0.572061 0.415627
0.033 0.033 0.033 -0.0365 0.0033 0.0165 0.707107 -4.32978e-17 0.707107 -4.32978e-17
0.033 0.033 0.033 -0.0365 0.0033 0.0165 0.572061 -0.415627 0.572061 -0.415627
0.033 0.033 0.033 -0.0365 0.0033 0.0165 -0.218508 0.672498 -0.218508 0.672499
0.033 0.033 0.033 -0.0365 0.0033 0.0165 0.218508 0.672498 0.218508 0.672499
0.033 0.033 0.033 -0.0365 0.0033 0.0165 0.572061 0.415627 0.572061 0.415627
0.033 0.033 0.033 0.0365 0.0099 -0.0165 -0.707107 4.32978e-17 0.707107 -4.32978e-17
0.033 0.033 0.033 0.0365 0.0099 -0.0165 -0.572061 0.415627 0.572061 -0.415627
0.033 0.033 0.033 0.0365 0.0099 -0.0165 0.218508 -0.672498 -0.218508 0.672499
0.033 0.033 0.033 0.0365 0.0099 -0.0165 -0.218508 -0.672498 0.218508 0.672499
0.033 0.033 0.033 0.0365 0.0099 -0.0165 -0.572061 -0.415627 0.572061 0.415627
0.033 0.033 0.033 -0.0365 0.0099 -0.0165 0.707107 -4.32978e-17 0.707107 -4.32978e-17
0.033 0.033 0.033 -0.0365 0.0099 -0.0165 0.572061 -0.415627 0.572061 -0.415627
0.033 0.033 0.033 -0.0365 0.0099 -0.0165 -0.218508 0.672498 -0.218508 0.672499
0.033 0.033 0.033 -0.0365 0.0099 -0.0165 0.218508 0.672498 0.218508 0.672499
0.033 0.033 0.033 -0.0365 0.0099 -0.0165 0.572061 0.415627 0.572061 0.415627
0.033 0.033 0.033 0.0365 0.0099 -0.0099 -0.707107 4.32978e-17 0.707107 -4.32978e-17
0.033 0.033 0.033 0.0365 0.0099 -0.0099 -0.572061 0.415627 0.572061 -0.415627
0.033 0.033 0.033 0.0365 0.0099 -0.0099 0.218508 -0.672498 -0.218508 0.672499
0.033 0.033 0.033 0.0365 0.0099 -0.0099 -0.218508 -0.672498 0.218508 0.672499
0.033 0.033 0.033 0.0365 0.0099 -0.0099 -0.572061 -0.415627 0.572061 0.415627
0.033 0.033 0.033 -0.0365 0.0099 -0.0099 0.707107 -4.32978e-17 0.707107 -4.32978e-17
0.033 0.033 0.033 -0.0365 0.0099 -0.0099 0.572061 -0.415627 0.572061 -0.415627
0.033 0.033 0.033 -0.0365 0.0099 -0.0099 -0.218508 0.672498 -0.218508 0.672499
0.033 0.033 0.033 -0.0365 0.0099 -0.0099 0.218508 0.672498 0.218508 0.672499
0.033 0.033 0.033 -0.0365 0.0099 -0.0099 0.572061 0.415627 0.572061 0.415627
0.033 0.033 0.033 0.0365 0.0099 -0.0033 -0.707107 4.32978e-17 0.707107 -4.32978e-17
0.033 0.033 0.033 0.0365 0.0099 -0.0033 -0.572061 0.415627 0.572061 -0.415627
0.033 0.033 0.033 0.0365 0.0099 -0.0033 0.218508 -0.672498 -0.218508 0.672499
0.033 0.033 0.033 0.0365 0.0099 -0.0033 -0.218508 -0.672498 0.218508 0.672499
0.033 0.033 0.033 0.0365 0.0099 -0.0033 -0.572061 -0.415627 0.572061 0.415627
0.033 0.033 0.033 -0.0365 0.0099 -0.0033 0.707107 -4.32978e-17 0.707107 -4.32978e-17
0.033 0.033 0.033 -0.0365 0.0099 -0.0033 0.572061 -0.415627 0.572061 -0.415627
0.033 0.033 0.033 -0.0365 0.0099 -0.0033 -0.218508 0.672498 -0.218508 0.672499
0.033 0.033 0.033 -0.0365 0.0099 -0.0033 0.218508 0.672498 0.218508 0.672499
0.033 0.033 0.033 -0.0365 0.0099 -0.0033 0.572061 0.415627 0.572061 0.415627
0.033 0.033 0.033 0.0365 0.0099 0.0033 -0.707107 4.32978e-17 0.707107 -4.32978e-17
0.033 0.033 0.033 0.0365 0.0099 0.0033 -0.572061 0.415627 0.572061 -0.415627
0.033 0.033 0.033 0.0365 0.0099 0.0033 0.218508 -0.672498 -0.218508 0.672499
0.033 0.033 0.033 0.0365 0.0099 0.0033 -0.218508 -0.672498 0.218508 0.672499
0.033 0.033 0.033 0.0365 0.0099 0.0033 -0.572061 -0.415627 0.572061 0.415627
0.033 0.033 0.033 -0.0365 0.0099 0.0033 0.707107 -4.32978e-17 0.707107 -4.32978e-17
0.033 0.033 0.033 -0.0365 0.0099 0.0033 0.572061 -0.415627 0.572061 -0.415627
0.033 0.033 0.033 -0.0365 0.0099 0.0033 -0.218508 0.672498 -0.218508 0.672499
0.033 0.033 0.033 -0.0365 0.0099 0.0033 0.218508 0.672498 0.218508 0.672499
0.033 0.033 0.033 -0.0365 0.0099 0.0033 0.572061 0.415627 0.572061 0.415627
0.033 0.033 0.033 0.0365 0.0099 0.0099 -0.707107 4.32978e-17 0.707107 -4.32978e-17
0.033 0.033 0.033 0.0365 0.0099 0.0099 -0.572061 0.415627 0.572061 -0.415627
0.033 0.033 0.033 0.0365 0.0099 0.0099 0.218508 -0.672498 -0.218508 0.672499
0.033 0.033 0.033 0.0365 0.0099 0.0099 -0.218508 -0.672498 0.218508 0.672499
0.033 0.033 0.033 0.0365 0.0099 0.0099 -0.572061 -0.415627 0.572061 0.415627
0.033 0.033 0.033 -0.0365 0.0099 0.0099 0.707107 -4.32978e-17 0.707107 -4.32978e-17
0.033 0.033 0.033 -0.0365 0.0099 0.0099 0.572061 -0.415627 0.572061 -0.415627
0.033 0.033 0.033 -0.0365 0.0099 0.0099 -0.218508 0.672498 -0.218508 0.672499
0.033 0.033 0.033 -0.0365 0.0099 0.0099 0.218508 0.672498 0.218508 0.672499
0.033 0.033 0.033 -0.0365 0.0099 0.0099 0.572061 0.415627 0.572061 0.415627
0.033 0.033 0.033 0.0365 0.0099 0.0165 -0.707107 4.32978e-17 0.707107 -4.32978e-17
0.033 0.033 0.033 0.0365 0.0099 0.0165 -0.572061 0.415627 0.572061 -0.415627
0.033 0.033 0.033 0.0365 0.0099 0.0165 0.218508 -0.672498 -0.218508 0.672499
0.033 0.033 0.033 0.0365 0.0099 0.0165 -0.218508 -0.672498 0.218508 0.672499
0.033 0.033 0.033 0.0365 0.0099 0.0165 -0.572061 -0.415627 0.572061 0.415627
0.033 0.033 0.033 -0.0365 0.0099 0.0165 0.707107 -4.32978e-17 0.707107 -4.32978e-17
0.033 0.033 0.033 -0.0365 0.0099 0.0165 0.572061 -0.415627 0.572061 -0.415627
0.033 0.033 0.033 -0.0365 0.0099 0.0165 -0.218508 0.672498 -0.218508 0.672499
0.033 0.033 0.033 -0.0365 0.0099 0.0165 0.218508 0.672498 0.218508 0.672499
0.033 0.033 0.033 -0.0365 0.0099 0.0165 0.572061 0.415627 0.572061 0.415627
0.033 0.033 0.033 0.0365 0.0165 -0.0165 -0.707107 4.32978e-17 0.707107 -4.32978e-17
0.033 0.033 0.033 0.0365 0.0165 -0.0165 -0.572061 0.415627 0.572061 -0.415627
0.033 0.033 0.033 0.0365 0.0165 -0.0165 0.218508 -0.672498 -0.218508 0.672499
0.033 0.033 0.033 0.0365 0.0165 -0.0165 -0.218508 -0.672498 0.218508 0.672499
0.033 0.033 0.033 0.0365 0.0165 -0.0165 -0.572061 -0.415627 0.572061 0.415627
0.033 0.033 0.033 -0.0365 0.0165 -0.0165 0.707107 -4.32978e-17 0.707107 -4.32978e-17
0.033 0.033 0.033 -0.0365 0.0165 -0.0165 0.572061 -0.415627 0.572061 -0.415627
0.033 0.033 0.033 -0.0365 0.0165 -0.0165 -0.218508 0.672498 -0.218508 0.672499
0.033 0.033 0.033 -0.0365 0.0165 -0.0165 0.218508 0.672498 0.218508 0.672499
0.033 0.033 0.033 -0.0365 0.0165 -0.0165 0.572061 0.415627 0.572061 0.415627
0.033 0.033 0.033 0.0365 0.0165 -0.0099 -0.707107 4.32978e-17 0.707107 -4.32978e-17
0.033 0.033 0.033 0.0365 0.0165 -0.0099 -0.572061 0.415627 0.572061 -0.415627
0.033 0.033 0.033 0.0365 0.0165 -0.0099 0.218508 -0.672498 -0.218508 0.672499
0.033 0.033 0.033 0.0365 0.0165 -0.0099 -0.218508 -0.672498 0.218508 0.672499
0.033 0.033 0.033 0.0365 0.0165 -0.0099 -0.572061 -0.415627 0.572061 0.415627
0.033 0.033 0.033 -0.0365 0.0165 -0.0099 0.707107 -4.32978e-17 0.707107 -4.32978e-17
0.033 0.033 0.033 -0.0365 0.0165 -0.0099 0.572061 -0.415627 0.572061 -0.415627
0.033 0.033 0.033 -0.0365 0.0165 -0.0099 -0.218508 0.672498 -0.218508 0.672499
0.033 0.033 0.033 -0.0365 0.0165 -0.0099 0.218508 0.672498 0.218508 0.672499
0.033 0.033 0.033 -0.0365 0.0165 -0.0099 0.572061 0.415627 0.572061 0.415627
0.033 0.033 0.033 0.0365 0.0165 -0.0033 -0.707107 4.32978e-17 0.707107 -4.32978e-17
0.033 0.033 0.033 0.0365 0.0165 -0.0033 -0.572061 0.415627 0.572061 -0.415627
0.033 0.033 0.033 0.0365 0.0165 -0.0033 0.218508 -0.672498 -0.218508 0.672499
0.033 0.033 0.033 0.0365 0.0165 -0.0033 -0.218508 -0.672498 0.218508 0.672499
0.033 0.033 0.033 0.0365 0.0165 -0.0033 -0.572061 -0.415627 0.572061 0.415627
0.033 0.033 0.033 -0.0365 0.0165 -0.0033 0.707107 -4.32978e-17 0.707107 -4.32978e-17
0.033 0.033 0.033 -0.0365 0.0165 -0.0033 0.572061 -0.415627 0.572061 -0.415627
0.033 0.033 0.033 -0.0365 0.0165 -0.0033 -0.218508 0.672498 -0.218508 0.672499
0.033 0.033 0.033 -0.0365 0.0165 -0.0033 0.218508 0.672498 0.218508 0.672499
0.033 0.033 0.033 -0.0365 0.0165 -0.0033 0.572061 0.415627 0.572061 0.415627
0.033 0.033 0.033 0.0365 0.0165 0.0033 -0.707107 4.32978e-17 0.707107 -4.32978e-17
0.033 0.033 0.033 0.0365 0.0165 0.0033 -0.572061 0.415627 0.572061 -0.415627
0.033 0.033 0.033 0.0365 0.0165 0.0033 0.218508 -0.672498 -0.218508 0.672499
0.033 0.033 0.033 0.0365 0.0165 0.0033 -0.218508 -0.672498 0.218508 0.672499
0.033 0.033 0.033 0.0365 0.0165 0.0033 -0.572061 -0.415627 0.572061 0.415627
0.033 0.033 0.033 -0.0365 0.0165 0.0033 0.707107 -4.32978e-17 0.707107 -4.32978e-17
0.033 0.033 0.033 -0.0365 0.0165 0.0033 0.572061 -0.415627 0.572061 -0.415627
0.033 0.033 0.033 -0.0365 0.0165 0.0033 -0.218508 0.672498 -0.218508 0.672499
0.033 0.033 0.033 -0.0365 0.0165 0.0033 0.218508 0.672498 0.218508 0.672499
0.033 0.033 0.033 -0.0365 0.0165 0.0033 0.572061 0.415627 0.572061 0.415627
0.033 0.033 0.033 0.0365 0.0165 0.0099 -0.707107 4.32978e-17 0.707107 -4.32978e-17
0.033 0.033 0.033 0.0365 0.0165 0.0099 -0.572061 0.415627 0.572061 -0.415627
0.033 0.033 0.033 0.0365 0.0165 0.0099 0.218508 -0.672498 -0.218508 0.672499
0.033 0.033 0.033 0.0365 0.0165 0.0099 -0.218508 -0.672498 0.218508 0.672499
0.033 0.033 0.033 0.0365 0.0165 0.0099 -0.572061 -0.415627 0.572061 0.415627
0.033 0.033 0.033 -0.0365 0.0165 0.0099 0.707107 -4.32978e-17 0.707107 -4.32978e-17
0.033 0.033 0.033 -0.0365 0.0165 0.0099 0.572061 -0.415627 0.572061 -0.415627
0.033 0.033 0.033 -0.0365 0.0165 0.0099 -0.218508 0.672498 -0.218508 0.672499
0.033 0.033 0.033 -0.0365 0.0165 0.0099 0.218508 0.672498 0.218508 0.672499
0.033 0.033 0.033 -0.0365 0.0165 0.0099 0.572061 0.415627 0.572061 0.415627
0.033 0.033 0.033 0.0365 0.0165 0.0165 -0.707107 4.32978e-17 0.707107 -4.32978e-17
0.033 0.033 0.033 0.0365 0.0165 0.0165 -0.572061 0.415627 0.572061 -0.415627
0.033 0.033 0.033 0.0365 0.0165 0.0165 0.218508 -0.672498 -0.218508 0.672499
0.033 0.033 0.033 0.0365 0.0165 0.0165 -0.218508 -0.672498 0.218508 0.672499
0.033 0.033 0.033 0.0365 0.0165 0.0165 -0.572061 -0.415627 0.572061 0.415627
0.033 0.033 0.033 -0.0365 0.0165 0.0165 0.707107 -4.32978e-17 0.707107 -4.32978e-17
0.033 0.033 0.033 -0.0365 0.0165 0.0165 0.572061 -0.415627 0.572061 -0.415627
0.033 0.033 0.033 -0.0365 0.0165 0.0165 -0.218508 0.672498 -0.218508 0.672499
0.033 0.033 0.033 -0.0365 0.0165 0.0165 0.218508 0.672498 0.218508 0.672499
0.033 0.033 0.033 -0.0365 0.0165 0.0165 0.572061 0.415627 0.572061 0.415627
0.033 0.033 0.033 -0.0165 0.0365 -0.0165 -4.32978e-17 -0.707107 0.707107 -4.32978e-17
0.033 0.033 0.033 -0.0165 0.0365 -0.0165 -0.415627 -0.572061 0.572061 -0.415627
0.033 0.033 0.033 -0.0165 0.0365 -0.0165 0.672499 0.218508 -0.218508 0.672499
0.033 0.033 0.033 -0.0165 0.0365 -0.0165 0.672499 -0.218508 0.218508 0.672499
0.033 0.033 0.033 -0.0165 0.0365 -0.0165 0.415627 -0.572061 0.572061 0.415627
0.033 0.033 0.033 -0.0165 -0.0365 -0.0165 4.32978e-17 0.707107 0.707107 -4.32978e-17
0.033 0.033 0.033 -0.0165 -0.0365 -0.0165 0.415627 0.572061 0.572061 -0.415627
0.033 0.033 0.033 -0.0165 -0.0365 -0.0165 -0.672499 -0.218508 -0.218508 0.672499
0.033 0.033 0.033 -0.0165 -0.0365 -0.0165 -0.672499 0.218508 0.218508 0.672499
0.033 0.033 0.033 -0.0165 -0.0365 -0.0165 -0.415627 0.572061 0.572061 0.415627
0.033 0.033 0.033 -0.0165 0.0365 -0.0099 -4.32978e-17 -0.707107 0.707107 -4.32978e-17
0.033 0.033 0.033 -0.0165 0.0365 -0.0099 -0.415627 -0.572061 0.572061 -0.415627
0.033 0.033 0.033 -0.0165 0.0365 -0.0099 0.672499 0.218508 -0.218508 0.672499
0.033 0.033 0.033 -0.0165 0.0365 -0.0099 0.672499 -0.218508 0.218508 0.672499
0.033 0.033 0.033 -0.0165 0.0365 -0.0099 0.415627 -0.572061 0.572061 0.415627
0.033 0.033 0.033 -0.0165 -0.0365 -0.0099 4.32978e-17 0.707107 0.707107 -4.32978e-17
0.033 0.033 0.033 -0.0165 -0.0365 -0.0099 0.415627 0.572061 0.572061 -0.415627
0.033 0.033 0.033 -0.0165 -0.0365 -0.0099 -0.672499 -0.218508 -0.218508 0.672499
0.033 0.033 0.033 -0.0165 -0.0365 -0.0099 -0.672499 0.218508 0.218508 0.672499
0.033 0.033 0.033 -0.0165 -0.0365 -0.0099 -0.415627 0.572061 0.572061 0.415627
0.033 0.033 0.033 -0.0165 0.0365 -0.0033 -4.32978e-17 -0.707107 0.707107 -4.32978e-17
0.033 0.033 0.033 -0.0165 0.0365 -0.0033 -0.415627 -0.572061 0.572061 -0.415627
0.033 0.033 0.033 -0.0165 0.0365 -0.0033 0.672499 0.218508 -0.218508 0.672499
0.033 0.033 0.033 -0.0165 0.0365 -0.0033 0.672499 -0.218508 0.218508 0.672499
0.033 0.033 0.033 -0.0165 0.0365 -0.0033 0.415627 -0.572061 0.572061 0.415627
0.033 0.033 0.033 -0.0165 -0.0365 -0.0033 4.32978e-17 0.707107 0.707107 -4.32978e-17
0.033 0.033 0.033 -0.0165 -0.0365 -0.0033 0.415627 0.572061 0.572061 -0.415627
0.033 0.033 0.033 -0.0165 -0.0365 -0.0033 -0.672499 -0.218508 -0.218508 0.672499
0.033 0.033 0.033 -0.0165 -0.0365 -0.0033 -0.672499 0.218508 0.218508 0.672499
0.033 0.033 0.033 -0.0165 -0.0365 -0.0033 -0.415627 0.572061 0.572061 0.415627
0.033 0.033 0.033 -0.0165 0.0365 0.0033 -4.32978e-17 -0.707107 0.707107 -4.32978e-17
0.033 0.033 0.033 -0.0165 0.0365 0.0033 -0.415627 -0.572061 0.572061 -0.415627
0.033 0.033 0.033 -0.0165 0.0365 0.0033 0.672499 0.218508 -0.218508 0.672499
0.033 0.033 0.033 -0.0165 0.0365 0.0033 0.672499 -0.218508 0.218508 0.672499
0.033 0.033 0.033 -0.0165 0.0365 0.0033 0.415627 -0.572061 0.572061 0.415627
0.033 0.033 0.033 -0.0165 -0.0365 0.0033 4.32978e-17 0.707107 0.707107 -4.32978e-17
0.033 0.033 0.033 -0.0165 -0.0365 0.0033 0.415627 0.572061 0.572061 -0.415627
0.033 0.033 0.033 -0.0165 -0.0365 0.0033 -0.672499 -0.218508 -0.218508 0.672499
0.033 0.033 0.033 -0.0165 -0.0365 0.0033 -0.672499 0.218508 0.218508 0.672499
0.033 0.033 0.033 -0.0165 -0.0365 0.0033 -0.415627 0.572061 0.572061 0.415627
0.033 0.033 0.033 -0.0165 0.0365 0.0099 -4.32978e-17 -0.707107 0.707107 -4.32978e-17
0.033 0.033 0.033 -0.0165 0.0365 0.0099 -0.415627 -0.572061 0.572061 -0.415627
0.033 0.033 0.033 -0.0165 0.0365 0.0099 0.672499 0.218508 -0.218508 0.672499
0.033 0.033 0.033 -0.0165 0.0365 0.0099 0.672499 -0.218508 0.218508 0.672499
0.033 0.033 0.033 -0.0165 0.0365 0.0099 0.415627 -0.572061 0.572061 0.415627
0.033 0.033 0.033 -0.0165 -0.0365 0.0099 4.32978e-17 0.707107 0.707107 -4.32978e-17
0.033 0.033 0.033 -0.0165 -0.0365 0.0099 0.415627 0.572061 0.572061 -0.415627
0.033 0.033 0.033 -0.0165 -0.0365 0.0099 -0.672499 -0.218508 -0.218508 0.672499
0.033 0.033 0.033 -0.0165 -0.0365 0.0099 -0.672499 0.218508 0.218508 0.672499
0.033 0.033 0.033 -0.0165 -0.0365 0.0099 -0.415627 0.572061 0.572061 0.415627
0.033 0.033 0.033 -0.0165 0.0365 0.0165 -4.32978e-17 -0.707107 0.707107 -4.32978e-17
0.033 0.033 0.033 -0.0165 0.0365 0.0165 -0.415627 -0.572061 0.572061 -0.415627
0.033 0.033 0.033 -0.0165 0.0365 0.0165 0.672499 0.218508 -0.218508 0.672499
0.033 0.033 0.033 -0.0165 0.0365 0.0165 0.672499 -0.218508 0.218508 0.672499
0.033 0.033 0.033 -0.0165 0.0365 0.0165 0.415627 -0.572061 0.572061 0.415627
0.033 0.033 0.033 -0.0165 -0.0365 0.0165 4.32978e-17 0.707107 0.707107 -4.32978e-17
0.033 0.033 0.033 -0.0165 -0.0365 0.0165 0.415627 0.572061 0.572061 -0.415627
0.033 0.033 0.033 -0.0165 -0.0365 0.0165 -0.672499 -0.218508 -0.218508 0.672499
0.033 0.033 0.033 -0.0165 -0.0365 0.0165 -0.672499 0.218508 0.218508 0.672499
0.033 0.033 0.033 -0.0165 -0.0365 0.0165 -0.415627 0.572061 0.572061 0.415627
0.033 0.033 0.033 -0.0099 0.0365 -0.0165 -4.32978e-17 -0.707107 0.707107 -4.32978e-17
0.033 0.033 0.033 -0.0099 0.0365 -0.0165 -0.415627 -0.572061 0.572061 -0.415627
0.033 0.033 0.033 -0.0099 0.0365 -0.0165 0.672499 0.218508 -0.218508 0.672499
0.033 0.033 0.033 -0.0099 0.0365 -0.0165 0.672499 -0.218508 0.218508 0.672499
0.033 0.033 0.033 -0.0099 0.0365 -0.0165 0.415627 -0.572061 0.572061 0.415627
0.033 0.033 0.033 -0.0099 -0.0365 -0.0165 4.32978e-17 0.707107 0.707107 -4.32978e-17
0.033 0.033 0.033 -0.0099 -0.0365 -0.0165 0.415627 0.572061 0.572061 -0.415627
0.033 0.033 0.033 -0.0099 -0.0365 -0.0165 -0.672499 -0.218508 -0.218508 0.672499
0.033 0.033 0.033 -0.0099 -0.0365 -0.0165 -0.672499 0.218508 0.218508 0.672499
0.033 0.033 0.033 -0.0099 -0.0365 -0.0165 -0.415627 0.572061 0.572061 0.415627
0.033 0.033 0.033 -0.0099 0.0365 -0.0099 -4.32978e-17 -0.707107 0.707107 -4.32978e-17
0.033 0.033 0.033 -0.0099 0.0365 -0.0099 -0.415627 -0.572061 0.572061 -0.415627
0.033 0.033 0.033 -0.0099 0.0365 -0.0099 0.672499 0.218508 -0.218508 0.672499
0.033 0.033 0.033 -0.0099 0.0365 -0.0099 0.672499 -0.218508 0.218508 0.672499
0.033 0.033 0.033 -0.0099 0.0365 -0.0099 0.415627 -0.572061 0.572061 0.415627
0.033 0.033 0.033 -0.0099 -0.0365 -0.0099 4.32978e-17 0.707107 0.707107 -4.32978e-17
0.033 0.033 0.033 -0.0099 -0.0365 -0.0099 0.415627 0.572061 0.572061 -0.415627
0.033 0.033 0.033 -0.0099 -0.0365 -0.0099 -0.672499 -0.218508 -0.218508 0.672499
0.033 0.033 0.033 -0.0099 -0.0365 -0.0099 -0.672499 0.218508 0.218508 0.672499
0.033 0.033 0.033 -0.0099 -0.0365 -0.0099 -0.415627 0.572061 0.572061 0.415627
0.033 0.033 0.033 -0.0099 0.0365 -0.0033 -4.32978e-17 -0.707107 0.707107 -4.32978e-17
0.033 0.033 0.033 -0.0099 0.0365 -0.0033 -0.415627 -0.572061 0.572061 -0.415627
0.033 0.033 0.033 -0.0099 0.0365 -0.0033 0.672499 0.218508 -0.218508 0.672499
0.033 0.033 0.033 -0.0099 0.0365 -0.0033 0.672499 -0.218508 0.218508 0.672499
0.033 0.033 0.033 -0.0099 0.0365 -0.0033 0.415627 -0.572061 0.572061 0.415627
0.033 0.033 0.033 -0.0099 -0.0365 -0.0033 4.32978e-17 0.707107 0.707107 -4.32978e-17
0.033 0.033 0.033 -0.0099 -0.0365 -0.0033 0.415627 0.572061 0.572061 -0.415627
0.033 0.033 0.033 -0.0099 -0.0365 -0.0033 -0.672499 -0.218508 -0.218508 0.672499
0.033 0.033 0.033 -0.0099 -0.0365 -0.0033 -0.672499 0.218508 0.218508 0.672499
0.033 0.033 0.033 -0.0099 -0.0365 -0.0033 -0.415627 0.572061 0.572061 0.415627
0.033 0.033 0.033 -0.0099 0.0365 0.0033 -4.32978e-17 -0.707107 0.707107 -4.32978e-17
0.033 0.033 0.033 -0.0099 0.0365 0.0033 -0.415627 -0.572061 0.572061 -0.415627
0.033 0.033 0.033 -0.0099 0.0365 0.0033 0.672499 0.218508 -0.218508 0.672499
0.033 0.033 0.033 -0.0099 0.0365 0.0033 0.672499 -0.218508 0.218508 0.672499
0.033 0.033 0.033 -0.0099 0.0365 0.0033 0.415627 -0.572061 0.572061 0.415627
0.033 0.033 0.033 -0.0099 -0.0365 0.0033 4.32978e-17 0.707107 0.707107 -4.32978e-17
0.033 0.033 0.033 -0.0099 -0.0365 0.0033 0.415627 0.572061 0.572061 -0.415627
0.033 0.033 0.033 -0.0099 -0.0365 0.0033 -0.672499 -0.218508 -0.218508 0.672499
0.033 0.033 0.033 -0.0099 -0.0365 0.0033 -0.672499 0.218508 0.218508 0.672499
0.033 0.033 0.033 -0.0099 -0.0365 0.0033 -0.415627 0.572061 0.572061 0.415627
0.033 0.033 0.033 -0.0099 0.0365 0.0099 -4.32978e-17 -0.707107 0.707107 -4.32978e-17
0.033 0.033 0.033 -0.0099 0.0365 0.0099 -0.415627 -0.572061 0.572061 -0.415627
0.033 0.033 0.033 -0.0099 0.0365 0.0099 0.672499 0.218508 -0.218508 0.672499
0.033 0.033 0.033 -0.0099 0.0365 0.0099 0.672499 -0.218508 0.218508 0.672499
0.033 0.033 0.033 -0.0099 0.0365 0.0099 0.415627 -0.572061 0.572061 0.415627
0.033 0.033 0.033 -0.0099 -0.0365 0.0099 4.32978e-17 0.707107 0.707107 -4.32978e-17
0.033 0.033 0.033 -0.0099 -0.0365 0.0099 0.415627 0.572061 0.572061 -0.415627
0.033 0.033 0.033 -0.0099 -0.0365 0.0099 -0.672499 -0.218508 -0.218508 0.672499
0.033 0.033 0.033 -0.0099 -0.0365 0.0099 -0.672499 0.218508 0.218508 0.672499
0.033 0.033 0.033 -0.0099 -0.0365 0.0099 -0.415627 0.572061 0.572061 0.415627
0.033 0.033 0.033 -0.0099 0.0365 0.0165 -4.32978e-17 -0.707107 0.707107 -4.32978e-17
0.033 0.033 0.033 -0.0099 0.0365 0.0165 -0.415627 -0.572061 0.572061 -0.415627
0.033 0.033 0.033 -0.0099 0.0365 0.0165 0.672499 0.218508 -0.218508 0.672499
0.033 0.033 0.033 -0.0099 0.0365 0.0165 0.672499 -0.218508 0.218508 0.672499
0.033 0.033 0.033 -0.0099 0.0365 0.0165 0.415627 -0.572061 0.572061 0.415627
0.033 0.033 0.033 -0.0099 -0.0365 0.0165 4.32978e-17 0.707107 0.707107 -4.32978e-17
0.033 0.033 0.033 -0.0099 -0.0365 0.0165 0.415627 0.572061 0.572061 -0.415627
0.033 0.033 0.033 -0.0099 -0.0365 0.0165 -0.672499 -0.218508 -0.218508 0.672499
0.033 0.033 0.033 -0.0099 -0.0365 0.0165 -0.672499 0.218508 0.218508 0.672499
0.033 0.033 0.033 -0.0099 -0.0365 0.0165 -0.415627 0.572061 0.572061 0.415627
0.033 0.033 0.033 -0.0033 0.0365 -0.0165 -4.32978e-17 -0.707107 0.707107 -4.32978e-17
0.033 0.033 0.033 -0.0033 0.0365 -0.0165 -0.415627 -0.572061 0.572061 -0.415627
0.033 0.033 0.033 -0.0033 0.0365 -0.0165 0.672499 0.218508 -0.218508 0.672499
0.033 0.033 0.033 -0.0033 0.0365 -0.0165 0.672499 -0.218508 0.218508 0.672499
0.033 0.033 0.033 -0.0033 0.0365 -0.0165 0.415627 -0.572061 0.572061 0.415627
0.033 0.033 0.033 -0.0033 -0.0365 -0.0165 4.32978e-17 0.707107 0.707107 -4.32978e-17
0.033 0.033 0.033 -0.0033 -0.0365 -0.0165 0.415627 0.572061 0.572061 -0.415627
0.033 0.033 0.033 -0.0033 -0.0365 -0.0165 -0.672499 -0.218508 -0.218508 0.672499
0.033 0.033 0.033 -0.0033 -0.0365 -0.0165 -0.672499 0.218508 0.218508 0.672499
0.033 0.033 0.033 -0.0033 -0.0365 -0.0165 -0.415627 0.572061 0.572061 0.415627
0.033 0.033 0.033 -0.0033 0.0365 -0.0099 -4.32978e-17 -0.707107 0.707107 -4.32978e-17
0.033 0.033 0.033 -0.0033 0.0365 -0.0099 -0.415627 -0.572061 0.572061 -0.415627
0.033 0.033 0.033 -0.0033 0.0365 -0.0099 0.672499 0.218508 -0.218508 0.672499
0.033 0.033 0.033 -0.0033 0.0365 -0.0099 0.672499 -0.218508 0.218508 0.672499
0.033 0.033 0.033 -0.0033 0.0365 -0.0099 0.415627 -0.572061 0.572061 0.415627
0.033 0.033 0.033 -0.0033 -0.0365 -0.0099 4.32978e-17 0.707107 0.707107 -4.32978e-17
0.033 0.033 0.033 -0.0033 -0.0365 -0.0099 0.415627 0.572061 0.572061 -0.415627
0.033 0.033 0.033 -0.0033 -0.0365 -0.0099 -0.672499 -0.218508 -0.218508 0.672499
0.033 0.033 0.033 -0.0033 -0.0365 -0.0099 -0.672499 0.218508 0.218508 0.672499
0.033 0.033 0.033 -0.0033 -0.0365 -0.0099 -0.415627 0.572061 0.572061 0.415627
0.033 0.033 0.033 -0.0033 0.0365 -0.0033 -4.32978e-17 -0.707107 0.707107 -4.32978e-17
0.033 0.033 0.033 -0.0033 0.0365 -0.0033 -0.415627 -0.572061 0.572061 -0.415627
0.033 0.033 0.033 -0.0033 0.0365 -0.0033 0.672499 0.218508 -0.218508 0.672499
0.033 0.033 0.033 -0.0033 0.0365 -0.0033 0.672499 -0.218508 0.218508 0.672499
0.033 0.033 0.033 -0.0033 0.0365 -0.0033 0.415627 -0.572061 0.572061 0.415627
0.033 0.033 0.033 -0.0033 -0.0365 -0.0033 4.32978e-17 0.707107 0.707107 -4.32978e-17
0.033 0.033 0.033 -0.0033 -0.0365 -0.0033 0.415627 0.572061 0.572061 -0.415627
0.033 0.033 0.033 -0.0033 -0.0365 -0.0033 -0.672499 -0.218508 -0.218508 0.672499
0.033 0.033 0.033 -0.0033 -0.0365 -0.0033 -0.672499 0.218508 0.218508 0.672499
0.033 0.033 0.033 -0.0033 -0.0365 -0.0033 -0.415627 0.572061 0.572061 0.415627
0.033 0.033 0.033 -0.0033 0.0365 0.0033 -4.32978e-17 -0.707107 0.707107 -4.32978e-17
0.033 0.033 0.033 -0.0033 0.0365 0.0033 -0.415627 -0.572061 0.572061 -0.415627
0.033 0.033 0.033 -0.0033 0.0365 0.0033 0.672499 0.218508 -0.218508 0.672499
0.033 0.033 0.033 -0.0033 0.0365 0.0033 0.672499 -0.218508 0.218508 0.672499
0.033 0.033 0.033 -0.0033 0.0365 0.0033 0.415627 -0.572061 0.572061 0.415627
0.033 0.033 0.033 -0.0033 -0.0365 0.0033 4.32978e-17 0.707107 0.707107 -4.32978e-17
0.033 0.033 0.033 -0.0033 -0.0365 0.0033 0.415627 0.572061 0.572061 -0.415627
0.033 0.033 0.033 -0.0033 -0.0365 0.0033 -0.672499 -0.218508 -0.218508 0.672499
0.033 0.033 0.033 -0.0033 -0.0365 0.0033 -0.672499 0.218508 0.218508 0.672499
0.033 0.033 0.033 -0.0033 -0.0365 0.0033 -0.415627 0.572061 0.572061 0.415627
0.033 0.033 0.033 -0.0033 0.0365 0.0099 -4.32978e-17 -0.707107 0.707107 -4.32978e-17
0.033 0.033 0.033 -0.0033 0.0365 0.0099 -0.415627 -0.572061 0.572061 -0.415627
0.033 0.033 0.033 -0.0033 0.0365 0.0099 0.672499 0.218508 -0.218508 0.672499
0.033 0.033 0.033 -0.0033 0.0365 0.0099 0.672499 -0.218508 0.218508 0.672499
0.033 0.033 0.033 -0.0033 0.0365 0.0099 0.415627 -0.572061 0.572061 0.415627
0.033 0.033 0.033 -0.0033 -0.0365 0.0099 4.32978e-17 0.707107 0.707107 -4.32978e-17
0.033 0.033 0.033 -0.0033 -0.0365 0.0099 0.415627 0.572061 0.572061 -0.415627
0.033 0.033 0.033 -0.0033 -0.0365 0.0099 -0.672499 -0.218508 -0.218508 0.672499
0.033 0.033 0.033 -0.0033 -0.0365 0.0099 -0.672499 0.218508 0.218508 0.672499
0.033 0.033 0.033 -0.0033 -0.0365 0.0099 -0.415627 0.572061 0.572061 0.415627
0.033 0.033 0.033 -0.0033 0.0365 0.0165 -4.32978e-17 -0.707107 0.707107 -4.32978e-17
0.033 0.033 0.033 -0.0033 0.0365 0.0165 -0.415627 -0.572061 0.572061 -0.415627
0.033 0.033 0.033 -0.0033 0.0365 0.0165 0.672499 0.218508 -0.218508 0.672499
0.033 0.033 0.033 -0.0033 0.0365 0.0165 0.672499 -0.218508 0.218508 0.672499
0.033 0.033 0.033 -0.0033 0.0365 0.0165 0.415627 -0.572061 0.572061 0.415627
0.033 0.033 0.033 -0.0033 -0.0365 0.0165 4.32978e-17 0.707107 0.707107 -4.32978e-17
0.033 0.033 0.033 -0.0033 -0.0365 0.0165 0.415627 0.572061 0.572061 -0.415627
0.033 0.033 0.033 -0.0033 -0.0365 0.0165 -0.672499 -0.218508 -0.218508 0.672499
0.033 0.033 0.033 -0.0033 -0.0365 0.0165 -0.672499 0.218508 0.218508 0.672499
0.033 0.033 0.033 -0.0033 -0.0365 0.0165 -0.415627 0.572061 0.572061 0.415627
0.033 0.033 0.033 0.0033 0.0365 -0.0165 -4.32978e-17 -0.707107 0.707107 -4.32978e-17
0.033 0.033 0.033 0.0033 0.0365 -0.0165 -0.415627 -0.572061 0.572061 -0.415627
0.033 0.033 0.033 0.0033 0.0365 -0.0165 0.672499 0.218508 -0.218508 0.672499
0.033 0.033 0.033 0.0033 0.0365 -0.0165 0.672499 -0.218508 0.218508 0.672499
0.033 0.033 0.033 0.0033 0.0365 -0.0165 0.415627 -0.572061 0.572061 0.415627
0.033 0.033 0.033 0.0033 -0.0365 -0.0165 4.32978e-17 0.707107 0.707107 -4.32978e-17
0.033 0.033 0.033 0.0033 -0.0365 -0.0165 0.415627 0.572061 0.572061 -0.415627
0.033 0.033 0.033 0.0033 -0.0365 -0.0165 -0.672499 -0.218508 -0.218508 0.672499
0.033 0.033 0.033 0.0033 -0.0365 -0.0165 -0.672499 0.218508 0.218508 0.672499
0.033 0.033 0.033 0.0033 -0.0365 -0.0165 -0.415627 0.572061 0.572061 0.415627
0.033 0.033 0.033 0.0033 0.0365 -0.0099 -4.32978e-17 -0.707107 0.707107 -4.32978e-17
0.033 0.033 0.033 0.0033 0.0365 -0.0099 -0.415627 -0.572061 0.572061 -0.415627
0.033 0.033 0.033 0.0033 0.0365 -0.0099 0.672499 0.218508 -0.218508 0.672499
0.033 0.033 0.033 0.0033 0.0365 -0.0099 0.672499 -0.218508 0.218508 0.672499
0.033 0.033 0.033 0.0033 0.0365 -0.0099 0.415627 -0.572061 0.572061 0.415627
0.033 0.033 0.033 0.0033 -0.0365 -0.0099 4.32978e-17 0.707107 0.707107 -4.32978e-17
0.033 0.033 0.033 0.0033 -0.0365 -0.0099 0.415627 0.572061 0.572061 -0.415627
0.033 0.033 0.033 0.0033 -0.0365 -0.0099 -0.672499 -0.218508 -0.218508 0.672499
0.033 0.033 0.033 0.0033 -0.0365 -0.0099 -0.672499 0.218508 0.218508 0.672499
0.033 0.033 0.033 0.0033 -0.0365 -0.0099 -0.415627 0.572061 0.572061 0.415627
0.033 0.033 0.033 0.0033 0.0365 -0.0033 -4.32978e-17 -0.707107 0.707107 -4.32978e-17
0.033 0.033 0.033 0.0033 0.0365 -0.0033 -0.415627 -0.572061 0.572061 -0.415627
0.033 0.033 0.033 0.0033 0.0365 -0.0033 0.672499 0.218508 -0.218508 0.672499
0.033 0.033 0.033 0.0033 0.0365 -0.0033 0.672499 -0.218508 0.218508 0.672499
0.033 0.033 0.033 0.0033 0.0365 -0.0033 0.415627 -0.572061 0.572061 0.415627
0.033 0.033 0.033 0.0033 -0.0365 -0.0033 4.32978e-17 0.707107 0.707107 -4.32978e-17
0.033 0.033 0.033 0.0033 -0.0365 -0.0033 0.415627 0.572061 0.572061 -0.415627
0.033 0.033 0.033 0.0033 -0.0365 -0.0033 -0.672499 -0.218508 -0.218508 0.672499
0.033 0.033 0.033 0.0033 -0.0365 -0.0033 -0.672499 0.218508 0.218508 0.672499
0.033 0.033 0.033 0.0033 -0.0365 -0.0033 -0.415627 0.572061 0.572061 0.415627
0.033 0.033 0.033 0.0033 0.0365 0.0033 -4.32978e-17 -0.707107 0.707107 -4.32978e-17
0.033 0.033 0.033 0.0033 0.0365 0.0033 -0.415627 -0.572061 0.572061 -0.415627
0.033 0.033 0.033 0.0033 0.0365 0.0033 0.672499 0.218508 -0.218508 0.672499
0.033 0.033 0.033 0.0033 0.0365 0.0033 0.672499 -0.218508 0.218508 0.672499
0.033 0.033 0.033 0.0033 0.0365 0.0033 0.415627 -0.572061 0.572061 0.415627
0.033 0.033 0.033 0.0033 -0.0365 0.0033 4.32978e-17 0.707107 0.707107 -4.32978e-17
0.033 0.033 0.033 0.0033 -0.0365 0.0033 0.415627 0.572061 0.572061 -0.415627
0.033 0.033 0.033 0.0033 -0.0365 0.0033 -0.672499 -0.218508 -0.218508 0.672499
0.033 0.033 0.033 0.0033 -0.0365 0.0033 -0.672499 0.218508 0.218508 0.672499
0.033 0.033 0.033 0.0033 -0.0365 0.0033 -0.415627 0.572061 0.572061 0.415627
0.033 0.033 0.033 0.0033 0.0365 0.0099 -4.32978e-17 -0.707107 0.707107 -4.32978e-17
0.033 0.033 0.033 0.0033 0.0365 0.0099 -0.415627 -0.572061 0.572061 -0.415627
0.033 0.033 0.033 0.0033 0.0365 0.0099 0.672499 0.218508 -0.218508 0.672499
0.033 0.033 0.033 0.0033 0.0365 0.0099 0.672499 -0.218508 0.218508 0.672499
0.033 0.033 0.033 0.0033 0.0365 0.0099 0.415627 -0.572061 0.572061 0.415627
0.033 0.033 0.033 0.0033 -0.0365 0.0099 4.32978e-17 0.707107 0.707107 -4.32978e-17
0.033 0.033 0.033 0.0033 -0.0365 0.0099 0.415627 0.572061 0.572061 -0.415627
0.033 0.033 0.033 0.0033 -0.0365 0.0099 -0.672499 -0.218508 -0.218508 0.672499
0.033 0.033 0.033 0.0033 -0.0365 0.0099 -0.672499 0.218508 0.218508 0.672499
0.033 0.033 0.033 0.0033 -0.0365 0.0099 -0.415627 0.572061 0.572061 0.415627
0.033 0.033 0.033 0.0033 0.0365 0.0165 -4.32978e-17 -0.707107 0.707107 -4.32978e-17
0.033 0.033 0.033 0.0033 0.0365 0.0165 -0.415627 -0.572061 0.572061 -0.415627
0.033 0.033 0.033 0.0033 0.0365 0.0165 0.672499 0.218508 -0.218508 0.672499
0.033 0.033 0.033 0.0033 0.0365 0.0165 0.672499 -0.218508 0.218508 0.672499
0.033 0.033 0.033 0.0033 0.0365 0.0165 0.415627 -0.572061 0.572061 0.415627
0.033 0.033 0.033 0.0033 -0.0365 0.0165 4.32978e-17 0.707107 0.707107 -4.32978e-17
0.033 0.033 0.033 0.0033 -0.0365 0.0165 0.415627 0.572061 0.572061 -0.415627
0.033 0.033 0.033 0.0033 -0.0365 0.0165 -0.672499 -0.218508 -0.218508 0.672499
0.033 0.033 0.033 0.0033 -0.0365 0.0165 -0.672499 0.218508 0.218508 0.672499
0.033 0.033 0.033 0.0033 -0.0365 0.0165 -0.415627 0.572061 0.572061 0.415627
0.033 0.033 0.033 0.0099 0.0365 -0.0165 -4.32978e-17 -0.707107 0.707107 -4.32978e-17
0.033 0.033 0.033 0.0099 0.0365 -0.0165 -0.415627 -0.572061 0.572061 -0.415627
0.033 0.033 0.033 0.0099 0.0365 -0.0165 0.672499 0.218508 -0.218508 0.672499
0.033 0.033 0.033 0.0099 0.0365 -0.0165 0.672499 -0.218508 0.218508 0.672499
0.033 0.033 0.033 0.0099 0.0365 -0.0165 0.415627 -0.572061 0.572061 0.415627
0.033 0.033 0.033 0.0099 -0.0365 -0.0165 4.32978e-17 0.707107 0.707107 -4.32978e-17
0.033 0.033 0.033 0.0099 -0.0365 -0.0165 0.415627 0.572061 0.572061 -0.415627
0.033 0.033 0.033 0.0099 -0.0365 -0.0165 -0.672499 -0.218508 -0.218508 0.672499
0.033 0.033 0.033 0.0099 -0.0365 -0.0165 -0.672499 0.218508 0.218508 0.672499
0.033 0.033 0.033 0.0099 -0.0365 -0.0165 -0.415627 0.572061 0.572061 0.415627
0.033 0.033 0.033 0.0099 0.0365 -0.0099 -4.32978e-17 -0.707107 0.707107 -4.32978e-17
0.033 0.033 0.033 0.0099 0.0365 -0.0099 -0.415627 -0.572061 0.572061 -0.415627
0.033 0.033 0.033 0.0099 0.0365 -0.0099 0.672499 0.218508 -0.218508 0.672499
0.033 0.033 0.033 0.0099 0.0365 -0.0099 0.672499 -0.218508 0.218508 0.672499
0.033 0.033 0.033 0.0099 0.0365 -0.0099 0.415627 -0.572061 0.572061 0.415627
0.033 0.033 0.033 0.0099 -0.0365 -0.0099 4.32978e-17 0.707107 0.707107 -4.32978e-17
0.033 0.033 0.033 0.0099 -0.0365 -0.0099 0.415627 0.572061 0.572061 -0.415627
0.033 0.033 0.033 0.0099 -0.0365 -0.0099 -0.672499 -0.218508 -0.218508 0.672499
0.033 0.033 0.033 0.0099 -0.0365 -0.0099 -0.672499 0.218508 0.218508 0.672499
0.033 0.033 0.033 0.0099 -0.0365 -0.0099 -0.415627 0.572061 0.572061 0.415627
0.033 0.033 0.033 0.0099 0.0365 -0.0033 -4.32978e-17 -0.707107 0.707107 -4.32978e-17
0.033 0.033 0.033 0.0099 0.0365 -0.0033 -0.415627 -0.572061 0.572061 -0.415627
0.033 0.033 0.033 0.0099 0.0365 -0.0033 0.672499 0.218508 -0.218508 0.672499
0.033 0.033 0.033 0.0099 0.0365 -0.0033 0.672499 -0.218508 0.218508 0.672499
0.033 0.033 0.033 0.0099 0.0365 -0.0033 0.415627 -0.572061 0.572061 0.415627
0.033 0.033 0.033 0.0099 -0.0365 -0.0033 4.32978e-17 0.707107 0.707107 -4.32978e-17
0.033 0.033 0.033 0.0099 -0.0365 -0.0033 0.415627 0.572061 0.572061 -0.415627
0.033 0.033 0.033 0.0099 -0.0365 -0.0033 -0.672499 -0.218508 -0.218508 0.672499
0.033 0.033 0.033 0.0099 -0.0365 -0.0033 -0.672499 0.218508 0.218508 0.672499
0.033 0.033 0.033 0.0099 -0.0365 -0.0033 -0.415627 0.572061 0.572061 0.415627
0.033 0.033 0.033 0.0099 0.0365 0.0033 -4.32978e-17 -0.707107 0.707107 -4.32978e-17
0.033 0.033 0.033 0.0099 0.0365 0.0033 -0.415627 -0.572061 0.572061 -0.415627
0.033 0.033 0.033 0.0099 0.0365 0.0033 0.672499 0.218508 -0.218508 0.672499
0.033 0.033 0.033 0.0099 0.0365 0.0033 0.672499 -0.218508 0.218508 0.672499
0.033 0.033 0.033 0.0099 0.0365 0.0033 0.415627 -0.572061 0.572061 0.415627
0.033 0.033 0.033 0.0099 -0.0365 0.0033 4.32978e-17 0.707107 0.707107 -4.32978e-17
0.033 0.033 0.033 0.0099 -0.0365 0.0033 0.415627 0.572061 0.572061 -0.415627
0.033 0.033 0.033 0.0099 -0.0365 0.0033 -0.672499 -0.218508 -0.218508 0.672499
0.033 0.033 0.033 0.0099 -0.0365 0.0033 -0.672499 0.218508 0.218508 0.672499
0.033 0.033 0.033 0.0099 -0.0365 0.0033 -0.415627 0.572061 0.572061 0.415627
0.033 0.033 0.033 0.0099 0.0365 0.0099 -4.32978e-17 -0.707107 0.707107 -4.32978e-17
0.033 0.033 0.033 0.0099 0.0365 0.0099 -0.415627 -0.572061 0.572061 -0.415627
0.033 0.033 0.033 0.0099 0.0365 0.0099 0.672499 0.218508 -0.218508 0.672499
0.033 0.033 0.033 0.0099 0.0365 0.0099 0.672499 -0.218508 0.218508 0.672499
0.033 0.033 0.033 0.0099 0.0365 0.0099 0.415627 -0.572061 0.572061 0.415627
0.033 0.033 0.033 0.0099 -0.0365 0.0099 4.32978e-17 0.707107 0.707107 -4.32978e-17
0.033 0.033 0.033 0.0099 -0.0365 0.0099 0.415627 0.572061 0.572061 -0.415627
0.033 0.033 0.033 0.0099 -0.0365 0.0099 -0.672499 -0.218508 -0.218508 0.672499
0.033 0.033 0.033 0.0099 -0.0365 0.0099 -0.672499 0.218508 0.218508 0.672499
0.033 0.033 0.033 0.0099 -0.0365 0.0099 -0.415627 0.572061 0.572061 0.415627
0.033 0.033 0.033 0.0099 0.0365 0.0165 -4.32978e-17 -0.707107 0.707107 -4.32978e-17
0.033 0.033 0.033 0.0099 0.0365 0.0165 -0.415627 -0.572061 0.572061 -0.415627
0.033 0.033 0.033 0.0099 0.0365 0.0165 0.672499 0.218508 -0.218508 0.672499
0.033 0.033 0.033 0.0099 0.0365 0.0165 0.672499 -0.218508 0.218508 0.672499
0.033 0.033 0.033 0.0099 0.0365 0.0165 0.415627 -0.572061 0.572061 0.415627
0.033 0.033 0.033 0.0099 -0.0365 0.0165 4.32978e-17 0.707107 0.707107 -4.32978e-17
0.033 0.033 0.033 0.0099 -0.0365 0.0165 0.415627 0.572061 0.572061 -0.415627
0.033 0.033 0.033 0.0099 -0.0365 0.0165 -0.672499 -0.218508 -0.218508 0.672499
0.033 0.033 0.033 0.0099 -0.0365 0.0165 -0.672499 0.218508 0.218508 0.672499
0.033 0.033 0.033 0.0099 -0.0365 0.0165 -0.415627 0.572061 0.572061 0.415627
0.033 0.033 0.033 0.0165 0.0365 -0.0165 -4.32978e-17 -0.707107 0.707107 -4.32978e-17
0.033 0.033 0.033 0.0165 0.0365 -0.0165 -0.415627 -0.572061 0.572061 -0.415627
0.033 0.033 0.033 0.0165 0.0365 -0.0165 0.672499 0.218508 -0.218508 0.672499
0.033 0.033 0.033 0.0165 0.0365 -0.0165 0.672499 -0.218508 0.218508 0.672499
0.033 0.033 0.033 0.0165 0.0365 -0.0165 0.415627 -0.572061 0.572061 0.415627
0.033 0.033 0.033 0.0165 -0.0365 -0.0165 4.32978e-17 0.707107 0.707107 -4.32978e-17
0.033 0.033 0.033 0.0165 -0.0365 -0.0165 0.415627 0.572061 0.572061 -0.415627
0.033 0.033 0.033 0.0165 -0.0365 -0.0165 -0.672499 -0.218508 -0.218508 0.672499
0.033 0.033 0.033 0.0165 -0.0365 -0.0165 -0.672499 0.218508 0.218508 0.672499
0.033 0.033 0.033 0.0165 -0.0365 -0.0165 -0.415627 0.572061 0.572061 0.415627
0.033 0.033 0.033 0.0165 0.0365 -0.0099 -4.32978e-17 -0.707107 0.707107 -4.32978e-17
0.033 0.033 0.033 0.0165 0.0365 -0.0099 -0.415627 -0.572061 0.572061 -0.415627
0.033 0.033 0.033 0.0165 0.0365 -0.0099 0.672499 0.218508 -0.218508 0.672499
0.033 0.033 0.033 0.0165 0.0365 -0.0099 0.672499 -0.218508 0.218508 0.672499
0.033 0.033 0.033 0.0165 0.0365 -0.0099 0.415627 -0.572061 0.572061 0.415627
0.033 0.033 0.033 0.0165 -0.0365 -0.0099 4.32978e-17 0.707107 0.707107 -4.32978e-17
0.033 0.033 0.033 0.0165 -0.0365 -0.0099 0.415627 0.572061 0.572061 -0.415627
0.033 0.033 0.033 0.0165 -0.0365 -0.0099 -0.672499 -0.218508 -0.218508 0.672499
0.033 0.033 0.033 0.0165 -0.0365 -0.0099 -0.672499 0.218508 0.218508 0.672499
0.033 0.033 0.033 0.0165 -0.0365 -0.0099 -0.415627 0.572061 0.572061 0.415627
0.033 0.033 0.033 0.0165 0.0365 -0.0033 -4.32978e-17 -0.707107 0.707107 -4.32978e-17
0.033 0.033 0.033 0.0165 0.0365 -0.0033 -0.415627 -0.572061 0.572061 -0.415627
0.033 0.033 0.033 0.0165 0.0365 -0.0033 0.672499 0.218508 -0.218508 0.672499
0.033 0.033 0.033 0.0165 0.0365 -0.0033 0.672499 -0.218508 0.218508 0.672499
0.033 0.033 0.033 0.0165 0.0365 -0.0033 0.415627 -0.572061 0.572061 0.415627
0.033 0.033 0.033 0.0165 -0.0365 -0.0033 4.32978e-17 0.707107 0.707107 -4.32978e-17
0.033 0.033 0.033 0.0165 -0.0365 -0.0033 0.415627 0.572061 0.572061 -0.415627
0.033 0.033 0.033 0.0165 -0.0365 -0.0033 -0.672499 -0.218508 -0.218508 0.672499
0.033 0.033 0.033 0.0165 -0.0365 -0.0033 -0.672499 0.218508 0.218508 0.672499
0.033 0.033 0.033 0.0165 -0.0365 -0.0033 -0.415627 0.572061 0.572061 0.415627
0.033 0.033 0.033 0.0165 0.0365 0.0033 -4.32978e-17 -0.707107 0.707107 -4.32978e-17
0.033 0.033 0.033 0.0165 0.0365 0.0033 -0.415627 -0.572061 0.572061 -0.415627
0.033 0.033 0.033 0.0165 0.0365 0.0033 0.672499 0.218508 -0.218508 0.672499
0.033 0.033 0.033 0.0165 0.0365 0.0033 0.672499 -0.218508 0.218508 0.672499
0.033 0.033 0.033 0.0165 0.0365 0.0033 0.415627 -0.572061 0.572061 0.415627
0.033 0.033 0.033 0.0165 -0.0365 0.0033 4.32978e-17 0.707107 0.707107 -4.32978e-17
0.033 0.033 0.033 0.0165 -0.0365 0.0033 0.415627 0.572061 0.572061 -0.415627
0.033 0.033 0.033 0.0165 -0.0365 0.0033 -0.672499 -0.218508 -0.218508 0.672499
0.033 0.033 0.033 0.0165 -0.0365 0.0033 -0.672499 0.218508 0.218508 0.672499
0.033 0.033 0.033 0.0165 -0.0365 0.0033 -0.415627 0.572061 0.572061 0.415627
0.033 0.033 0.033 0.0165 0.0365 0.0099 -4.32978e-17 -0.707107 0.707107 -4.32978e-17
0.033 0.033 0.033 0.0165 0.0365 0.0099 -0.415627 -0.572061 0.572061 -0.415627
0.033 0.033 0.033 0.0165 0.0365 0.0099 0.672499 0.218508 -0.218508 0.672499
0.033 0.033 0.033 0.0165 0.0365 0.0099 0.672499 -0.218508 0.218508 0.672499
0.033 0.033 0.033 0.0165 0.0365 0.0099 0.415627 -0.572061 0.572061 0.415627
0.033 0.033 0.033 0.0165 -0.0365 0.0099 4.32978e-17 0.707107 0.707107 -4.32978e-17
0.033 0.033 0.033 0.0165 -0.0365 0.0099 0.415627 0.572061 0.572061 -0.415627
0.033 0.033 0.033 0.0165 -0.0365 0.0099 -0.672499 -0.218508 -0.218508 0.672499
0.033 0.033 0.033 0.0165 -0.0365 0.0099 -0.672499 0.218508 0.218508 0.672499
0.033 0.033 0.033 0.0165 -0.0365 0.0099 -0.415627 0.572061 0.572061 0.415627
0.033 0.033 0.033 0.0165 0.0365 0.0165 -4.32978e-17 -0.707107 0.707107 -4.32978e-17
0.033 0.033 0.033 0.0165 0.0365 0.0165 -0.415627 -0.572061 0.572061 -0.415627
0.033 0.033 0.033 0.0165 0.0365 0.0165 0.672499 0.218508 -0.218508 0.672499
0.033 0.033 0.033 0.0165 0.0365 0.0165 0.672499 -0.218508 0.218508 0.672499
0.033 0.033 0.033 0.0165 0.0365 0.0165 0.415627 -0.572061 0.572061 0.415627
0.033 0.033 0.033 0.0165 -0.0365 0.0165 4.32978e-17 0.707107 0.707107 -4.32978e-17
0.033 0.033 0.033 0.0165 -0.0365 0.0165 0.415627 0.572061 0.572061 -0.415627
0.033 0.033 0.033 0.0165 -0.0365 0.0165 -0.672499 -0.218508 -0.218508 0.672499
0.033 0.033 0.033 0.0165 -0.0365 0.0165 -0.672499 0.218508 0.218508 0.672499
0.033 0.033 0.033 0.0165 -0.0365 0.0165 -0.415627 0.572061 0.572061 0.415627
0.033 0.033 0.033 -0.0165 -0.0165 0.0365 6.12323e-17 1 -6.12323e-17 3.7494e-33
0.033 0.033 0.033 -0.0165 -0.0165 0.0365 0.587785 0.809017 -4.9538e-17 3.59915e-17
0.033 0.033 0.033 -0.0165 -0.0165 0.0365 0.951057 0.309017 -1.89218e-17 5.82354e-17
0.033 0.033 0.033 -0.0165 -0.0165 0.0365 0.951057 -0.309017 1.89218e-17 5.82354e-17
0.033 0.033 0.033 -0.0165 -0.0165 0.0365 -0.587785 0.809017 -4.9538e-17 -3.59915e-17
0.033 0.033 0.033 -0.0165 -0.0165 -0.0365 0 0 1 -6.12323e-17
0.033 0.033 0.033 -0.0165 -0.0165 -0.0365 0 0 -0.809017 0.587785
0.033 0.033 0.033 -0.0165 -0.0165 -0.0365 0 0 -0.309017 0.951057
0.033 0.033 0.033 -0.0165 -0.0165 -0.0365 0 0 0.309017 0.951057
0.033 0.033 0.033 -0.0165 -0.0165 -0.0365 0 0 0.809017 0.587785
0.033 0.033 0.033 -0.0165 -0.0099 0.0365 6.12323e-17 1 -6.12323e-17 3.7494e-33
0.033 0.033 0.033 -0.0165 -0.0099 0.0365 0.587785 0.809017 -4.9538e-17 3.59915e-17
0.033 0.033 0.033 -0.0165 -0.0099 0.0365 0.951057 0.309017 -1.89218e-17 5.82354e-17
0.033 0.033 0.033 -0.0165 -0.0099 0.0365 0.951057 -0.309017 1.89218e-17 5.82354e-17
0.033 0.033 0.033 -0.0165 -0.0099 0.0365 -0.587785 0.809017 -4.9538e-17 -3.59915e-17
0.033 0.033 0.033 -0.0165 -0.0099 -0.0365 0 0 1 -6.12323e-17
0.033 0.033 0.033 -0.0165 -0.0099 -0.0365 0 0 -0.809017 0.587785
0.033 0.033 0.033 -0.0165 -0.0099 -0.0365 0 0 -0.309017 0.951057
0.033 0.033 0.033 -0.0165 -0.0099 -0.0365 0 0 0.309017 0.951057
0.033 0.033 0.033 -0.0165 -0.0099 -0.0365 0 0 0.809017 0.587785
0.033 0.033 0.033 -0.0165 -0.0033 0.0365 6.12323e-17 1 -6.12323e-17 3.7494e-33
0.033 0.033 0.033 -0.0165 -0.0033 0.0365 0.587785 0.809017 -4.9538e-17 3.59915e-17
0.033 0.033 0.033 -0.0165 -0.0033 0.0365 0.951057 0.309017 -1.89218e-17 5.82354e-17
0.033 0.033 0.033 -0.0165 -0.0033 0.0365 0.951057 -0.309017 1.89218e-17 5.82354e-17
0.033 0.033 0.033 -0.0165 -0.0033 0.0365 -0.587785 0.809017 -4.9538e-17 -3.59915e-17
0.033 0.033 0.033 -0.0165 -0.0033 -0.0365 0 0 1 -6.12323e-17
0.033 0.033 0.033 -0.0165 -0.0033 -0.0365 0 0 -0.809017 0.587785
0.033 0.033 0.033 -0.0165 -0.0033 -0.0365 0 0 -0.309017 0.951057
0.033 0.033 0.033 -0.0165 -0.0033 -0.0365 0 0 0.309017 0.951057
0.033 0.033 0.033 -0.0165 -0.0033 -0.0365 0 0 0.809017 0.587785
0.033 0.033 0.033 -0.0165 0.0033 0.0365 6.12323e-17 1 -6.12323e-17 3.7494e-33
0.033 0.033 0.033 -0.0165 0.0033 0.0365 0.587785 0.809017 -4.9538e-17 3.59915e-17
0.033 0.033 0.033 -0.0165 0.0033 0.0365 0.951057 0.309017 -1.89218e-17 5.82354e-17
0.033 0.033 0.033 -0.0165 0.0033 0.0365 0.951057 -0.309017 1.89218e-17 5.82354e-17
0.033 0.033 0.033 -0.0165 0.0033 0.0365 -0.587785 0.809017 -4.9538e-17 -3.59915e-17
0.033 0.033 0.033 -0.0165 0.0033 -0.0365 0 0 1 -6.12323e-17
0.033 0.033 0.033 -0.0165 0.0033 -0.0365 0 0 -0.809017 0.587785
0.033 0.033 0.033 -0.0165 0.0033 -0.0365 0 0 -0.309017 0.951057
0.033 0.033 0.033 -0.0165 0.0033 -0.0365 0 0 0.309017 0.951057
0.033 0.033 0.033 -0.0165 0.0033 -0.0365 0 0 0.809017 0.587785
0.033 0.033 0.033 -0.0165 0.0099 0.0365 6.12323e-17 1 -6.12323e-17 3.7494e-33
0.033 0.033 0.033 -0.0165 0.0099 0.0365 0.587785 0.809017 -4.9538e-17 3.59915e-17
0.033 0.033 0.033 -0.0165 0.0099 0.0365 0.951057 0.309017 -1.89218e-17 5.82354e-17
0.033 0.033 0.033 -0.0165 0.0099 0.0365 0.951057 -0.309017 1.89218e-17 5.82354e-17
0.033 0.033 0.033 -0.0165 0.0099 0.0365 -0.587785 0.809017 -4.9538e-17 -3.59915e-17
0.033 0.033 0.033 -0.0165 0.0099 -0.0365 0 0 1 -6.12323e-17
0.033 0.033 0.033 -0.0165 0.0099 -0.0365 0 0 -0.809017 0.587785
0.033 0.033 0.033 -0.0165 0.0099 -0.0365 0 0 -0.309017 0.951057
0.033 0.033 0.033 -0.0165 0.0099 -0.0365 0 0 0.309017 0.951057
0.033 0.033 0.033 -0.0165 0.0099 -0.0365 0 0 0.809017 0.587785
0.033 0.033 0.033 -0.0165 0.0165 0.0365 6.12323e-17 1 -6.12323e-17 3.7494e-33
0.033 0.033 0.033 -0.0165 0.0165 0.0365 0.587785 0.809017 -4.9538e-17 3.59915e-17
0.033 0.033 0.033 -0.0165 0.0165 0.0365 0.951057 0.309017 -1.89218e-17 5.82354e-17
0.033 0.033 0.033 -0.0165 0.0165 0.0365 0.951057 -0.309017 1.89218e-17 5.82354e-17
0.033 0.033 0.033 -0.0165 0.0165 0.0365 -0.587785 0.809017 -4.9538e-17 -3.59915e-17
0.033 0.033 0.033 -0.0165 0.0165 -0.0365 0 0 1 -6.12323e-17
0.033 0.033 0.033 -0.0165 0.0165 -0.0365 0 0 -0.809017 0.587785
0.033 0.033 0.033 -0.0165 0.0165 -0.0365 0 0 -0.309017 0.951057
0.033 0.033 0.033 -0.0165 0.0165 -0.0365 0 0 0.309017 0.951057
0.033 0.033 0.033 -0.0165 0.0165 -0.0365 0 0 0.809017 0.587785
0.033 0.033 0.033 -0.0099 -0.0165 0.0365 6.12323e-17 1 -6.12323e-17 3.7494e-33
0.033 0.033 0.033 -0.0099 -0.0165 0.0365 0.587785 0.809017 -4.9538e-17 3.59915e-17
0.033 0.033 0.033 -0.0099 -0.0165 0.0365 0.951057 0.309017 -1.89218e-17 5.82354e-17
0.033 0.033 0.033 -0.0099 -0.0165 0.0365 0.951057 -0.309017 1.89218e-17 5.82354e-17
0.033 0.033 0.033 -0.0099 -0.0165 0.0365 -0.587785 0.809017 -4.9538e-17 -3.59915e-17
0.033 0.033 0.033 -0.0099 -0.0165 -0.0365 0 0 1 -6.12323e-17
0.033 0.033 0.033 -0.0099 -0.0165 -0.0365 0 0 -0.809017 0.587785
0.033 0.033 0.033 -0.0099 -0.0165 -0.0365 0 0 -0.309017 0.951057
0.033 0.033 0.033 -0.0099 -0.0165 -0.0365 0 0 0.309017 0.951057
0.033 0.033 0.033 -0.0099 -0.0165 -0.0365 0 0 0.809017 0.587785
0.033 0.033 0.033 -0.0099 -0.0099 0.0365 6.12323e-17 1 -6.12323e-17 3.7494e-33
0.033 0.033 0.033 -0.0099 -0.0099 0.0365 0.587785 0.809017 -4.9538e-17 3.59915e-17
0.033 0.033 0.033 -0.0099 -0.0099 0.0365 0.951057 0.309017 -1.89218e-17 5.82354e-17
0.033 0.033 0.033 -0.0099 -0.0099 0.0365 0.951057 -0.309017 1.89218e-17 5.82354e-17
0.033 0.033 0.033 -0.0099 -0.0099 0.0365 -0.587785 0.809017 -4.9538e-17 -3.59915e-17
0.033 0.033 0.033 -0.0099 -0.0099 -0.0365 0 0 1 -6.12323e-17
0.033 0.033 0.033 -0.0099 -0.0099 -0.0365 0 0 -0.809017 0.587785
0.033 0.033 0.033 -0.0099 -0.0099 -0.0365 0 0 -0.309017 0.951057
0.033 0.033 0.033 -0.0099 -0.0099 -0.0365 0 0 0.309017 0.951057
0.033 0.033 0.033 -0.0099 -0.0099 -0.0365 0 0 0.809017 0.587785
0.033 0.033 0.033 -0.0099 -0.0033 0.0365 6.12323e-17 1 -6.12323e-17 3.7494e-33
0.033 0.033 0.033 -0.0099 -0.0033 0.0365 0.587785 0.809017 -4.9538e-17 3.59915e-17
0.033 0.033 0.033 -0.0099 -0.0033 0.0365 0.951057 0.309017 -1.89218e-17 5.82354e-17
0.033 0.033 0.033 -0.0099 -0.0033 0.0365 0.951057 -0.309017 1.89218e-17 5.82354e-17
0.033 0.033 0.033 -0.0099 -0.0033 0.0365 -0.587785 0.809017 -4.9538e-17 -3.59915e-17
0.033 0.033 0.033 -0.0099 -0.0033 -0.0365 0 0 1 -6.12323e-17
0.033 0.033 0.033 -0.0099 -0.0033 -0.0365 0 0 -0.809017 0.587785
0.033 0.033 0.033 -0.0099 -0.0033 -0.0365 0 0 -0.309017 0.951057
0.033 0.033 0.033 -0.0099 -0.0033 -0.0365 0 0 0.309017 0.951057
0.033 0.033 0.033 -0.0099 -0.0033 -0.0365 0 0 0.809017 0.587785
0.033 0.033 0.033 -0.0099 0.0033 0.0365 6.12323e-17 1 -6.12323e-17 3.7494e-33
0.033 0.033 0.033 -0.0099 0.0033 0.0365 0.587785 0.809017 -4.9538e-17 3.59915e-17
0.033 0.033 0.033 -0.0099 0.0033 0.0365 0.951057 0.309017 -1.89218e-17 5.82354e-17
0.033 0.033 0.033 -0.0099 0.0033 0.0365 0.951057 -0.309017 1.89218e-17 5.82354e-17
0.033 0.033 0.033 -0.0099 0.0033 0.0365 -0.587785 0.809017 -4.9538e-17 -3.59915e-17
0.033 0.033 0.033 -0.0099 0.0033 -0.0365 0 0 1 -6.12323e-17
0.033 0.033 0.033 -0.0099 0.0033 -0.0365 0 0 -0.809017 0.587785
0.033 0.033 0.033 -0.0099 0.0033 -0.0365 0 0 -0.309017 0.951057
0.033 0.033 0.033 -0.0099 0.0033 -0.0365 0 0 0.309017 0.951057
0.033 0.033 0.033 -0.0099 0.0033 -0.0365 0 0 0.809017 0.587785
0.033 0.033 0.033 -0.0099 0.0099 0.0365 6.12323e-17 1 -6.12323e-17 3.7494e-33
0.033 0.033 0.033 -0.0099 0.0099 0.0365 0.587785 0.809017 -4.9538e-17 3.59915e-17
0.033 0.033 0.033 -0.0099 0.0099 0.0365 0.951057 0.309017 -1.89218e-17 5.82354e-17
0.033 0.033 0.033 -0.0099 0.0099 0.0365 0.951057 -0.309017 1.89218e-17 5.82354e-17
0.033 0.033 0.033 -0.0099 0.0099 0.0365 -0.587785 0.809017 -4.9538e-17 -3.59915e-17
0.033 0.033 0.033 -0.0099 0.0099 -0.0365 0 0 1 -6.12323e-17
0.033 0.033 0.033 -0.0099 0.0099 -0.0365 0 0 -0.809017 0.587785
0.033 0.033 0.033 -0.0099 0.0099 -0.0365 0 0 -0.309017 0.951057
0.033 0.033 0.033 -0.0099 0.0099 -0.0365 0 0 0.309017 0.951057
0.033 0.033 0.033 -0.0099 0.0099 -0.0365 0 0 0.809017 0.587785
0.033 0.033 0.033 -0.0099 0.0165 0.0365 6.12323e-17 1 -6.12323e-17 3.7494e-33
0.033 0.033 0.033 -0.0099 0.0165 0.0365 0.587785 0.809017 -4.9538e-17 3.59915e-17
0.033 0.033 0.033 -0.0099 0.0165 0.0365 0.951057 0.309017 -1.89218e-17 5.82354e-17
0.033 0.033 0.033 -0.0099 0.0165 0.0365 0.951057 -0.309017 1.89218e-17 5.82354e-17
0.033 0.033 0.033 -0.0099 0.0165 0.0365 -0.587785 0.809017 -4.9538e-17 -3.59915e-17
0.033 0.033 0.033 -0.0099 0.0165 -0.0365 0 0 1 -6.12323e-17
0.033 0.033 0.033 -0.0099 0.0165 -0.0365 0 0 -0.809017 0.587785
0.033 0.033 0.033 -0.0099 0.0165 -0.0365 0 0 -0.309017 0.951057
0.033 0.033 0.033 -0.0099 0.0165 -0.0365 0 0 0.309017 0.951057
0.033 0.033 0.033 -0.0099 0.0165 -0.0365 0 0 0.809017 0.587785
0.033 0.033 0.033 -0.0033 -0.0165 0.0365 6.12323e-17 1 -6.12323e-17 3.7494e-33
0.033 0.033 0.033 -0.0033 -0.0165 0.0365 0.587785 0.809017 -4.9538e-17 3.59915e-17
0.033 0.033 0.033 -0.0033 -0.0165 0.0365 0.951057 0.309017 -1.89218e-17 5.82354e-17
0.033 0.033 0.033 -0.0033 -0.0165 0.0365 0.951057 -0.309017 1.89218e-17 5.82354e-17
0.033 0.033 0.033 -0.0033 -0.0165 0.0365 -0.587785 0.809017 -4.9538e-17 -3.59915e-17
0.033 0.033 0.033 -0.0033 -0.0165 -0.0365 0 0 1 -6.12323e-17
0.033 0.033 0.033 -0.0033 -0.0165 -0.0365 0 0 -0.809017 0.587785
0.033 0.033 0.033 -0.0033 -0.0165 -0.0365 0 0 -0.309017 0.951057
0.033 0.033 0.033 -0.0033 -0.0165 -0.0365 0 0 0.309017 0.951057
0.033 0.033 0.033 -0.0033 -0.0165 -0.0365 0 0 0.809017 0.587785
0.033 0.033 0.033 -0.0033 -0.0099 0.0365 6.12323e-17 1 -6.12323e-17 3.7494e-33
0.033 0.033 0.033 -0.0033 -0.0099 0.0365 0.587785 0.809017 -4.9538e-17 3.59915e-17
0.033 0.033 0.033 -0.0033 -0.0099 0.0365 0.951057 0.309017 -1.89218e-17 5.82354e-17
0.033 0.033 0.033 -0.0033 -0.0099 0.0365 0.951057 -0.309017 1.89218e-17 5.82354e-17
0.033 0.033 0.033 -0.0033 -0.0099 0.0365 -0.587785 0.809017 -4.9538e-17 -3.59915e-17
0.033 0.033 0.033 -0.0033 -0.0099 -0.0365 0 0 1 -6.12323e-17
0.033 0.033 0.033 -0.0033 -0.0099 -0.0365 0 0 -0.809017 0.587785
0.033 0.033 0.033 -0.0033 -0.0099 -0.0365 0 0 -0.309017 0.951057
0.033 0.033 0.033 -0.0033 -0.0099 -0.0365 0 0 0.309017 0.951057
0.033 0.033 0.033 -0.0033 -0.0099 -0.0365 0 0 0.809017 0.587785
0.033 0.033 0.033 -0.0033 -0.0033 0.0365 6.12323e-17 1 -6.12323e-17 3.7494e-33
0.033 0.033 0.033 -0.0033 -0.0033 0.0365 0.587785 0.809017 -4.9538e-17 3.59915e-17
0.033 0.033 0.033 -0.0033 -0.0033 0.0365 0.951057 0.309017 -1.89218e-17 5.82354e-17
0.033 0.033 0.033 -0.0033 -0.0033 0.0365 0.951057 -0.309017 1.89218e-17 5.82354e-17
0.033 0.033 0.033 -0.0033 -0.0033 0.0365 -0.587785 0.809017 -4.9538e-17 -3.59915e-17
0.033 0.033 0.033 -0.0033 -0.0033 -0.0365 0 0 1 -6.12323e-17
0.033 0.033 0.033 -0.0033 -0.0033 -0.0365 0 0 -0.809017 0.587785
0.033 0.033 0.033 -0.0033 -0.0033 -0.0365 0 0 -0.309017 0.951057
0.033 0.033 0.033 -0.0033 -0.0033 -0.0365 0 0 0.309017 0.951057
0.033 0.033 0.033 -0.0033 -0.0033 -0.0365 0 0 0.809017 0.587785
0.033 0.033 0.033 -0.0033 0.0033 0.0365 6.12323e-17 1 -6.12323e-17 3.7494e-33
0.033 0.033 0.033 -0.0033 0.0033 0.0365 0.587785 0.809017 -4.9538e-17 3.59915e-17
0.033 0.033 0.033 -0.0033 0.0033 0.0365 0.951057 0.309017 -1.89218e-17 5.82354e-17
0.033 0.033 0.033 -0.0033 0.0033 0.0365 0.951057 -0.309017 1.89218e-17 5.82354e-17
0.033 0.033 0.033 -0.0033 0.0033 0.0365 -0.587785 0.809017 -4.9538e-17 -3.59915e-17
0.033 0.033 0.033 -0.0033 0.0033 -0.0365 0 0 1 -6.12323e-17
0.033 0.033 0.033 -0.0033 0.0033 -0.0365 0 0 -0.809017 0.587785
0.033 0.033 0.033 -0.0033 0.0033 -0.0365 0 0 -0.309017 0.951057
0.033 0.033 0.033 -0.0033 0.0033 -0.0365 0 0 0.309017 0.951057
0.033 0.033 0.033 -0.0033 0.0033 -0.0365 0 0 0.809017 0.587785
0.033 0.033 0.033 -0.0033 0.0099 0.0365 6.12323e-17 1 -6.12323e-17 3.7494e-33
0.033 0.033 0.033 -0.0033 0.0099 0.0365 0.587785 0.809017 -4.9538e-17 3.59915e-17
0.033 0.033 0.033 -0.0033 0.0099 0.0365 0.951057 0.309017 -1.89218e-17 5.82354e-17
0.033 0.033 0.033 -0.0033 0.0099 0.0365 0.951057 -0.309017 1.89218e-17 5.82354e-17
0.033 0.033 0.033 -0.0033 0.0099 0.0365 -0.587785 0.809017 -4.9538e-17 -3.59915e-17
0.033 0.033 0.033 -0.0033 0.0099 -0.0365 0 0 1 -6.12323e-17
0.033 0.033 0.033 -0.0033 0.0099 -0.0365 0 0 -0.809017 0.587785
0.033 0.033 0.033 -0.0033 0.0099 -0.0365 0 0 -0.309017 0.951057
0.033 0.033 0.033 -0.0033 0.0099 -0.0365 0 0 0.309017 0.951057
0.033 0.033 0.033 -0.0033 0.0099 -0.0365 0 0 0.809017 0.587785
0.033 0.033 0.033 -0.0033 0.0165 0.0365 6.12323e-17 1 -6.12323e-17 3.7494e-33
0.033 0.033 0.033 -0.0033 0.0165 0.0365 0.587785 0.809017 -4.9538e-17 3.59915e-17
0.033 0.033 0.033 -0.0033 0.0165 0.0365 0.951057 0.309017 -1.89218e-17 5.82354e-17
0.033 0.033 0.033 -0.0033 0.0165 0.0365 0.951057 -0.309017 1.89218e-17 5.82354e-17
0.033 0.033 0.033 -0.0033 0.0165 0.0365 -0.587785 0.809017 -4.9538e-17 -3.59915e-17
0.033 0.033 0.033 -0.0033 0.0165 -0.0365 0 0 1 -6.12323e-17
0.033 0.033 0.033 -0.0033 0.0165 -0.0365 0 0 -0.809017 0.587785
0.033 0.033 0.033 -0.0033 0.0165 -0.0365 0 0 -0.309017 0.951057
0.033 0.033 0.033 -0.0033 0.0165 -0.0365 0 0 0.309017 0.951057
0.033 0.033 0.033 -0.0033 0.0165 -0.0365 0 0 0.809017 0.587785
0.033 0.033 0.033 0.0033 -0.0165 0.0365 6.12323e-17 1 -6.12323e-17 3.7494e-33
0.033 0.033 0.033 0.0033 -0.0165 0.0365 0.587785 0.809017 -4.9538e-17 3.59915e-17
0.033 0.033 0.033 0.0033 -0.0165 0.0365 0.951057 0.309017 -1.89218e-17 5.82354e-17
0.033 0.033 0.033 0.0033 -0.0165 0.0365 0.951057 -0.309017 1.89218e-17 5.82354e-17
0.033 0.033 0.033 0.0033 -0.0165 0.0365 -0.587785 0.809017 -4.9538e-17 -3.59915e-17
0.033 0.033 0.033 0.0033 -0.0165 -0.0365 0 0 1 -6.12323e-17
0.033 0.033 0.033 0.0033 -0.0165 -0.0365 0 0 -0.809017 0.587785
0.033 0.033 0.033 0.0033 -0.0165 -0.0365 0 0 -0.309017 0.951057
0.033 0.033 0.033 0.0033 -0.0165 -0.0365 0 0 0.309017 0.951057
0.033 0.033 0.033 0.0033 -0.0165 -0.0365 0 0 0.809017 0.587785
0.033 0.033 0.033 0.0033 -0.0099 0.0365 6.12323e-17 1 -6.12323e-17 3.7494e-33
0.033 0.033 0.033 0.0033 -0.0099 0.0365 0.587785 0.809017 -4.9538e-17 3.59915e-17
0.033 0.033 0.033 0.0033 -0.0099 0.0365 0.951057 0.309017 -1.89218e-17 5.82354e-17
0.033 0.033 0.033 0.0033 -0.0099 0.0365 0.951057 -0.309017 1.89218e-17 5.82354e-17
0.033 0.033 0.033 0.0033 -0.0099 0.0365 -0.587785 0.809017 -4.9538e-17 -3.59915e-17
0.033 0.033 0.033 0.0033 -0.0099 -0.0365 0 0 1 -6.12323e-17
0.033 0.033 0.033 0.0033 -0.0099 -0.0365 0 0 -0.809017 0.587785
0.033 0.033 0.033 0.0033 -0.0099 -0.0365 0 0 -0.309017 0.951057
0.033 0.033 0.033 0.0033 -0.0099 -0.0365 0 0 0.309017 0.951057
0.033 0.033 0.033 0.0033 -0.0099 -0.0365 0 0 0.809017 0.587785
0.033 0.033 0.033 0.0033 -0.0033 0.0365 6.12323e-17 1 -6.12323e-17 3.7494e-33
0.033 0.033 0.033 0.0033 -0.0033 0.0365 0.587785 0.809017 -4.9538e-17 3.59915e-17
0.033 0.033 0.033 0.0033 -0.0033 0.0365 0.951057 0.309017 -1.89218e-17 5.82354e-17
0.033 0.033 0.033 0.0033 -0.0033 0.0365 0.951057 -0.309017 1.89218e-17 5.82354e-17
0.033 0.033 0.033 0.0033 -0.0033 0.0365 -0.587785 0.809017 -4.9538e-17 -3.59915e-17
0.033 0.033 0.033 0.0033 -0.0033 -0.0365 0 0 1 -6.12323e-17
0.033 0.033 0.033 0.0033 -0.0033 -0.0365 0 0 -0.809017 0.587785
0.033 0.033 0.033 0.0033 -0.0033 -0.0365 0 0 -0.309017 0.951057
0.033 0.033 0.033 0.0033 -0.0033 -0.0365 0 0 0.309017 0.951057
0.033 0.033 0.033 0.0033 -0.0033 -0.0365 0 0 0.809017 0.587785
0.033 0.033 0.033 0.0033 0.0033 0.0365 6.12323e-17 1 -6.12323e-17 3.7494e-33
0.033 0.033 0.033 0.0033 0.0033 0.0365 0.587785 0.809017 -4.9538e-17 3.59915e-17
0.033 0.033 0.033 0.0033 0.0033 0.0365 0.951057 0.309017 -1.89218e-17 5.82354e-17
0.033 0.033 0.033 0.0033 0.0033 0.0365 0.951057 -0.309017 1.89218e-17 5.82354e-17
0.033 0.033 0.033 0.0033 0.0033 0.0365 -0.587785 0.809017 -4.9538e-17 -3.59915e-17
0.033 0.033 0.033 0.0033 0.0033 -0.0365 0 0 1 -6.12323e-17
0.033 0.033 0.033 0.0033 0.0033 -0.0365 0 0 -0.809017 0.587785
0.033 0.033 0.033 0.0033 0.0033 -0.0365 0 0 -0.309017 0.951057
0.033 0.033 0.033 0.0033 0.0033 -0.0365 0 0 0.309017 0.951057
0.033 0.033 0.033 0.0033 0.0033 -0.0365 0 0 0.809017 0.587785
0.033 0.033 0.033 0.0033 0.0099 0.0365 6.12323e-17 1 -6.12323e-17 3.7494e-33
0.033 0.033 0.033 0.0033 0.0099 0.0365 0.587785 0.809017 -4.9538e-17 3.59915e-17
0.033 0.033 0.033 0.0033 0.0099 0.0365 0.951057 0.309017 -1.89218e-17 5.82354e-17
0.033 0.033 0.033 0.0033 0.0099 0.0365 0.951057 -0.309017 1.89218e-17 5.82354e-17
0.033 0.033 0.033 0.0033 0.0099 0.0365 -0.587785 0.809017 -4.9538e-17 -3.59915e-17
0.033 0.033 0.033 0.0033 0.0099 -0.0365 0 0 1 -6.12323e-17
0.033 0.033 0.033 0.0033 0.0099 -0.0365 0 0 -0.809017 0.587785
0.033 0.033 0.033 0.0033 0.0099 -0.0365 0 0 -0.309017 0.951057
0.033 0.033 0.033 0.0033 0.0099 -0.0365 0 0 0.309017 0.951057
0.033 0.033 0.033 0.0033 0.0099 -0.0365 0 0 0.809017 0.587785
0.033 0.033 0.033 0.0033 0.0165 0.0365 6.12323e-17 1 -6.12323e-17 3.7494e-33
0.033 0.033 0.033 0.0033 0.0165 0.0365 0.587785 0.809017 -4.9538e-17 3.59915e-17
0.033 0.033 0.033 0.0033 0.0165 0.0365 0.951057 0.309017 -1.89218e-17 5.82354e-17
0.033 0.033 0.033 0.0033 0.0165 0.0365 0.951057 -0.309017 1.89218e-17 5.82354e-17
0.033 0.033 0.033 0.0033 0.0165 0.0365 -0.587785 0.809017 -4.9538e-17 -3.59915e-17
0.033 0.033 0.033 0.0033 0.0165 -0.0365 0 0 1 -6.12323e-17
0.033 0.033 0.033 0.0033 0.0165 -0.0365 0 0 -0.809017 0.587785
0.033 0.033 0.033 0.0033 0.0165 -0.0365 0 0 -0.309017 0.951057
0.033 0.033 0.033 0.0033 0.0165 -0.0365 0 0 0.309017 0.951057
0.033 0.033 0.033 0.0033 0.0165 -0.0365 0 0 0.809017 0.587785
0.033 0.033 0.033 0.0099 -0.0165 0.0365 6.12323e-17 1 -6.12323e-17 3.7494e-33
0.033 0.033 0.033 0.0099 -0.0165 0.0365 0.587785 0.809017 -4.9538e-17 3.59915e-17
0.033 0.033 0.033 0.0099 -0.0165 0.0365 0.951057 0.309017 -1.89218e-17 5.82354e-17
0.033 0.033 0.033 0.0099 -0.0165 0.0365 0.951057 -0.309017 1.89218e-17 5.82354e-17
0.033 0.033 0.033 0.0099 -0.0165 0.0365 -0.587785 0.809017 -4.9538e-17 -3.59915e-17
0.033 0.033 0.033 0.0099 -0.0165 -0.0365 0 0 1 -6.12323e-17
0.033 0.033 0.033 0.0099 -0.0165 -0.0365 0 0 -0.809017 0.587785
0.033 0.033 0.033 0.0099 -0.0165 -0.0365 0 0 -0.309017 0.951057
0.033 0.033 0.033 0.0099 -0.0165 -0.0365 0 0 0.309017 0.951057
0.033 0.033 0.033 0.0099 -0.0165 -0.0365 0 0 0.809017 0.587785
0.033 0.033 0.033 0.0099 -0.0099 0.0365 6.12323e-17 1 -6.12323e-17 3.7494e-33
0.033 0.033 0.033 0.0099 -0.0099 0.0365 0.587785 0.809017 -4.9538e-17 3.59915e-17
0.033 0.033 0.033 0.0099 -0.0099 0.0365 0.951057 0.309017 -1.89218e-17 5.82354e-17
0.033 0.033 0.033 0.0099 -0.0099 0.0365 0.951057 -0.309017 1.89218e-17 5.82354e-17
0.033 0.033 0.033 0.0099 -0.0099 0.0365 -0.587785 0.809017 -4.9538e-17 -3.59915e-17
0.033 0.033 0.033 0.0099 -0.0099 -0.0365 0 0 1 -6.12323e-17
0.033 0.033 0.033 0.0099 -0.0099 -0.0365 0 0 -0.809017 0.587785
0.033 0.033 0.033 0.0099 -0.0099 -0.0365 0 0 -0.309017 0.951057
0.033 0.033 0.033 0.0099 -0.0099 -0.0365 0 0 0.309017 0.951057
0.033 0.033 0.033 0.0099 -0.0099 -0.0365 0 0 0.809017 0.587785
0.033 0.033 0.033 0.0099 -0.0033 0.0365 6.12323e-17 1 -6.12323e-17 3.7494e-33
0.033 0.033 0.033 0.0099 -0.0033 0.0365 0.587785 0.809017 -4.9538e-17 3.59915e-17
0.033 0.033 0.033 0.0099 -0.0033 0.0365 0.951057 0.309017 -1.89218e-17 5.82354e-17
0.033 0.033 0.033 0.0099 -0.0033 0.0365 0.951057 -0.309017 1.89218e-17 5.82354e-17
0.033 0.033 0.033 0.0099 -0.0033 0.0365 -0.587785 0.809017 -4.9538e-17 -3.59915e-17
0.033 0.033 0.033 0.0099 -0.0033 -0.0365 0 0 1 -6.12323e-17
0.033 0.033 0.033 0.0099 -0.0033 -0.0365 0 0 -0.809017 0.587785
0.033 0.033 0.033 0.0099 -0.0033 -0.0365 0 0 -0.309017 0.951057
0.033 0.033 0.033 0.0099 -0.0033 -0.0365 0 0 0.309017 0.951057
0.033 0.033 0.033 0.0099 -0.0033 -0.0365 0 0 0.809017 0.587785
0.033 0.033 0.033 0.0099 0.0033 0.0365 6.12323e-17 1 -6.12323e-17 3.7494e-33
0.033 0.033 0.033 0.0099 0.0033 0.0365 0.587785 0.809017 -4.9538e-17 3.59915e-17
0.033 0.033 0.033 0.0099 0.0033 0.0365 0.951057 0.309017 -1.89218e-17 5.82354e-17
0.033 0.033 0.033 0.0099 0.0033 0.0365 0.951057 -0.309017 1.89218e-17 5.82354e-17
0.033 0.033 0.033 0.0099 0.0033 0.0365 -0.587785 0.809017 -4.9538e-17 -3.59915e-17
0.033 0.033 0.033 0.0099 0.0033 -0.0365 0 0 1 -6.12323e-17
0.033 0.033 0.033 0.0099 0.0033 -0.0365 0 0 -0.809017 0.587785
0.033 0.033 0.033 0.0099 0.0033 -0.0365 0 0 -0.309017 0.951057
0.033 0.033 0.033 0.0099 0.0033 -0.0365 0 0 0.309017 0.951057
0.033 0.033 0.033 0.0099 0.0033 -0.0365 0 0 0.809017 0.587785
0.033 0.033 0.033 0.0099 0.0099 0.0365 6.12323e-17 1 -6.12323e-17 3.7494e-33
0.033 0.033 0.033 0.0099 0.0099 0.0365 0.587785 0.809017 -4.9538e-17 3.59915e-17
0.033 0.033 0.033 0.0099 0.0099 0.0365 0.951057 0.309017 -1.89218e-17 5.82354e-17
0.033 0.033 0.033 0.0099 0.0099 0.0365 0.951057 -0.309017 1.89218e-17 5.82354e-17
0.033 0.033 0.033 0.0099 0.0099 0.0365 -0.587785 0.809017 -4.9538e-17 -3.59915e-17
0.033 0.033 0.033 0.0099 0.0099 -0.0365 0 0 1 -6.12323e-17
0.033 0.033 0.033 0.0099 0.0099 -0.0365 0 0 -0.809017 0.587785
0.033 0.033 0.033 0.0099 0.0099 -0.0365 0 0 -0.309017 0.951057
0.033 0.033 0.033 0.0099 0.0099 -0.0365 0 0 0.309017 0.951057
0.033 0.033 0.033 0.0099 0.0099 -0.0365 0 0 0.809017 0.587785
0.033 0.033 0.033 0.0099 0.0165 0.0365 6.12323e-17 1 -6.12323e-17 3.7494e-33
0.033 0.033 0.033 0.0099 0.0165 0.0365 0.587785 0.809017 -4.9538e-17 3.59915e-17
0.033 0.033 0.033 0.0099 0.0165 0.0365 0.951057 0.309017 -1.89218e-17 5.82354e-17
0.033 0.033 0.033 0.0099 0.0165 0.0365 0.951057 -0.309017 1.89218e-17 5.82354e-17
0.033 0.033 0.033 0.0099 0.0165 0.0365 -0.587785 0.809017 -4.9538e-17 -3.59915e-17
0.033 0.033 0.033 0.0099 0.0165 -0.0365 0 0 1 -6.12323e-17
0.033 0.033 0.033 0.0099 0.0165 -0.0365 0 0 -0.809017 0.587785
0.033 0.033 0.033 0.0099 0.0165 -0.0365 0 0 -0.309017 0.951057
0.033 0.033 0.033 0.0099 0.0165 -0.0365 0 0 0.309017 0.951057
0.033 0.033 0.033 0.0099 0.0165 -0.0365 0 0 0.809017 0.587785
0.033 0.033 0.033 0.0165 -0.0165 0.0365 6.12323e-17 1 -6.12323e-17 3.7494e-33
0.033 0.033 0.033 0.0165 -0.0165 0.0365 0.587785 0.809017 -4.9538e-17 3.59915e-17
0.033 0.033 0.033 0.0165 -0.0165 0.0365 0.951057 0.309017 -1.89218e-17 5.82354e-17
0.033 0.033 0.033 0.0165 -0.0165 0.0365 0.951057 -0.309017 1.89218e-17 5.82354e-17
0.033 0.033 0.033 0.0165 -0.0165 0.0365 -0.587785 0.809017 -4.9538e-17 -3.59915e-17
0.033 0.033 0.033 0.0165 -0.0165 -0.0365 0 0 1 -6.12323e-17
0.033 0.033 0.033 0.0165 -0.0165 -0.0365 0 0 -0.809017 0.587785
0.033 0.033 0.033 0.0165 -0.0165 -0.0365 0 0 -0.309017 0.951057
0.033 0.033 0.033 0.0165 -0.0165 -0.0365 0 0 0.309017 0.951057
0.033 0.033 0.033 0.0165 -0.0165 -0.0365 0 0 0.809017 0.587785
0.033 0.033 0.033 0.0165 -0.0099 0.0365 6.12323e-17 1 -6.12323e-17 3.7494e-33
0.033 0.033 0.033 0.0165 -0.0099 0.0365 0.587785 0.809017 -4.9538e-17 3.59915e-17
0.033 0.033 0.033 0.0165 -0.0099 0.0365 0.951057 0.309017 -1.89218e-17 5.82354e-17
0.033 0.033 0.033 0.0165 -0.0099 0.0365 0.951057 -0.309017 1.89218e-17 5.82354e-17
0.033 0.033 0.033 0.0165 -0.0099 0.0365 -0.587785 0.809017 -4.9538e-17 -3.59915e-17
0.033 0.033 0.033 0.0165 -0.0099 -0.0365 0 0 1 -6.12323e-17
0.033 0.033 0.033 0.0165 -0.0099 -0.0365 0 0 -0.809017 0.587785
0.033 0.033 0.033 0.0165 -0.0099 -0.0365 0 0 -0.309017 0.951057
0.033 0.033 0.033 0.0165 -0.0099 -0.0365 0 0 0.309017 0.951057
0.033 0.033 0.033 0.0165 -0.0099 -0.0365 0 0 0.809017 0.587785
0.033 0.033 0.033 0.0165 -0.0033 0.0365 6.12323e-17 1 -6.12323e-17 3.7494e-33
0.033 0.033 0.033 0.0165 -0.0033 0.0365 0.587785 0.809017 -4.9538e-17 3.59915e-17
0.033 0.033 0.033 0.0165 -0.0033 0.0365 0.951057 0.309017 -1.89218e-17 5.82354e-17
0.033 0.033 0.033 0.0165 -0.0033 0.0365 0.951057 -0.309017 1.89218e-17 5.82354e-17
0.033 0.033 0.033 0.0165 -0.0033 0.0365 -0.587785 0.809017 -4.9538e-17 -3.59915e-17
0.033 0.033 0.033 0.0165 -0.0033 -0.0365 0 0 1 -6.12323e-17
0.033 0.033 0.033 0.0165 -0.0033 -0.0365 0 0 -0.809017 0.587785
0.033 0.033 0.033 0.0165 -0.0033 -0.0365 0 0 -0.309017 0.951057
0.033 0.033 0.033 0.0165 -0.0033 -0.0365 0 0 0.309017 0.951057
0.033 0.033 0.033 0.0165 -0.0033 -0.0365 0 0 0.809017 0.587785
0.033 0.033 0.033 0.0165 0.0033 0.0365 6.12323e-17 1 -6.12323e-17 3.7494e-33
0.033 0.033 0.033 0.0165 0.0033 0.0365 0.587785 0.809017 -4.9538e-17 3.59915e-17
0.033 0.033 0.033 0.0165 0.0033 0.0365 0.951057 0.309017 -1.89218e-17 5.82354e-17
0.033 0.033 0.033 0.0165 0.0033 0.0365 0.951057 -0.309017 1.89218e-17 5.82354e-17
0.033 0.033 0.033 0.0165 0.0033 0.0365 -0.587785 0.809017 -4.9538e-17 -3.59915e-17
0.033 0.033 0.033 0.0165 0.0033 -0.0365 0 0 1 -6.12323e-17
0.033 0.033 0.033 0.0165 0.0033 -0.0365 0 0 -0.809017 0.587785
0.033 0.033 0.033 0.0165 0.0033 -0.0365 0 0 -0.309017 0.951057
0.033 0.033 0.033 0.0165 0.0033 -0.0365 0 0 0.309017 0.951057
0.033 0.033 0.033 0.0165 0.0033 -0.0365 0 0 0.809017 0.587785
0.033 0.033 0.033 0.0165 0.0099 0.0365 6.12323e-17 1 -6.12323e-17 3.7494e-33
0.033 0.033 0.033 0.0165 0.0099 0.0365 0.587785 0.809017 -4.9538e-17 3.59915e-17
0.033 0.033 0.033 0.0165 0.0099 0.0365 0.951057 0.309017 -1.89218e-17 5.82354e-17
0.033 0.033 0.033 0.0165 0.0099 0.0365 0.951057 -0.309017 1.89218e-17 5.82354e-17
0.033 0.033 0.033 0.0165 0.0099 0.0365 -0.587785 0.809017 -4.9538e-17 -3.59915e-17
0.033 0.033 0.033 0.0165 0.0099 -0.0365 0 0 1 -6.12323e-17
0.033 0.033 0.033 0.0165 0.0099 -0.0365 0 0 -0.809017 0.587785
0.033 0.033 0.033 0.0165 0.0099 -0.0365 0 0 -0.309017 0.951057
0.033 0.033 0.033 0.0165 0.0099 -0.0365 0 0 0.309017 0.951057
0.033 0.033 0.033 0.0165 0.0099 -0.0365 0 0 0.809017 0.587785
0.033 0.033 0.033 0.0165 0.0165 0.0365 6.12323e-17 1 -6.12323e-17 3.7494e-33
0.033 0.033 0.033 0.0165 0.0165 0.0365 0.587785 0.809017 -4.9538e-17 3.59915e-17
0.033 0.033 0.033 0.0165 0.0165 0.0365 0.951057 0.309017 -1.89218e-17 5.82354e-17
0.033 0.033 0.033 0.0165 0.0165 0.0365 0.951057 -0.309017 1.89218e-17 5.82354e-17
0.033 0.033 0.033 0.0165 0.0165 0.0365 -0.587785 0.809017 -4.9538e-17 -3.59915e-17
0.033 0.033 0.033 0.0165 0.0165 -0.0365 0 0 1 -6.12323e-17
0.033 0.033 0.033 0.0165 0.0165 -0.0365 0 0 -0.809017 0.587785
0.033 0.033 0.033 0.0165 0.0165 -0.0365 0 0 -0.309017 0.951057
0.033 0.033 0.033 0.0165 0.0165 -0.0365 0 0 0.309017 0.951057
0.033 0.033 0.033 0.0165 0.0165 -0.0365 0 0 0.809017 0.587785
