0.011705 0.055 0.055 0.09 -0.0475 0.0055 0.045 -0.218508 0.672498 -0.218508 0.672499
0.011705 0.055 0.055 0.09 0.0475 -0.0055 0.045 -0.672498 -0.218508 0.672499 0.218508
0.011705 0.055 0.055 0.09 -0.0475 -0.0055 -0.045 0.672499 0.218508 0.672498 0.218508
0.011705 0.055 0.055 0.09 0.0475 0.0055 -0.045 0.218508 -0.672499 -0.218508 0.672498
0.02064 0.055 0.055 0.09 0.0055 -0.0475 0.045 -0.672499 0.218508 0.218508 0.672498
0.02064 0.055 0.055 0.09 -0.0055 0.0475 0.045 0.218508 0.672499 -0.672498 0.218508
0.02064 0.055 0.055 0.09 0.0055 0.0475 -0.045 0.672498 -0.218508 0.218508 0.672499
0.02064 0.055 0.055 0.09 -0.0055 -0.0475 -0.045 0.218508 0.672498 0.672499 -0.218508
0.0340077 0.055 0.055 0.09 -0.0275 -0.0055 0.065 0.587785 0.809017 -4.9538e-17 3.59915e-17
0.0340077 0.055 0.055 0.09 0.0275 0.0055 0.065 0.809017 -0.587785 -3.59915e-17 -4.9538e-17
0.0340077 0.055 0.055 0.09 -0.0275 0.0055 -0.065 -7.19829e-17 -9.9076e-17 -0.809017 0.587785
0.0340077 0.055 0.055 0.09 0.0275 -0.0055 -0.065 1.35465e-17 -8.55295e-17 0.587785 0.809017
0.0555107 0.055 0.055 0.09 -0.0275 -0.0055 0.065 0.951057 0.309017 3.78436e-17 5.82354e-17
0.0555107 0.055 0.055 0.09 0.0275 0.0055 0.065 -0.309017 0.951057 5.82354e-17 -3.78436e-17
0.0555107 0.055 0.055 0.09 -0.0275 0.0055 -0.065 -1.16471e-16 1.89218e-17 -0.309017 0.951057
0.0555107 0.055 0.055 0.09 0.0275 -0.0055 -0.065 -9.60791e-17 -7.71572e-17 0.951057 0.309017
0.0279858 0.055 0.055 0.09 -0.0275 0.0055 0.065 0.951057 0.309017 3.78436e-17 5.82354e-17
0.0279858 0.055 0.055 0.09 0.0275 -0.0055 0.065 -0.309017 0.951057 5.82354e-17 -3.78436e-17
0.0279858 0.055 0.055 0.09 -0.0275 -0.0055 -0.065 -1.16471e-16 1.89218e-17 -0.309017 0.951057
0.0279858 0.055 0.055 0.09 0.0275 0.0055 -0.065 -9.60791e-17 -7.71572e-17 0.951057 0.309017
0.0368574 0.055 0.055 0.09 -0.0275 0.0165 0.065 0.951057 0.309017 3.78436e-17 5.82354e-17
0.0368574 0.055 0.055 0.09 0.0275 -0.0165 0.065 -0.309017 0.951057 5.82354e-17 -3.78436e-17
0.0368574 0.055 0.055 0.09 -0.0275 -0.0165 -0.065 -1.16471e-16 1.89218e-17 -0.309017 0.951057
0.0368574 0.055 0.055 0.09 0.0275 0.0165 -0.065 -9.60791e-17 -7.71572e-17 0.951057 0.309017
0.0220371 0.055 0.055 0.09 -0.0165 -0.0165 0.065 6.12323e-17 1 -6.12323e-17 3.7494e-33
0.0220371 0.055 0.055 0.09 0.0165 0.0165 0.065 1 3.99574e-23 -7.4988e-33 -6.12323e-17
0.0220371 0.055 0.055 0.09 -0.0165 0.0165 -0.065 7.4988e-33 1.22465e-16 1 -6.12323e-17
0.0220371 0.055 0.055 0.09 0.0165 -0.0165 -0.065 6.12323e-17 -6.12323e-17 6.12323e-17 1
0.0857341 0.055 0.055 0.09 -0.0165 -0.0165 0.065 0.587785 0.809017 -4.9538e-17 3.59915e-17
0.0857341 0.055 0.055 0.09 0.0165 0.0165 0.065 0.809017 -0.587785 -3.59915e-17 -4.9538e-17
0.0857341 0.055 0.055 0.09 -0.0165 0.0165 -0.065 -7.19829e-17 -9.9076e-17 -0.809017 0.587785
0.0857341 0.055 0.055 0.09 0.0165 -0.0165 -0.065 1.35465e-17 -8.55295e-17 0.587785 0.809017
0.0573154 0.055 0.055 0.09 -0.0165 -0.0055 0.065 0.587785 0.809017 -4.9538e-17 3.59915e-17
0.0573154 0.055 0.055 0.09 0.0165 0.0055 0.065 0.809017 -0.587785 -3.59915e-17 -4.9538e-17
0.0573154 0.055 0.055 0.09 -0.0165 0.0055 -0.065 -7.19829e-17 -9.9076e-17 -0.809017 0.587785
0.0573154 0.055 0.055 0.09 0.0165 -0.0055 -0.065 1.35465e-17 -8.55295e-17 0.587785 0.809017
0.0860977 0.055 0.055 0.09 -0.0165 0.0275 0.065 0.951057 0.309017 3.78436e-17 5.82354e-17
0.0860977 0.055 0.055 0.09 0.0165 -0.0275 0.065 -0.309017 0.951057 5.82354e-17 -3.78436e-17
0.0860977 0.055 0.055 0.09 -0.0165 -0.0275 -0.065 -1.16471e-16 1.89218e-17 -0.309017 0.951057
0.0860977 0.055 0.055 0.09 0.0165 0.0275 -0.065 -9.60791e-17 -7.71572e-17 0.951057 0.309017
0.123165 0.055 0.055 0.09 -0.0055 -0.0275 0.065 6.12323e-17 1 -6.12323e-17 3.7494e-33
0.123165 0.055 0.055 0.09 0.0055 0.0275 0.065 1 3.99574e-23 -7.4988e-33 -6.12323e-17
0.123165 0.055 0.055 0.09 -0.0055 0.0275 -0.065 7.4988e-33 1.22465e-16 1 -6.12323e-17
0.123165 0.055 0.055 0.09 0.0055 -0.0275 -0.065 6.12323e-17 -6.12323e-17 6.12323e-17 1
0.141998 0.055 0.055 0.09 -0.0055 0.0165 0.065 0.951057 -0.309017 -3.78436e-17 5.82354e-17
0.141998 0.055 0.055 0.09 0.0055 -0.0165 0.065 0.309017 0.951057 5.82354e-17 3.78436e-17
0.141998 0.055 0.055 0.09 -0.0055 -0.0165 -0.065 -1.16471e-16 -1.89218e-17 0.309017 0.951057
0.141998 0.055 0.055 0.09 0.0055 0.0165 -0.065 -2.03919e-17 -3.93136e-17 0.951057 -0.309017
0.0918167 0.055 0.055 0.09 0.0055 -0.0275 0.065 6.12323e-17 1 -6.12323e-17 3.7494e-33
0.0918167 0.055 0.055 0.09 -0.0055 0.0275 0.065 1 3.99574e-23 -7.4988e-33 -6.12323e-17
0.0918167 0.055 0.055 0.09 0.0055 0.0275 -0.065 7.4988e-33 1.22465e-16 1 -6.12323e-17
0.0918167 0.055 0.055 0.09 -0.0055 -0.0275 -0.065 6.12323e-17 -6.12323e-17 6.12323e-17 1
0.225869 0.055 0.055 0.09 0.0055 0.0165 0.065 0.951057 -0.309017 -3.78436e-17 5.82354e-17
0.225869 0.055 0.055 0.09 -0.0055 -0.0165 0.065 0.309017 0.951057 5.82354e-17 3.78436e-17
0.225869 0.055 0.055 0.09 0.0055 -0.0165 -0.065 -1.16471e-16 -1.89218e-17 0.309017 0.951057
0.225869 0.055 0.055 0.09 -0.0055 0.0165 -0.065 -2.03919e-17 -3.93136e-17 0.951057 -0.309017
0.126846 0.055 0.055 0.09 0.0165 -0.0275 0.065 -0.587785 0.809017 -4.9538e-17 -3.59915e-17
0.126846 0.055 0.055 0.09 -0.0165 0.0275 0.065 0.809017 0.587785 3.59915e-17 -4.9538e-17
0.126846 0.055 0.055 0.09 0.0165 0.0275 -0.065 -7.19829e-17 9.9076e-17 0.809017 0.587785
0.126846 0.055 0.055 0.09 -0.0165 -0.0275 -0.065 8.55294e-17 -1.35465e-17 -0.587785 0.809017
0.0155916 0.055 0.055 0.09 0.0165 -0.0055 0.065 -0.587785 0.809017 -4.9538e-17 -3.59915e-17
0.0155916 0.055 0.055 0.09 -0.0165 0.0055 0.065 0.809017 0.587785 3.59915e-17 -4.9538e-17
0.0155916 0.055 0.055 0.09 0.0165 0.0055 -0.065 -7.19829e-17 9.9076e-17 0.809017 0.587785
0.0155916 0.055 0.055 0.09 -0.0165 -0.0055 -0.065 8.55294e-17 -1.35465e-17 -0.587785 0.809017
0.184875 0.055 0.055 0.09 0.0165 0.0055 0.065 -0.587785 0.809017 -4.9538e-17 -3.59915e-17
0.184875 0.055 0.055 0.09 -0.0165 -0.0055 0.065 0.809017 0.587785 3.59915e-17 -4.9538e-17
0.184875 0.055 0.055 0.09 0.0165 -0.0055 -0.065 -7.19829e-17 9.9076e-17 0.809017 0.587785
0.184875 0.055 0.055 0.09 -0.0165 0.0055 -0.065 8.55294e-17 -1.35465e-17 -0.587785 0.809017
0.296671 0.055 0.055 0.09 0.0165 0.0165 0.065 0.951057 -0.309017 -3.78436e-17 5.82354e-17
0.296671 0.055 0.055 0.09 -0.0165 -0.0165 0.065 0.309017 0.951057 5.82354e-17 3.78436e-17
0.296671 0.055 0.055 0.09 0.0165 -0.0165 -0.065 -1.16471e-16 -1.89218e-17 0.309017 0.951057
0.296671 0.055 0.055 0.09 -0.0165 0.0165 -0.065 -2.03919e-17 -3.93136e-17 0.951057 -0.309017
0.0258444 0.055 0.055 0.09 0.0275 -0.0165 0.065 6.12323e-17 1 -6.12323e-17 3.7494e-33
0.0258444 0.055 0.055 0.09 -0.0275 0.0165 0.065 1 3.99574e-23 -7.4988e-33 -6.12323e-17
0.0258444 0.055 0.055 0.09 0.0275 0.0165 -0.065 7.4988e-33 1.22465e-16 1 -6.12323e-17
0.0258444 0.055 0.055 0.09 -0.0275 -0.0165 -0.065 6.12323e-17 -6.12323e-17 6.12323e-17 1
0.0465188 0.055 0.055 0.09 0.0275 -0.0165 0.065 -0.587785 0.809017 -4.9538e-17 -3.59915e-17
0.0465188 0.055 0.055 0.09 -0.0275 0.0165 0.065 0.809017 0.587785 3.59915e-17 -4.9538e-17
0.0465188 0.055 0.055 0.09 0.0275 0.0165 -0.065 -7.19829e-17 9.9076e-17 0.809017 0.587785
0.0465188 0.055 0.055 0.09 -0.0275 -0.0165 -0.065 8.55294e-17 -1.35465e-17 -0.587785 0.809017
0.149667 0.055 0.055 0.09 0.0275 -0.0055 0.065 -0.587785 0.809017 -4.9538e-17 -3.59915e-17
0.149667 0.055 0.055 0.09 -0.0275 0.0055 0.065 0.809017 0.587785 3.59915e-17 -4.9538e-17
0.149667 0.055 0.055 0.09 0.0275 0.0055 -0.065 -7.19829e-17 9.9076e-17 0.809017 0.587785
0.149667 0.055 0.055 0.09 -0.0275 -0.0055 -0.065 8.55294e-17 -1.35465e-17 -0.587785 0.809017
0.101637 0.055 0.055 0.09 0.0275 0.0165 0.065 0.951057 -0.309017 -3.78436e-17 5.82354e-17
0.101637 0.055 0.055 0.09 -0.0275 -0.0165 0.065 0.309017 0.951057 5.82354e-17 3.78436e-17
0.101637 0.055 0.055 0.09 0.0275 -0.0165 -0.065 -1.16471e-16 -1.89218e-17 0.309017 0.951057
0.101637 0.055 0.055 0.09 -0.0275 0.0165 -0.065 -2.03919e-17 -3.93136e-17 0.951057 -0.309017
0.0366536 0.055 0.055 0.09 0.0275 0.0165 0.065 -0.587785 0.809017 -4.9538e-17 -3.59915e-17
0.0366536 0.055 0.055 0.09 -0.0275 -0.0165 0.065 0.809017 0.587785 3.59915e-17 -4.9538e-17
0.0366536 0.055 0.055 0.09 0.0275 -0.0165 -0.065 -7.19829e-17 9.9076e-17 0.809017 0.587785
0.0366536 0.055 0.055 0.09 -0.0275 0.0165 -0.065 8.55294e-17 -1.35465e-17 -0.587785 0.809017
0.113345 0.055 0.055 0.09 0.0275 0.0275 0.065 -0.587785 0.809017 -4.9538e-17 -3.59915e-17
0.113345 0.055 0.055 0.09 -0.0275 -0.0275 0.065 0.809017 0.587785 3.59915e-17 -4.9538e-17
0.113345 0.055 0.055 0.09 0.0275 -0.0275 -0.065 -7.19829e-17 9.9076e-17 0.809017 0.587785
0.113345 0.055 0.055 0.09 -0.0275 0.0275 -0.065 8.55294e-17 -1.35465e-17 -0.587785 0.809017
