0.378115 0.05 0.1 0.2 -0.025 -0.07 0.06 -0.415627 -0.572061 -0.572061 0.415629 
0.265927 0.05 0.1 0.2 -0.025 -0.07 6.93889e-18 -0.415627 -0.572061 -0.572061 0.415629 
0.231987 0.05 0.1 0.2 -0.02 -0.07 0.06 -0.415627 -0.572061 -0.572061 0.415629 
0.227523 0.05 0.1 0.2 -0.025 0.07 0.04 0.415627 0.572061 -0.572061 0.415629 
0.222821 0.05 0.1 0.2 -0.025 0.07 0.06 0.415627 0.572061 -0.572061 0.415629 
0.174737 0.05 0.1 0.2 -0.025 -0.07 0.04 -0.415627 -0.572061 -0.572061 0.415629 
0.159897 0.05 0.1 0.2 0.02 0.07 0.06 0.572061 -0.415627 0.415627 0.572062 
0.15867 0.05 0.1 0.2 -0.025 0.01 0.12 0.809017 0.587785 3.59914e-17 4.9538e-17 
0.144243 0.05 0.1 0.2 0.02 0.07 0.04 0.572061 -0.415627 0.415627 0.572062 
0.139699 0.05 0.1 0.2 -0.025 0.07 0.02 0.415627 0.572061 -0.572061 0.415629 
0.138437 0.05 0.1 0.2 -0.015 -0.07 0.06 -0.415627 -0.572061 -0.572061 0.415629 
0.12902 0.05 0.1 0.2 -0.025 0.02 0.12 0.951057 0.309017 1.89218e-17 5.82354e-17 
0.10836 0.05 0.1 0.2 -0.025 0.01 0.12 0.587785 0.809017 -4.9538e-17 3.59915e-17 
0.106952 0.05 0.1 0.2 -0.025 0.02 0.12 0.587785 0.809017 -4.9538e-17 3.59915e-17 
0.106301 0.05 0.1 0.2 -0.025 -0.07 0.02 -0.415627 -0.572061 -0.572061 0.415629 
0.105199 0.05 0.1 0.2 0.015 0.07 0.04 0.572061 -0.415627 0.415627 0.572062 
0.103299 0.05 0.1 0.2 -0.025 3.46945e-18 0.12 0.587785 0.809017 -4.9538e-17 3.59915e-17 
0.101541 0.05 0.1 0.2 -0.02 -0.07 0.04 -0.415627 -0.572061 -0.572061 0.415629 
0.10056 0.05 0.1 0.2 -0.025 -0.01 0.12 0.587785 0.809017 -4.9538e-17 3.59915e-17 
0.10044 0.05 0.1 0.2 -0.025 -0.02 0.12 0.587785 0.809017 -4.9538e-17 3.59915e-17 
0.0988964 0.05 0.1 0.2 -0.02 0.07 0.06 0.415627 0.572061 -0.572061 0.415629 
0.094961 0.05 0.1 0.2 -0.025 -0.03 0.12 0.587785 0.809017 -4.9538e-17 3.59915e-17 
0.0937714 0.05 0.1 0.2 -0.015 -0.07 0.04 -0.415627 -0.572061 -0.572061 0.415629 
0.0928873 0.05 0.1 0.2 0.015 0.07 6.93889e-18 0.572061 -0.415627 0.415627 0.572062 
0.0905915 0.05 0.1 0.2 -0.015 -0.07 0.02 -0.415627 -0.572061 -0.572061 0.415629 
0.0899134 0.05 0.1 0.2 0.02 0.07 0.02 0.572061 -0.415627 0.415627 0.572062 
0.089898 0.05 0.1 0.2 0.015 0.07 0.02 0.572061 -0.415627 0.415627 0.572062 
0.0892171 0.05 0.1 0.2 -0.02 0.07 0.04 0.415627 0.572061 -0.572061 0.415629 
0.0888664 0.05 0.1 0.2 -0.025 0.03 0.12 0.587785 0.809017 -4.9538e-17 3.59915e-17 
0.0831512 0.05 0.1 0.2 0.02 0.07 6.93889e-18 0.572061 -0.415627 0.415627 0.572062 
0.0819873 0.05 0.1 0.2 0.015 0.07 0.06 0.572061 -0.415627 0.415627 0.572062 
0.0773431 0.05 0.1 0.2 -0.025 -0.04 0.12 0.587785 0.809017 -4.9538e-17 3.59915e-17 
0.0756314 0.05 0.1 0.2 -0.025 0.02 0.12 0.809017 0.587785 3.59914e-17 4.9538e-17 
0.0721916 0.05 0.1 0.2 -0.025 0.07 -0.02 0.415627 0.572061 -0.572061 0.415629 
0.0598656 0.05 0.1 0.2 -0.025 -0.05 0.12 0.587785 0.809017 -4.9538e-17 3.59915e-17 
0.0570386 0.05 0.1 0.2 -0.02 -0.07 0.02 -0.415627 -0.572061 -0.572061 0.415629 
0.0538596 0.05 0.1 0.2 -0.025 0.04 0.12 0.587785 0.809017 -4.9538e-17 3.59915e-17 
0.0521765 0.05 0.1 0.2 -0.025 0.07 6.93889e-18 0.415627 0.572061 -0.572061 0.415629 
0.0496195 0.05 0.1 0.2 -0.025 3.46945e-18 0.12 0.809017 0.587785 3.59914e-17 4.9538e-17 
0.0495721 0.05 0.1 0.2 -0.02 -0.01 0.12 0.587785 0.809017 -4.9538e-17 3.59915e-17 
0.0495671 0.05 0.1 0.2 0.02 0.01 0.12 0.809017 -0.587785 -3.59914e-17 4.9538e-17 
0.0492952 0.05 0.1 0.2 -0.02 -0.07 6.93889e-18 -0.415627 -0.572061 -0.572061 0.415629 
0.0492381 0.05 0.1 0.2 0.015 0.01 0.12 0.809017 -0.587785 -3.59914e-17 4.9538e-17 
0.0492374 0.05 0.1 0.2 -0.015 -0.01 0.12 0.587785 0.809017 -4.9538e-17 3.59915e-17 
0.048264 0.05 0.1 0.2 0.02 3.46945e-18 0.12 0.809017 -0.587785 -3.59914e-17 4.9538e-17 
0.0482636 0.05 0.1 0.2 -0.02 3.46945e-18 0.12 0.587785 0.809017 -4.9538e-17 3.59915e-17 
0.0477454 0.05 0.1 0.2 -0.02 -0.02 0.12 0.587785 0.809017 -4.9538e-17 3.59915e-17 
0.0477315 0.05 0.1 0.2 0.02 0.02 0.12 0.809017 -0.587785 -3.59914e-17 4.9538e-17 
0.0471758 0.05 0.1 0.2 -0.015 -0.02 0.12 0.587785 0.809017 -4.9538e-17 3.59915e-17 
0.0471736 0.05 0.1 0.2 0.015 0.02 0.12 0.809017 -0.587785 -3.59914e-17 4.9538e-17 
0.0462551 0.05 0.1 0.2 -0.02 0.07 0.02 0.415627 0.572061 -0.572061 0.415629 
0.0453165 0.05 0.1 0.2 0.02 -0.01 0.12 0.809017 -0.587785 -3.59914e-17 4.9538e-17 
0.0453158 0.05 0.1 0.2 -0.02 0.01 0.12 0.587785 0.809017 -4.9538e-17 3.59915e-17 
0.0450195 0.05 0.1 0.2 -0.02 0.01 0.12 0.809017 0.587785 3.59914e-17 4.9538e-17 
0.04501 0.05 0.1 0.2 0.02 -0.01 0.12 -0.587785 0.809017 -4.9538e-17 -3.59915e-17 
0.0445594 0.05 0.1 0.2 0.015 3.46945e-18 0.12 0.809017 -0.587785 -3.59914e-17 4.9538e-17 
0.0445587 0.05 0.1 0.2 -0.015 3.46945e-18 0.12 0.587785 0.809017 -4.9538e-17 3.59915e-17 
0.0441543 0.05 0.1 0.2 0.02 -0.07 0.04 -0.572061 0.415627 0.415627 0.572062 
0.0432876 0.05 0.1 0.2 -0.015 0.07 0.04 0.415627 0.572061 -0.572061 0.415629 
0.0403686 0.05 0.1 0.2 -0.015 0.07 0.02 0.415627 0.572061 -0.572061 0.415629 
0.0379202 0.05 0.1 0.2 0.02 -0.05 0.12 -0.309017 0.951057 -5.82354e-17 -1.89218e-17 
0.036894 0.05 0.1 0.2 -0.02 -0.03 0.12 0.587785 0.809017 -4.9538e-17 3.59915e-17 
0.0368879 0.05 0.1 0.2 0.02 0.03 0.12 0.809017 -0.587785 -3.59914e-17 4.9538e-17 
0.0368431 0.05 0.1 0.2 -0.02 0.02 0.12 0.587785 0.809017 -4.9538e-17 3.59915e-17 
0.0368412 0.05 0.1 0.2 0.02 -0.02 0.12 0.809017 -0.587785 -3.59914e-17 4.9538e-17 
0.0362696 0.05 0.1 0.2 -0.015 0.01 0.12 0.587785 0.809017 -4.9538e-17 3.59915e-17 
0.0362664 0.05 0.1 0.2 0.015 -0.01 0.12 0.809017 -0.587785 -3.59914e-17 4.9538e-17 
0.0341262 0.05 0.1 0.2 -0.015 0.07 0.06 0.415627 0.572061 -0.572061 0.415629 
0.0327696 0.05 0.1 0.2 0.015 0.03 0.12 0.809017 -0.587785 -3.59914e-17 4.9538e-17 
0.0327676 0.05 0.1 0.2 -0.015 -0.03 0.12 0.587785 0.809017 -4.9538e-17 3.59915e-17 
0.0323995 0.05 0.1 0.2 0.02 -0.07 0.06 -0.572061 0.415627 0.415627 0.572062 
0.0316535 0.05 0.1 0.2 0.02 -0.02 0.12 -0.309017 0.951057 -5.82354e-17 -1.89218e-17 
0.0316534 0.05 0.1 0.2 -0.02 0.02 0.12 0.951057 0.309017 1.89218e-17 5.82354e-17 
0.0309141 0.05 0.1 0.2 -0.025 -0.04 0.12 0.309017 0.951057 -5.82354e-17 1.89218e-17 
0.0300649 0.05 0.1 0.2 -0.025 -0.05 0.12 0.309017 0.951057 -5.82354e-17 1.89218e-17 
0.0294819 0.05 0.1 0.2 -0.025 0.03 0.12 0.951057 0.309017 1.89218e-17 5.82354e-17 
0.0292514 0.05 0.1 0.2 0.015 -0.05 0.12 0.309017 0.951057 -5.82354e-17 1.89218e-17 
0.0286096 0.05 0.1 0.2 0.02 -0.07 0.02 -0.572061 0.415627 0.415627 0.572062 
0.0265591 0.05 0.1 0.2 -0.015 -0.07 6.93889e-18 -0.415627 -0.572061 -0.572061 0.415629 
0.0255828 0.05 0.1 0.2 0.01 -0.05 0.12 0.309017 0.951057 -5.82354e-17 1.89218e-17 
0.0251766 0.05 0.1 0.2 0.015 -0.07 0.02 -0.572061 0.415627 0.415627 0.572062 
0.0234481 0.05 0.1 0.2 -0.015 0.02 0.12 0.587785 0.809017 -4.9538e-17 3.59915e-17 
0.0234405 0.05 0.1 0.2 0.015 -0.02 0.12 0.809017 -0.587785 -3.59914e-17 4.9538e-17 
0.021382 0.05 0.1 0.2 0.015 -0.07 0.04 -0.572061 0.415627 0.415627 0.572062 
0.0212441 0.05 0.1 0.2 0.005 -0.04 0.12 0.309017 0.951057 -5.82354e-17 1.89218e-17 
0.0212431 0.05 0.1 0.2 -0.005 0.04 0.12 0.951057 -0.309017 -1.89218e-17 5.82354e-17 
0.0211958 0.05 0.1 0.2 0.005 -0.05 0.12 0.309017 0.951057 -5.82354e-17 1.89218e-17 
0.0200946 0.05 0.1 0.2 -0.015 0.07 6.93889e-18 0.415627 0.572061 -0.572061 0.415629 
0.019789 0.05 0.1 0.2 -0.015 0.07 -0.02 0.415627 0.572061 -0.572061 0.415629 
0.0193067 0.05 0.1 0.2 -0.02 0.03 0.12 0.587785 0.809017 -4.9538e-17 3.59915e-17 
0.0193025 0.05 0.1 0.2 0.02 -0.03 0.12 0.809017 -0.587785 -3.59914e-17 4.9538e-17 
0.0173748 0.05 0.1 0.2 -0.025 0.03 0.12 0.809017 0.587785 3.59914e-17 4.9538e-17 
0.0169845 0.05 0.1 0.2 1.73472e-18 -0.05 0.12 0.309017 0.951057 -5.82354e-17 1.89218e-17 
0.0159144 0.05 0.1 0.2 0.02 0.04 0.12 0.809017 -0.587785 -3.59914e-17 4.9538e-17 
0.0159108 0.05 0.1 0.2 -0.02 -0.04 0.12 0.587785 0.809017 -4.9538e-17 3.59915e-17 
0.0135661 0.05 0.1 0.2 -0.01 -0.04 0.12 0.587785 0.809017 -4.9538e-17 3.59915e-17 
0.0135511 0.05 0.1 0.2 0.01 0.04 0.12 0.809017 -0.587785 -3.59914e-17 4.9538e-17 
0.0127997 0.05 0.1 0.2 -0.02 0.02 0.12 0.809017 0.587785 3.59914e-17 4.9538e-17 
0.0127996 0.05 0.1 0.2 0.02 -0.02 0.12 -0.587785 0.809017 -4.9538e-17 -3.59915e-17 
0.012438 0.05 0.1 0.2 -0.025 0.04 0.12 0.951057 0.309017 1.89218e-17 5.82354e-17 
0.0117593 0.05 0.1 0.2 1.73472e-18 0.04 0.12 0.951057 -0.309017 -1.89218e-17 5.82354e-17 
0.0117584 0.05 0.1 0.2 1.73472e-18 -0.04 0.12 0.309017 0.951057 -5.82354e-17 1.89218e-17 
0.0116049 0.05 0.1 0.2 -0.005 -0.05 0.12 0.309017 0.951057 -5.82354e-17 1.89218e-17 
0.0115403 0.05 0.1 0.2 -0.025 -0.03 0.12 0.309017 0.951057 -5.82354e-17 1.89218e-17 
0.00975847 0.05 0.1 0.2 0.015 -0.01 0.12 -0.587785 0.809017 -4.9538e-17 -3.59915e-17 
0.00975777 0.05 0.1 0.2 -0.015 0.01 0.12 0.809017 0.587785 3.59914e-17 4.9538e-17 
0.00864743 0.05 0.1 0.2 -0.015 0.04 0.12 1 0 0 6.12323e-17 
0.0086472 0.05 0.1 0.2 0.015 -0.04 0.12 6.12323e-17 1 -6.12323e-17 3.7494e-33 
0.00775666 0.05 0.1 0.2 -0.005 -0.04 0.12 0.309017 0.951057 -5.82354e-17 1.89218e-17 
0.00775615 0.05 0.1 0.2 0.005 0.04 0.12 0.951057 -0.309017 -1.89218e-17 5.82354e-17 
0.00775123 0.05 0.1 0.2 0.015 -0.07 6.93889e-18 -0.572061 0.415627 0.415627 0.572062 
0.00718324 0.05 0.1 0.2 0.015 0.04 0.12 0.809017 -0.587785 -3.59914e-17 4.9538e-17 
0.00717291 0.05 0.1 0.2 -0.015 -0.04 0.12 0.587785 0.809017 -4.9538e-17 3.59915e-17 
0.00696422 0.05 0.1 0.2 -0.01 0.04 0.12 1 0 0 6.12323e-17 
0.00696405 0.05 0.1 0.2 0.01 -0.04 0.12 6.12323e-17 1 -6.12323e-17 3.7494e-33 
0.00565739 0.05 0.1 0.2 -0.015 0.03 0.12 0.587785 0.809017 -4.9538e-17 3.59915e-17 
0.00565469 0.05 0.1 0.2 0.015 -0.07 -0.02 -0.572061 0.415627 0.415627 0.572062 
0.00564559 0.05 0.1 0.2 0.015 -0.03 0.12 0.809017 -0.587785 -3.59914e-17 4.9538e-17 
0.00557792 0.05 0.1 0.2 0.02 -0.07 -0.02 -0.572061 0.415627 0.415627 0.572062 
0.00551327 0.05 0.1 0.2 -0.02 -0.05 0.12 0.587785 0.809017 -4.9538e-17 3.59915e-17 
0.0047319 0.05 0.1 0.2 -0.005 -0.05 0.12 0.587785 0.809017 -4.9538e-17 3.59915e-17 
0.00445705 0.05 0.1 0.2 -0.02 -0.04 0.12 0.309017 0.951057 -5.82354e-17 1.89218e-17 
0.00445704 0.05 0.1 0.2 0.02 0.04 0.12 0.951057 -0.309017 -1.89218e-17 5.82354e-17 
0.00432028 0.05 0.1 0.2 0.01 0.04 0.12 0.951057 -0.309017 -1.89218e-17 5.82354e-17 
0.00432017 0.05 0.1 0.2 -0.01 -0.05 0.12 0.309017 0.951057 -5.82354e-17 1.89218e-17 
0.00431937 0.05 0.1 0.2 -0.01 -0.04 0.12 0.309017 0.951057 -5.82354e-17 1.89218e-17 
0.0042498 0.05 0.1 0.2 -0.01 0.02 0.12 0.809017 0.587785 3.59914e-17 4.9538e-17 
0.0042367 0.05 0.1 0.2 0.01 -0.02 0.12 -0.587785 0.809017 -4.9538e-17 -3.59915e-17 
0.00403214 0.05 0.1 0.2 -0.015 0.07 0.08 0.415627 0.572061 -0.572061 0.415629 
0.00391185 0.05 0.1 0.2 -0.02 0.07 -0.02 0.415627 0.572061 -0.572061 0.415629 
0.00359963 0.05 0.1 0.2 0.015 -0.04 0.12 -0.587785 0.809017 -4.9538e-17 -3.59915e-17 
0.00359926 0.05 0.1 0.2 -0.015 0.04 0.12 0.809017 0.587785 3.59914e-17 4.9538e-17 
0.0035363 0.05 0.1 0.2 -0.02 -0.07 0.08 -0.415627 -0.572061 -0.572061 0.415629 
0.00302732 0.05 0.1 0.2 0.015 -0.07 0.06 -0.572061 0.415627 0.415627 0.572062 
0.00293239 0.05 0.1 0.2 1.73472e-18 -0.05 0.12 0.587785 0.809017 -4.9538e-17 3.59915e-17 
0.00273518 0.05 0.1 0.2 0.005 -0.04 0.12 6.12323e-17 1 -6.12323e-17 3.7494e-33 
0.00273497 0.05 0.1 0.2 -0.005 0.04 0.12 1 0 0 6.12323e-17 
0.00207674 0.05 0.1 0.2 0.015 -0.05 0.12 6.12323e-17 1 -6.12323e-17 3.7494e-33 
0.00181676 0.05 0.1 0.2 -0.02 0.04 0.12 0.809017 0.587785 3.59914e-17 4.9538e-17 
0.00181481 0.05 0.1 0.2 0.02 -0.04 0.12 -0.587785 0.809017 -4.9538e-17 -3.59915e-17 
0.00161134 0.05 0.1 0.2 0.01 -0.04 0.12 -0.587785 0.809017 -4.9538e-17 -3.59915e-17 
0.00160854 0.05 0.1 0.2 -0.01 0.04 0.12 0.809017 0.587785 3.59914e-17 4.9538e-17 
0.00159387 0.05 0.1 0.2 -0.02 0.04 0.12 1 0 0 6.12323e-17 
0.00159335 0.05 0.1 0.2 0.02 -0.04 0.12 6.12323e-17 1 -6.12323e-17 3.7494e-33 
0.00149617 0.05 0.1 0.2 0.015 -0.05 0.12 0.809017 -0.587785 -3.59914e-17 4.9538e-17 
0.00146289 0.05 0.1 0.2 -0.015 -0.05 0.12 6.12323e-17 1 -6.12323e-17 3.7494e-33 
0.00108711 0.05 0.1 0.2 -0.01 -0.05 0.12 6.12323e-17 1 -6.12323e-17 3.7494e-33 
0.00103617 0.05 0.1 0.2 0.02 0.07 0.08 0.572061 -0.415627 0.415627 0.572062 
0.00099444 0.05 0.1 0.2 -0.015 -0.04 0.12 0.309017 0.951057 -5.82354e-17 1.89218e-17 
0.000993198 0.05 0.1 0.2 0.015 0.04 0.12 0.951057 -0.309017 -1.89218e-17 5.82354e-17 
0.000990808 0.05 0.1 0.2 -0.02 0.07 0.08 0.415627 0.572061 -0.572061 0.415629 
0.000893639 0.05 0.1 0.2 0.01 -0.05 0.12 6.12323e-17 1 -6.12323e-17 3.7494e-33 
0.0007694 0.05 0.1 0.2 -0.01 0.04 0.12 0.951057 0.309017 1.89218e-17 5.82354e-17 
0.000769194 0.05 0.1 0.2 0.01 -0.04 0.12 -0.309017 0.951057 -5.82354e-17 -1.89218e-17 
0.000741521 0.05 0.1 0.2 -0.02 0.04 0.12 0.951057 0.309017 1.89218e-17 5.82354e-17 
0.000741308 0.05 0.1 0.2 0.02 -0.04 0.12 -0.309017 0.951057 -5.82354e-17 -1.89218e-17 
0.000739189 0.05 0.1 0.2 0.015 0.04 0.12 1 0 0 6.12323e-17 
0.000739081 0.05 0.1 0.2 -0.015 -0.04 0.12 6.12323e-17 1 -6.12323e-17 3.7494e-33 
0.000729308 0.05 0.1 0.2 -0.025 -0.07 0.06 -0.572061 -0.415627 -0.415627 0.572062 
0.000719904 0.05 0.1 0.2 0.015 -0.05 0.12 -0.587785 0.809017 -4.9538e-17 -3.59915e-17 
0.000666362 0.05 0.1 0.2 -0.02 -0.05 0.12 0.309017 0.951057 -5.82354e-17 1.89218e-17 
0.000153085 0.05 0.1 0.2 0.02 0.07 0.08 0.415627 -0.572061 0.572061 0.415629 
0.000147345 0.05 0.1 0.2 0.015 0.07 0.08 0.415627 -0.572061 0.572061 0.415629 
0.000140128 0.05 0.1 0.2 0.02 -0.05 0.12 0.809017 -0.587785 -3.59914e-17 4.9538e-17 
8.57469e-05 0.05 0.1 0.2 0.01 0.07 0.08 0.415627 -0.572061 0.572061 0.415629 
1.59387e-05 0.05 0.1 0.2 -0.025 -0.07 0.08 -0.672499 -0.218508 -0.218508 0.672498 
1.54548e-05 0.05 0.1 0.2 -0.02 -0.07 0.06 -0.572061 -0.415627 -0.415627 0.572062 
1.5073e-05 0.05 0.1 0.2 -0.015 -0.07 0.08 -0.572061 -0.415627 -0.415627 0.572062 
1.47337e-06 0.05 0.1 0.2 0.045 -0.05 0.04 0.218508 -0.672498 -0.218508 0.672499 
1.46928e-06 0.05 0.1 0.2 0.045 -0.05 0.06 0.218508 -0.672498 -0.218508 0.672499 
1.43607e-06 0.05 0.1 0.2 0.045 -0.05 0.02 0.218508 -0.672498 -0.218508 0.672499 
1.42402e-06 0.05 0.1 0.2 0.045 -0.05 0.08 0.218508 -0.672498 -0.218508 0.672499 
1.27575e-06 0.05 0.1 0.2 -0.02 -0.07 0.08 -0.672499 -0.218508 -0.218508 0.672498 
2.15237e-07 0.05 0.1 0.2 0.045 -0.05 0.04 0 -0.707107 0 0.707106 
2.14474e-07 0.05 0.1 0.2 0.045 -0.04 0.04 0 -0.707107 0 0.707106 
2.12791e-07 0.05 0.1 0.2 0.045 -0.05 0.06 0 -0.707107 0 0.707106 
2.12033e-07 0.05 0.1 0.2 0.045 -0.04 0.06 0 -0.707107 0 0.707106 
2.10926e-07 0.05 0.1 0.2 0.045 -0.05 0.02 0 -0.707107 0 0.707106 
2.03725e-07 0.05 0.1 0.2 0.045 -0.05 0.08 0 -0.707107 0 0.707106 
2.03089e-07 0.05 0.1 0.2 0.045 -0.04 0.08 0 -0.707107 0 0.707106 
2.00293e-07 0.05 0.1 0.2 0.045 -0.05 6.93889e-18 0 -0.707107 0 0.707106 
1.84313e-07 0.05 0.1 0.2 0.045 -0.05 -0.02 0 -0.707107 0 0.707106 
1.43758e-07 0.05 0.1 0.2 -0.045 0.04 0.04 0.707107 -4.32978e-17 0.707107 -4.32978e-17 
1.38251e-07 0.05 0.1 0.2 -0.045 0.04 0.06 0.707107 -4.32978e-17 0.707107 -4.32978e-17 
1.29002e-07 0.05 0.1 0.2 -0.045 0.04 0.08 0.707107 -4.32978e-17 0.707107 -4.32978e-17 
2.75731e-09 0.05 0.1 0.2 0.045 -0.05 0.08 -0.218508 -0.672498 0.218508 0.672499 
2.68351e-09 0.05 0.1 0.2 0.045 -0.04 0.08 -0.218508 -0.672498 0.218508 0.672499 
2.28213e-09 0.05 0.1 0.2 0.045 -0.05 0.06 -0.218508 -0.672498 0.218508 0.672499 
1.79972e-09 0.05 0.1 0.2 -0.045 -0.05 0.08 0 0.707107 0 0.707106 
1.59791e-09 0.05 0.1 0.2 -0.045 -0.05 0.06 0 0.707107 0 0.707106 
1.08754e-09 0.05 0.1 0.2 -0.045 -0.05 0.04 0 0.707107 0 0.707106 
2.65157e-10 0.05 0.1 0.2 -0.045 -0.05 0.02 0 0.707107 0 0.707106 
-7.78292e-12 0.05 0.1 0.2 -0.045 0.04 0.08 -0.672498 0.218508 -0.672499 0.218508 
-1.88972e-10 0.05 0.1 0.2 0.045 -0.05 0.08 -0.415627 -0.572061 0.415627 0.572062 
-8.13286e-10 0.05 0.1 0.2 -0.045 -0.05 6.93889e-18 0 0.707107 0 0.707106 
-4.45779e-07 0.05 0.1 0.2 -0.045 -0.05 -0.04 -0.218508 0.672498 -0.218508 0.672499 
-5.12375e-07 0.05 0.1 0.2 -0.045 -0.05 -0.02 -0.218508 0.672498 -0.218508 0.672499 
-5.70864e-07 0.05 0.1 0.2 -0.045 -0.05 6.93889e-18 -0.218508 0.672498 -0.218508 0.672499 
-6.16468e-07 0.05 0.1 0.2 -0.045 -0.05 0.02 -0.218508 0.672498 -0.218508 0.672499 
-6.4312e-07 0.05 0.1 0.2 -0.045 -0.05 0.08 -0.218508 0.672498 -0.218508 0.672499 
-6.45188e-07 0.05 0.1 0.2 -0.045 -0.05 0.04 -0.218508 0.672498 -0.218508 0.672499 
-6.54372e-07 0.05 0.1 0.2 -0.045 -0.05 0.06 -0.218508 0.672498 -0.218508 0.672499 
-8.24322e-07 0.05 0.1 0.2 0.02 0.07 0.08 0.218508 -0.672499 0.672499 0.218502 
-9.2648e-06 0.05 0.1 0.2 -0.02 -0.07 0.08 -0.572061 -0.415627 -0.415627 0.572062 
-1.2177e-05 0.05 0.1 0.2 -0.01 -0.07 0.08 -0.572061 -0.415627 -0.415627 0.572062 
-2.47718e-05 0.05 0.1 0.2 -0.015 -0.07 0.06 -0.572061 -0.415627 -0.415627 0.572062 
-2.61199e-05 0.05 0.1 0.2 0.02 0.07 0.06 0.415627 -0.572061 0.572061 0.415629 
-6.83972e-05 0.05 0.1 0.2 -0.01 -0.05 0.12 0.587785 0.809017 -4.9538e-17 3.59915e-17 
-0.000112507 0.05 0.1 0.2 0.015 0.07 0.06 0.415627 -0.572061 0.572061 0.415629 
-0.000171742 0.05 0.1 0.2 -0.02 -0.04 0.12 6.12323e-17 1 -6.12323e-17 3.7494e-33 
-0.000171795 0.05 0.1 0.2 0.02 0.04 0.12 1 0 0 6.12323e-17 
-0.000184585 0.05 0.1 0.2 -0.025 0.04 0.12 0.809017 0.587785 3.59914e-17 4.9538e-17 
-0.000197368 0.05 0.1 0.2 -0.025 -0.07 0.08 -0.572061 -0.415627 -0.415627 0.572062 
-0.000217151 0.05 0.1 0.2 -0.015 0.02 0.12 0.809017 0.587785 3.59914e-17 4.9538e-17 
-0.000218704 0.05 0.1 0.2 0.015 -0.02 0.12 -0.587785 0.809017 -4.9538e-17 -3.59915e-17 
-0.000442702 0.05 0.1 0.2 -0.01 -0.04 0.12 6.12323e-17 1 -6.12323e-17 3.7494e-33 
-0.000442977 0.05 0.1 0.2 0.01 0.04 0.12 1 0 0 6.12323e-17 
-0.000492581 0.05 0.1 0.2 1.73472e-18 0.04 0.12 1 0 0 6.12323e-17 
-0.000492755 0.05 0.1 0.2 1.73472e-18 -0.04 0.12 6.12323e-17 1 -6.12323e-17 3.7494e-33 
-0.000519547 0.05 0.1 0.2 -0.005 -0.05 0.12 6.12323e-17 1 -6.12323e-17 3.7494e-33 
-0.00100575 0.05 0.1 0.2 0.005 -0.05 0.12 6.12323e-17 1 -6.12323e-17 3.7494e-33 
-0.00106294 0.05 0.1 0.2 -0.015 0.04 0.12 0.951057 0.309017 1.89218e-17 5.82354e-17 
-0.00106333 0.05 0.1 0.2 0.015 -0.04 0.12 -0.309017 0.951057 -5.82354e-17 -1.89218e-17 
-0.00116389 0.05 0.1 0.2 0.02 -0.04 0.12 0.809017 -0.587785 -3.59914e-17 4.9538e-17 
-0.00117177 0.05 0.1 0.2 -0.02 0.04 0.12 0.587785 0.809017 -4.9538e-17 3.59915e-17 
-0.00121483 0.05 0.1 0.2 -0.01 0.03 0.12 0.809017 0.587785 3.59914e-17 4.9538e-17 
-0.00122371 0.05 0.1 0.2 0.01 -0.03 0.12 -0.587785 0.809017 -4.9538e-17 -3.59915e-17 
-0.00127767 0.05 0.1 0.2 0.02 -0.05 0.12 -0.587785 0.809017 -4.9538e-17 -3.59915e-17 
-0.00138497 0.05 0.1 0.2 -0.02 -0.05 0.12 6.12323e-17 1 -6.12323e-17 3.7494e-33 
-0.00140562 0.05 0.1 0.2 -0.005 -0.04 0.12 6.12323e-17 1 -6.12323e-17 3.7494e-33 
-0.00140579 0.05 0.1 0.2 0.005 0.04 0.12 1 0 0 6.12323e-17 
-0.00156329 0.05 0.1 0.2 1.73472e-18 -0.05 0.12 6.12323e-17 1 -6.12323e-17 3.7494e-33 
-0.00168991 0.05 0.1 0.2 -0.02 0.07 6.93889e-18 0.415627 0.572061 -0.572061 0.415629 
-0.00175818 0.05 0.1 0.2 0.02 -0.05 0.12 6.12323e-17 1 -6.12323e-17 3.7494e-33 
-0.00176273 0.05 0.1 0.2 -0.02 0.03 0.12 0.951057 0.309017 1.89218e-17 5.82354e-17 
-0.00176299 0.05 0.1 0.2 0.02 -0.03 0.12 -0.309017 0.951057 -5.82354e-17 -1.89218e-17 
-0.00210881 0.05 0.1 0.2 0.02 -0.07 6.93889e-18 -0.572061 0.415627 0.415627 0.572062 
-0.00222128 0.05 0.1 0.2 -0.015 -0.05 0.12 0.309017 0.951057 -5.82354e-17 1.89218e-17 
-0.00337499 0.05 0.1 0.2 -0.015 -0.07 0.08 -0.415627 -0.572061 -0.572061 0.415629 
-0.00539142 0.05 0.1 0.2 -0.015 -0.05 0.12 0.587785 0.809017 -4.9538e-17 3.59915e-17 
-0.00557441 0.05 0.1 0.2 -0.025 -0.04 0.12 6.12323e-17 1 -6.12323e-17 3.7494e-33 
-0.00630943 0.05 0.1 0.2 -0.02 0.03 0.12 0.809017 0.587785 3.59914e-17 4.9538e-17 
-0.00631502 0.05 0.1 0.2 0.02 -0.03 0.12 -0.587785 0.809017 -4.9538e-17 -3.59915e-17 
-0.00656497 0.05 0.1 0.2 0.015 -0.03 0.12 -0.587785 0.809017 -4.9538e-17 -3.59915e-17 
-0.0065655 0.05 0.1 0.2 -0.015 0.03 0.12 0.809017 0.587785 3.59914e-17 4.9538e-17 
-0.00757129 0.05 0.1 0.2 0.01 -0.05 0.12 -0.587785 0.809017 -4.9538e-17 -3.59915e-17 
-0.00909725 0.05 0.1 0.2 -0.025 -0.05 0.12 6.12323e-17 1 -6.12323e-17 3.7494e-33 
-0.0093938 0.05 0.1 0.2 0.015 -0.04 0.12 0.809017 -0.587785 -3.59914e-17 4.9538e-17 
-0.00939406 0.05 0.1 0.2 -0.015 0.04 0.12 0.587785 0.809017 -4.9538e-17 3.59915e-17 
-0.0146889 0.05 0.1 0.2 0.02 -0.07 0.08 -0.572061 0.415627 0.415627 0.572062 
-0.0177873 0.05 0.1 0.2 0.015 -0.07 0.08 -0.572061 0.415627 0.415627 0.572062 
-0.0181926 0.05 0.1 0.2 0.015 0.07 0.08 0.572061 -0.415627 0.415627 0.572062 
-0.0233509 0.05 0.1 0.2 -0.025 0.04 0.12 1 0 0 6.12323e-17 
-0.0273888 0.05 0.1 0.2 -0.025 0.07 0.08 0.415627 0.572061 -0.572061 0.415629 
-0.0335967 0.05 0.1 0.2 0.015 -0.05 0.12 -0.309017 0.951057 -5.82354e-17 -1.89218e-17 
-0.0385382 0.05 0.1 0.2 -0.025 -0.07 0.08 -0.415627 -0.572061 -0.572061 0.415629 
-0.143844 0.05 0.1 0.2 0.01 -0.05 0.12 -0.309017 0.951057 -5.82354e-17 -1.89218e-17 
-0.297483 0.05 0.1 0.2 0.005 -0.05 0.12 -0.309017 0.951057 -5.82354e-17 -1.89218e-17 
-0.498053 0.05 0.1 0.2 1.73472e-18 -0.05 0.12 -0.309017 0.951057 -5.82354e-17 -1.89218e-17 
-0.747891 0.05 0.1 0.2 -0.005 -0.05 0.12 -0.309017 0.951057 -5.82354e-17 -1.89218e-17 
-0.864817 0.05 0.1 0.2 -0.025 0.07 0.08 0.218508 0.672499 -0.672499 0.218502 
-1.04808 0.05 0.1 0.2 -0.01 -0.05 0.12 -0.309017 0.951057 -5.82354e-17 -1.89218e-17 
-1.39843 0.05 0.1 0.2 -0.015 -0.05 0.12 -0.309017 0.951057 -5.82354e-17 -1.89218e-17 
-1.79744 0.05 0.1 0.2 -0.02 -0.05 0.12 -0.309017 0.951057 -5.82354e-17 -1.89218e-17 
-2.2424 0.05 0.1 0.2 -0.025 -0.05 0.12 -0.309017 0.951057 -5.82354e-17 -1.89218e-17 
