0.103264 0.061 0.061 0.051 -0.0305 -0.0305 0.0455 0.309017 0.951057 -5.82354e-17 1.89218e-17 
0.157688 0.061 0.061 0.051 -0.0305 -0.0244 0.0455 0.309017 0.951057 -5.82354e-17 1.89218e-17 
0.0106849 0.061 0.061 0.051 -0.0305 -0.0244 0.0455 0.809017 0.587785 7.19829e-17 4.9538e-17 
0.111835 0.061 0.061 0.051 -0.0305 -0.0183 0.0455 0.309017 0.951057 -5.82354e-17 1.89218e-17 
0.066335 0.061 0.061 0.051 -0.0305 -0.0183 0.0455 0.587785 0.809017 -4.9538e-17 3.59915e-17 
0.0304592 0.061 0.061 0.051 -0.0305 -0.0183 0.0455 0.809017 0.587785 7.19829e-17 4.9538e-17 
0.0635923 0.061 0.061 0.051 -0.0305 -0.0122 0.0455 0.587785 0.809017 -4.9538e-17 3.59915e-17 
0.457753 0.061 0.061 0.051 -0.0305 -0.0122 0.0455 0.809017 0.587785 7.19829e-17 4.9538e-17 
0.0527818 0.061 0.061 0.051 -0.0305 -0.0061 0.0455 0.809017 0.587785 7.19829e-17 4.9538e-17 
0.123684 0.061 0.061 0.051 -0.0305 1.73472e-18 0.0455 0.587785 0.809017 -4.9538e-17 3.59915e-17 
0.327747 0.061 0.061 0.051 -0.0305 1.73472e-18 0.0455 0.809017 0.587785 7.19829e-17 4.9538e-17 
0.0109445 0.061 0.061 0.051 -0.0305 1.73472e-18 0.0455 0.951057 0.309017 3.78436e-17 5.82354e-17 
0.0767297 0.061 0.061 0.051 -0.0305 0.0061 0.0455 0.951057 0.309017 3.78436e-17 5.82354e-17 
0.334316 0.061 0.061 0.051 -0.0305 0.0122 0.0455 0.587785 0.809017 -4.9538e-17 3.59915e-17 
0.0476382 0.061 0.061 0.051 -0.0305 0.0122 0.0455 0.951057 0.309017 3.78436e-17 5.82354e-17 
0.26637 0.061 0.061 0.051 -0.0305 0.0183 0.0455 0.587785 0.809017 -4.9538e-17 3.59915e-17 
0.351251 0.061 0.061 0.051 -0.0305 0.0183 0.0455 0.809017 0.587785 7.19829e-17 4.9538e-17 
0.0163869 0.061 0.061 0.051 -0.0305 0.0183 0.0455 0.951057 0.309017 3.78436e-17 5.82354e-17 
0.0267311 0.061 0.061 0.051 -0.0305 0.0244 0.0455 0.809017 0.587785 7.19829e-17 4.9538e-17 
0.0136372 0.061 0.061 0.051 -0.0305 0.0244 0.0455 0.951057 0.309017 3.78436e-17 5.82354e-17 
0.0877002 0.061 0.061 0.051 -0.0305 0.0305 0.0455 0.809017 0.587785 7.19829e-17 4.9538e-17 
0.0661616 0.061 0.061 0.051 -0.0244 -0.0305 0.0455 0.309017 0.951057 -5.82354e-17 1.89218e-17 
0.15994 0.061 0.061 0.051 -0.0244 -0.0244 0.0455 0.309017 0.951057 -5.82354e-17 1.89218e-17 
0.0490974 0.061 0.061 0.051 -0.0244 -0.0244 0.0455 0.587785 0.809017 -4.9538e-17 3.59915e-17 
0.108015 0.061 0.061 0.051 -0.0244 -0.0122 0.0455 0.587785 0.809017 -4.9538e-17 3.59915e-17 
0.125055 0.061 0.061 0.051 -0.0244 -0.0061 0.0455 0.587785 0.809017 -4.9538e-17 3.59915e-17 
0.334453 0.061 0.061 0.051 -0.0244 1.73472e-18 0.0455 0.587785 0.809017 -4.9538e-17 3.59915e-17 
0.0265642 0.061 0.061 0.051 -0.0244 1.73472e-18 0.0455 0.951057 0.309017 3.78436e-17 5.82354e-17 
0.00873864 0.061 0.061 0.051 -0.0244 0.0061 0.0455 0.809017 0.587785 7.19829e-17 4.9538e-17 
0.0467166 0.061 0.061 0.051 -0.0244 0.0122 0.0455 0.809017 0.587785 7.19829e-17 4.9538e-17 
0.0200229 0.061 0.061 0.051 -0.0244 0.0122 0.0455 0.951057 0.309017 3.78436e-17 5.82354e-17 
0.0886362 0.061 0.061 0.051 -0.0244 0.0183 0.0455 0.809017 0.587785 7.19829e-17 4.9538e-17 
0.00268849 0.061 0.061 0.051 -0.0244 0.0183 0.0455 0.951057 0.309017 3.78436e-17 5.82354e-17 
0.118974 0.061 0.061 0.051 -0.0244 0.0183 0.0455 1 0 0 6.12323e-17 
0.393066 0.061 0.061 0.051 -0.0244 0.0244 0.0455 0.809017 0.587785 7.19829e-17 4.9538e-17 
0.123831 0.061 0.061 0.051 -0.0244 0.0244 0.0455 1 0 0 6.12323e-17 
0.267045 0.061 0.061 0.051 -0.0244 0.0305 0.0455 1 0 0 6.12323e-17 
0.0262275 0.061 0.061 0.051 -0.0183 -0.0305 0.0455 0.309017 0.951057 -5.82354e-17 1.89218e-17 
0.127542 0.061 0.061 0.051 -0.0183 -0.0244 0.0455 0.309017 0.951057 -5.82354e-17 1.89218e-17 
0.0355499 0.061 0.061 0.051 -0.0183 -0.0244 0.0455 0.587785 0.809017 -4.9538e-17 3.59915e-17 
0.0166001 0.061 0.061 0.051 -0.0183 -0.0183 0.0455 0.587785 0.809017 -4.9538e-17 3.59915e-17 
0.164555 0.061 0.061 0.051 -0.0183 -0.0122 0.0455 0.587785 0.809017 -4.9538e-17 3.59915e-17 
0.178842 0.061 0.061 0.051 -0.0183 -0.0061 0.0455 0.587785 0.809017 -4.9538e-17 3.59915e-17 
0.0963554 0.061 0.061 0.051 -0.0183 -0.0061 0.0455 0.809017 0.587785 7.19829e-17 4.9538e-17 
0.0734029 0.061 0.061 0.051 -0.0183 1.73472e-18 0.0455 0.587785 0.809017 -4.9538e-17 3.59915e-17 
0.229571 0.061 0.061 0.051 -0.0183 1.73472e-18 0.0455 0.809017 0.587785 7.19829e-17 4.9538e-17 
0.155929 0.061 0.061 0.051 -0.0183 0.0183 0.0455 0.809017 0.587785 7.19829e-17 4.9538e-17 
0.133956 0.061 0.061 0.051 -0.0183 0.0183 0.0455 0.951057 0.309017 3.78436e-17 5.82354e-17 
0.0182642 0.061 0.061 0.051 -0.0183 0.0244 0.0455 0.951057 0.309017 3.78436e-17 5.82354e-17 
0.0533076 0.061 0.061 0.051 -0.0183 0.0244 0.0455 1 0 0 6.12323e-17 
0.415587 0.061 0.061 0.051 -0.0183 0.0305 0.0455 1 0 0 6.12323e-17 
0.0659999 0.061 0.061 0.051 -0.0122 -0.0244 0.0455 6.12323e-17 1 -6.12323e-17 3.7494e-33 
1.09346 0.061 0.061 0.051 -0.0122 -0.0244 0.0455 0.309017 0.951057 -5.82354e-17 1.89218e-17 
0.111689 0.061 0.061 0.051 -0.0122 -0.0244 0.0455 0.587785 0.809017 -4.9538e-17 3.59915e-17 
0.248682 0.061 0.061 0.051 -0.0122 -0.0183 0.0455 0.309017 0.951057 -5.82354e-17 1.89218e-17 
1.25046 0.061 0.061 0.051 -0.0122 1.73472e-18 0.0455 0.809017 0.587785 7.19829e-17 4.9538e-17 
0.195877 0.061 0.061 0.051 -0.0122 0.0061 0.0455 0.809017 0.587785 7.19829e-17 4.9538e-17 
0.15363 0.061 0.061 0.051 -0.0122 0.0122 0.0455 0.809017 0.587785 7.19829e-17 4.9538e-17 
0.107163 0.061 0.061 0.051 -0.0122 0.0183 0.0455 1 0 0 6.12323e-17 
0.0222222 0.061 0.061 0.051 -0.0122 0.0244 0.0455 0.809017 0.587785 7.19829e-17 4.9538e-17 
0.0667252 0.061 0.061 0.051 -0.0122 0.0305 0.0455 0.951057 0.309017 3.78436e-17 5.82354e-17 
0.27324 0.061 0.061 0.051 -0.0061 -0.0305 0.0455 6.12323e-17 1 -6.12323e-17 3.7494e-33 
0.0283943 0.061 0.061 0.051 -0.0061 -0.0305 0.0455 0.309017 0.951057 -5.82354e-17 1.89218e-17 
0.0440806 0.061 0.061 0.051 -0.0061 -0.0183 0.0455 0.309017 0.951057 -5.82354e-17 1.89218e-17 
0.482462 0.061 0.061 0.051 -0.0061 0.0183 0.0455 1 0 0 6.12323e-17 
0.0155195 0.061 0.061 0.051 -0.0061 0.0244 0.0455 0.951057 0.309017 3.78436e-17 5.82354e-17 
0.541306 0.061 0.061 0.051 -0.0061 0.0305 0.0455 0.951057 0.309017 3.78436e-17 5.82354e-17 
0.145665 0.061 0.061 0.051 -0.0061 0.0305 0.0455 1 0 0 6.12323e-17 
0.0377695 0.061 0.061 0.051 1.73472e-18 -0.0305 0.0455 6.12323e-17 1 -6.12323e-17 3.7494e-33 
0.0507507 0.061 0.061 0.051 1.73472e-18 -0.0305 0.0455 0.309017 0.951057 -5.82354e-17 1.89218e-17 
0.313221 0.061 0.061 0.051 1.73472e-18 -0.0183 0.0455 0.309017 0.951057 -5.82354e-17 1.89218e-17 
0.446123 0.061 0.061 0.051 1.73472e-18 0.0183 0.0455 1 0 0 6.12323e-17 
0.00756932 0.061 0.061 0.051 1.73472e-18 0.0183 0.0455 0.951057 -0.309017 -3.78436e-17 5.82354e-17 
0.263218 0.061 0.061 0.051 1.73472e-18 0.0244 0.0455 1 0 0 6.12323e-17 
0.00454098 0.061 0.061 0.051 1.73472e-18 0.0305 0.0455 1 0 0 6.12323e-17 
0.0500453 0.061 0.061 0.051 0.0061 -0.0244 0.0455 0.309017 0.951057 -5.82354e-17 1.89218e-17 
0.215346 0.061 0.061 0.051 0.0061 0.0183 0.0455 1 0 0 6.12323e-17 
0.0124796 0.061 0.061 0.051 0.0061 0.0183 0.0455 0.951057 -0.309017 -3.78436e-17 5.82354e-17 
0.39278 0.061 0.061 0.051 0.0061 0.0244 0.0455 1 0 0 6.12323e-17 
0.0182291 0.061 0.061 0.051 0.0061 0.0244 0.0455 0.951057 -0.309017 -3.78436e-17 5.82354e-17 
0.327434 0.061 0.061 0.051 0.0061 0.0305 0.0455 0.951057 0.309017 3.78436e-17 5.82354e-17 
0.240737 0.061 0.061 0.051 0.0122 -0.0305 0.0455 6.12323e-17 1 -6.12323e-17 3.7494e-33 
0.164394 0.061 0.061 0.051 0.0122 -0.0305 0.0455 -0.309017 0.951057 -5.82354e-17 -1.89218e-17 
0.193694 0.061 0.061 0.051 0.0122 -0.0244 0.0455 6.12323e-17 1 -6.12323e-17 3.7494e-33 
0.0852057 0.061 0.061 0.051 0.0122 -0.0244 0.0455 -0.587785 0.809017 -4.9538e-17 -3.59915e-17 
0.363236 0.061 0.061 0.051 0.0122 -0.0183 0.0455 -0.587785 0.809017 -4.9538e-17 -3.59915e-17 
0.0589001 0.061 0.061 0.051 0.0122 -0.0122 0.0455 -0.587785 0.809017 -4.9538e-17 -3.59915e-17 
0.168827 0.061 0.061 0.051 0.0122 -0.0061 0.0455 -0.587785 0.809017 -4.9538e-17 -3.59915e-17 
0.221025 0.061 0.061 0.051 0.0122 1.73472e-18 0.0455 -0.587785 0.809017 -4.9538e-17 -3.59915e-17 
0.117186 0.061 0.061 0.051 0.0122 0.0183 0.0455 0.951057 -0.309017 -3.78436e-17 5.82354e-17 
0.132597 0.061 0.061 0.051 0.0122 0.0244 0.0455 1 0 0 6.12323e-17 
0.0702344 0.061 0.061 0.051 0.0122 0.0244 0.0455 0.809017 -0.587785 -7.19829e-17 4.9538e-17 
0.19293 0.061 0.061 0.051 0.0122 0.0305 0.0455 1 0 0 6.12323e-17 
0.187555 0.061 0.061 0.051 0.0183 -0.0305 0.0455 6.12323e-17 1 -6.12323e-17 3.7494e-33 
0.132652 0.061 0.061 0.051 0.0183 -0.0305 0.0455 -0.587785 0.809017 -4.9538e-17 -3.59915e-17 
0.534337 0.061 0.061 0.051 0.0183 -0.0244 0.0455 6.12323e-17 1 -6.12323e-17 3.7494e-33 
0.0310942 0.061 0.061 0.051 0.0183 -0.0244 0.0455 -0.587785 0.809017 -4.9538e-17 -3.59915e-17 
0.0546178 0.061 0.061 0.051 0.0183 -0.0244 0.0455 -0.309017 0.951057 -5.82354e-17 -1.89218e-17 
0.201715 0.061 0.061 0.051 0.0183 -0.0183 0.0455 -0.587785 0.809017 -4.9538e-17 -3.59915e-17 
0.107248 0.061 0.061 0.051 0.0183 -0.0183 0.0455 -0.309017 0.951057 -5.82354e-17 -1.89218e-17 
0.146483 0.061 0.061 0.051 0.0183 -0.0122 0.0455 -0.587785 0.809017 -4.9538e-17 -3.59915e-17 
0.0955437 0.061 0.061 0.051 0.0183 -0.0061 0.0455 -0.587785 0.809017 -4.9538e-17 -3.59915e-17 
0.0674014 0.061 0.061 0.051 0.0183 1.73472e-18 0.0455 0.809017 -0.587785 -7.19829e-17 4.9538e-17 
0.00680006 0.061 0.061 0.051 0.0183 1.73472e-18 0.0455 -0.587785 0.809017 -4.9538e-17 -3.59915e-17 
0.137696 0.061 0.061 0.051 0.0183 0.0061 0.0455 0.809017 -0.587785 -7.19829e-17 4.9538e-17 
0.83268 0.061 0.061 0.051 0.0183 0.0061 0.0455 -0.587785 0.809017 -4.9538e-17 -3.59915e-17 
0.0572883 0.061 0.061 0.051 0.0183 0.0122 0.0455 0.809017 -0.587785 -7.19829e-17 4.9538e-17 
0.164686 0.061 0.061 0.051 0.0183 0.0183 0.0455 0.951057 -0.309017 -3.78436e-17 5.82354e-17 
0.134982 0.061 0.061 0.051 0.0183 0.0244 0.0455 0.951057 -0.309017 -3.78436e-17 5.82354e-17 
0.0907071 0.061 0.061 0.051 0.0183 0.0244 0.0455 0.809017 -0.587785 -7.19829e-17 4.9538e-17 
0.00269499 0.061 0.061 0.051 0.0244 -0.0305 0.0455 6.12323e-17 1 -6.12323e-17 3.7494e-33 
0.179758 0.061 0.061 0.051 0.0244 -0.0305 0.0455 -0.587785 0.809017 -4.9538e-17 -3.59915e-17 
0.0830152 0.061 0.061 0.051 0.0244 -0.0244 0.0455 -0.587785 0.809017 -4.9538e-17 -3.59915e-17 
0.0405676 0.061 0.061 0.051 0.0244 -0.0244 0.0455 -0.309017 0.951057 -5.82354e-17 -1.89218e-17 
0.040268 0.061 0.061 0.051 0.0244 -0.0183 0.0455 6.12323e-17 1 -6.12323e-17 3.7494e-33 
0.150136 0.061 0.061 0.051 0.0244 -0.0183 0.0455 -0.587785 0.809017 -4.9538e-17 -3.59915e-17 
0.0712604 0.061 0.061 0.051 0.0244 -0.0183 0.0455 -0.309017 0.951057 -5.82354e-17 -1.89218e-17 
0.0821332 0.061 0.061 0.051 0.0244 -0.0122 0.0455 -0.587785 0.809017 -4.9538e-17 -3.59915e-17 
0.0373553 0.061 0.061 0.051 0.0244 -0.0122 0.0455 -0.309017 0.951057 -5.82354e-17 -1.89218e-17 
0.00163606 0.061 0.061 0.051 0.0244 -0.0061 0.0455 0.809017 -0.587785 -7.19829e-17 4.9538e-17 
0.00247004 0.061 0.061 0.051 0.0244 -0.0061 0.0455 -0.587785 0.809017 -4.9538e-17 -3.59915e-17 
0.31571 0.061 0.061 0.051 0.0244 1.73472e-18 0.0455 0.809017 -0.587785 -7.19829e-17 4.9538e-17 
0.427587 0.061 0.061 0.051 0.0244 1.73472e-18 0.0455 -0.587785 0.809017 -4.9538e-17 -3.59915e-17 
0.00330119 0.061 0.061 0.051 0.0244 1.73472e-18 0.0455 -0.309017 0.951057 -5.82354e-17 -1.89218e-17 
0.0714736 0.061 0.061 0.051 0.0244 0.0061 0.0455 0.809017 -0.587785 -7.19829e-17 4.9538e-17 
0.391532 0.061 0.061 0.051 0.0244 0.0061 0.0455 -0.587785 0.809017 -4.9538e-17 -3.59915e-17 
0.0453487 0.061 0.061 0.051 0.0244 0.0122 0.0455 0.809017 -0.587785 -7.19829e-17 4.9538e-17 
0.0870094 0.061 0.061 0.051 0.0244 0.0183 0.0455 0.951057 -0.309017 -3.78436e-17 5.82354e-17 
0.115589 0.061 0.061 0.051 0.0244 0.0183 0.0455 0.809017 -0.587785 -7.19829e-17 4.9538e-17 
0.0933288 0.061 0.061 0.051 0.0244 0.0244 0.0455 0.809017 -0.587785 -7.19829e-17 4.9538e-17 
1.05374 0.061 0.061 0.051 0.0305 -0.0305 0.0455 -0.587785 0.809017 -4.9538e-17 -3.59915e-17 
0.152502 0.061 0.061 0.051 0.0305 -0.0244 0.0455 -0.587785 0.809017 -4.9538e-17 -3.59915e-17 
0.0615332 0.061 0.061 0.051 0.0305 -0.0183 0.0455 -0.309017 0.951057 -5.82354e-17 -1.89218e-17 
0.127382 0.061 0.061 0.051 0.0305 -0.0122 0.0455 -0.587785 0.809017 -4.9538e-17 -3.59915e-17 
0.063234 0.061 0.061 0.051 0.0305 -0.0122 0.0455 -0.309017 0.951057 -5.82354e-17 -1.89218e-17 
0.349918 0.061 0.061 0.051 0.0305 -0.0061 0.0455 0.809017 -0.587785 -7.19829e-17 4.9538e-17 
0.0887902 0.061 0.061 0.051 0.0305 -0.0061 0.0455 -0.587785 0.809017 -4.9538e-17 -3.59915e-17 
0.0457695 0.061 0.061 0.051 0.0305 -0.0061 0.0455 -0.309017 0.951057 -5.82354e-17 -1.89218e-17 
0.0808344 0.061 0.061 0.051 0.0305 1.73472e-18 0.0455 -0.587785 0.809017 -4.9538e-17 -3.59915e-17 
0.077869 0.061 0.061 0.051 0.0305 1.73472e-18 0.0455 -0.309017 0.951057 -5.82354e-17 -1.89218e-17 
0.0676801 0.061 0.061 0.051 0.0305 0.0061 0.0455 0.809017 -0.587785 -7.19829e-17 4.9538e-17 
0.0319414 0.061 0.061 0.051 0.0305 0.0122 0.0455 0.809017 -0.587785 -7.19829e-17 4.9538e-17 
0.0874312 0.061 0.061 0.051 0.0305 0.0122 0.0455 -0.587785 0.809017 -4.9538e-17 -3.59915e-17 
0.0199964 0.061 0.061 0.051 0.0305 0.0183 0.0455 0.951057 -0.309017 -3.78436e-17 5.82354e-17 
0.0602224 0.061 0.061 0.051 0.0305 0.0244 0.0455 0.951057 -0.309017 -3.78436e-17 5.82354e-17 
