0.174999 0.05 0.05 0.2 -0.005 -0.025 0.12 0.309017 0.951057 -5.82354e-17 1.89218e-17 
0.170279 0.05 0.05 0.2 -0.01 -0.005 0.12 0.809017 0.587785 3.59914e-17 4.9538e-17 
0.170094 0.05 0.05 0.2 0.01 0.005 0.12 -0.587785 0.809017 -4.9538e-17 -3.59915e-17 
0.163407 0.05 0.05 0.2 -0.01 -0.025 0.12 0.309017 0.951057 -5.82354e-17 1.89218e-17 
0.147269 0.05 0.05 0.2 1.73472e-18 -0.025 0.12 0.309017 0.951057 -5.82354e-17 1.89218e-17 
0.145015 0.05 0.05 0.2 -0.005 -0.02 0.12 0.309017 0.951057 -5.82354e-17 1.89218e-17 
0.14484 0.05 0.05 0.2 0.005 0.02 0.12 0.951057 -0.309017 -1.89218e-17 5.82354e-17 
0.137369 0.05 0.05 0.2 -0.01 -0.01 0.12 0.809017 0.587785 3.59914e-17 4.9538e-17 
0.137231 0.05 0.05 0.2 0.01 0.01 0.12 -0.587785 0.809017 -4.9538e-17 -3.59915e-17 
0.135349 0.05 0.05 0.2 -0.015 -0.025 0.12 0.309017 0.951057 -5.82354e-17 1.89218e-17 
0.133185 0.05 0.05 0.2 -0.01 -0.02 0.12 0.309017 0.951057 -5.82354e-17 1.89218e-17 
0.133052 0.05 0.05 0.2 0.01 0.02 0.12 0.951057 -0.309017 -1.89218e-17 5.82354e-17 
0.128678 0.05 0.05 0.2 -0.01 1.73472e-18 0.12 0.809017 0.587785 3.59914e-17 4.9538e-17 
0.128466 0.05 0.05 0.2 0.01 1.73472e-18 0.12 -0.587785 0.809017 -4.9538e-17 -3.59915e-17 
0.121473 0.05 0.05 0.2 -0.025 -0.025 0.12 0.309017 0.951057 -5.82354e-17 1.89218e-17 
0.119298 0.05 0.05 0.2 -0.015 -0.005 0.12 0.809017 0.587785 3.59914e-17 4.9538e-17 
0.119282 0.05 0.05 0.2 0.015 0.005 0.12 -0.587785 0.809017 -4.9538e-17 -3.59915e-17 
0.117574 0.05 0.05 0.2 1.73472e-18 -0.02 0.12 0.309017 0.951057 -5.82354e-17 1.89218e-17 
0.117357 0.05 0.05 0.2 1.73472e-18 0.02 0.12 0.951057 -0.309017 -1.89218e-17 5.82354e-17 
0.115517 0.05 0.05 0.2 -0.005 -0.015 0.12 0.309017 0.951057 -5.82354e-17 1.89218e-17 
0.115517 0.05 0.05 0.2 0.005 0.015 0.12 0.951057 -0.309017 -1.89218e-17 5.82354e-17 
0.113822 0.05 0.05 0.2 -0.02 -0.025 0.12 0.309017 0.951057 -5.82354e-17 1.89218e-17 
0.104987 0.05 0.05 0.2 -0.015 -0.02 0.12 0.309017 0.951057 -5.82354e-17 1.89218e-17 
0.104896 0.05 0.05 0.2 0.015 0.02 0.12 0.951057 -0.309017 -1.89218e-17 5.82354e-17 
0.10338 0.05 0.05 0.2 -0.01 -0.015 0.12 0.309017 0.951057 -5.82354e-17 1.89218e-17 
0.10338 0.05 0.05 0.2 0.01 0.015 0.12 0.951057 -0.309017 -1.89218e-17 5.82354e-17 
0.100296 0.05 0.05 0.2 0.015 0.01 0.12 -0.587785 0.809017 -4.9538e-17 -3.59915e-17 
0.100276 0.05 0.05 0.2 -0.015 -0.01 0.12 0.809017 0.587785 3.59914e-17 4.9538e-17 
0.0911028 0.05 0.05 0.2 -0.025 -0.02 0.12 0.309017 0.951057 -5.82354e-17 1.89218e-17 
0.0892598 0.05 0.05 0.2 -0.015 1.73472e-18 0.12 0.809017 0.587785 3.59914e-17 4.9538e-17 
0.0892477 0.05 0.05 0.2 0.015 1.73472e-18 0.12 -0.587785 0.809017 -4.9538e-17 -3.59915e-17 
0.08851 0.05 0.05 0.2 1.73472e-18 -0.015 0.12 0.309017 0.951057 -5.82354e-17 1.89218e-17 
0.08851 0.05 0.05 0.2 1.73472e-18 0.015 0.12 0.951057 -0.309017 -1.89218e-17 5.82354e-17 
0.0834235 0.05 0.05 0.2 -0.02 -0.02 0.12 0.309017 0.951057 -5.82354e-17 1.89218e-17 
0.0833759 0.05 0.05 0.2 0.02 0.02 0.12 0.951057 -0.309017 -1.89218e-17 5.82354e-17 
0.0819268 0.05 0.05 0.2 0.015 -0.01 0.12 6.12323e-17 1 -6.12323e-17 3.7494e-33 
0.0819266 0.05 0.05 0.2 -0.015 0.01 0.12 1 0 0 6.12323e-17 
0.0801415 0.05 0.05 0.2 -0.025 0.02 0.12 0.809017 0.587785 3.59914e-17 4.9538e-17 
0.0750042 0.05 0.05 0.2 -0.015 -0.015 0.12 0.309017 0.951057 -5.82354e-17 1.89218e-17 
0.0750041 0.05 0.05 0.2 0.015 0.015 0.12 0.951057 -0.309017 -1.89218e-17 5.82354e-17 
0.0734679 0.05 0.05 0.2 0.01 0.01 0.12 0.951057 -0.309017 -1.89218e-17 5.82354e-17 
0.0734011 0.05 0.05 0.2 -0.01 -0.01 0.12 0.309017 0.951057 -5.82354e-17 1.89218e-17 
0.0710403 0.05 0.05 0.2 0.01 -0.01 0.12 6.12323e-17 1 -6.12323e-17 3.7494e-33 
0.0710402 0.05 0.05 0.2 -0.01 0.01 0.12 1 0 0 6.12323e-17 
0.0700643 0.05 0.05 0.2 -0.025 0.015 0.12 0.809017 0.587785 3.59914e-17 4.9538e-17 
0.0680827 0.05 0.05 0.2 -0.015 -0.005 0.12 0.587785 0.809017 -4.9538e-17 3.59915e-17 
0.0679922 0.05 0.05 0.2 0.015 0.005 0.12 0.809017 -0.587785 -3.59914e-17 4.9538e-17 
0.0678899 0.05 0.05 0.2 0.02 0.005 0.12 -0.587785 0.809017 -4.9538e-17 -3.59915e-17 
0.0678393 0.05 0.05 0.2 -0.02 -0.005 0.12 0.809017 0.587785 3.59914e-17 4.9538e-17 
0.0656267 0.05 0.05 0.2 0.015 1.73472e-18 0.12 0.809017 -0.587785 -3.59914e-17 4.9538e-17 
0.0655572 0.05 0.05 0.2 -0.015 1.73472e-18 0.12 0.587785 0.809017 -4.9538e-17 3.59915e-17 
0.0628762 0.05 0.05 0.2 0.02 0.01 0.12 -0.587785 0.809017 -4.9538e-17 -3.59915e-17 
0.0628014 0.05 0.05 0.2 -0.02 -0.01 0.12 0.809017 0.587785 3.59914e-17 4.9538e-17 
0.0624708 0.05 0.05 0.2 0.02 -0.01 0.12 6.12323e-17 1 -6.12323e-17 3.7494e-33 
0.0624705 0.05 0.05 0.2 -0.02 0.01 0.12 1 0 0 6.12323e-17 
0.0618487 0.05 0.05 0.2 -0.01 0.005 0.12 0.809017 0.587785 3.59914e-17 4.9538e-17 
0.0616527 0.05 0.05 0.2 0.01 -0.005 0.12 -0.587785 0.809017 -4.9538e-17 -3.59915e-17 
0.0609456 0.05 0.05 0.2 -0.025 -0.015 0.12 0.309017 0.951057 -5.82354e-17 1.89218e-17 
0.0579951 0.05 0.05 0.2 0.005 -0.025 0.12 0.309017 0.951057 -5.82354e-17 1.89218e-17 
0.053462 0.05 0.05 0.2 -0.02 0.02 0.12 0.809017 0.587785 3.59914e-17 4.9538e-17 
0.0534422 0.05 0.05 0.2 0.02 -0.02 0.12 -0.587785 0.809017 -4.9538e-17 -3.59915e-17 
0.0533502 0.05 0.05 0.2 0.02 0.015 0.12 0.951057 -0.309017 -1.89218e-17 5.82354e-17 
0.0533502 0.05 0.05 0.2 -0.02 -0.015 0.12 0.309017 0.951057 -5.82354e-17 1.89218e-17 
0.0526714 0.05 0.05 0.2 0.015 -0.015 0.12 6.12323e-17 1 -6.12323e-17 3.7494e-33 
0.0526708 0.05 0.05 0.2 -0.015 0.015 0.12 1 0 0 6.12323e-17 
0.049665 0.05 0.05 0.2 -0.015 -0.01 0.12 0.587785 0.809017 -4.9538e-17 3.59915e-17 
0.0496114 0.05 0.05 0.2 0.01 -0.015 0.12 6.12323e-17 1 -6.12323e-17 3.7494e-33 
0.049611 0.05 0.05 0.2 -0.01 0.015 0.12 1 0 0 6.12323e-17 
0.0495549 0.05 0.05 0.2 0.02 1.73472e-18 0.12 -0.587785 0.809017 -4.9538e-17 -3.59915e-17 
0.0495251 0.05 0.05 0.2 0.015 0.01 0.12 0.809017 -0.587785 -3.59914e-17 4.9538e-17 
0.049466 0.05 0.05 0.2 -0.02 1.73472e-18 0.12 0.809017 0.587785 3.59914e-17 4.9538e-17 
0.0466685 0.05 0.05 0.2 0.015 -0.005 0.12 -0.587785 0.809017 -4.9538e-17 -3.59915e-17 
0.0466452 0.05 0.05 0.2 -0.015 0.005 0.12 0.809017 0.587785 3.59914e-17 4.9538e-17 
0.0461149 0.05 0.05 0.2 0.015 -0.005 0.12 0.809017 -0.587785 -3.59914e-17 4.9538e-17 
0.0459729 0.05 0.05 0.2 -0.02 -0.005 0.12 0.587785 0.809017 -4.9538e-17 3.59915e-17 
0.0459306 0.05 0.05 0.2 -0.015 0.005 0.12 0.587785 0.809017 -4.9538e-17 3.59915e-17 
0.0458542 0.05 0.05 0.2 0.02 0.005 0.12 0.809017 -0.587785 -3.59914e-17 4.9538e-17 
0.0449198 0.05 0.05 0.2 0.015 0.01 0.12 0.951057 -0.309017 -1.89218e-17 5.82354e-17 
0.0448753 0.05 0.05 0.2 -0.015 -0.01 0.12 0.309017 0.951057 -5.82354e-17 1.89218e-17 
0.0444171 0.05 0.05 0.2 -0.005 0.01 0.12 1 0 0 6.12323e-17 
0.044417 0.05 0.05 0.2 0.005 -0.01 0.12 6.12323e-17 1 -6.12323e-17 3.7494e-33 
0.043436 0.05 0.05 0.2 0.02 -0.015 0.12 -0.587785 0.809017 -4.9538e-17 -3.59915e-17 
0.0433652 0.05 0.05 0.2 -0.02 0.015 0.12 0.809017 0.587785 3.59914e-17 4.9538e-17 
0.0423268 0.05 0.05 0.2 0.02 1.73472e-18 0.12 0.809017 -0.587785 -3.59914e-17 4.9538e-17 
0.0423112 0.05 0.05 0.2 -0.02 1.73472e-18 0.12 0.587785 0.809017 -4.9538e-17 3.59915e-17 
0.039505 0.05 0.05 0.2 -0.02 0.015 0.12 0.951057 0.309017 1.89218e-17 5.82354e-17 
0.0395049 0.05 0.05 0.2 0.02 -0.015 0.12 -0.309017 0.951057 -5.82354e-17 -1.89218e-17 
0.0389795 0.05 0.05 0.2 -0.02 0.02 0.12 0.951057 0.309017 1.89218e-17 5.82354e-17 
0.0389784 0.05 0.05 0.2 0.02 -0.02 0.12 -0.309017 0.951057 -5.82354e-17 -1.89218e-17 
0.0388222 0.05 0.05 0.2 -0.025 0.01 0.12 0.809017 0.587785 3.59914e-17 4.9538e-17 
0.0366262 0.05 0.05 0.2 0.02 -0.015 0.12 6.12323e-17 1 -6.12323e-17 3.7494e-33 
0.0366259 0.05 0.05 0.2 -0.02 0.015 0.12 1 0 0 6.12323e-17 
0.0347863 0.05 0.05 0.2 0.005 -0.015 0.12 6.12323e-17 1 -6.12323e-17 3.7494e-33 
0.0347861 0.05 0.05 0.2 -0.005 0.015 0.12 1 0 0 6.12323e-17 
0.0342432 0.05 0.05 0.2 -0.025 -0.005 0.12 0.587785 0.809017 -4.9538e-17 3.59915e-17 
0.0329522 0.05 0.05 0.2 0.02 -0.01 0.12 -0.309017 0.951057 -5.82354e-17 -1.89218e-17 
0.0329512 0.05 0.05 0.2 -0.02 0.01 0.12 0.951057 0.309017 1.89218e-17 5.82354e-17 
0.0328192 0.05 0.05 0.2 -0.01 -0.015 0.12 0.587785 0.809017 -4.9538e-17 3.59915e-17 
0.0327034 0.05 0.05 0.2 0.01 0.015 0.12 0.809017 -0.587785 -3.59914e-17 4.9538e-17 
0.0319169 0.05 0.05 0.2 -0.02 -0.01 0.12 0.587785 0.809017 -4.9538e-17 3.59915e-17 
0.0318071 0.05 0.05 0.2 0.02 0.01 0.12 0.809017 -0.587785 -3.59914e-17 4.9538e-17 
0.0313914 0.05 0.05 0.2 0.02 -0.005 0.12 -0.587785 0.809017 -4.9538e-17 -3.59915e-17 
0.0312479 0.05 0.05 0.2 -0.02 0.005 0.12 0.809017 0.587785 3.59914e-17 4.9538e-17 
0.0306133 0.05 0.05 0.2 -0.025 -0.01 0.12 0.309017 0.951057 -5.82354e-17 1.89218e-17 
0.0293613 0.05 0.05 0.2 -0.025 1.73472e-18 0.12 0.587785 0.809017 -4.9538e-17 3.59915e-17 
0.0291111 0.05 0.05 0.2 0.02 -0.01 0.12 -0.587785 0.809017 -4.9538e-17 -3.59915e-17 
0.0289633 0.05 0.05 0.2 -0.02 0.01 0.12 0.809017 0.587785 3.59914e-17 4.9538e-17 
0.0288133 0.05 0.05 0.2 -0.015 0.02 0.12 0.951057 0.309017 1.89218e-17 5.82354e-17 
0.028812 0.05 0.05 0.2 0.015 -0.02 0.12 -0.309017 0.951057 -5.82354e-17 -1.89218e-17 
0.028553 0.05 0.05 0.2 0.005 -0.02 0.12 0.309017 0.951057 -5.82354e-17 1.89218e-17 
0.0282959 0.05 0.05 0.2 -0.005 0.02 0.12 0.951057 -0.309017 -1.89218e-17 5.82354e-17 
0.0281355 0.05 0.05 0.2 -0.015 0.015 0.12 0.951057 0.309017 1.89218e-17 5.82354e-17 
0.0281354 0.05 0.05 0.2 0.015 -0.015 0.12 -0.309017 0.951057 -5.82354e-17 -1.89218e-17 
0.0278551 0.05 0.05 0.2 0.01 -0.02 0.12 6.12323e-17 1 -6.12323e-17 3.7494e-33 
0.0278549 0.05 0.05 0.2 -0.01 0.02 0.12 1 0 0 6.12323e-17 
0.0266514 0.05 0.05 0.2 0.02 -0.025 0.12 -0.309017 0.951057 -5.82354e-17 -1.89218e-17 
0.026555 0.05 0.05 0.2 -0.025 0.015 0.12 0.951057 0.309017 1.89218e-17 5.82354e-17 
0.0264156 0.05 0.05 0.2 -0.025 -0.015 0.12 0.809017 0.587785 3.59914e-17 4.9538e-17 
0.0263841 0.05 0.05 0.2 -0.015 0.02 0.12 0.809017 0.587785 3.59914e-17 4.9538e-17 
0.0263013 0.05 0.05 0.2 0.015 -0.02 0.12 -0.587785 0.809017 -4.9538e-17 -3.59915e-17 
0.0252452 0.05 0.05 0.2 0.02 -0.005 0.12 0.809017 -0.587785 -3.59914e-17 4.9538e-17 
0.025162 0.05 0.05 0.2 -0.025 0.02 0.12 0.951057 0.309017 1.89218e-17 5.82354e-17 
0.0250963 0.05 0.05 0.2 -0.02 0.005 0.12 0.587785 0.809017 -4.9538e-17 3.59915e-17 
0.0249449 0.05 0.05 0.2 -0.025 -0.01 0.12 0.809017 0.587785 3.59914e-17 4.9538e-17 
0.0249068 0.05 0.05 0.2 0.005 -0.02 0.12 6.12323e-17 1 -6.12323e-17 3.7494e-33 
0.0249064 0.05 0.05 0.2 -0.005 0.02 0.12 1 0 0 6.12323e-17 
0.0246482 0.05 0.05 0.2 -0.025 -0.01 0.12 0.587785 0.809017 -4.9538e-17 3.59915e-17 
0.0236075 0.05 0.05 0.2 0.02 -0.005 0.12 -0.309017 0.951057 -5.82354e-17 -1.89218e-17 
0.0236063 0.05 0.05 0.2 -0.02 0.005 0.12 0.951057 0.309017 1.89218e-17 5.82354e-17 
0.0231675 0.05 0.05 0.2 0.02 0.01 0.12 0.951057 -0.309017 -1.89218e-17 5.82354e-17 
0.0231454 0.05 0.05 0.2 -0.02 -0.01 0.12 0.309017 0.951057 -5.82354e-17 1.89218e-17 
0.0230505 0.05 0.05 0.2 0.015 -0.02 0.12 6.12323e-17 1 -6.12323e-17 3.7494e-33 
0.0230502 0.05 0.05 0.2 -0.015 0.02 0.12 1 0 0 6.12323e-17 
0.020763 0.05 0.05 0.2 0.015 -0.01 0.12 -0.309017 0.951057 -5.82354e-17 -1.89218e-17 
0.0207614 0.05 0.05 0.2 -0.015 0.01 0.12 0.951057 0.309017 1.89218e-17 5.82354e-17 
0.0205498 0.05 0.05 0.2 -0.025 0.01 0.12 0.951057 0.309017 1.89218e-17 5.82354e-17 
0.0191305 0.05 0.05 0.2 0.015 -0.01 0.12 0.809017 -0.587785 -3.59914e-17 4.9538e-17 
0.0190115 0.05 0.05 0.2 -0.015 0.01 0.12 0.587785 0.809017 -4.9538e-17 3.59915e-17 
0.0187994 0.05 0.05 0.2 0.015 -0.01 0.12 -0.587785 0.809017 -4.9538e-17 -3.59915e-17 
0.0187649 0.05 0.05 0.2 -0.015 0.01 0.12 0.809017 0.587785 3.59914e-17 4.9538e-17 
0.0185277 0.05 0.05 0.2 -0.025 -0.02 0.12 0.809017 0.587785 3.59914e-17 4.9538e-17 
0.0181989 0.05 0.05 0.2 0.015 -0.025 0.12 -0.309017 0.951057 -5.82354e-17 -1.89218e-17 
0.0179323 0.05 0.05 0.2 1.73472e-18 -0.025 0.12 6.12323e-17 1 -6.12323e-17 3.7494e-33 
0.0174894 0.05 0.05 0.2 1.73472e-18 -0.02 0.12 6.12323e-17 1 -6.12323e-17 3.7494e-33 
0.0174893 0.05 0.05 0.2 1.73472e-18 0.02 0.12 1 0 0 6.12323e-17 
0.0167995 0.05 0.05 0.2 1.73472e-18 -0.015 0.12 6.12323e-17 1 -6.12323e-17 3.7494e-33 
0.0167992 0.05 0.05 0.2 1.73472e-18 0.015 0.12 1 0 0 6.12323e-17 
0.0166533 0.05 0.05 0.2 -0.005 -0.025 0.12 6.12323e-17 1 -6.12323e-17 3.7494e-33 
0.0162919 0.05 0.05 0.2 -0.015 0.015 0.12 0.809017 0.587785 3.59914e-17 4.9538e-17 
0.0162778 0.05 0.05 0.2 0.015 -0.015 0.12 -0.587785 0.809017 -4.9538e-17 -3.59915e-17 
0.0161725 0.05 0.05 0.2 -0.015 -0.015 0.12 0.587785 0.809017 -4.9538e-17 3.59915e-17 
0.016163 0.05 0.05 0.2 0.015 0.015 0.12 0.809017 -0.587785 -3.59914e-17 4.9538e-17 
0.0159812 0.05 0.05 0.2 -0.025 -0.005 0.12 0.809017 0.587785 3.59914e-17 4.9538e-17 
0.015939 0.05 0.05 0.2 1.73472e-18 0.01 0.12 1 0 0 6.12323e-17 
0.015939 0.05 0.05 0.2 1.73472e-18 -0.01 0.12 6.12323e-17 1 -6.12323e-17 3.7494e-33 
0.0155113 0.05 0.05 0.2 -0.025 0.005 0.12 0.809017 0.587785 3.59914e-17 4.9538e-17 
0.0153633 0.05 0.05 0.2 0.02 1.73472e-18 0.12 -0.309017 0.951057 -5.82354e-17 -1.89218e-17 
0.0153629 0.05 0.05 0.2 -0.02 1.73472e-18 0.12 0.951057 0.309017 1.89218e-17 5.82354e-17 
0.0147632 0.05 0.05 0.2 0.005 -0.025 0.12 6.12323e-17 1 -6.12323e-17 3.7494e-33 
0.0144814 0.05 0.05 0.2 -0.025 0.005 0.12 0.587785 0.809017 -4.9538e-17 3.59915e-17 
0.0143941 0.05 0.05 0.2 1.73472e-18 -0.025 0.12 0.587785 0.809017 -4.9538e-17 3.59915e-17 
0.0140194 0.05 0.05 0.2 -0.025 -0.025 0.12 0.809017 0.587785 3.59914e-17 4.9538e-17 
0.0135984 0.05 0.05 0.2 -0.01 -0.025 0.12 6.12323e-17 1 -6.12323e-17 3.7494e-33 
0.012088 0.05 0.05 0.2 -0.02 -0.01 0.12 6.12323e-17 1 -6.12323e-17 3.7494e-33 
0.0120879 0.05 0.05 0.2 0.02 0.01 0.12 1 0 0 6.12323e-17 
0.0120862 0.05 0.05 0.2 -0.005 -0.025 0.12 0.587785 0.809017 -4.9538e-17 3.59915e-17 
0.0117732 0.05 0.05 0.2 -0.02 -0.005 0.12 0.951057 0.309017 1.89218e-17 5.82354e-17 
0.0117732 0.05 0.05 0.2 0.02 0.005 0.12 -0.309017 0.951057 -5.82354e-17 -1.89218e-17 
0.0115935 0.05 0.05 0.2 -0.025 0.005 0.12 0.951057 0.309017 1.89218e-17 5.82354e-17 
0.0114446 0.05 0.05 0.2 -0.01 0.02 0.12 0.951057 0.309017 1.89218e-17 5.82354e-17 
0.011443 0.05 0.05 0.2 0.01 -0.02 0.12 -0.309017 0.951057 -5.82354e-17 -1.89218e-17 
0.0107573 0.05 0.05 0.2 -0.015 -0.025 0.12 6.12323e-17 1 -6.12323e-17 3.7494e-33 
0.0107165 0.05 0.05 0.2 -0.02 -0.015 0.12 6.12323e-17 1 -6.12323e-17 3.7494e-33 
0.0107162 0.05 0.05 0.2 0.02 0.015 0.12 1 0 0 6.12323e-17 
0.0107071 0.05 0.05 0.2 0.02 -0.025 0.12 -0.587785 0.809017 -4.9538e-17 -3.59915e-17 
0.0105988 0.05 0.05 0.2 0.02 0.015 0.12 -0.587785 0.809017 -4.9538e-17 -3.59915e-17 
0.0104734 0.05 0.05 0.2 -0.02 -0.015 0.12 0.809017 0.587785 3.59914e-17 4.9538e-17 
0.0104619 0.05 0.05 0.2 0.02 -0.02 0.12 6.12323e-17 1 -6.12323e-17 3.7494e-33 
0.0104618 0.05 0.05 0.2 -0.02 0.02 0.12 1 0 0 6.12323e-17 
0.0101317 0.05 0.05 0.2 -0.005 -0.02 0.12 6.12323e-17 1 -6.12323e-17 3.7494e-33 
0.0101311 0.05 0.05 0.2 0.005 0.02 0.12 1 0 0 6.12323e-17 
0.00936673 0.05 0.05 0.2 0.01 -0.015 0.12 -0.309017 0.951057 -5.82354e-17 -1.89218e-17 
0.00936667 0.05 0.05 0.2 -0.01 0.015 0.12 0.951057 0.309017 1.89218e-17 5.82354e-17 
0.00930393 0.05 0.05 0.2 -0.025 1.73472e-18 0.12 0.809017 0.587785 3.59914e-17 4.9538e-17 
0.00918575 0.05 0.05 0.2 -0.02 -0.02 0.12 6.12323e-17 1 -6.12323e-17 3.7494e-33 
0.00918538 0.05 0.05 0.2 0.02 0.02 0.12 1 0 0 6.12323e-17 
0.00852704 0.05 0.05 0.2 -0.01 0.01 0.12 0.809017 0.587785 3.59914e-17 4.9538e-17 
0.00835091 0.05 0.05 0.2 0.01 -0.01 0.12 -0.587785 0.809017 -4.9538e-17 -3.59915e-17 
0.00790585 0.05 0.05 0.2 -0.005 -0.02 0.12 0.587785 0.809017 -4.9538e-17 3.59915e-17 
0.00784789 0.05 0.05 0.2 0.005 0.02 0.12 0.809017 -0.587785 -3.59914e-17 4.9538e-17 
0.00754415 0.05 0.05 0.2 -0.015 -0.02 0.12 6.12323e-17 1 -6.12323e-17 3.7494e-33 
0.00754374 0.05 0.05 0.2 0.015 0.02 0.12 1 0 0 6.12323e-17 
0.00743507 0.05 0.05 0.2 -0.02 -0.025 0.12 6.12323e-17 1 -6.12323e-17 3.7494e-33 
0.00734855 0.05 0.05 0.2 -0.02 -0.025 0.12 -0.309017 0.951057 -5.82354e-17 -1.89218e-17 
0.00665891 0.05 0.05 0.2 0.015 -0.025 0.12 -0.587785 0.809017 -4.9538e-17 -3.59915e-17 
0.00653728 0.05 0.05 0.2 -0.01 -0.02 0.12 6.12323e-17 1 -6.12323e-17 3.7494e-33 
0.0065371 0.05 0.05 0.2 0.01 0.02 0.12 1 0 0 6.12323e-17 
0.00642686 0.05 0.05 0.2 -0.025 -0.01 0.12 0.951057 0.309017 1.89218e-17 5.82354e-17 
0.00582748 0.05 0.05 0.2 0.01 -0.025 0.12 6.12323e-17 1 -6.12323e-17 3.7494e-33 
0.00570557 0.05 0.05 0.2 0.005 -0.025 0.12 0.587785 0.809017 -4.9538e-17 3.59915e-17 
0.00552208 0.05 0.05 0.2 -0.025 -0.01 0.12 6.12323e-17 1 -6.12323e-17 3.7494e-33 
0.0053033 0.05 0.05 0.2 -0.015 -0.025 0.12 -0.309017 0.951057 -5.82354e-17 -1.89218e-17 
0.00479648 0.05 0.05 0.2 0.02 0.015 0.12 0.809017 -0.587785 -3.59914e-17 4.9538e-17 
0.00471685 0.05 0.05 0.2 -0.02 -0.015 0.12 0.587785 0.809017 -4.9538e-17 3.59915e-17 
0.00413473 0.05 0.05 0.2 -0.01 -0.025 0.12 0.587785 0.809017 -4.9538e-17 3.59915e-17 
0.00411158 0.05 0.05 0.2 -0.015 -0.015 0.12 6.12323e-17 1 -6.12323e-17 3.7494e-33 
0.00411123 0.05 0.05 0.2 0.015 0.015 0.12 1 0 0 6.12323e-17 
0.00384548 0.05 0.05 0.2 -0.025 -0.015 0.12 0.587785 0.809017 -4.9538e-17 3.59915e-17 
0.00377447 0.05 0.05 0.2 -0.025 1.73472e-18 0.12 0.951057 0.309017 1.89218e-17 5.82354e-17 
0.00361126 0.05 0.05 0.2 0.02 -0.01 0.12 0.809017 -0.587785 -3.59914e-17 4.9538e-17 
0.00347445 0.05 0.05 0.2 -0.02 0.01 0.12 0.587785 0.809017 -4.9538e-17 3.59915e-17 
0.00337961 0.05 0.05 0.2 -0.005 -0.015 0.12 6.12323e-17 1 -6.12323e-17 3.7494e-33 
0.00337936 0.05 0.05 0.2 0.005 0.015 0.12 1 0 0 6.12323e-17 
0.00330686 0.05 0.05 0.2 -0.025 -0.015 0.12 6.12323e-17 1 -6.12323e-17 3.7494e-33 
0.00277549 0.05 0.05 0.2 0.01 -0.025 0.12 -0.309017 0.951057 -5.82354e-17 -1.89218e-17 
0.00247169 0.05 0.05 0.2 0.01 -0.025 0.12 -0.587785 0.809017 -4.9538e-17 -3.59915e-17 
0.00095716 0.05 0.05 0.2 -0.025 -0.025 0.12 0.587785 0.809017 -4.9538e-17 3.59915e-17 
0.000945996 0.05 0.05 0.2 -0.025 -0.02 0.12 6.12323e-17 1 -6.12323e-17 3.7494e-33 
0.000873655 0.05 0.05 0.2 -0.025 -0.005 0.12 0.951057 0.309017 1.89218e-17 5.82354e-17 
0.00055 0.05 0.05 0.2 -0.015 -0.01 0.12 6.12323e-17 1 -6.12323e-17 3.7494e-33 
0.000549709 0.05 0.05 0.2 0.015 0.01 0.12 1 0 0 6.12323e-17 
6.04e-06 0.05 0.05 0.2 0.005 -0.015 0.12 0.309017 0.951057 -5.82354e-17 1.89218e-17 
6.03707e-06 0.05 0.05 0.2 -0.005 0.015 0.12 0.951057 -0.309017 -1.89218e-17 5.82354e-17 
1.12151e-08 0.05 0.05 0.2 -0.025 -0.005 0.12 0.309017 0.951057 -5.82354e-17 1.89218e-17 
1.3765e-10 0.05 0.05 0.2 0.015 0.045 0.06 0.572061 -0.415627 0.415627 0.572062 
1.3724e-10 0.05 0.05 0.2 0.015 0.045 0.04 0.572061 -0.415627 0.415627 0.572062 
1.33503e-10 0.05 0.05 0.2 0.015 0.045 0.08 0.572061 -0.415627 0.415627 0.572062 
1.32278e-10 0.05 0.05 0.2 0.015 0.045 0.02 0.572061 -0.415627 0.415627 0.572062 
1.25856e-10 0.05 0.05 0.2 0.015 -0.045 -0.02 -0.572061 0.415627 0.415627 0.572062 
1.23208e-10 0.05 0.05 0.2 0.015 0.045 6.93889e-18 0.572061 -0.415627 0.415627 0.572062 
1.23193e-10 0.05 0.05 0.2 -0.015 0.045 -0.02 0.415627 0.572061 -0.572061 0.415629 
1.22031e-10 0.05 0.05 0.2 0.02 -0.045 -0.02 -0.572061 0.415627 0.415627 0.572062 
1.19554e-10 0.05 0.05 0.2 0.02 0.045 0.06 0.572061 -0.415627 0.415627 0.572062 
1.17682e-10 0.05 0.05 0.2 0.02 0.045 0.04 0.572061 -0.415627 0.415627 0.572062 
1.174e-10 0.05 0.05 0.2 0.015 -0.045 6.93889e-18 -0.572061 0.415627 0.415627 0.572062 
1.17203e-10 0.05 0.05 0.2 0.02 0.045 0.08 0.572061 -0.415627 0.415627 0.572062 
1.14619e-10 0.05 0.05 0.2 -0.015 0.045 6.93889e-18 0.415627 0.572061 -0.572061 0.415629 
1.13541e-10 0.05 0.05 0.2 0.02 -0.045 6.93889e-18 -0.572061 0.415627 0.415627 0.572062 
1.11699e-10 0.05 0.05 0.2 0.02 0.045 0.02 0.572061 -0.415627 0.415627 0.572062 
1.10029e-10 0.05 0.05 0.2 -0.02 0.045 -0.02 0.415627 0.572061 -0.572061 0.415629 
1.05816e-10 0.05 0.05 0.2 0.015 -0.045 0.02 -0.572061 0.415627 0.415627 0.572062 
1.02991e-10 0.05 0.05 0.2 -0.015 0.045 0.02 0.415627 0.572061 -0.572061 0.415629 
1.0213e-10 0.05 0.05 0.2 0.02 0.045 6.93889e-18 0.572061 -0.415627 0.415627 0.572062 
1.02026e-10 0.05 0.05 0.2 0.02 -0.045 0.02 -0.572061 0.415627 0.415627 0.572062 
1.00551e-10 0.05 0.05 0.2 -0.02 0.045 6.93889e-18 0.415627 0.572061 -0.572061 0.415629 
9.8191e-11 0.05 0.05 0.2 -0.025 0.045 -0.02 0.415627 0.572061 -0.572061 0.415629 
9.21154e-11 0.05 0.05 0.2 0.015 -0.045 0.04 -0.572061 0.415627 0.415627 0.572062 
8.93243e-11 0.05 0.05 0.2 -0.015 0.045 0.04 0.415627 0.572061 -0.572061 0.415629 
8.84908e-11 0.05 0.05 0.2 0.02 -0.045 0.04 -0.572061 0.415627 0.415627 0.572062 
8.83936e-11 0.05 0.05 0.2 -0.02 0.045 0.02 0.415627 0.572061 -0.572061 0.415629 
8.78453e-11 0.05 0.05 0.2 -0.025 0.045 6.93889e-18 0.415627 0.572061 -0.572061 0.415629 
7.74047e-11 0.05 0.05 0.2 0.015 -0.045 0.06 -0.572061 0.415627 0.415627 0.572062 
7.51596e-11 0.05 0.05 0.2 -0.025 0.045 0.02 0.415627 0.572061 -0.572061 0.415629 
7.47238e-11 0.05 0.05 0.2 -0.015 0.045 0.06 0.415627 0.572061 -0.572061 0.415629 
7.46217e-11 0.05 0.05 0.2 -0.02 0.045 0.04 0.415627 0.572061 -0.572061 0.415629 
7.40307e-11 0.05 0.05 0.2 0.02 -0.045 0.06 -0.572061 0.415627 0.415627 0.572062 
6.27421e-11 0.05 0.05 0.2 0.015 -0.045 0.08 -0.572061 0.415627 0.415627 0.572062 
6.12464e-11 0.05 0.05 0.2 -0.025 0.045 0.04 0.415627 0.572061 -0.572061 0.415629 
6.03529e-11 0.05 0.05 0.2 -0.02 0.045 0.06 0.415627 0.572061 -0.572061 0.415629 
6.02397e-11 0.05 0.05 0.2 -0.015 0.045 0.08 0.415627 0.572061 -0.572061 0.415629 
5.96846e-11 0.05 0.05 0.2 0.02 -0.045 0.08 -0.572061 0.415627 0.415627 0.572062 
4.72389e-11 0.05 0.05 0.2 -0.025 0.045 0.06 0.415627 0.572061 -0.572061 0.415629 
4.66103e-11 0.05 0.05 0.2 -0.02 0.045 0.08 0.415627 0.572061 -0.572061 0.415629 
4.54771e-11 0.05 0.05 0.2 0.045 -0.025 0.06 -0.218508 -0.672498 0.218508 0.672499 
4.3298e-11 0.05 0.05 0.2 0.045 -0.02 0.06 -0.218508 -0.672498 0.218508 0.672499 
3.78341e-11 0.05 0.05 0.2 0.045 -0.025 0.08 -0.218508 -0.672498 0.218508 0.672499 
3.60211e-11 0.05 0.05 0.2 0.045 -0.02 0.08 -0.218508 -0.672498 0.218508 0.672499 
3.41606e-11 0.05 0.05 0.2 0.045 -0.015 0.08 -0.218508 -0.672498 0.218508 0.672499 
3.41393e-11 0.05 0.05 0.2 -0.025 0.045 0.08 0.415627 0.572061 -0.572061 0.415629 
1.44927e-11 0.05 0.05 0.2 0.045 -0.025 0.08 -0.415627 -0.572061 0.415627 0.572062 
1.20182e-11 0.05 0.05 0.2 0.045 -0.02 0.08 -0.415627 -0.572061 0.415627 0.572062 
1.04117e-11 0.05 0.05 0.2 -0.045 -0.025 6.93889e-18 0 0.707107 0 0.707106 
5.02544e-12 0.05 0.05 0.2 -0.045 -0.025 0.02 0 0.707107 0 0.707106 
3.13812e-12 0.05 0.05 0.2 -0.045 0.02 0.08 -0.572061 0.415627 -0.572061 0.415629 
6.77414e-13 0.05 0.05 0.2 -0.045 0.02 0.06 -0.672498 0.218508 -0.672499 0.218508 
5.68082e-13 0.05 0.05 0.2 -0.045 0.015 0.08 -0.672498 0.218508 -0.672499 0.218508 
5.63248e-13 0.05 0.05 0.2 -0.045 0.02 0.08 -0.672498 0.218508 -0.672499 0.218508 
-1.61125e-13 0.05 0.05 0.2 -0.045 -0.025 0.04 0 0.707107 0 0.707106 
-4.72022e-12 0.05 0.05 0.2 -0.045 -0.025 0.06 0 0.707107 0 0.707106 
-6.95114e-12 0.05 0.05 0.2 0.045 -0.025 0.08 0.218508 -0.672498 -0.218508 0.672499 
-7.57366e-12 0.05 0.05 0.2 -0.015 -0.045 0.08 -0.415627 -0.572061 -0.572061 0.415629 
-8.32894e-12 0.05 0.05 0.2 -0.045 -0.025 0.08 0 0.707107 0 0.707106 
-8.35545e-12 0.05 0.05 0.2 0.045 -0.025 0.06 0.218508 -0.672498 -0.218508 0.672499 
-9.10356e-12 0.05 0.05 0.2 -0.015 -0.045 0.06 -0.415627 -0.572061 -0.572061 0.415629 
-9.72714e-12 0.05 0.05 0.2 0.045 -0.025 0.04 0.218508 -0.672498 -0.218508 0.672499 
-1.0598e-11 0.05 0.05 0.2 -0.015 -0.045 0.04 -0.415627 -0.572061 -0.572061 0.415629 
-1.09674e-11 0.05 0.05 0.2 0.045 -0.025 0.02 0.218508 -0.672498 -0.218508 0.672499 
-1.19494e-11 0.05 0.05 0.2 -0.015 -0.045 0.02 -0.415627 -0.572061 -0.572061 0.415629 
-1.30487e-11 0.05 0.05 0.2 -0.015 -0.045 6.93889e-18 -0.415627 -0.572061 -0.572061 0.415629 
-1.45505e-11 0.05 0.05 0.2 -0.02 -0.045 0.08 -0.415627 -0.572061 -0.572061 0.415629 
-1.68788e-11 0.05 0.05 0.2 0.02 0.045 0.08 0.218508 -0.672499 0.672499 0.218502 
-1.68826e-11 0.05 0.05 0.2 -0.02 -0.045 0.08 -0.672499 -0.218508 -0.218508 0.672498 
-1.74899e-11 0.05 0.05 0.2 -0.02 -0.045 0.06 -0.415627 -0.572061 -0.572061 0.415629 
-1.84501e-11 0.05 0.05 0.2 0.045 -0.025 0.08 0 -0.707107 0 0.707106 
-1.85219e-11 0.05 0.05 0.2 -0.025 -0.045 0.08 -0.672499 -0.218508 -0.218508 0.672498 
-1.85963e-11 0.05 0.05 0.2 -0.025 0.045 0.08 0.218508 0.672499 -0.672499 0.218502 
-2.03611e-11 0.05 0.05 0.2 -0.02 -0.045 0.04 -0.415627 -0.572061 -0.572061 0.415629 
-2.11079e-11 0.05 0.05 0.2 -0.025 -0.045 0.08 -0.415627 -0.572061 -0.572061 0.415629 
-2.21773e-11 0.05 0.05 0.2 0.045 -0.025 0.06 0 -0.707107 0 0.707106 
-2.2957e-11 0.05 0.05 0.2 -0.02 -0.045 0.02 -0.415627 -0.572061 -0.572061 0.415629 
-2.50688e-11 0.05 0.05 0.2 -0.02 -0.045 6.93889e-18 -0.415627 -0.572061 -0.572061 0.415629 
-2.53719e-11 0.05 0.05 0.2 -0.025 -0.045 0.06 -0.415627 -0.572061 -0.572061 0.415629 
-2.58179e-11 0.05 0.05 0.2 0.045 -0.025 0.04 0 -0.707107 0 0.707106 
-2.58639e-11 0.05 0.05 0.2 -0.045 0.02 0.08 0.707107 -4.32978e-17 0.707107 -4.32978e-17 
-2.74248e-11 0.05 0.05 0.2 0.045 -0.02 0.08 0 -0.707107 0 0.707106 
-2.91097e-11 0.05 0.05 0.2 0.045 -0.025 0.02 0 -0.707107 0 0.707106 
-2.9537e-11 0.05 0.05 0.2 -0.025 -0.045 0.04 -0.415627 -0.572061 -0.572061 0.415629 
-3.13397e-11 0.05 0.05 0.2 -0.045 0.02 0.06 0.707107 -4.32978e-17 0.707107 -4.32978e-17 
-3.17874e-11 0.05 0.05 0.2 0.045 -0.025 6.93889e-18 0 -0.707107 0 0.707106 
-3.29651e-11 0.05 0.05 0.2 0.045 -0.02 0.06 0 -0.707107 0 0.707106 
-3.33031e-11 0.05 0.05 0.2 -0.025 -0.045 0.02 -0.415627 -0.572061 -0.572061 0.415629 
-3.36183e-11 0.05 0.05 0.2 0.045 -0.025 -0.02 0 -0.707107 0 0.707106 
-3.63666e-11 0.05 0.05 0.2 -0.025 -0.045 6.93889e-18 -0.415627 -0.572061 -0.572061 0.415629 
-3.637e-11 0.05 0.05 0.2 0.045 -0.015 0.08 0 -0.707107 0 0.707106 
-3.67371e-11 0.05 0.05 0.2 -0.045 0.02 0.04 0.707107 -4.32978e-17 0.707107 -4.32978e-17 
-3.74298e-11 0.05 0.05 0.2 0.045 0.02 0.08 -0.672498 -0.218508 0.672499 0.218508 
-3.83767e-11 0.05 0.05 0.2 0.045 -0.02 0.04 0 -0.707107 0 0.707106 
-4.16679e-11 0.05 0.05 0.2 -0.045 0.02 0.02 0.707107 -4.32978e-17 0.707107 -4.32978e-17 
-4.32696e-11 0.05 0.05 0.2 0.045 -0.02 0.02 0 -0.707107 0 0.707106 
-4.37173e-11 0.05 0.05 0.2 0.045 -0.015 0.06 0 -0.707107 0 0.707106 
-4.52232e-11 0.05 0.05 0.2 0.045 -0.01 0.08 0 -0.707107 0 0.707106 
-4.57341e-11 0.05 0.05 0.2 -0.045 0.02 6.93889e-18 0.707107 -4.32978e-17 0.707107 -4.32978e-17 
-4.57469e-11 0.05 0.05 0.2 -0.045 -0.02 6.93889e-18 0 0.707107 0 0.707106 
-4.72499e-11 0.05 0.05 0.2 0.045 -0.02 6.93889e-18 0 -0.707107 0 0.707106 
-4.72533e-11 0.05 0.05 0.2 0.045 0.02 6.93889e-18 0.707107 -4.32978e-17 -0.707107 4.32978e-17 
-4.79156e-11 0.05 0.05 0.2 -0.045 -0.02 0.08 0 0.707107 0 0.707106 
-4.8582e-11 0.05 0.05 0.2 -0.045 0.02 -0.02 0.707107 -4.32978e-17 0.707107 -4.32978e-17 
-4.85957e-11 0.05 0.05 0.2 -0.045 -0.02 0.02 0 0.707107 0 0.707106 
-4.87893e-11 0.05 0.05 0.2 0.045 0.02 0.08 0.707107 -4.32978e-17 -0.707107 4.32978e-17 
-4.95554e-11 0.05 0.05 0.2 -0.045 -0.025 0.08 -0.218508 0.672498 -0.218508 0.672499 
-4.97302e-11 0.05 0.05 0.2 -0.045 -0.02 0.06 0 0.707107 0 0.707106 
-4.99655e-11 0.05 0.05 0.2 -0.045 -0.02 0.04 0 0.707107 0 0.707106 
-4.99713e-11 0.05 0.05 0.2 0.045 -0.02 -0.02 0 -0.707107 0 0.707106 
-4.99748e-11 0.05 0.05 0.2 0.045 0.02 0.02 0.707107 -4.32978e-17 -0.707107 4.32978e-17 
-5.07805e-11 0.05 0.05 0.2 0.045 0.02 0.06 0.707107 -4.32978e-17 -0.707107 4.32978e-17 
-5.08939e-11 0.05 0.05 0.2 0.045 -0.015 0.04 0 -0.707107 0 0.707106 
-5.11885e-11 0.05 0.05 0.2 0.045 0.02 0.04 0.707107 -4.32978e-17 -0.707107 4.32978e-17 
-5.22771e-11 0.05 0.05 0.2 -0.045 -0.02 0.08 -0.218508 0.672498 -0.218508 0.672499 
-5.43591e-11 0.05 0.05 0.2 0.045 -0.01 0.06 0 -0.707107 0 0.707106 
-5.7573e-11 0.05 0.05 0.2 -0.045 -0.025 0.06 -0.218508 0.672498 -0.218508 0.672499 
-6.50149e-11 0.05 0.05 0.2 -0.045 -0.025 0.04 -0.218508 0.672498 -0.218508 0.672499 
-7.13426e-11 0.05 0.05 0.2 -0.045 -0.025 0.02 -0.218508 0.672498 -0.218508 0.672499 
-7.60504e-11 0.05 0.05 0.2 -0.045 -0.025 6.93889e-18 -0.218508 0.672498 -0.218508 0.672499 
-7.68851e-11 0.05 0.05 0.2 -0.045 0.015 0.08 0.707107 -4.32978e-17 0.707107 -4.32978e-17 
-7.87321e-11 0.05 0.05 0.2 -0.045 -0.025 -0.02 -0.218508 0.672498 -0.218508 0.672499 
-7.91381e-11 0.05 0.05 0.2 -0.045 -0.025 -0.04 -0.218508 0.672498 -0.218508 0.672499 
-8.49928e-11 0.05 0.05 0.2 0.01 0.045 0.08 0.415627 -0.572061 0.572061 0.415629 
-8.58851e-11 0.05 0.05 0.2 -0.045 0.015 0.06 0.707107 -4.32978e-17 0.707107 -4.32978e-17 
-9.33995e-11 0.05 0.05 0.2 -0.045 0.015 0.04 0.707107 -4.32978e-17 0.707107 -4.32978e-17 
-9.43893e-11 0.05 0.05 0.2 -0.01 -0.045 0.08 -0.572061 -0.415627 -0.415627 0.572062 
-1.02797e-10 0.05 0.05 0.2 0.015 0.045 0.08 0.415627 -0.572061 0.572061 0.415629 
-1.11613e-10 0.05 0.05 0.2 -0.015 -0.045 0.08 -0.572061 -0.415627 -0.415627 0.572062 
-1.20449e-10 0.05 0.05 0.2 0.02 0.045 0.08 0.415627 -0.572061 0.572061 0.415629 
-1.24984e-10 0.05 0.05 0.2 0.015 0.045 0.06 0.415627 -0.572061 0.572061 0.415629 
-1.27601e-10 0.05 0.05 0.2 -0.045 0.01 0.08 0.707107 -4.32978e-17 0.707107 -4.32978e-17 
-1.2869e-10 0.05 0.05 0.2 -0.02 -0.045 0.08 -0.572061 -0.415627 -0.415627 0.572062 
-1.34161e-10 0.05 0.05 0.2 -0.015 -0.045 0.06 -0.572061 -0.415627 -0.415627 0.572062 
-1.40098e-10 0.05 0.05 0.2 -0.045 0.01 0.06 0.707107 -4.32978e-17 0.707107 -4.32978e-17 
-1.45551e-10 0.05 0.05 0.2 -0.025 -0.045 0.08 -0.572061 -0.415627 -0.415627 0.572062 
-1.46108e-10 0.05 0.05 0.2 0.02 0.045 0.06 0.415627 -0.572061 0.572061 0.415629 
-1.54687e-10 0.05 0.05 0.2 -0.02 -0.045 0.06 -0.572061 -0.415627 -0.415627 0.572062 
-1.74955e-10 0.05 0.05 0.2 -0.025 -0.045 0.06 -0.572061 -0.415627 -0.415627 0.572062 
-0.000116306 0.05 0.05 0.2 0.015 -0.025 0.12 0.809017 -0.587785 -3.59914e-17 4.9538e-17 
-0.000426993 0.05 0.05 0.2 -0.025 0.01 0.12 1 0 0 6.12323e-17 
-0.000685155 0.05 0.05 0.2 -0.01 0.02 0.12 0.809017 0.587785 3.59914e-17 4.9538e-17 
-0.000744352 0.05 0.05 0.2 -0.01 -0.015 0.12 6.12323e-17 1 -6.12323e-17 3.7494e-33 
-0.000744796 0.05 0.05 0.2 0.01 0.015 0.12 1 0 0 6.12323e-17 
-0.000924528 0.05 0.05 0.2 0.01 -0.02 0.12 -0.587785 0.809017 -4.9538e-17 -3.59915e-17 
-0.00106711 0.05 0.05 0.2 -0.025 -0.025 0.12 -0.309017 0.951057 -5.82354e-17 -1.89218e-17 
-0.00161441 0.05 0.05 0.2 -0.025 -0.025 0.12 6.12323e-17 1 -6.12323e-17 3.7494e-33 
-0.00193053 0.05 0.05 0.2 -0.025 0.01 0.12 0.587785 0.809017 -4.9538e-17 3.59915e-17 
-0.0025288 0.05 0.05 0.2 -0.01 -0.025 0.12 -0.309017 0.951057 -5.82354e-17 -1.89218e-17 
-0.0025514 0.05 0.05 0.2 -0.025 0.015 0.12 1 0 0 6.12323e-17 
-0.00259012 0.05 0.05 0.2 0.01 0.02 0.12 0.809017 -0.587785 -3.59914e-17 4.9538e-17 
-0.00265355 0.05 0.05 0.2 -0.01 -0.02 0.12 0.587785 0.809017 -4.9538e-17 3.59915e-17 
-0.00283901 0.05 0.05 0.2 -0.005 0.02 0.12 0.951057 0.309017 1.89218e-17 5.82354e-17 
-0.00284097 0.05 0.05 0.2 0.005 -0.02 0.12 -0.309017 0.951057 -5.82354e-17 -1.89218e-17 
-0.00331739 0.05 0.05 0.2 0.02 -0.025 0.12 0.809017 -0.587785 -3.59914e-17 4.9538e-17 
-0.00334325 0.05 0.05 0.2 -0.015 0.015 0.12 0.587785 0.809017 -4.9538e-17 3.59915e-17 
-0.00347507 0.05 0.05 0.2 0.015 -0.015 0.12 0.809017 -0.587785 -3.59914e-17 4.9538e-17 
-0.00348977 0.05 0.05 0.2 -0.005 -0.01 0.12 6.12323e-17 1 -6.12323e-17 3.7494e-33 
-0.00349022 0.05 0.05 0.2 0.005 0.01 0.12 1 0 0 6.12323e-17 
-0.00399666 0.05 0.05 0.2 -0.015 -0.025 0.12 0.587785 0.809017 -4.9538e-17 3.59915e-17 
-0.00482224 0.05 0.05 0.2 -0.025 0.02 0.12 1 0 0 6.12323e-17 
-0.00573272 0.05 0.05 0.2 0.015 0.015 0.12 -0.587785 0.809017 -4.9538e-17 -3.59915e-17 
-0.00573784 0.05 0.05 0.2 -0.015 -0.015 0.12 0.809017 0.587785 3.59914e-17 4.9538e-17 
-0.00683358 0.05 0.05 0.2 0.015 -0.025 0.12 6.12323e-17 1 -6.12323e-17 3.7494e-33 
-0.00684225 0.05 0.05 0.2 -0.02 -0.025 0.12 0.587785 0.809017 -4.9538e-17 3.59915e-17 
-0.00789483 0.05 0.05 0.2 0.005 0.02 0.12 0.951057 0.309017 1.89218e-17 5.82354e-17 
-0.00789735 0.05 0.05 0.2 -0.005 -0.02 0.12 -0.309017 0.951057 -5.82354e-17 -1.89218e-17 
-0.00813154 0.05 0.05 0.2 0.01 0.01 0.12 1 0 0 6.12323e-17 
-0.00813211 0.05 0.05 0.2 -0.01 -0.01 0.12 6.12323e-17 1 -6.12323e-17 3.7494e-33 
-0.00877851 0.05 0.05 0.2 -0.025 0.02 0.12 0.587785 0.809017 -4.9538e-17 3.59915e-17 
-0.00934692 0.05 0.05 0.2 1.73472e-18 0.02 0.12 0.951057 0.309017 1.89218e-17 5.82354e-17 
-0.00934921 0.05 0.05 0.2 1.73472e-18 -0.02 0.12 -0.309017 0.951057 -5.82354e-17 -1.89218e-17 
-0.00947728 0.05 0.05 0.2 0.005 -0.025 0.12 -0.309017 0.951057 -5.82354e-17 -1.89218e-17 
-0.0106261 0.05 0.05 0.2 -0.005 -0.025 0.12 -0.309017 0.951057 -5.82354e-17 -1.89218e-17 
-0.0107502 0.05 0.05 0.2 -0.01 0.015 0.12 0.809017 0.587785 3.59914e-17 4.9538e-17 
-0.0109453 0.05 0.05 0.2 0.01 -0.015 0.12 -0.587785 0.809017 -4.9538e-17 -3.59915e-17 
-0.0111619 0.05 0.05 0.2 -0.015 0.02 0.12 0.587785 0.809017 -4.9538e-17 3.59915e-17 
-0.0112989 0.05 0.05 0.2 -0.025 0.015 0.12 0.587785 0.809017 -4.9538e-17 3.59915e-17 
-0.0115056 0.05 0.05 0.2 0.015 -0.02 0.12 0.809017 -0.587785 -3.59914e-17 4.9538e-17 
-0.0123284 0.05 0.05 0.2 -0.02 0.015 0.12 0.587785 0.809017 -4.9538e-17 3.59915e-17 
-0.0123844 0.05 0.05 0.2 0.02 -0.015 0.12 0.809017 -0.587785 -3.59914e-17 4.9538e-17 
-0.0132226 0.05 0.05 0.2 0.015 0.02 0.12 0.809017 -0.587785 -3.59914e-17 4.9538e-17 
-0.0134012 0.05 0.05 0.2 -0.015 -0.02 0.12 0.587785 0.809017 -4.9538e-17 3.59915e-17 
-0.0136573 0.05 0.05 0.2 -0.025 -0.02 0.12 0.587785 0.809017 -4.9538e-17 3.59915e-17 
-0.0139812 0.05 0.05 0.2 1.73472e-18 -0.025 0.12 -0.309017 0.951057 -5.82354e-17 -1.89218e-17 
-0.0148969 0.05 0.05 0.2 -0.02 0.02 0.12 0.587785 0.809017 -4.9538e-17 3.59915e-17 
-0.0151504 0.05 0.05 0.2 0.02 -0.02 0.12 0.809017 -0.587785 -3.59914e-17 4.9538e-17 
-0.0159405 0.05 0.05 0.2 0.02 -0.025 0.12 6.12323e-17 1 -6.12323e-17 3.7494e-33 
-0.0185834 0.05 0.05 0.2 0.02 0.02 0.12 0.809017 -0.587785 -3.59914e-17 4.9538e-17 
-0.0188597 0.05 0.05 0.2 -0.02 -0.02 0.12 0.587785 0.809017 -4.9538e-17 3.59915e-17 
-0.105906 0.05 0.05 0.2 0.02 0.02 0.12 -0.587785 0.809017 -4.9538e-17 -3.59915e-17 
-0.10593 0.05 0.05 0.2 -0.02 -0.02 0.12 0.809017 0.587785 3.59914e-17 4.9538e-17 
-0.113926 0.05 0.05 0.2 0.01 -0.025 0.12 0.309017 0.951057 -5.82354e-17 1.89218e-17 
-0.143281 0.05 0.05 0.2 0.01 -0.02 0.12 0.309017 0.951057 -5.82354e-17 1.89218e-17 
-0.143577 0.05 0.05 0.2 -0.01 0.02 0.12 0.951057 -0.309017 -1.89218e-17 5.82354e-17 
-0.38802 0.05 0.05 0.2 0.015 -0.025 0.12 0.309017 0.951057 -5.82354e-17 1.89218e-17 
-0.417619 0.05 0.05 0.2 0.015 -0.02 0.12 0.309017 0.951057 -5.82354e-17 1.89218e-17 
-0.417952 0.05 0.05 0.2 -0.015 0.02 0.12 0.951057 -0.309017 -1.89218e-17 5.82354e-17 
