0.0222831 
0.165442 
0.0180189 
0.0486484 
0.0408657 
0.0457964 
0.0381638 
0.0259009 
0.031535 
0.0627175 
0.00918276 
0.010412 
0.105473 
0.114421 
0.109287 
0.0324482 
0.0707018 
0.0421574 
0.062526 
0.348943 
0.0550647 
0.0303745 
0.0695218 
0.0287482 
0.0835224 
0.00865084 
0.273674 
0.00744376 
0.0297645 
0.135396 
0.0298294 
0.132195 
0.045663 
0.0383614 
0.04987 
0.0105028 
0.228199 
0.0364271 
0.0796101 
0.137204 
0.00169122 
0.0512016 
0.00926921 
0.0260344 
0.126748 
0.284822 
0.0844126 
0.0412631 
0.0870682 
0.0691103 
0.133752 
0.0338327 
0.0261068 
0.0293602 
0.141216 
0.0178302 
0.0192246 
0.0452755 
0.0155474 
0.0299895 
0.181117 
0.083723 
0.0575947 
0.0662266 
0.0122222 
0.0137098 
0.0199297 
0.190015 
0.0305294 
0.128615 
0.0646209 
0.0338538 
0.0702153 
0.0573666 
0.00694276 
0.160559 
0.0785739 
0.0904001 
0.0499331 
0.00341823 
0.0256215 
0.0327765 
0.0425972 
0.0215369 
0.0445129 
0.220901 
0.19343 
0.0119601 
0.091838 
0.0395299 
0.171191 
0.165152 
0.0145351 
0.201095 
0.0444632 
0.083551 
0.034522 
0.0868478 
0.0086616 
0.0254756 
0.0168688 
0.185698 
0.0401376 
0.01517 
0.050113 
0.0374442 
0.0159409 
0.0632831 
0.0591343 
0.346866 
0.241792 
0.285874 
0.280855 
0.150313 
0.183274 
0.167089 
0.00120368 
0.0643393 
0.0280284 
0.0524455 
0.0899066 
0.121745 
0.0198273 
0.0235481 
0.0720774 
0.209102 
0.254203 
0.0237823 
0.166658 
0.0210458 
0.206757 
0.141497 
0.068549 
0.0545378 
0.140491 
0.0313451 
0.0351595 
0.0341466 
0.0462713 
0.0252038 
0.0550268 
0.297075 
0.145726 
0.0668409 
0.215065 
0.107192 
0.0414661 
0.111617 
0.0593329 
0.0825111 
0.0451724 
0.100528 
0.13877 
0.266341 
0.0846299 
0.0383558 
0.0216855 
0.208116 
0.265192 
0.0282418 
0.257331 
0.0221548 
0.109814 
0.123308 
0.19966 
0.0509076 
0.251335 
0.127977 
0.492109 
0.0101393 
0.0864494 
0.0309874 
0.0857743 
0.00363346 
0.0626935 
0.163288 
0.305564 
0.0244129 
0.0546222 
0.339962 
0.107093 
0.0958551 
0.0516397 
0.0227213 
0.214955 
0.0241785 
0.0294598 
0.00228455 
0.0772866 
0.0268292 
0.0595137 
0.0442236 
0.153702 
0.476508 
0.00218848 
0.0591796 
0.10985 
0.0264879 
0.0697279 
0.129201 
0.0161012 
0.0327222 
0.146737 
0.141819 
0.29 
0.0182776 
0.0955043 
0.0378893 
0.227354 
0.0136195 
0.199764 
0.161577 
0.0231694 
0.00551229 
0.163428 
0.0532634 
0.291067 
0.0498779 
0.00667327 
0.122897 
0.00487082 
0.0486505 
0.00918276 
0.062526 
0.348943 
0.0550647 
0.0303745 
0.0695218 
0.0287482 
0.0835224 
0.00865084 
0.273674 
0.00744376 
0.0297645 
0.135396 
0.0298294 
0.132195 
0.045663 
0.0383614 
0.04987 
0.0105028 
0.228199 
0.0364271 
0.0796101 
0.137204 
0.00169122 
0.0512016 
0.00926921 
0.0189928 
0.104599 
0.0143757 
0.00729869 
0.011541 
0.0363509 
0.0728318 
0.11316 
0.12219 
0.0270406 
0.127406 
0.0564105 
0.209105 
0.00459031 
0.036961 
0.132415 
0.00493125 
0.0217098 
0.140448 
0.133271 
0.111475 
0.000939537 
0.00394786 
0.0341509 
0.134341 
0.0539757 
0.0440284 
0.0329181 
0.0483216 
0.0346941 
