0.671569 0.033 0.033 0.033 0.0033 0.0033 0.0365 -0.587785 0.809017 -4.9538e-17 -3.59915e-17 
0.55904 0.033 0.033 0.033 0.0033 0.0099 0.0365 -0.587785 0.809017 -4.9538e-17 -3.59915e-17 
0.482581 0.033 0.033 0.033 0.0099 0.0033 0.0365 -0.587785 0.809017 -4.9538e-17 -3.59915e-17 
0.464725 0.033 0.033 0.033 0.0165 0.0033 0.0365 6.12323e-17 1 -6.12323e-17 3.7494e-33 
0.414452 0.033 0.033 0.033 0.0099 0.0099 0.0365 -0.587785 0.809017 -4.9538e-17 -3.59915e-17 
0.394356 0.033 0.033 0.033 -0.0033 -0.0033 0.0365 0.587785 0.809017 -4.9538e-17 3.59915e-17 
0.357832 0.033 0.033 0.033 0.0033 0.0165 0.0365 0.951057 -0.309017 -1.89218e-17 5.82354e-17 
0.353318 0.033 0.033 0.033 0.0165 -0.0033 0.0365 6.12323e-17 1 -6.12323e-17 3.7494e-33 
0.344238 0.033 0.033 0.033 0.0033 -0.0033 0.0365 -0.587785 0.809017 -4.9538e-17 -3.59915e-17 
0.342219 0.033 0.033 0.033 -0.0033 0.0033 0.0365 0.587785 0.809017 -4.9538e-17 3.59915e-17 
0.334532 0.033 0.033 0.033 0.0099 0.0165 0.0365 0.951057 -0.309017 -1.89218e-17 5.82354e-17 
0.303223 0.033 0.033 0.033 -0.0033 -0.0099 0.0365 0.587785 0.809017 -4.9538e-17 3.59915e-17 
0.292027 0.033 0.033 0.033 0.0099 -0.0033 0.0365 6.12323e-17 1 -6.12323e-17 3.7494e-33 
0.290657 0.033 0.033 0.033 -0.0099 -0.0033 0.0365 0.587785 0.809017 -4.9538e-17 3.59915e-17 
0.290157 0.033 0.033 0.033 0.0165 0.0033 0.0365 -0.587785 0.809017 -4.9538e-17 -3.59915e-17 
0.267139 0.033 0.033 0.033 0.0165 0.0099 0.0365 -0.587785 0.809017 -4.9538e-17 -3.59915e-17 
0.252047 0.033 0.033 0.033 0.0099 -0.0033 0.0365 -0.587785 0.809017 -4.9538e-17 -3.59915e-17 
0.242814 0.033 0.033 0.033 0.0033 0.0099 0.0365 0.951057 -0.309017 -1.89218e-17 5.82354e-17 
0.241805 0.033 0.033 0.033 -0.0099 0.0033 0.0365 0.587785 0.809017 -4.9538e-17 3.59915e-17 
0.23885 0.033 0.033 0.033 0.0165 -0.0099 0.0365 6.12323e-17 1 -6.12323e-17 3.7494e-33 
0.22472 0.033 0.033 0.033 0.0165 0.0165 0.0365 0.951057 -0.309017 -1.89218e-17 5.82354e-17 
0.218417 0.033 0.033 0.033 -0.0099 -0.0099 0.0365 0.587785 0.809017 -4.9538e-17 3.59915e-17 
0.217599 0.033 0.033 0.033 0.0099 0.0099 0.0365 0.951057 -0.309017 -1.89218e-17 5.82354e-17 
0.210731 0.033 0.033 0.033 0.0099 -0.0099 0.0365 6.12323e-17 1 -6.12323e-17 3.7494e-33 
0.196551 0.033 0.033 0.033 -0.0033 0.0099 0.0365 0.587785 0.809017 -4.9538e-17 3.59915e-17 
0.183666 0.033 0.033 0.033 -0.0165 -0.0033 0.0365 0.587785 0.809017 -4.9538e-17 3.59915e-17 
0.158276 0.033 0.033 0.033 0.0165 -0.0033 0.0365 -0.587785 0.809017 -4.9538e-17 -3.59915e-17 
0.139067 0.033 0.033 0.033 -0.0033 0.0165 0.0365 0.951057 -0.309017 -1.89218e-17 5.82354e-17 
0.138313 0.033 0.033 0.033 -0.0165 0.0033 0.0365 0.587785 0.809017 -4.9538e-17 3.59915e-17 
0.130771 0.033 0.033 0.033 -0.0165 -0.0099 0.0365 0.587785 0.809017 -4.9538e-17 3.59915e-17 
0.129014 0.033 0.033 0.033 0.0033 -0.0165 0.0365 0.587785 0.809017 -4.9538e-17 3.59915e-17 
0.127484 0.033 0.033 0.033 0.0099 -0.0165 0.0365 6.12323e-17 1 -6.12323e-17 3.7494e-33 
0.125066 0.033 0.033 0.033 0.0033 0.0033 0.0365 0.951057 -0.309017 -1.89218e-17 5.82354e-17 
0.12369 0.033 0.033 0.033 0.0033 -0.0033 0.0365 6.12323e-17 1 -6.12323e-17 3.7494e-33 
0.121976 0.033 0.033 0.033 0.0165 -0.0165 0.0365 6.12323e-17 1 -6.12323e-17 3.7494e-33 
0.120363 0.033 0.033 0.033 -0.0099 0.0099 0.0365 0.587785 0.809017 -4.9538e-17 3.59915e-17 
0.114785 0.033 0.033 0.033 -0.0033 -0.0165 0.0365 0.587785 0.809017 -4.9538e-17 3.59915e-17 
0.106924 0.033 0.033 0.033 0.0165 0.0099 0.0365 0.951057 -0.309017 -1.89218e-17 5.82354e-17 
0.102126 0.033 0.033 0.033 0.0033 -0.0099 0.0365 6.12323e-17 1 -6.12323e-17 3.7494e-33 
0.100761 0.033 0.033 0.033 -0.0165 0.0165 0.0365 0.951057 0.309017 1.89218e-17 5.82354e-17 
0.0982685 0.033 0.033 0.033 0.0099 0.0033 0.0365 0.951057 -0.309017 -1.89218e-17 5.82354e-17 
0.0832781 0.033 0.033 0.033 0.0165 -0.0165 0.0365 -0.587785 0.809017 -4.9538e-17 -3.59915e-17 
0.0810719 0.033 0.033 0.033 -0.0165 -0.0165 0.0365 0.951057 0.309017 1.89218e-17 5.82354e-17 
0.0796368 0.033 0.033 0.033 0.0033 -0.0165 0.0365 6.12323e-17 1 -6.12323e-17 3.7494e-33 
0.0761616 0.033 0.033 0.033 -0.0165 0.0099 0.0365 0.951057 0.309017 1.89218e-17 5.82354e-17 
0.0680161 0.033 0.033 0.033 0.0099 -0.0165 0.0365 0.587785 0.809017 -4.9538e-17 3.59915e-17 
0.0655502 0.033 0.033 0.033 0.0165 -0.0099 0.0365 -0.587785 0.809017 -4.9538e-17 -3.59915e-17 
0.0613041 0.033 0.033 0.033 -0.0099 -0.0165 0.0365 0.587785 0.809017 -4.9538e-17 3.59915e-17 
0.0576126 0.033 0.033 0.033 -0.0033 0.0165 0.0365 0.587785 0.809017 -4.9538e-17 3.59915e-17 
0.0417925 0.033 0.033 0.033 -0.0165 0.0099 0.0365 0.587785 0.809017 -4.9538e-17 3.59915e-17 
0.0381744 0.033 0.033 0.033 -0.0165 0.0033 0.0365 0.951057 0.309017 1.89218e-17 5.82354e-17 
0.0310947 0.033 0.033 0.033 -0.0099 0.0165 0.0365 0.951057 0.309017 1.89218e-17 5.82354e-17 
0.0272841 0.033 0.033 0.033 -0.0033 0.0099 0.0365 0.951057 -0.309017 -1.89218e-17 5.82354e-17 
0.02645 0.033 0.033 0.033 0.0099 -0.0099 0.0365 -0.587785 0.809017 -4.9538e-17 -3.59915e-17 
0.0256942 0.033 0.033 0.033 -0.0033 -0.0165 0.0365 6.12323e-17 1 -6.12323e-17 3.7494e-33 
0.0208383 0.033 0.033 0.033 -0.0165 -0.0165 0.0365 6.12323e-17 1 -6.12323e-17 3.7494e-33 
0.0196166 0.033 0.033 0.033 -0.0165 -0.0099 0.0365 0.951057 0.309017 1.89218e-17 5.82354e-17 
0.0141376 0.033 0.033 0.033 -0.0099 0.0165 0.0365 0.587785 0.809017 -4.9538e-17 3.59915e-17 
0.0130823 0.033 0.033 0.033 -0.0165 -0.0099 0.0365 6.12323e-17 1 -6.12323e-17 3.7494e-33 
0.0119586 0.033 0.033 0.033 -0.0165 -0.0033 0.0365 0.951057 0.309017 1.89218e-17 5.82354e-17 
0.00587633 0.033 0.033 0.033 -0.0165 -0.0165 0.0365 0.587785 0.809017 -4.9538e-17 3.59915e-17 
0.00504641 0.033 0.033 0.033 -0.0165 -0.0033 0.0365 6.12323e-17 1 -6.12323e-17 3.7494e-33 
0.00446258 0.033 0.033 0.033 -0.0033 -0.0099 0.0365 6.12323e-17 1 -6.12323e-17 3.7494e-33 
0.00430684 0.033 0.033 0.033 -0.0099 -0.0165 0.0365 6.12323e-17 1 -6.12323e-17 3.7494e-33 
0.00121328 0.033 0.033 0.033 -0.0099 0.0099 0.0365 0.951057 0.309017 1.89218e-17 5.82354e-17 
-0.000213468 0.033 0.033 0.033 0.0165 0.0165 0.0365 0.951057 0.309017 1.89218e-17 5.82354e-17 
-0.0120343 0.033 0.033 0.033 0.0033 -0.0099 0.0365 -0.587785 0.809017 -4.9538e-17 -3.59915e-17 
-0.0126389 0.033 0.033 0.033 0.0165 0.0033 0.0365 0.951057 -0.309017 -1.89218e-17 5.82354e-17 
-0.0168865 0.033 0.033 0.033 -0.0033 -0.0033 0.0365 6.12323e-17 1 -6.12323e-17 3.7494e-33 
-0.0188054 0.033 0.033 0.033 0.0099 0.0165 0.0365 0.951057 0.309017 1.89218e-17 5.82354e-17 
-0.0202126 0.033 0.033 0.033 -0.0099 -0.0165 0.0365 0.951057 0.309017 1.89218e-17 5.82354e-17 
-0.0239314 0.033 0.033 0.033 -0.0033 0.0165 0.0365 0.951057 0.309017 1.89218e-17 5.82354e-17 
-0.0247328 0.033 0.033 0.033 -0.0099 -0.0099 0.0365 6.12323e-17 1 -6.12323e-17 3.7494e-33 
-0.0309796 0.033 0.033 0.033 -0.0165 0.0165 0.0365 0.587785 0.809017 -4.9538e-17 3.59915e-17 
-0.0315032 0.033 0.033 0.033 0.0099 -0.0165 0.0365 -0.587785 0.809017 -4.9538e-17 -3.59915e-17 
-0.0372595 0.033 0.033 0.033 0.0033 0.0165 0.0365 0.951057 0.309017 1.89218e-17 5.82354e-17 
-0.0404873 0.033 0.033 0.033 -0.0099 0.0033 0.0365 0.951057 0.309017 1.89218e-17 5.82354e-17 
-0.0536986 0.033 0.033 0.033 -0.0099 -0.0033 0.0365 6.12323e-17 1 -6.12323e-17 3.7494e-33 
-0.0595686 0.033 0.033 0.033 -0.0033 0.0099 0.0365 0.951057 0.309017 1.89218e-17 5.82354e-17 
-0.0697914 0.033 0.033 0.033 -0.0099 -0.0099 0.0365 0.951057 0.309017 1.89218e-17 5.82354e-17 
-0.0707637 0.033 0.033 0.033 -0.0099 -0.0033 0.0365 0.951057 0.309017 1.89218e-17 5.82354e-17 
-0.078359 0.033 0.033 0.033 0.0033 0.0099 0.0365 0.951057 0.309017 1.89218e-17 5.82354e-17 
-0.0867193 0.033 0.033 0.033 -0.0033 0.0033 0.0365 0.951057 -0.309017 -1.89218e-17 5.82354e-17 
-0.105472 0.033 0.033 0.033 -0.0033 0.0033 0.0365 0.951057 0.309017 1.89218e-17 5.82354e-17 
-0.133245 0.033 0.033 0.033 0.0165 -0.0033 0.0365 0.951057 -0.309017 -1.89218e-17 5.82354e-17 
-0.138954 0.033 0.033 0.033 0.0165 0.0165 0.0365 -0.587785 0.809017 -4.9538e-17 -3.59915e-17 
-0.144661 0.033 0.033 0.033 0.0033 -0.0165 0.0365 -0.587785 0.809017 -4.9538e-17 -3.59915e-17 
-0.304654 0.033 0.033 0.033 0.0099 0.0165 0.0365 -0.587785 0.809017 -4.9538e-17 -3.59915e-17 
-0.467257 0.033 0.033 0.033 0.0033 0.0165 0.0365 -0.587785 0.809017 -4.9538e-17 -3.59915e-17 
-0.470757 0.033 0.033 0.033 -0.0099 0.0165 0.0365 0.951057 -0.309017 -1.89218e-17 5.82354e-17 
-0.578237 0.033 0.033 0.033 -0.0099 0.0099 0.0365 0.951057 -0.309017 -1.89218e-17 5.82354e-17 
-0.686065 0.033 0.033 0.033 -0.0099 0.0033 0.0365 0.951057 -0.309017 -1.89218e-17 5.82354e-17 
-1.60844 0.033 0.033 0.033 -0.0165 0.0165 0.0365 0.951057 -0.309017 -1.89218e-17 5.82354e-17 
-1.71133 0.033 0.033 0.033 -0.0165 0.0099 0.0365 0.951057 -0.309017 -1.89218e-17 5.82354e-17 
