0.363909 0.055 0.055 0.055 0.0055 0.0275 0.0475 0.951057 -0.309017 -1.89218e-17 5.82354e-17 
0.338668 0.055 0.055 0.055 0.0055 0.0165 0.0475 0.951057 -0.309017 -1.89218e-17 5.82354e-17 
0.337751 0.055 0.055 0.055 0.0165 0.0275 0.0475 0.951057 -0.309017 -1.89218e-17 5.82354e-17 
0.327996 0.055 0.055 0.055 0.0275 0.0275 0.0475 0.951057 -0.309017 -1.89218e-17 5.82354e-17 
0.264288 0.055 0.055 0.055 0.0165 0.0165 0.0475 0.951057 -0.309017 -1.89218e-17 5.82354e-17 
0.210229 0.055 0.055 0.055 0.0275 0.0165 0.0475 0.951057 -0.309017 -1.89218e-17 5.82354e-17 
0.208343 0.055 0.055 0.055 0.0165 -0.0055 0.0475 -0.587785 0.809017 -4.9538e-17 -3.59915e-17 
0.19328 0.055 0.055 0.055 0.0165 0.0055 0.0475 -0.587785 0.809017 -4.9538e-17 -3.59915e-17 
0.130832 0.055 0.055 0.055 -0.0165 -0.0055 0.0475 0.587785 0.809017 -4.9538e-17 3.59915e-17 
0.122262 0.055 0.055 0.055 0.0165 -0.0165 0.0475 -0.587785 0.809017 -4.9538e-17 -3.59915e-17 
0.111746 0.055 0.055 0.055 0.0275 -0.0275 0.0475 -0.587785 0.809017 -4.9538e-17 -3.59915e-17 
0.10021 0.055 0.055 0.055 0.0055 -0.0165 0.0475 6.12323e-17 1 -6.12323e-17 3.7494e-33 
0.0923794 0.055 0.055 0.055 0.0165 -0.0165 0.0475 6.12323e-17 1 -6.12323e-17 3.7494e-33 
0.0911112 0.055 0.055 0.055 -0.0165 0.0055 0.0475 0.587785 0.809017 -4.9538e-17 3.59915e-17 
0.0867307 0.055 0.055 0.055 -0.0275 -0.0055 0.0475 0.587785 0.809017 -4.9538e-17 3.59915e-17 
0.0851625 0.055 0.055 0.055 -0.0165 0.0165 0.0475 0.951057 0.309017 1.89218e-17 5.82354e-17 
0.0828039 0.055 0.055 0.055 -0.0275 -0.0165 0.0475 0.587785 0.809017 -4.9538e-17 3.59915e-17 
0.0781808 0.055 0.055 0.055 -0.0165 -0.0165 0.0475 0.587785 0.809017 -4.9538e-17 3.59915e-17 
0.0731549 0.055 0.055 0.055 -0.0275 0.0165 0.0475 0.951057 0.309017 1.89218e-17 5.82354e-17 
0.0680283 0.055 0.055 0.055 -0.0275 0.0275 0.0475 0.587785 0.809017 -4.9538e-17 3.59915e-17 
0.0575635 0.055 0.055 0.055 -0.0055 -0.0165 0.0475 6.12323e-17 1 -6.12323e-17 3.7494e-33 
0.0511551 0.055 0.055 0.055 -0.0275 0.0055 0.0475 0.587785 0.809017 -4.9538e-17 3.59915e-17 
0.0471195 0.055 0.055 0.055 0.0275 0.0275 0.0475 -0.587785 0.809017 -4.9538e-17 -3.59915e-17 
0.0421484 0.055 0.055 0.055 -0.0275 0.0055 0.0475 0.951057 0.309017 1.89218e-17 5.82354e-17 
0.0418469 0.055 0.055 0.055 0.0275 -0.0165 0.0475 -0.587785 0.809017 -4.9538e-17 -3.59915e-17 
0.0385018 0.055 0.055 0.055 0.0275 0.0165 0.0475 -0.587785 0.809017 -4.9538e-17 -3.59915e-17 
0.0372788 0.055 0.055 0.055 -0.0275 0.0275 0.0475 0.951057 0.309017 1.89218e-17 5.82354e-17 
0.0239401 0.055 0.055 0.055 0.0275 0.0055 0.0475 -0.587785 0.809017 -4.9538e-17 -3.59915e-17 
0.0219671 0.055 0.055 0.055 -0.0275 0.0165 0.0475 0.587785 0.809017 -4.9538e-17 3.59915e-17 
0.0214754 0.055 0.055 0.055 -0.0275 -0.0055 0.0475 0.951057 0.309017 1.89218e-17 5.82354e-17 
0.0193345 0.055 0.055 0.055 0.0275 0.0055 0.0475 0.951057 -0.309017 -1.89218e-17 5.82354e-17 
0.0191245 0.055 0.055 0.055 0.0275 -0.0055 0.0475 -0.587785 0.809017 -4.9538e-17 -3.59915e-17 
0.0171722 0.055 0.055 0.055 0.0055 -0.0275 0.0475 6.12323e-17 1 -6.12323e-17 3.7494e-33 
0.0170525 0.055 0.055 0.055 -0.0275 -0.0275 0.0475 0.587785 0.809017 -4.9538e-17 3.59915e-17 
0.0157768 0.055 0.055 0.055 -0.0275 -0.0165 0.0475 6.12323e-17 1 -6.12323e-17 3.7494e-33 
0.0146485 0.055 0.055 0.055 -0.0165 -0.0165 0.0475 6.12323e-17 1 -6.12323e-17 3.7494e-33 
0.0119355 0.055 0.055 0.055 -0.0165 0.0165 0.0475 0.587785 0.809017 -4.9538e-17 3.59915e-17 
0.0058714 0.055 0.055 0.055 -0.0275 -0.0275 0.0475 6.12323e-17 1 -6.12323e-17 3.7494e-33 
0.000661714 0.055 0.055 0.055 -0.0055 -0.0275 0.0475 6.12323e-17 1 -6.12323e-17 3.7494e-33 
-0.00788279 0.055 0.055 0.055 0.0165 -0.0275 0.0475 6.12323e-17 1 -6.12323e-17 3.7494e-33 
-0.00968225 0.055 0.055 0.055 -0.0055 0.0165 0.0475 0.951057 -0.309017 -1.89218e-17 5.82354e-17 
-0.0137006 0.055 0.055 0.055 -0.0165 0.0275 0.0475 0.951057 0.309017 1.89218e-17 5.82354e-17 
-0.0152131 0.055 0.055 0.055 -0.0165 -0.0275 0.0475 6.12323e-17 1 -6.12323e-17 3.7494e-33 
-0.021463 0.055 0.055 0.055 0.0275 -0.0165 0.0475 6.12323e-17 1 -6.12323e-17 3.7494e-33 
-0.0304555 0.055 0.055 0.055 -0.0165 0.0275 0.0475 0.587785 0.809017 -4.9538e-17 3.59915e-17 
-0.0310613 0.055 0.055 0.055 -0.0055 0.0275 0.0475 0.951057 -0.309017 -1.89218e-17 5.82354e-17 
-0.0335641 0.055 0.055 0.055 0.0165 -0.0275 0.0475 -0.587785 0.809017 -4.9538e-17 -3.59915e-17 
-0.0415491 0.055 0.055 0.055 -0.0055 -0.0275 0.0475 0.587785 0.809017 -4.9538e-17 3.59915e-17 
-0.0608334 0.055 0.055 0.055 -0.0055 0.0275 0.0475 0.951057 0.309017 1.89218e-17 5.82354e-17 
-0.0916534 0.055 0.055 0.055 0.0055 0.0275 0.0475 0.951057 0.309017 1.89218e-17 5.82354e-17 
-0.0958056 0.055 0.055 0.055 -0.0165 -0.0275 0.0475 0.587785 0.809017 -4.9538e-17 3.59915e-17 
-0.100367 0.055 0.055 0.055 0.0275 0.0275 0.0475 0.951057 0.309017 1.89218e-17 5.82354e-17 
-0.10287 0.055 0.055 0.055 0.0165 0.0275 0.0475 0.951057 0.309017 1.89218e-17 5.82354e-17 
-0.122084 0.055 0.055 0.055 0.0275 -0.0275 0.0475 6.12323e-17 1 -6.12323e-17 3.7494e-33 
