25.5046 0.062 0.062 0.1 0.0124 -0.031 0.07 -0.587785 0.809017 -4.9538e-17 -3.59915e-17 
25.4477 0.062 0.062 0.1 0.0186 -0.031 0.07 -0.587785 0.809017 -4.9538e-17 -3.59915e-17 
25.407 0.062 0.062 0.1 0.0186 -0.0248 0.07 -0.587785 0.809017 -4.9538e-17 -3.59915e-17 
25.3977 0.062 0.062 0.1 0.0248 -0.031 0.07 -0.587785 0.809017 -4.9538e-17 -3.59915e-17 
25.3956 0.062 0.062 0.1 0.0248 -0.0248 0.07 -0.587785 0.809017 -4.9538e-17 -3.59915e-17 
25.382 0.062 0.062 0.1 0.0124 -0.0248 0.07 -0.587785 0.809017 -4.9538e-17 -3.59915e-17 
25.3748 0.062 0.062 0.1 0.0248 -0.0186 0.07 -0.587785 0.809017 -4.9538e-17 -3.59915e-17 
25.3503 0.062 0.062 0.1 0.0186 -0.0186 0.07 -0.587785 0.809017 -4.9538e-17 -3.59915e-17 
25.3388 0.062 0.062 0.1 0.0248 -0.0124 0.07 -0.587785 0.809017 -4.9538e-17 -3.59915e-17 
25.2921 0.062 0.062 0.1 0.0248 -0.0062 0.07 -0.587785 0.809017 -4.9538e-17 -3.59915e-17 
25.2822 0.062 0.062 0.1 0.0186 -0.0124 0.07 -0.587785 0.809017 -4.9538e-17 -3.59915e-17 
25.2453 0.062 0.062 0.1 0.0124 -0.0186 0.07 -0.587785 0.809017 -4.9538e-17 -3.59915e-17 
25.2395 0.062 0.062 0.1 0.0248 1.73472e-18 0.07 -0.587785 0.809017 -4.9538e-17 -3.59915e-17 
25.2088 0.062 0.062 0.1 0.0186 -0.0062 0.07 -0.587785 0.809017 -4.9538e-17 -3.59915e-17 
25.1871 0.062 0.062 0.1 0.0248 0.0062 0.07 -0.587785 0.809017 -4.9538e-17 -3.59915e-17 
25.1416 0.062 0.062 0.1 0.0248 0.0124 0.07 -0.587785 0.809017 -4.9538e-17 -3.59915e-17 
25.1363 0.062 0.062 0.1 0.0186 1.73472e-18 0.07 -0.587785 0.809017 -4.9538e-17 -3.59915e-17 
25.1005 0.062 0.062 0.1 0.0124 -0.0124 0.07 -0.587785 0.809017 -4.9538e-17 -3.59915e-17 
25.0723 0.062 0.062 0.1 0.0186 0.0062 0.07 -0.587785 0.809017 -4.9538e-17 -3.59915e-17 
24.9548 0.062 0.062 0.1 0.0124 -0.0062 0.07 -0.587785 0.809017 -4.9538e-17 -3.59915e-17 
24.8163 0.062 0.062 0.1 0.0124 1.73472e-18 0.07 -0.587785 0.809017 -4.9538e-17 -3.59915e-17 
17.5523 0.062 0.062 0.1 -0.0186 0.0248 0.07 0.587785 0.809017 -4.9538e-17 3.59915e-17 
17.5013 0.062 0.062 0.1 -0.0248 0.0248 0.07 0.587785 0.809017 -4.9538e-17 3.59915e-17 
17.5009 0.062 0.062 0.1 -0.031 0.0248 0.07 0.587785 0.809017 -4.9538e-17 3.59915e-17 
17.453 0.062 0.062 0.1 -0.0186 0.0186 0.07 0.587785 0.809017 -4.9538e-17 3.59915e-17 
17.4087 0.062 0.062 0.1 -0.0248 0.0186 0.07 0.587785 0.809017 -4.9538e-17 3.59915e-17 
17.4079 0.062 0.062 0.1 -0.031 0.0186 0.07 0.587785 0.809017 -4.9538e-17 3.59915e-17 
17.3575 0.062 0.062 0.1 -0.0186 0.0124 0.07 0.587785 0.809017 -4.9538e-17 3.59915e-17 
17.3162 0.062 0.062 0.1 -0.0248 0.0124 0.07 0.587785 0.809017 -4.9538e-17 3.59915e-17 
17.3105 0.062 0.062 0.1 -0.031 0.0124 0.07 0.587785 0.809017 -4.9538e-17 3.59915e-17 
17.2557 0.062 0.062 0.1 -0.0186 0.0062 0.07 0.587785 0.809017 -4.9538e-17 3.59915e-17 
17.2148 0.062 0.062 0.1 -0.0248 0.0062 0.07 0.587785 0.809017 -4.9538e-17 3.59915e-17 
17.2008 0.062 0.062 0.1 -0.031 0.0062 0.07 0.587785 0.809017 -4.9538e-17 3.59915e-17 
17.1405 0.062 0.062 0.1 -0.0186 1.73472e-18 0.07 0.587785 0.809017 -4.9538e-17 3.59915e-17 
17.0987 0.062 0.062 0.1 -0.0248 1.73472e-18 0.07 0.587785 0.809017 -4.9538e-17 3.59915e-17 
17.0741 0.062 0.062 0.1 -0.031 1.73472e-18 0.07 0.587785 0.809017 -4.9538e-17 3.59915e-17 
17.0082 0.062 0.062 0.1 -0.0186 -0.0062 0.07 0.587785 0.809017 -4.9538e-17 3.59915e-17 
16.9651 0.062 0.062 0.1 -0.0248 -0.0062 0.07 0.587785 0.809017 -4.9538e-17 3.59915e-17 
16.929 0.062 0.062 0.1 -0.031 -0.0062 0.07 0.587785 0.809017 -4.9538e-17 3.59915e-17 
16.858 0.062 0.062 0.1 -0.0186 -0.0124 0.07 0.587785 0.809017 -4.9538e-17 3.59915e-17 
16.8147 0.062 0.062 0.1 -0.0248 -0.0124 0.07 0.587785 0.809017 -4.9538e-17 3.59915e-17 
16.767 0.062 0.062 0.1 -0.031 -0.0124 0.07 0.587785 0.809017 -4.9538e-17 3.59915e-17 
16.6922 0.062 0.062 0.1 -0.0186 -0.0186 0.07 0.587785 0.809017 -4.9538e-17 3.59915e-17 
16.6509 0.062 0.062 0.1 -0.0248 -0.0186 0.07 0.587785 0.809017 -4.9538e-17 3.59915e-17 
16.5932 0.062 0.062 0.1 -0.031 -0.0186 0.07 0.587785 0.809017 -4.9538e-17 3.59915e-17 
16.5528 0.062 0.062 0.1 -0.0124 -0.0248 0.07 0.587785 0.809017 -4.9538e-17 3.59915e-17 
16.5165 0.062 0.062 0.1 -0.0186 -0.0248 0.07 0.587785 0.809017 -4.9538e-17 3.59915e-17 
16.4806 0.062 0.062 0.1 -0.0248 -0.0248 0.07 0.587785 0.809017 -4.9538e-17 3.59915e-17 
16.4153 0.062 0.062 0.1 -0.031 -0.0248 0.07 0.587785 0.809017 -4.9538e-17 3.59915e-17 
16.3829 0.062 0.062 0.1 -0.0062 -0.031 0.07 0.587785 0.809017 -4.9538e-17 3.59915e-17 
16.3528 0.062 0.062 0.1 -0.0124 -0.031 0.07 0.587785 0.809017 -4.9538e-17 3.59915e-17 
16.3398 0.062 0.062 0.1 -0.0186 -0.031 0.07 0.587785 0.809017 -4.9538e-17 3.59915e-17 
16.3136 0.062 0.062 0.1 -0.0248 -0.031 0.07 0.587785 0.809017 -4.9538e-17 3.59915e-17 
16.2445 0.062 0.062 0.1 -0.031 -0.031 0.07 0.587785 0.809017 -4.9538e-17 3.59915e-17 
11.6359 0.062 0.062 0.1 -0.031 -0.0124 0.07 0.309017 0.951057 -5.82354e-17 1.89218e-17 
11.5635 0.062 0.062 0.1 -0.0186 -0.0186 0.07 0.309017 0.951057 -5.82354e-17 1.89218e-17 
11.5595 0.062 0.062 0.1 -0.0124 -0.0186 0.07 0.309017 0.951057 -5.82354e-17 1.89218e-17 
11.5492 0.062 0.062 0.1 -0.0248 -0.0186 0.07 0.309017 0.951057 -5.82354e-17 1.89218e-17 
11.5486 0.062 0.062 0.1 -0.0062 -0.0186 0.07 0.309017 0.951057 -5.82354e-17 1.89218e-17 
11.5426 0.062 0.062 0.1 1.73472e-18 -0.0186 0.07 0.309017 0.951057 -5.82354e-17 1.89218e-17 
11.5063 0.062 0.062 0.1 -0.031 -0.0186 0.07 0.309017 0.951057 -5.82354e-17 1.89218e-17 
11.5029 0.062 0.062 0.1 0.0062 -0.0248 0.07 0.309017 0.951057 -5.82354e-17 1.89218e-17 
11.4569 0.062 0.062 0.1 1.73472e-18 -0.0248 0.07 0.309017 0.951057 -5.82354e-17 1.89218e-17 
11.4385 0.062 0.062 0.1 -0.0062 -0.0248 0.07 0.309017 0.951057 -5.82354e-17 1.89218e-17 
11.4344 0.062 0.062 0.1 -0.0124 -0.0248 0.07 0.309017 0.951057 -5.82354e-17 1.89218e-17 
11.4318 0.062 0.062 0.1 -0.0186 -0.0248 0.07 0.309017 0.951057 -5.82354e-17 1.89218e-17 
11.4186 0.062 0.062 0.1 -0.0248 -0.0248 0.07 0.309017 0.951057 -5.82354e-17 1.89218e-17 
11.3833 0.062 0.062 0.1 -0.031 -0.0248 0.07 0.309017 0.951057 -5.82354e-17 1.89218e-17 
11.3547 0.062 0.062 0.1 0.0062 -0.031 0.07 0.309017 0.951057 -5.82354e-17 1.89218e-17 
11.2928 0.062 0.062 0.1 1.73472e-18 -0.031 0.07 0.309017 0.951057 -5.82354e-17 1.89218e-17 
11.2763 0.062 0.062 0.1 -0.0248 -0.031 0.07 0.309017 0.951057 -5.82354e-17 1.89218e-17 
11.2731 0.062 0.062 0.1 -0.0186 -0.031 0.07 0.309017 0.951057 -5.82354e-17 1.89218e-17 
11.2679 0.062 0.062 0.1 -0.0062 -0.031 0.07 0.309017 0.951057 -5.82354e-17 1.89218e-17 
11.2659 0.062 0.062 0.1 -0.0124 -0.031 0.07 0.309017 0.951057 -5.82354e-17 1.89218e-17 
11.2632 0.062 0.062 0.1 -0.031 -0.031 0.07 0.309017 0.951057 -5.82354e-17 1.89218e-17 
9.13585 0.062 0.062 0.1 -0.0124 0.0248 0.07 0.809017 0.587785 3.59914e-17 4.9538e-17 
9.12405 0.062 0.062 0.1 -0.0186 0.0248 0.07 0.809017 0.587785 3.59914e-17 4.9538e-17 
9.10031 0.062 0.062 0.1 -0.0248 0.0248 0.07 0.809017 0.587785 3.59914e-17 4.9538e-17 
9.06552 0.062 0.062 0.1 -0.0248 0.0186 0.07 0.809017 0.587785 3.59914e-17 4.9538e-17 
9.05818 0.062 0.062 0.1 -0.031 0.0248 0.07 0.809017 0.587785 3.59914e-17 4.9538e-17 
9.05336 0.062 0.062 0.1 -0.0186 0.0186 0.07 0.809017 0.587785 3.59914e-17 4.9538e-17 
9.02299 0.062 0.062 0.1 -0.0248 0.0124 0.07 0.809017 0.587785 3.59914e-17 4.9538e-17 
9.01532 0.062 0.062 0.1 -0.031 0.0186 0.07 0.809017 0.587785 3.59914e-17 4.9538e-17 
8.99826 0.062 0.062 0.1 -0.031 0.051 0.03 0.218508 0.672499 -0.672499 0.218502 
8.98558 0.062 0.062 0.1 -0.0124 0.0186 0.07 0.809017 0.587785 3.59914e-17 4.9538e-17 
8.98036 0.062 0.062 0.1 -0.0186 0.0124 0.07 0.809017 0.587785 3.59914e-17 4.9538e-17 
8.97441 0.062 0.062 0.1 -0.0248 0.0062 0.07 0.809017 0.587785 3.59914e-17 4.9538e-17 
8.95833 0.062 0.062 0.1 -0.031 0.0124 0.07 0.809017 0.587785 3.59914e-17 4.9538e-17 
8.92394 0.062 0.062 0.1 -0.0248 1.73472e-18 0.07 0.809017 0.587785 3.59914e-17 4.9538e-17 
8.90674 0.062 0.062 0.1 -0.0186 0.0062 0.07 0.809017 0.587785 3.59914e-17 4.9538e-17 
8.88914 0.062 0.062 0.1 -0.031 0.0062 0.07 0.809017 0.587785 3.59914e-17 4.9538e-17 
8.87726 0.062 0.062 0.1 -0.0248 -0.0062 0.07 0.809017 0.587785 3.59914e-17 4.9538e-17 
8.84231 0.062 0.062 0.1 -0.0248 -0.0124 0.07 0.809017 0.587785 3.59914e-17 4.9538e-17 
8.83738 0.062 0.062 0.1 -0.0124 0.0124 0.07 0.809017 0.587785 3.59914e-17 4.9538e-17 
8.83696 0.062 0.062 0.1 -0.0186 1.73472e-18 0.07 0.809017 0.587785 3.59914e-17 4.9538e-17 
8.81104 0.062 0.062 0.1 -0.031 1.73472e-18 0.07 0.809017 0.587785 3.59914e-17 4.9538e-17 
8.777 0.062 0.062 0.1 -0.0186 -0.0062 0.07 0.809017 0.587785 3.59914e-17 4.9538e-17 
8.73014 0.062 0.062 0.1 -0.031 -0.0062 0.07 0.809017 0.587785 3.59914e-17 4.9538e-17 
8.69339 0.062 0.062 0.1 -0.0124 0.0062 0.07 0.809017 0.587785 3.59914e-17 4.9538e-17 
8.65413 0.062 0.062 0.1 -0.031 -0.0124 0.07 0.809017 0.587785 3.59914e-17 4.9538e-17 
8.648 0.062 0.062 0.1 -0.0062 -0.031 0.07 -0.309017 0.951057 -5.82354e-17 -1.89218e-17 
8.64567 0.062 0.062 0.1 1.73472e-18 -0.031 0.07 -0.309017 0.951057 -5.82354e-17 -1.89218e-17 
8.63309 0.062 0.062 0.1 -0.0124 -0.031 0.07 -0.309017 0.951057 -5.82354e-17 -1.89218e-17 
8.62853 0.062 0.062 0.1 0.0062 -0.031 0.07 -0.309017 0.951057 -5.82354e-17 -1.89218e-17 
8.60238 0.062 0.062 0.1 0.0124 -0.0248 0.07 -0.309017 0.951057 -5.82354e-17 -1.89218e-17 
8.60119 0.062 0.062 0.1 -0.0186 -0.031 0.07 -0.309017 0.951057 -5.82354e-17 -1.89218e-17 
8.60085 0.062 0.062 0.1 0.0124 -0.031 0.07 -0.309017 0.951057 -5.82354e-17 -1.89218e-17 
8.59964 0.062 0.062 0.1 0.0186 -0.0186 0.07 -0.309017 0.951057 -5.82354e-17 -1.89218e-17 
8.59732 0.062 0.062 0.1 0.0186 -0.0248 0.07 -0.309017 0.951057 -5.82354e-17 -1.89218e-17 
8.59259 0.062 0.062 0.1 -0.031 -0.0186 0.07 0.809017 0.587785 3.59914e-17 4.9538e-17 
8.59055 0.062 0.062 0.1 0.0248 -0.0186 0.07 -0.309017 0.951057 -5.82354e-17 -1.89218e-17 
8.58871 0.062 0.062 0.1 0.0248 -0.0124 0.07 -0.309017 0.951057 -5.82354e-17 -1.89218e-17 
8.57979 0.062 0.062 0.1 0.0062 -0.0248 0.07 -0.309017 0.951057 -5.82354e-17 -1.89218e-17 
8.57257 0.062 0.062 0.1 0.0248 -0.0248 0.07 -0.309017 0.951057 -5.82354e-17 -1.89218e-17 
8.56959 0.062 0.062 0.1 0.0186 -0.031 0.07 -0.309017 0.951057 -5.82354e-17 -1.89218e-17 
8.55911 0.062 0.062 0.1 0.0248 -0.0062 0.07 -0.309017 0.951057 -5.82354e-17 -1.89218e-17 
8.55791 0.062 0.062 0.1 -0.0124 1.73472e-18 0.07 0.809017 0.587785 3.59914e-17 4.9538e-17 
8.55756 0.062 0.062 0.1 -0.031 -0.0248 0.07 0.809017 0.587785 3.59914e-17 4.9538e-17 
8.55483 0.062 0.062 0.1 -0.0248 -0.031 0.07 -0.309017 0.951057 -5.82354e-17 -1.89218e-17 
8.54387 0.062 0.062 0.1 0.0248 -0.031 0.07 -0.309017 0.951057 -5.82354e-17 -1.89218e-17 
8.49885 0.062 0.062 0.1 -0.031 -0.031 0.07 -0.309017 0.951057 -5.82354e-17 -1.89218e-17 
8.49359 0.062 0.062 0.1 0.0248 1.73472e-18 0.07 -0.309017 0.951057 -5.82354e-17 -1.89218e-17 
5.91477 0.062 0.062 0.1 -0.031 0.051 0.04 0.218508 0.672499 -0.672499 0.218502 
5.88894 0.062 0.062 0.1 -0.0248 0.051 0.04 0.218508 0.672499 -0.672499 0.218502 
5.84954 0.062 0.062 0.1 -0.0186 0.051 0.04 0.218508 0.672499 -0.672499 0.218502 
5.79437 0.062 0.062 0.1 -0.0124 0.051 0.04 0.218508 0.672499 -0.672499 0.218502 
5.72133 0.062 0.062 0.1 -0.0062 0.051 0.04 0.218508 0.672499 -0.672499 0.218502 
5.62854 0.062 0.062 0.1 1.73472e-18 0.051 0.04 0.218508 0.672499 -0.672499 0.218502 
3.7529 0.062 0.062 0.1 0.0248 -0.051 0.04 -0.672499 0.218508 0.218508 0.672498 
3.62276 0.062 0.062 0.1 0.0186 -0.051 0.04 -0.672499 0.218508 0.218508 0.672498 
3.61125 0.062 0.062 0.1 0.0062 -0.0248 0.07 6.12323e-17 1 -6.12323e-17 3.7494e-33 
3.60415 0.062 0.062 0.1 0.0124 -0.0248 0.07 6.12323e-17 1 -6.12323e-17 3.7494e-33 
3.60017 0.062 0.062 0.1 1.73472e-18 -0.031 0.07 6.12323e-17 1 -6.12323e-17 3.7494e-33 
3.60005 0.062 0.062 0.1 0.0062 -0.031 0.07 6.12323e-17 1 -6.12323e-17 3.7494e-33 
3.59913 0.062 0.062 0.1 1.73472e-18 -0.0248 0.07 6.12323e-17 1 -6.12323e-17 3.7494e-33 
3.59358 0.062 0.062 0.1 0.0062 -0.0186 0.07 6.12323e-17 1 -6.12323e-17 3.7494e-33 
3.59337 0.062 0.062 0.1 1.73472e-18 -0.0186 0.07 6.12323e-17 1 -6.12323e-17 3.7494e-33 
3.58515 0.062 0.062 0.1 -0.0062 -0.031 0.07 6.12323e-17 1 -6.12323e-17 3.7494e-33 
3.583 0.062 0.062 0.1 0.0124 -0.031 0.07 6.12323e-17 1 -6.12323e-17 3.7494e-33 
3.5766 0.062 0.062 0.1 0.0186 -0.0248 0.07 6.12323e-17 1 -6.12323e-17 3.7494e-33 
3.57553 0.062 0.062 0.1 -0.0062 -0.0186 0.07 6.12323e-17 1 -6.12323e-17 3.7494e-33 
3.57071 0.062 0.062 0.1 0.0124 -0.0186 0.07 6.12323e-17 1 -6.12323e-17 3.7494e-33 
3.57058 0.062 0.062 0.1 -0.0062 -0.0248 0.07 6.12323e-17 1 -6.12323e-17 3.7494e-33 
3.55883 0.062 0.062 0.1 -0.0124 -0.031 0.07 6.12323e-17 1 -6.12323e-17 3.7494e-33 
3.55014 0.062 0.062 0.1 0.0186 -0.031 0.07 6.12323e-17 1 -6.12323e-17 3.7494e-33 
3.54723 0.062 0.062 0.1 -0.0124 -0.0186 0.07 6.12323e-17 1 -6.12323e-17 3.7494e-33 
3.53177 0.062 0.062 0.1 -0.0124 -0.0248 0.07 6.12323e-17 1 -6.12323e-17 3.7494e-33 
3.53025 0.062 0.062 0.1 0.0248 -0.0248 0.07 6.12323e-17 1 -6.12323e-17 3.7494e-33 
3.52747 0.062 0.062 0.1 -0.0186 -0.031 0.07 6.12323e-17 1 -6.12323e-17 3.7494e-33 
3.52235 0.062 0.062 0.1 0.0186 -0.0186 0.07 6.12323e-17 1 -6.12323e-17 3.7494e-33 
3.51814 0.062 0.062 0.1 -0.0186 -0.0186 0.07 6.12323e-17 1 -6.12323e-17 3.7494e-33 
3.50823 0.062 0.062 0.1 -0.031 -0.0186 0.07 6.12323e-17 1 -6.12323e-17 3.7494e-33 
3.50441 0.062 0.062 0.1 0.0248 -0.031 0.07 6.12323e-17 1 -6.12323e-17 3.7494e-33 
3.50044 0.062 0.062 0.1 -0.0248 -0.0186 0.07 6.12323e-17 1 -6.12323e-17 3.7494e-33 
3.49977 0.062 0.062 0.1 -0.0248 -0.031 0.07 6.12323e-17 1 -6.12323e-17 3.7494e-33 
3.49053 0.062 0.062 0.1 -0.0186 -0.0248 0.07 6.12323e-17 1 -6.12323e-17 3.7494e-33 
3.48644 0.062 0.062 0.1 -0.031 -0.031 0.07 6.12323e-17 1 -6.12323e-17 3.7494e-33 
3.48245 0.062 0.062 0.1 0.0124 -0.051 0.04 -0.672499 0.218508 0.218508 0.672498 
3.45716 0.062 0.062 0.1 -0.0248 -0.0248 0.07 6.12323e-17 1 -6.12323e-17 3.7494e-33 
3.44831 0.062 0.062 0.1 0.0248 -0.0186 0.07 6.12323e-17 1 -6.12323e-17 3.7494e-33 
3.44433 0.062 0.062 0.1 -0.031 -0.0248 0.07 6.12323e-17 1 -6.12323e-17 3.7494e-33 
3.33116 0.062 0.062 0.1 0.0062 -0.051 0.04 -0.672499 0.218508 0.218508 0.672498 
3.16791 0.062 0.062 0.1 1.73472e-18 -0.051 0.04 -0.672499 0.218508 0.218508 0.672498 
0.171757 0.062 0.062 0.1 -0.051 0.0062 0.04 -0.415627 0.572061 -0.415627 0.572062 
0.156053 0.062 0.062 0.1 -0.051 1.73472e-18 0.04 -0.415627 0.572061 -0.415627 0.572062 
0.144728 0.062 0.062 0.1 -0.051 -0.0062 0.04 -0.415627 0.572061 -0.415627 0.572062 
0.136319 0.062 0.062 0.1 -0.051 -0.0124 0.04 -0.415627 0.572061 -0.415627 0.572062 
0.129663 0.062 0.062 0.1 -0.051 -0.0186 0.04 -0.415627 0.572061 -0.415627 0.572062 
0.128632 0.062 0.062 0.1 -0.0186 0.051 0.03 0.415627 0.572061 -0.572061 0.415629 
0.123987 0.062 0.062 0.1 -0.0186 0.051 0.04 0.415627 0.572061 -0.572061 0.415629 
0.123952 0.062 0.062 0.1 -0.051 -0.0248 0.04 -0.415627 0.572061 -0.415627 0.572062 
0.118647 0.062 0.062 0.1 -0.051 -0.031 0.04 -0.415627 0.572061 -0.415627 0.572062 
0.0901642 0.062 0.062 0.1 0.0186 -0.051 0.03 -0.572061 0.415627 0.415627 0.572062 
0.0874071 0.062 0.062 0.1 0.0186 -0.051 0.04 -0.572061 0.415627 0.415627 0.572062 
0.072686 0.062 0.062 0.1 0.051 0.0248 0.04 0.707107 -4.32978e-17 -0.707107 4.32978e-17 
0.0508577 0.062 0.062 0.1 -0.0248 0.051 0.03 0.415627 0.572061 -0.572061 0.415629 
0.0459638 0.062 0.062 0.1 -0.0248 0.051 0.04 0.415627 0.572061 -0.572061 0.415629 
0.0273952 0.062 0.062 0.1 0.0248 -0.051 0.03 -0.572061 0.415627 0.415627 0.572062 
0.0234289 0.062 0.062 0.1 0.0248 -0.051 0.04 -0.572061 0.415627 0.415627 0.572062 
0.0109343 0.062 0.062 0.1 0.051 0.0124 0.04 -0.672498 -0.218508 0.672499 0.218508 
-0.0129557 0.062 0.062 0.1 -0.031 0.051 0.04 0.415627 0.572061 -0.572061 0.415629 
-0.0147042 0.062 0.062 0.1 -0.031 0.051 0.03 0.415627 0.572061 -0.572061 0.415629 
-0.0217317 0.062 0.062 0.1 0.051 -0.0062 0.04 -0.572061 -0.415627 0.572061 0.415629 
-0.0263741 0.062 0.062 0.1 -0.051 0.0186 0.03 0.707107 -4.32978e-17 0.707107 -4.32978e-17 
-0.0263925 0.062 0.062 0.1 -0.051 0.0186 0.04 0.707107 -4.32978e-17 0.707107 -4.32978e-17 
-0.0270525 0.062 0.062 0.1 -0.051 0.0248 0.03 0.707107 -4.32978e-17 0.707107 -4.32978e-17 
-0.0270599 0.062 0.062 0.1 -0.051 0.0248 0.04 0.707107 -4.32978e-17 0.707107 -4.32978e-17 
-0.0329553 0.062 0.062 0.1 0.051 0.0186 0.04 -0.672498 -0.218508 0.672499 0.218508 
-0.0352731 0.062 0.062 0.1 0.051 1.73472e-18 0.04 -0.572061 -0.415627 0.572061 0.415629 
-0.0443168 0.062 0.062 0.1 0.051 0.0062 0.04 -0.572061 -0.415627 0.572061 0.415629 
-0.0476137 0.062 0.062 0.1 0.051 -0.0248 0.04 0 -0.707107 0 0.707106 
-0.0477583 0.062 0.062 0.1 0.051 -0.031 0.04 0 -0.707107 0 0.707106 
-0.0477909 0.062 0.062 0.1 0.051 -0.0186 0.04 0 -0.707107 0 0.707106 
-0.0495698 0.062 0.062 0.1 0.051 -0.0248 0.03 0 -0.707107 0 0.707106 
-0.049701 0.062 0.062 0.1 0.051 -0.0186 0.03 0 -0.707107 0 0.707106 
-0.0497329 0.062 0.062 0.1 0.051 -0.031 0.03 0 -0.707107 0 0.707106 
-0.0503017 0.062 0.062 0.1 0.051 0.0124 0.04 -0.572061 -0.415627 0.572061 0.415629 
-0.0543856 0.062 0.062 0.1 0.051 0.0186 0.04 -0.572061 -0.415627 0.572061 0.415629 
-0.0574875 0.062 0.062 0.1 0.051 0.0248 0.04 -0.572061 -0.415627 0.572061 0.415629 
-0.0614988 0.062 0.062 0.1 0.051 0.0248 0.03 -0.672498 -0.218508 0.672499 0.218508 
-0.0687073 0.062 0.062 0.1 0.051 0.0248 0.04 -0.672498 -0.218508 0.672499 0.218508 
-0.0712602 0.062 0.062 0.1 -0.051 -0.0124 0.04 -0.218508 0.672498 -0.218508 0.672499 
-0.114088 0.062 0.062 0.1 -0.051 -0.0186 0.04 -0.218508 0.672498 -0.218508 0.672499 
-0.142701 0.062 0.062 0.1 -0.051 -0.0248 0.03 -0.218508 0.672498 -0.218508 0.672499 
-0.149615 0.062 0.062 0.1 -0.051 -0.0248 0.04 -0.218508 0.672498 -0.218508 0.672499 
-0.166584 0.062 0.062 0.1 -0.051 -0.031 0.01 -0.218508 0.672498 -0.218508 0.672499 
-0.167883 0.062 0.062 0.1 -0.051 -0.031 0.02 -0.218508 0.672498 -0.218508 0.672499 
-0.169042 0.062 0.062 0.1 -0.051 -0.031 0.03 -0.218508 0.672498 -0.218508 0.672499 
-0.169965 0.062 0.062 0.1 -0.051 -0.031 0.04 -0.218508 0.672498 -0.218508 0.672499 
-0.174795 0.062 0.062 0.1 -0.051 -0.0248 0.04 0 0.707107 0 0.707106 
-0.175107 0.062 0.062 0.1 -0.051 -0.031 0.04 0 0.707107 0 0.707106 
-0.567315 0.062 0.062 0.1 -0.0124 0.0248 0.07 0.951057 0.309017 1.89218e-17 5.82354e-17 
-0.571279 0.062 0.062 0.1 -0.0186 0.0186 0.07 0.951057 0.309017 1.89218e-17 5.82354e-17 
-0.575477 0.062 0.062 0.1 -0.0248 0.0124 0.07 0.951057 0.309017 1.89218e-17 5.82354e-17 
-0.57692 0.062 0.062 0.1 -0.0062 0.0248 0.07 0.951057 0.309017 1.89218e-17 5.82354e-17 
-0.580465 0.062 0.062 0.1 -0.0186 0.0248 0.07 0.951057 0.309017 1.89218e-17 5.82354e-17 
-0.583857 0.062 0.062 0.1 -0.0248 0.0186 0.07 0.951057 0.309017 1.89218e-17 5.82354e-17 
-0.591052 0.062 0.062 0.1 -0.0248 0.0062 0.07 0.951057 0.309017 1.89218e-17 5.82354e-17 
-0.608353 0.062 0.062 0.1 -0.0248 0.0248 0.07 0.951057 0.309017 1.89218e-17 5.82354e-17 
-0.617516 0.062 0.062 0.1 -0.031 0.0124 0.07 0.951057 0.309017 1.89218e-17 5.82354e-17 
-0.619963 0.062 0.062 0.1 -0.031 0.0062 0.07 0.951057 0.309017 1.89218e-17 5.82354e-17 
-0.627203 0.062 0.062 0.1 -0.031 0.0186 0.07 0.951057 0.309017 1.89218e-17 5.82354e-17 
-0.637749 0.062 0.062 0.1 -0.0248 1.73472e-18 0.07 0.951057 0.309017 1.89218e-17 5.82354e-17 
-0.640842 0.062 0.062 0.1 -0.031 0.0248 0.07 0.951057 0.309017 1.89218e-17 5.82354e-17 
-0.642518 0.062 0.062 0.1 -0.031 1.73472e-18 0.07 0.951057 0.309017 1.89218e-17 5.82354e-17 
-11.0984 0.062 0.062 0.1 -0.0186 0.0248 0.07 1 0 0 6.12323e-17 
-11.0993 0.062 0.062 0.1 -0.0124 0.0248 0.07 1 0 0 6.12323e-17 
-11.1107 0.062 0.062 0.1 -0.0248 0.0248 0.07 1 0 0 6.12323e-17 
-11.1151 0.062 0.062 0.1 -0.0062 0.0248 0.07 1 0 0 6.12323e-17 
-11.1326 0.062 0.062 0.1 -0.031 0.0248 0.07 1 0 0 6.12323e-17 
-11.1386 0.062 0.062 0.1 -0.0124 0.0186 0.07 1 0 0 6.12323e-17 
-11.1388 0.062 0.062 0.1 -0.0062 0.0186 0.07 1 0 0 6.12323e-17 
-11.1448 0.062 0.062 0.1 1.73472e-18 0.0248 0.07 1 0 0 6.12323e-17 
-11.1562 0.062 0.062 0.1 1.73472e-18 0.0186 0.07 1 0 0 6.12323e-17 
-11.1583 0.062 0.062 0.1 -0.0186 0.0186 0.07 1 0 0 6.12323e-17 
-11.1849 0.062 0.062 0.1 0.0062 0.0248 0.07 1 0 0 6.12323e-17 
-11.1859 0.062 0.062 0.1 0.0062 0.0186 0.07 1 0 0 6.12323e-17 
-11.1982 0.062 0.062 0.1 -0.0248 0.0186 0.07 1 0 0 6.12323e-17 
-11.2206 0.062 0.062 0.1 0.0124 0.0186 0.07 1 0 0 6.12323e-17 
-11.2299 0.062 0.062 0.1 0.0124 0.0248 0.07 1 0 0 6.12323e-17 
-11.25 0.062 0.062 0.1 0.0186 0.0186 0.07 1 0 0 6.12323e-17 
-11.2627 0.062 0.062 0.1 0.0248 0.0186 0.07 1 0 0 6.12323e-17 
-11.2717 0.062 0.062 0.1 0.0186 0.0248 0.07 1 0 0 6.12323e-17 
-11.3002 0.062 0.062 0.1 0.0248 0.0248 0.07 1 0 0 6.12323e-17 
-38.8558 0.062 0.062 0.1 -0.0062 0.0248 0.07 0.951057 -0.309017 -1.89218e-17 5.82354e-17 
-38.9123 0.062 0.062 0.1 1.73472e-18 0.0186 0.07 0.951057 -0.309017 -1.89218e-17 5.82354e-17 
-38.9522 0.062 0.062 0.1 0.0062 0.0186 0.07 0.951057 -0.309017 -1.89218e-17 5.82354e-17 
-38.9633 0.062 0.062 0.1 1.73472e-18 0.0248 0.07 0.951057 -0.309017 -1.89218e-17 5.82354e-17 
-38.9674 0.062 0.062 0.1 0.0124 0.0186 0.07 0.951057 -0.309017 -1.89218e-17 5.82354e-17 
-38.9699 0.062 0.062 0.1 0.0186 0.0186 0.07 0.951057 -0.309017 -1.89218e-17 5.82354e-17 
-38.9711 0.062 0.062 0.1 0.0248 0.0186 0.07 0.951057 -0.309017 -1.89218e-17 5.82354e-17 
-39.0242 0.062 0.062 0.1 0.0062 0.0248 0.07 0.951057 -0.309017 -1.89218e-17 5.82354e-17 
-39.0521 0.062 0.062 0.1 0.0124 0.0248 0.07 0.951057 -0.309017 -1.89218e-17 5.82354e-17 
-39.0598 0.062 0.062 0.1 0.0186 0.0248 0.07 0.951057 -0.309017 -1.89218e-17 5.82354e-17 
-39.06 0.062 0.062 0.1 0.0248 0.0248 0.07 0.951057 -0.309017 -1.89218e-17 5.82354e-17 
-62.7897 0.062 0.062 0.1 0.0186 -0.031 0.07 0.809017 -0.587785 -3.59914e-17 4.9538e-17 
-62.8036 0.062 0.062 0.1 0.0248 -0.031 0.07 0.809017 -0.587785 -3.59914e-17 4.9538e-17 
-63.1152 0.062 0.062 0.1 0.0248 -0.0248 0.07 0.809017 -0.587785 -3.59914e-17 4.9538e-17 
-63.1167 0.062 0.062 0.1 0.0186 -0.0248 0.07 0.809017 -0.587785 -3.59914e-17 4.9538e-17 
-63.3851 0.062 0.062 0.1 0.0248 -0.0186 0.07 0.809017 -0.587785 -3.59914e-17 4.9538e-17 
-63.3951 0.062 0.062 0.1 0.0186 -0.0186 0.07 0.809017 -0.587785 -3.59914e-17 4.9538e-17 
-63.625 0.062 0.062 0.1 0.0248 -0.0124 0.07 0.809017 -0.587785 -3.59914e-17 4.9538e-17 
-63.6383 0.062 0.062 0.1 0.0186 -0.0124 0.07 0.809017 -0.587785 -3.59914e-17 4.9538e-17 
-63.844 0.062 0.062 0.1 0.0248 -0.0062 0.07 0.809017 -0.587785 -3.59914e-17 4.9538e-17 
-63.8568 0.062 0.062 0.1 0.0186 -0.0062 0.07 0.809017 -0.587785 -3.59914e-17 4.9538e-17 
-64.0476 0.062 0.062 0.1 0.0248 1.73472e-18 0.07 0.809017 -0.587785 -3.59914e-17 4.9538e-17 
-64.0579 0.062 0.062 0.1 0.0186 1.73472e-18 0.07 0.809017 -0.587785 -3.59914e-17 4.9538e-17 
-64.2384 0.062 0.062 0.1 0.0248 0.0062 0.07 0.809017 -0.587785 -3.59914e-17 4.9538e-17 
-64.2458 0.062 0.062 0.1 0.0186 0.0062 0.07 0.809017 -0.587785 -3.59914e-17 4.9538e-17 
-64.4159 0.062 0.062 0.1 0.0248 0.0124 0.07 0.809017 -0.587785 -3.59914e-17 4.9538e-17 
-64.4218 0.062 0.062 0.1 0.0186 0.0124 0.07 0.809017 -0.587785 -3.59914e-17 4.9538e-17 
-64.5765 0.062 0.062 0.1 0.0248 0.0186 0.07 0.809017 -0.587785 -3.59914e-17 4.9538e-17 
-64.5837 0.062 0.062 0.1 0.0186 0.0186 0.07 0.809017 -0.587785 -3.59914e-17 4.9538e-17 
-64.7111 0.062 0.062 0.1 0.0124 0.0248 0.07 0.809017 -0.587785 -3.59914e-17 4.9538e-17 
-64.7135 0.062 0.062 0.1 0.0248 0.0248 0.07 0.809017 -0.587785 -3.59914e-17 4.9538e-17 
-64.7265 0.062 0.062 0.1 0.0186 0.0248 0.07 0.809017 -0.587785 -3.59914e-17 4.9538e-17 
