0.379406 0.033 0.033 0.033 -0.0033 -0.0033 0.0365 0.587785 0.809017 -4.9538e-17 3.59915e-17 
0.35456 0.033 0.033 0.033 -0.0033 -0.0099 0.0365 0.587785 0.809017 -4.9538e-17 3.59915e-17 
0.351618 0.033 0.033 0.033 -0.0033 0.0033 0.0365 0.587785 0.809017 -4.9538e-17 3.59915e-17 
0.333392 0.033 0.033 0.033 0.0099 0.0165 0.0365 0.951057 -0.309017 -1.89218e-17 5.82354e-17 
0.315631 0.033 0.033 0.033 0.0033 0.0165 0.0365 0.951057 -0.309017 -1.89218e-17 5.82354e-17 
0.29844 0.033 0.033 0.033 0.0033 -0.0165 0.0365 0.587785 0.809017 -4.9538e-17 3.59915e-17 
0.284384 0.033 0.033 0.033 -0.0033 0.0099 0.0365 0.587785 0.809017 -4.9538e-17 3.59915e-17 
0.267032 0.033 0.033 0.033 -0.0033 -0.0165 0.0365 0.587785 0.809017 -4.9538e-17 3.59915e-17 
0.263157 0.033 0.033 0.033 0.0165 0.0165 0.0365 0.951057 -0.309017 -1.89218e-17 5.82354e-17 
0.254682 0.033 0.033 0.033 -0.0099 -0.0033 0.0365 0.587785 0.809017 -4.9538e-17 3.59915e-17 
0.248106 0.033 0.033 0.033 0.0099 0.0099 0.0365 0.951057 -0.309017 -1.89218e-17 5.82354e-17 
0.239627 0.033 0.033 0.033 0.0033 0.0099 0.0365 0.951057 -0.309017 -1.89218e-17 5.82354e-17 
0.239239 0.033 0.033 0.033 -0.0099 -0.0099 0.0365 0.587785 0.809017 -4.9538e-17 3.59915e-17 
0.22856 0.033 0.033 0.033 -0.0099 0.0033 0.0365 0.587785 0.809017 -4.9538e-17 3.59915e-17 
0.213461 0.033 0.033 0.033 0.0165 -0.0033 0.0365 -0.587785 0.809017 -4.9538e-17 -3.59915e-17 
0.206037 0.033 0.033 0.033 0.0099 -0.0165 0.0365 0.587785 0.809017 -4.9538e-17 3.59915e-17 
0.204924 0.033 0.033 0.033 0.0165 0.0033 0.0365 -0.587785 0.809017 -4.9538e-17 -3.59915e-17 
0.193999 0.033 0.033 0.033 -0.0033 0.0165 0.0365 0.587785 0.809017 -4.9538e-17 3.59915e-17 
0.186159 0.033 0.033 0.033 0.0099 -0.0033 0.0365 -0.587785 0.809017 -4.9538e-17 -3.59915e-17 
0.183562 0.033 0.033 0.033 0.0165 -0.0099 0.0365 -0.587785 0.809017 -4.9538e-17 -3.59915e-17 
0.173165 0.033 0.033 0.033 -0.0099 0.0099 0.0365 0.587785 0.809017 -4.9538e-17 3.59915e-17 
0.173051 0.033 0.033 0.033 -0.0099 -0.0165 0.0365 0.587785 0.809017 -4.9538e-17 3.59915e-17 
0.170162 0.033 0.033 0.033 0.0099 0.0033 0.0365 -0.587785 0.809017 -4.9538e-17 -3.59915e-17 
0.16881 0.033 0.033 0.033 0.0165 0.0099 0.0365 0.951057 -0.309017 -1.89218e-17 5.82354e-17 
0.151773 0.033 0.033 0.033 0.0165 0.0099 0.0365 -0.587785 0.809017 -4.9538e-17 -3.59915e-17 
0.146674 0.033 0.033 0.033 0.0165 0.0165 0.0365 0.951057 0.309017 1.89218e-17 5.82354e-17 
0.13563 0.033 0.033 0.033 0.0099 -0.0099 0.0365 -0.587785 0.809017 -4.9538e-17 -3.59915e-17 
0.128379 0.033 0.033 0.033 -0.0165 -0.0033 0.0365 0.587785 0.809017 -4.9538e-17 3.59915e-17 
0.12709 0.033 0.033 0.033 0.0099 0.0033 0.0365 0.951057 -0.309017 -1.89218e-17 5.82354e-17 
0.122499 0.033 0.033 0.033 -0.0165 -0.0099 0.0365 0.587785 0.809017 -4.9538e-17 3.59915e-17 
0.121927 0.033 0.033 0.033 0.0033 0.0033 0.0365 0.951057 -0.309017 -1.89218e-17 5.82354e-17 
0.12186 0.033 0.033 0.033 0.0099 0.0165 0.0365 0.951057 0.309017 1.89218e-17 5.82354e-17 
0.121745 0.033 0.033 0.033 0.0165 -0.0165 0.0365 -0.587785 0.809017 -4.9538e-17 -3.59915e-17 
0.117965 0.033 0.033 0.033 0.0165 0.0033 0.0365 6.12323e-17 1 -6.12323e-17 3.7494e-33 
0.114547 0.033 0.033 0.033 -0.0033 0.0165 0.0365 0.951057 -0.309017 -1.89218e-17 5.82354e-17 
0.112897 0.033 0.033 0.033 0.0165 -0.0033 0.0365 6.12323e-17 1 -6.12323e-17 3.7494e-33 
0.111671 0.033 0.033 0.033 0.0099 -0.0099 0.0365 6.12323e-17 1 -6.12323e-17 3.7494e-33 
0.109353 0.033 0.033 0.033 0.0165 -0.0099 0.0365 6.12323e-17 1 -6.12323e-17 3.7494e-33 
0.105679 0.033 0.033 0.033 0.0099 -0.0165 0.0365 6.12323e-17 1 -6.12323e-17 3.7494e-33 
0.104359 0.033 0.033 0.033 0.0033 0.0165 0.0365 0.951057 0.309017 1.89218e-17 5.82354e-17 
0.103879 0.033 0.033 0.033 -0.0099 0.0165 0.0365 0.587785 0.809017 -4.9538e-17 3.59915e-17 
0.103798 0.033 0.033 0.033 -0.0165 0.0033 0.0365 0.587785 0.809017 -4.9538e-17 3.59915e-17 
0.0989396 0.033 0.033 0.033 0.0099 -0.0033 0.0365 6.12323e-17 1 -6.12323e-17 3.7494e-33 
0.0936614 0.033 0.033 0.033 -0.0033 0.0165 0.0365 0.951057 0.309017 1.89218e-17 5.82354e-17 
0.093632 0.033 0.033 0.033 0.0033 -0.0165 0.0365 6.12323e-17 1 -6.12323e-17 3.7494e-33 
0.0919814 0.033 0.033 0.033 0.0165 -0.0165 0.0365 6.12323e-17 1 -6.12323e-17 3.7494e-33 
0.0880998 0.033 0.033 0.033 -0.0099 0.0165 0.0365 0.951057 0.309017 1.89218e-17 5.82354e-17 
0.0856733 0.033 0.033 0.033 0.0033 -0.0099 0.0365 6.12323e-17 1 -6.12323e-17 3.7494e-33 
0.0847949 0.033 0.033 0.033 -0.0165 0.0165 0.0365 0.951057 0.309017 1.89218e-17 5.82354e-17 
0.0800791 0.033 0.033 0.033 0.0099 0.0099 0.0365 -0.587785 0.809017 -4.9538e-17 -3.59915e-17 
0.077845 0.033 0.033 0.033 -0.0165 -0.0165 0.0365 0.587785 0.809017 -4.9538e-17 3.59915e-17 
0.075551 0.033 0.033 0.033 0.0033 0.0099 0.0365 0.951057 0.309017 1.89218e-17 5.82354e-17 
0.0747433 0.033 0.033 0.033 0.0033 -0.0033 0.0365 -0.587785 0.809017 -4.9538e-17 -3.59915e-17 
0.0700775 0.033 0.033 0.033 -0.0033 0.0099 0.0365 0.951057 0.309017 1.89218e-17 5.82354e-17 
0.0689957 0.033 0.033 0.033 -0.0099 0.0099 0.0365 0.951057 0.309017 1.89218e-17 5.82354e-17 
0.0688369 0.033 0.033 0.033 -0.0165 0.0099 0.0365 0.951057 0.309017 1.89218e-17 5.82354e-17 
0.0673476 0.033 0.033 0.033 -0.0033 -0.0165 0.0365 6.12323e-17 1 -6.12323e-17 3.7494e-33 
0.0601579 0.033 0.033 0.033 -0.0165 0.0099 0.0365 0.587785 0.809017 -4.9538e-17 3.59915e-17 
0.0541228 0.033 0.033 0.033 0.0033 -0.0033 0.0365 6.12323e-17 1 -6.12323e-17 3.7494e-33 
0.0511029 0.033 0.033 0.033 0.0033 0.0033 0.0365 -0.587785 0.809017 -4.9538e-17 -3.59915e-17 
0.0482316 0.033 0.033 0.033 0.0165 0.0165 0.0365 -0.587785 0.809017 -4.9538e-17 -3.59915e-17 
0.0474083 0.033 0.033 0.033 -0.0033 0.0099 0.0365 0.951057 -0.309017 -1.89218e-17 5.82354e-17 
0.0447733 0.033 0.033 0.033 0.0165 0.0033 0.0365 0.951057 -0.309017 -1.89218e-17 5.82354e-17 
0.0439123 0.033 0.033 0.033 -0.0033 -0.0099 0.0365 6.12323e-17 1 -6.12323e-17 3.7494e-33 
0.0376495 0.033 0.033 0.033 -0.0099 -0.0165 0.0365 6.12323e-17 1 -6.12323e-17 3.7494e-33 
0.0265913 0.033 0.033 0.033 0.0099 -0.0165 0.0365 -0.587785 0.809017 -4.9538e-17 -3.59915e-17 
0.0146752 0.033 0.033 0.033 -0.0165 0.0033 0.0365 0.951057 0.309017 1.89218e-17 5.82354e-17 
0.0145845 0.033 0.033 0.033 -0.0165 -0.0165 0.0365 6.12323e-17 1 -6.12323e-17 3.7494e-33 
0.0118862 0.033 0.033 0.033 -0.0165 0.0165 0.0365 0.587785 0.809017 -4.9538e-17 3.59915e-17 
0.00387945 0.033 0.033 0.033 0.0033 -0.0099 0.0365 -0.587785 0.809017 -4.9538e-17 -3.59915e-17 
-0.00177337 0.033 0.033 0.033 -0.0099 -0.0099 0.0365 6.12323e-17 1 -6.12323e-17 3.7494e-33 
-0.00659949 0.033 0.033 0.033 -0.0099 0.0033 0.0365 0.951057 0.309017 1.89218e-17 5.82354e-17 
-0.00796461 0.033 0.033 0.033 -0.0033 -0.0033 0.0365 6.12323e-17 1 -6.12323e-17 3.7494e-33 
-0.0282564 0.033 0.033 0.033 -0.0033 0.0033 0.0365 0.951057 0.309017 1.89218e-17 5.82354e-17 
-0.0402771 0.033 0.033 0.033 -0.0165 -0.0099 0.0365 6.12323e-17 1 -6.12323e-17 3.7494e-33 
-0.0621272 0.033 0.033 0.033 -0.0165 -0.0033 0.0365 0.951057 0.309017 1.89218e-17 5.82354e-17 
-0.0672904 0.033 0.033 0.033 -0.0033 0.0033 0.0365 0.951057 -0.309017 -1.89218e-17 5.82354e-17 
-0.074449 0.033 0.033 0.033 -0.0099 -0.0033 0.0365 6.12323e-17 1 -6.12323e-17 3.7494e-33 
-0.0759885 0.033 0.033 0.033 0.0033 0.0099 0.0365 -0.587785 0.809017 -4.9538e-17 -3.59915e-17 
-0.0911857 0.033 0.033 0.033 0.0099 0.0165 0.0365 -0.587785 0.809017 -4.9538e-17 -3.59915e-17 
-0.100114 0.033 0.033 0.033 0.0165 -0.0033 0.0365 0.951057 -0.309017 -1.89218e-17 5.82354e-17 
-0.124013 0.033 0.033 0.033 -0.0099 -0.0033 0.0365 0.951057 0.309017 1.89218e-17 5.82354e-17 
-0.133185 0.033 0.033 0.033 -0.0165 -0.0033 0.0365 6.12323e-17 1 -6.12323e-17 3.7494e-33 
-0.145404 0.033 0.033 0.033 -0.0165 -0.0099 0.0365 0.951057 0.309017 1.89218e-17 5.82354e-17 
-0.152014 0.033 0.033 0.033 0.0033 -0.0165 0.0365 -0.587785 0.809017 -4.9538e-17 -3.59915e-17 
-0.218449 0.033 0.033 0.033 -0.0165 -0.0165 0.0365 0.951057 0.309017 1.89218e-17 5.82354e-17 
-0.267882 0.033 0.033 0.033 -0.0099 -0.0099 0.0365 0.951057 0.309017 1.89218e-17 5.82354e-17 
-0.314932 0.033 0.033 0.033 0.0033 0.0165 0.0365 -0.587785 0.809017 -4.9538e-17 -3.59915e-17 
-0.364758 0.033 0.033 0.033 -0.0099 0.0165 0.0365 0.951057 -0.309017 -1.89218e-17 5.82354e-17 
-0.422274 0.033 0.033 0.033 -0.0099 -0.0165 0.0365 0.951057 0.309017 1.89218e-17 5.82354e-17 
-0.424108 0.033 0.033 0.033 -0.0099 0.0099 0.0365 0.951057 -0.309017 -1.89218e-17 5.82354e-17 
-0.536711 0.033 0.033 0.033 -0.0099 0.0033 0.0365 0.951057 -0.309017 -1.89218e-17 5.82354e-17 
-1.21636 0.033 0.033 0.033 -0.0165 0.0165 0.0365 0.951057 -0.309017 -1.89218e-17 5.82354e-17 
-1.26963 0.033 0.033 0.033 -0.0165 0.0099 0.0365 0.951057 -0.309017 -1.89218e-17 5.82354e-17 
0.379406 0.033 0.033 0.033 -0.0033 -0.0033 0.0365 0.587785 0.809017 -4.9538e-17 3.59915e-17 
0.35456 0.033 0.033 0.033 -0.0033 -0.0099 0.0365 0.587785 0.809017 -4.9538e-17 3.59915e-17 
0.351618 0.033 0.033 0.033 -0.0033 0.0033 0.0365 0.587785 0.809017 -4.9538e-17 3.59915e-17 
0.333392 0.033 0.033 0.033 0.0099 0.0165 0.0365 0.951057 -0.309017 -1.89218e-17 5.82354e-17 
0.315631 0.033 0.033 0.033 0.0033 0.0165 0.0365 0.951057 -0.309017 -1.89218e-17 5.82354e-17 
0.29844 0.033 0.033 0.033 0.0033 -0.0165 0.0365 0.587785 0.809017 -4.9538e-17 3.59915e-17 
0.284384 0.033 0.033 0.033 -0.0033 0.0099 0.0365 0.587785 0.809017 -4.9538e-17 3.59915e-17 
0.267032 0.033 0.033 0.033 -0.0033 -0.0165 0.0365 0.587785 0.809017 -4.9538e-17 3.59915e-17 
0.263157 0.033 0.033 0.033 0.0165 0.0165 0.0365 0.951057 -0.309017 -1.89218e-17 5.82354e-17 
0.254682 0.033 0.033 0.033 -0.0099 -0.0033 0.0365 0.587785 0.809017 -4.9538e-17 3.59915e-17 
0.248106 0.033 0.033 0.033 0.0099 0.0099 0.0365 0.951057 -0.309017 -1.89218e-17 5.82354e-17 
0.239627 0.033 0.033 0.033 0.0033 0.0099 0.0365 0.951057 -0.309017 -1.89218e-17 5.82354e-17 
0.239239 0.033 0.033 0.033 -0.0099 -0.0099 0.0365 0.587785 0.809017 -4.9538e-17 3.59915e-17 
0.22856 0.033 0.033 0.033 -0.0099 0.0033 0.0365 0.587785 0.809017 -4.9538e-17 3.59915e-17 
0.213461 0.033 0.033 0.033 0.0165 -0.0033 0.0365 -0.587785 0.809017 -4.9538e-17 -3.59915e-17 
0.206037 0.033 0.033 0.033 0.0099 -0.0165 0.0365 0.587785 0.809017 -4.9538e-17 3.59915e-17 
0.204924 0.033 0.033 0.033 0.0165 0.0033 0.0365 -0.587785 0.809017 -4.9538e-17 -3.59915e-17 
0.193999 0.033 0.033 0.033 -0.0033 0.0165 0.0365 0.587785 0.809017 -4.9538e-17 3.59915e-17 
0.186159 0.033 0.033 0.033 0.0099 -0.0033 0.0365 -0.587785 0.809017 -4.9538e-17 -3.59915e-17 
0.183562 0.033 0.033 0.033 0.0165 -0.0099 0.0365 -0.587785 0.809017 -4.9538e-17 -3.59915e-17 
0.173165 0.033 0.033 0.033 -0.0099 0.0099 0.0365 0.587785 0.809017 -4.9538e-17 3.59915e-17 
0.173051 0.033 0.033 0.033 -0.0099 -0.0165 0.0365 0.587785 0.809017 -4.9538e-17 3.59915e-17 
0.170162 0.033 0.033 0.033 0.0099 0.0033 0.0365 -0.587785 0.809017 -4.9538e-17 -3.59915e-17 
0.16881 0.033 0.033 0.033 0.0165 0.0099 0.0365 0.951057 -0.309017 -1.89218e-17 5.82354e-17 
0.151773 0.033 0.033 0.033 0.0165 0.0099 0.0365 -0.587785 0.809017 -4.9538e-17 -3.59915e-17 
0.146674 0.033 0.033 0.033 0.0165 0.0165 0.0365 0.951057 0.309017 1.89218e-17 5.82354e-17 
0.13563 0.033 0.033 0.033 0.0099 -0.0099 0.0365 -0.587785 0.809017 -4.9538e-17 -3.59915e-17 
0.128379 0.033 0.033 0.033 -0.0165 -0.0033 0.0365 0.587785 0.809017 -4.9538e-17 3.59915e-17 
0.12709 0.033 0.033 0.033 0.0099 0.0033 0.0365 0.951057 -0.309017 -1.89218e-17 5.82354e-17 
0.122499 0.033 0.033 0.033 -0.0165 -0.0099 0.0365 0.587785 0.809017 -4.9538e-17 3.59915e-17 
0.121927 0.033 0.033 0.033 0.0033 0.0033 0.0365 0.951057 -0.309017 -1.89218e-17 5.82354e-17 
0.12186 0.033 0.033 0.033 0.0099 0.0165 0.0365 0.951057 0.309017 1.89218e-17 5.82354e-17 
0.121745 0.033 0.033 0.033 0.0165 -0.0165 0.0365 -0.587785 0.809017 -4.9538e-17 -3.59915e-17 
0.117965 0.033 0.033 0.033 0.0165 0.0033 0.0365 6.12323e-17 1 -6.12323e-17 3.7494e-33 
0.114547 0.033 0.033 0.033 -0.0033 0.0165 0.0365 0.951057 -0.309017 -1.89218e-17 5.82354e-17 
0.112897 0.033 0.033 0.033 0.0165 -0.0033 0.0365 6.12323e-17 1 -6.12323e-17 3.7494e-33 
0.111671 0.033 0.033 0.033 0.0099 -0.0099 0.0365 6.12323e-17 1 -6.12323e-17 3.7494e-33 
0.109353 0.033 0.033 0.033 0.0165 -0.0099 0.0365 6.12323e-17 1 -6.12323e-17 3.7494e-33 
0.105679 0.033 0.033 0.033 0.0099 -0.0165 0.0365 6.12323e-17 1 -6.12323e-17 3.7494e-33 
0.104359 0.033 0.033 0.033 0.0033 0.0165 0.0365 0.951057 0.309017 1.89218e-17 5.82354e-17 
0.103879 0.033 0.033 0.033 -0.0099 0.0165 0.0365 0.587785 0.809017 -4.9538e-17 3.59915e-17 
0.103798 0.033 0.033 0.033 -0.0165 0.0033 0.0365 0.587785 0.809017 -4.9538e-17 3.59915e-17 
0.0989396 0.033 0.033 0.033 0.0099 -0.0033 0.0365 6.12323e-17 1 -6.12323e-17 3.7494e-33 
0.0936614 0.033 0.033 0.033 -0.0033 0.0165 0.0365 0.951057 0.309017 1.89218e-17 5.82354e-17 
0.093632 0.033 0.033 0.033 0.0033 -0.0165 0.0365 6.12323e-17 1 -6.12323e-17 3.7494e-33 
0.0919814 0.033 0.033 0.033 0.0165 -0.0165 0.0365 6.12323e-17 1 -6.12323e-17 3.7494e-33 
0.0880998 0.033 0.033 0.033 -0.0099 0.0165 0.0365 0.951057 0.309017 1.89218e-17 5.82354e-17 
0.0856733 0.033 0.033 0.033 0.0033 -0.0099 0.0365 6.12323e-17 1 -6.12323e-17 3.7494e-33 
0.0847949 0.033 0.033 0.033 -0.0165 0.0165 0.0365 0.951057 0.309017 1.89218e-17 5.82354e-17 
0.0800791 0.033 0.033 0.033 0.0099 0.0099 0.0365 -0.587785 0.809017 -4.9538e-17 -3.59915e-17 
0.077845 0.033 0.033 0.033 -0.0165 -0.0165 0.0365 0.587785 0.809017 -4.9538e-17 3.59915e-17 
0.075551 0.033 0.033 0.033 0.0033 0.0099 0.0365 0.951057 0.309017 1.89218e-17 5.82354e-17 
0.0747433 0.033 0.033 0.033 0.0033 -0.0033 0.0365 -0.587785 0.809017 -4.9538e-17 -3.59915e-17 
0.0700775 0.033 0.033 0.033 -0.0033 0.0099 0.0365 0.951057 0.309017 1.89218e-17 5.82354e-17 
0.0689957 0.033 0.033 0.033 -0.0099 0.0099 0.0365 0.951057 0.309017 1.89218e-17 5.82354e-17 
0.0688369 0.033 0.033 0.033 -0.0165 0.0099 0.0365 0.951057 0.309017 1.89218e-17 5.82354e-17 
0.0673476 0.033 0.033 0.033 -0.0033 -0.0165 0.0365 6.12323e-17 1 -6.12323e-17 3.7494e-33 
0.0601579 0.033 0.033 0.033 -0.0165 0.0099 0.0365 0.587785 0.809017 -4.9538e-17 3.59915e-17 
0.0541228 0.033 0.033 0.033 0.0033 -0.0033 0.0365 6.12323e-17 1 -6.12323e-17 3.7494e-33 
0.0511029 0.033 0.033 0.033 0.0033 0.0033 0.0365 -0.587785 0.809017 -4.9538e-17 -3.59915e-17 
0.0482316 0.033 0.033 0.033 0.0165 0.0165 0.0365 -0.587785 0.809017 -4.9538e-17 -3.59915e-17 
0.0474083 0.033 0.033 0.033 -0.0033 0.0099 0.0365 0.951057 -0.309017 -1.89218e-17 5.82354e-17 
0.0447733 0.033 0.033 0.033 0.0165 0.0033 0.0365 0.951057 -0.309017 -1.89218e-17 5.82354e-17 
0.0439123 0.033 0.033 0.033 -0.0033 -0.0099 0.0365 6.12323e-17 1 -6.12323e-17 3.7494e-33 
0.0376495 0.033 0.033 0.033 -0.0099 -0.0165 0.0365 6.12323e-17 1 -6.12323e-17 3.7494e-33 
0.0265913 0.033 0.033 0.033 0.0099 -0.0165 0.0365 -0.587785 0.809017 -4.9538e-17 -3.59915e-17 
0.0146752 0.033 0.033 0.033 -0.0165 0.0033 0.0365 0.951057 0.309017 1.89218e-17 5.82354e-17 
0.0145845 0.033 0.033 0.033 -0.0165 -0.0165 0.0365 6.12323e-17 1 -6.12323e-17 3.7494e-33 
0.0118862 0.033 0.033 0.033 -0.0165 0.0165 0.0365 0.587785 0.809017 -4.9538e-17 3.59915e-17 
0.00387945 0.033 0.033 0.033 0.0033 -0.0099 0.0365 -0.587785 0.809017 -4.9538e-17 -3.59915e-17 
-0.00177337 0.033 0.033 0.033 -0.0099 -0.0099 0.0365 6.12323e-17 1 -6.12323e-17 3.7494e-33 
-0.00659949 0.033 0.033 0.033 -0.0099 0.0033 0.0365 0.951057 0.309017 1.89218e-17 5.82354e-17 
-0.00796461 0.033 0.033 0.033 -0.0033 -0.0033 0.0365 6.12323e-17 1 -6.12323e-17 3.7494e-33 
-0.0282564 0.033 0.033 0.033 -0.0033 0.0033 0.0365 0.951057 0.309017 1.89218e-17 5.82354e-17 
-0.0402771 0.033 0.033 0.033 -0.0165 -0.0099 0.0365 6.12323e-17 1 -6.12323e-17 3.7494e-33 
-0.0621272 0.033 0.033 0.033 -0.0165 -0.0033 0.0365 0.951057 0.309017 1.89218e-17 5.82354e-17 
-0.0672904 0.033 0.033 0.033 -0.0033 0.0033 0.0365 0.951057 -0.309017 -1.89218e-17 5.82354e-17 
-0.074449 0.033 0.033 0.033 -0.0099 -0.0033 0.0365 6.12323e-17 1 -6.12323e-17 3.7494e-33 
-0.0759885 0.033 0.033 0.033 0.0033 0.0099 0.0365 -0.587785 0.809017 -4.9538e-17 -3.59915e-17 
-0.0911857 0.033 0.033 0.033 0.0099 0.0165 0.0365 -0.587785 0.809017 -4.9538e-17 -3.59915e-17 
-0.100114 0.033 0.033 0.033 0.0165 -0.0033 0.0365 0.951057 -0.309017 -1.89218e-17 5.82354e-17 
-0.124013 0.033 0.033 0.033 -0.0099 -0.0033 0.0365 0.951057 0.309017 1.89218e-17 5.82354e-17 
-0.133185 0.033 0.033 0.033 -0.0165 -0.0033 0.0365 6.12323e-17 1 -6.12323e-17 3.7494e-33 
-0.145404 0.033 0.033 0.033 -0.0165 -0.0099 0.0365 0.951057 0.309017 1.89218e-17 5.82354e-17 
-0.152014 0.033 0.033 0.033 0.0033 -0.0165 0.0365 -0.587785 0.809017 -4.9538e-17 -3.59915e-17 
-0.218449 0.033 0.033 0.033 -0.0165 -0.0165 0.0365 0.951057 0.309017 1.89218e-17 5.82354e-17 
-0.267882 0.033 0.033 0.033 -0.0099 -0.0099 0.0365 0.951057 0.309017 1.89218e-17 5.82354e-17 
-0.314932 0.033 0.033 0.033 0.0033 0.0165 0.0365 -0.587785 0.809017 -4.9538e-17 -3.59915e-17 
-0.364758 0.033 0.033 0.033 -0.0099 0.0165 0.0365 0.951057 -0.309017 -1.89218e-17 5.82354e-17 
-0.422274 0.033 0.033 0.033 -0.0099 -0.0165 0.0365 0.951057 0.309017 1.89218e-17 5.82354e-17 
-0.424108 0.033 0.033 0.033 -0.0099 0.0099 0.0365 0.951057 -0.309017 -1.89218e-17 5.82354e-17 
-0.536711 0.033 0.033 0.033 -0.0099 0.0033 0.0365 0.951057 -0.309017 -1.89218e-17 5.82354e-17 
-1.21636 0.033 0.033 0.033 -0.0165 0.0165 0.0365 0.951057 -0.309017 -1.89218e-17 5.82354e-17 
-1.26963 0.033 0.033 0.033 -0.0165 0.0099 0.0365 0.951057 -0.309017 -1.89218e-17 5.82354e-17 
