0.34769 0.04 0.04 0.04 0.012 0.02 0.04 0.951057 -0.309017 -1.89218e-17 5.82354e-17 
0.347255 0.04 0.04 0.04 0.004 0.02 0.04 0.951057 -0.309017 -1.89218e-17 5.82354e-17 
0.32515 0.04 0.04 0.04 -0.004 -0.012 0.04 0.587785 0.809017 -4.9538e-17 3.59915e-17 
0.27774 0.04 0.04 0.04 0.004 0.012 0.04 0.951057 -0.309017 -1.89218e-17 5.82354e-17 
0.262868 0.04 0.04 0.04 0.02 0.02 0.04 0.951057 -0.309017 -1.89218e-17 5.82354e-17 
0.260728 0.04 0.04 0.04 0.012 0.012 0.04 0.951057 -0.309017 -1.89218e-17 5.82354e-17 
0.213048 0.04 0.04 0.04 -0.012 -0.004 0.04 0.587785 0.809017 -4.9538e-17 3.59915e-17 
0.203956 0.04 0.04 0.04 0.004 -0.02 0.04 0.587785 0.809017 -4.9538e-17 3.59915e-17 
0.203462 0.04 0.04 0.04 0.012 -0.004 0.04 -0.587785 0.809017 -4.9538e-17 -3.59915e-17 
0.186934 0.04 0.04 0.04 -0.004 -0.02 0.04 0.587785 0.809017 -4.9538e-17 3.59915e-17 
0.18676 0.04 0.04 0.04 0.012 0.004 0.04 -0.587785 0.809017 -4.9538e-17 -3.59915e-17 
0.186676 0.04 0.04 0.04 0.02 -0.004 0.04 -0.587785 0.809017 -4.9538e-17 -3.59915e-17 
0.186433 0.04 0.04 0.04 -0.012 -0.012 0.04 0.587785 0.809017 -4.9538e-17 3.59915e-17 
0.182182 0.04 0.04 0.04 -0.012 0.004 0.04 0.587785 0.809017 -4.9538e-17 3.59915e-17 
0.180833 0.04 0.04 0.04 0.02 0.004 0.04 -0.587785 0.809017 -4.9538e-17 -3.59915e-17 
0.159181 0.04 0.04 0.04 0.02 0.012 0.04 0.951057 -0.309017 -1.89218e-17 5.82354e-17 
0.158745 0.04 0.04 0.04 0.02 -0.012 0.04 -0.587785 0.809017 -4.9538e-17 -3.59915e-17 
0.136452 0.04 0.04 0.04 0.012 -0.012 0.04 -0.587785 0.809017 -4.9538e-17 -3.59915e-17 
0.131524 0.04 0.04 0.04 0.02 0.012 0.04 -0.587785 0.809017 -4.9538e-17 -3.59915e-17 
0.125258 0.04 0.04 0.04 0.02 0.02 0.04 0.951057 0.309017 1.89218e-17 5.82354e-17 
0.120446 0.04 0.04 0.04 0.012 0.004 0.04 0.951057 -0.309017 -1.89218e-17 5.82354e-17 
0.115286 0.04 0.04 0.04 -0.012 0.012 0.04 0.587785 0.809017 -4.9538e-17 3.59915e-17 
0.114384 0.04 0.04 0.04 0.012 -0.012 0.04 6.12323e-17 1 -6.12323e-17 3.7494e-33 
0.108856 0.04 0.04 0.04 0.012 -0.004 0.04 6.12323e-17 1 -6.12323e-17 3.7494e-33 
0.107434 0.04 0.04 0.04 0.02 -0.02 0.04 -0.587785 0.809017 -4.9538e-17 -3.59915e-17 
0.102175 0.04 0.04 0.04 0.02 -0.004 0.04 6.12323e-17 1 -6.12323e-17 3.7494e-33 
0.0971067 0.04 0.04 0.04 0.012 0.02 0.04 0.951057 0.309017 1.89218e-17 5.82354e-17 
0.0949169 0.04 0.04 0.04 0.004 -0.012 0.04 6.12323e-17 1 -6.12323e-17 3.7494e-33 
0.0918915 0.04 0.04 0.04 -0.004 0.02 0.04 0.951057 -0.309017 -1.89218e-17 5.82354e-17 
0.0876561 0.04 0.04 0.04 0.012 -0.02 0.04 6.12323e-17 1 -6.12323e-17 3.7494e-33 
0.0876234 0.04 0.04 0.04 -0.012 -0.02 0.04 0.587785 0.809017 -4.9538e-17 3.59915e-17 
0.0873579 0.04 0.04 0.04 0.02 -0.012 0.04 6.12323e-17 1 -6.12323e-17 3.7494e-33 
0.0871201 0.04 0.04 0.04 0.004 -0.004 0.04 -0.587785 0.809017 -4.9538e-17 -3.59915e-17 
0.0859439 0.04 0.04 0.04 -0.004 0.012 0.04 0.951057 0.309017 1.89218e-17 5.82354e-17 
0.0851105 0.04 0.04 0.04 0.004 -0.02 0.04 6.12323e-17 1 -6.12323e-17 3.7494e-33 
0.0833247 0.04 0.04 0.04 -0.02 -0.004 0.04 0.587785 0.809017 -4.9538e-17 3.59915e-17 
0.0811938 0.04 0.04 0.04 -0.012 0.012 0.04 0.951057 0.309017 1.89218e-17 5.82354e-17 
0.079049 0.04 0.04 0.04 0.004 0.02 0.04 0.951057 0.309017 1.89218e-17 5.82354e-17 
0.0764405 0.04 0.04 0.04 -0.02 0.012 0.04 0.951057 0.309017 1.89218e-17 5.82354e-17 
0.0744939 0.04 0.04 0.04 -0.02 -0.012 0.04 0.587785 0.809017 -4.9538e-17 3.59915e-17 
0.0739831 0.04 0.04 0.04 -0.02 0.02 0.04 0.951057 0.309017 1.89218e-17 5.82354e-17 
0.0736201 0.04 0.04 0.04 0.012 0.012 0.04 -0.587785 0.809017 -4.9538e-17 -3.59915e-17 
0.0712376 0.04 0.04 0.04 -0.004 0.02 0.04 0.951057 0.309017 1.89218e-17 5.82354e-17 
0.0712116 0.04 0.04 0.04 -0.012 0.02 0.04 0.951057 0.309017 1.89218e-17 5.82354e-17 
0.0639055 0.04 0.04 0.04 0.004 -0.004 0.04 6.12323e-17 1 -6.12323e-17 3.7494e-33 
0.061102 0.04 0.04 0.04 -0.004 -0.02 0.04 6.12323e-17 1 -6.12323e-17 3.7494e-33 
0.0591671 0.04 0.04 0.04 0.004 0.004 0.04 -0.587785 0.809017 -4.9538e-17 -3.59915e-17 
0.0546775 0.04 0.04 0.04 -0.02 0.004 0.04 0.587785 0.809017 -4.9538e-17 3.59915e-17 
0.0510264 0.04 0.04 0.04 -0.004 -0.012 0.04 6.12323e-17 1 -6.12323e-17 3.7494e-33 
0.048896 0.04 0.04 0.04 0.02 -0.02 0.04 6.12323e-17 1 -6.12323e-17 3.7494e-33 
0.0404009 0.04 0.04 0.04 -0.012 0.02 0.04 0.587785 0.809017 -4.9538e-17 3.59915e-17 
0.0391075 0.04 0.04 0.04 -0.004 0.012 0.04 0.951057 -0.309017 -1.89218e-17 5.82354e-17 
0.0339532 0.04 0.04 0.04 -0.012 -0.02 0.04 6.12323e-17 1 -6.12323e-17 3.7494e-33 
0.0298447 0.04 0.04 0.04 0.02 0.02 0.04 -0.587785 0.809017 -4.9538e-17 -3.59915e-17 
0.0296313 0.04 0.04 0.04 -0.02 0.004 0.04 0.951057 0.309017 1.89218e-17 5.82354e-17 
0.020365 0.04 0.04 0.04 -0.02 -0.02 0.04 6.12323e-17 1 -6.12323e-17 3.7494e-33 
0.0153454 0.04 0.04 0.04 -0.02 -0.02 0.04 0.587785 0.809017 -4.9538e-17 3.59915e-17 
0.0130219 0.04 0.04 0.04 0.02 0.004 0.04 0.951057 -0.309017 -1.89218e-17 5.82354e-17 
0.00970316 0.04 0.04 0.04 -0.012 0.004 0.04 0.951057 0.309017 1.89218e-17 5.82354e-17 
0.00805693 0.04 0.04 0.04 -0.02 0.012 0.04 0.587785 0.809017 -4.9538e-17 3.59915e-17 
0.0032816 0.04 0.04 0.04 -0.012 -0.012 0.04 6.12323e-17 1 -6.12323e-17 3.7494e-33 
-0.000669058 0.04 0.04 0.04 0.012 -0.02 0.04 -0.587785 0.809017 -4.9538e-17 -3.59915e-17 
-0.00837718 0.04 0.04 0.04 -0.004 -0.004 0.04 6.12323e-17 1 -6.12323e-17 3.7494e-33 
-0.0183716 0.04 0.04 0.04 0.004 -0.012 0.04 -0.587785 0.809017 -4.9538e-17 -3.59915e-17 
-0.0293787 0.04 0.04 0.04 -0.02 -0.012 0.04 6.12323e-17 1 -6.12323e-17 3.7494e-33 
-0.0305378 0.04 0.04 0.04 -0.02 0.02 0.04 0.587785 0.809017 -4.9538e-17 3.59915e-17 
-0.0380608 0.04 0.04 0.04 -0.02 -0.004 0.04 0.951057 0.309017 1.89218e-17 5.82354e-17 
-0.0851682 0.04 0.04 0.04 -0.012 -0.004 0.04 6.12323e-17 1 -6.12323e-17 3.7494e-33 
-0.0969752 0.04 0.04 0.04 -0.02 -0.012 0.04 0.951057 0.309017 1.89218e-17 5.82354e-17 
-0.116768 0.04 0.04 0.04 -0.012 -0.004 0.04 0.951057 0.309017 1.89218e-17 5.82354e-17 
-0.117973 0.04 0.04 0.04 0.004 0.012 0.04 -0.587785 0.809017 -4.9538e-17 -3.59915e-17 
-0.145292 0.04 0.04 0.04 -0.02 -0.004 0.04 6.12323e-17 1 -6.12323e-17 3.7494e-33 
-0.147673 0.04 0.04 0.04 0.012 0.02 0.04 -0.587785 0.809017 -4.9538e-17 -3.59915e-17 
-0.240509 0.04 0.04 0.04 0.004 -0.02 0.04 -0.587785 0.809017 -4.9538e-17 -3.59915e-17 
-0.270342 0.04 0.04 0.04 -0.012 -0.012 0.04 0.951057 0.309017 1.89218e-17 5.82354e-17 
-0.587235 0.04 0.04 0.04 -0.012 0.02 0.04 0.951057 -0.309017 -1.89218e-17 5.82354e-17 
-0.625454 0.04 0.04 0.04 -0.012 0.012 0.04 0.951057 -0.309017 -1.89218e-17 5.82354e-17 
-1.85706 0.04 0.04 0.04 -0.02 0.02 0.04 0.951057 -0.309017 -1.89218e-17 5.82354e-17 
