0.545728 0.07 0.07 0.073 -0.035 0.035 0.0565 0.809017 0.587785 3.59914e-17 4.9538e-17 
0.520817 0.07 0.07 0.073 0.035 -0.035 0.0565 0.809017 -0.587785 -3.59914e-17 4.9538e-17 
0.50918 0.07 0.07 0.073 -0.035 0.035 0.0565 0.587785 0.809017 -4.9538e-17 3.59915e-17 
0.388414 0.07 0.07 0.073 -0.007 -0.028 0.0565 0.309017 0.951057 -5.82354e-17 1.89218e-17 
0.376621 0.07 0.07 0.073 -0.014 -0.028 0.0565 0.309017 0.951057 -5.82354e-17 1.89218e-17 
0.369801 0.07 0.07 0.073 -0.007 -0.035 0.0565 0.309017 0.951057 -5.82354e-17 1.89218e-17 
0.365112 0.07 0.07 0.073 -0.007 -0.021 0.0565 0.309017 0.951057 -5.82354e-17 1.89218e-17 
0.364939 0.07 0.07 0.073 0.035 -0.028 0.0565 0.809017 -0.587785 -3.59914e-17 4.9538e-17 
0.364005 0.07 0.07 0.073 -0.014 -0.035 0.0565 0.309017 0.951057 -5.82354e-17 1.89218e-17 
0.360054 0.07 0.07 0.073 -0.035 -0.035 0.0565 0.309017 0.951057 -5.82354e-17 1.89218e-17 
0.356208 0.07 0.07 0.073 -0.035 0.028 0.0565 0.587785 0.809017 -4.9538e-17 3.59915e-17 
0.354533 0.07 0.07 0.073 -0.035 -0.028 0.0565 0.309017 0.951057 -5.82354e-17 1.89218e-17 
0.351691 0.07 0.07 0.073 0.035 0.035 0.0565 0.951057 -0.309017 -1.89218e-17 5.82354e-17 
0.348325 0.07 0.07 0.073 0.007 0.021 0.0565 0.951057 -0.309017 -1.89218e-17 5.82354e-17 
0.345131 0.07 0.07 0.073 -0.014 -0.021 0.0565 0.309017 0.951057 -5.82354e-17 1.89218e-17 
0.342996 0.07 0.07 0.073 0.035 0.028 0.0565 0.951057 -0.309017 -1.89218e-17 5.82354e-17 
0.333406 0.07 0.07 0.073 0.014 0.021 0.0565 0.951057 -0.309017 -1.89218e-17 5.82354e-17 
0.327772 0.07 0.07 0.073 0.014 0.028 0.0565 0.951057 -0.309017 -1.89218e-17 5.82354e-17 
0.324951 0.07 0.07 0.073 -0.035 0.028 0.0565 0.809017 0.587785 3.59914e-17 4.9538e-17 
0.3216 0.07 0.07 0.073 0.007 0.028 0.0565 0.951057 -0.309017 -1.89218e-17 5.82354e-17 
0.319464 0.07 0.07 0.073 0.035 0.021 0.0565 0.809017 -0.587785 -3.59914e-17 4.9538e-17 
0.314081 0.07 0.07 0.073 -0.021 -0.028 0.0565 0.309017 0.951057 -5.82354e-17 1.89218e-17 
0.313256 0.07 0.07 0.073 0.035 0.014 0.0565 0.809017 -0.587785 -3.59914e-17 4.9538e-17 
0.309375 0.07 0.07 0.073 -0.035 -0.021 0.0565 0.587785 0.809017 -4.9538e-17 3.59915e-17 
0.307793 0.07 0.07 0.073 -0.021 -0.035 0.0565 0.309017 0.951057 -5.82354e-17 1.89218e-17 
0.301198 0.07 0.07 0.073 0.035 0.028 0.0565 0.809017 -0.587785 -3.59914e-17 4.9538e-17 
0.299462 0.07 0.07 0.073 -0.035 -0.014 0.0565 0.587785 0.809017 -4.9538e-17 3.59915e-17 
0.299135 0.07 0.07 0.073 -0.035 -0.028 0.0565 0.587785 0.809017 -4.9538e-17 3.59915e-17 
0.298461 0.07 0.07 0.073 -0.035 -0.021 0.0565 0.309017 0.951057 -5.82354e-17 1.89218e-17 
0.291369 0.07 0.07 0.073 0.035 0.007 0.0565 0.809017 -0.587785 -3.59914e-17 4.9538e-17 
0.285261 0.07 0.07 0.073 0.035 0.021 0.0565 0.951057 -0.309017 -1.89218e-17 5.82354e-17 
0.281936 0.07 0.07 0.073 0.021 0.028 0.0565 0.951057 -0.309017 -1.89218e-17 5.82354e-17 
0.280329 0.07 0.07 0.073 -0.028 -0.028 0.0565 0.309017 0.951057 -5.82354e-17 1.89218e-17 
0.280242 0.07 0.07 0.073 -0.028 -0.035 0.0565 0.309017 0.951057 -5.82354e-17 1.89218e-17 
0.278403 0.07 0.07 0.073 0.035 -0.021 0.0565 0.809017 -0.587785 -3.59914e-17 4.9538e-17 
0.276922 0.07 0.07 0.073 -0.035 -0.007 0.0565 0.587785 0.809017 -4.9538e-17 3.59915e-17 
0.274112 0.07 0.07 0.073 -0.021 -0.021 0.0565 0.309017 0.951057 -5.82354e-17 1.89218e-17 
0.270302 0.07 0.07 0.073 -0.035 0.021 0.0565 0.587785 0.809017 -4.9538e-17 3.59915e-17 
0.26986 0.07 0.07 0.073 -1.73472e-18 -0.028 0.0565 0.309017 0.951057 -5.82354e-17 1.89218e-17 
0.266164 0.07 0.07 0.073 0.021 0.021 0.0565 0.951057 -0.309017 -1.89218e-17 5.82354e-17 
0.264198 0.07 0.07 0.073 0.035 -1.73472e-18 0.0565 0.809017 -0.587785 -3.59914e-17 4.9538e-17 
0.262939 0.07 0.07 0.073 -0.035 -0.035 0.0565 0.587785 0.809017 -4.9538e-17 3.59915e-17 
0.261717 0.07 0.07 0.073 -0.028 0.035 0.0565 0.809017 0.587785 3.59914e-17 4.9538e-17 
0.261364 0.07 0.07 0.073 0.028 0.028 0.0565 0.951057 -0.309017 -1.89218e-17 5.82354e-17 
0.25552 0.07 0.07 0.073 0.035 -0.035 0.0565 -0.587785 0.809017 -4.9538e-17 -3.59915e-17 
0.251886 0.07 0.07 0.073 0.014 0.035 0.0565 0.951057 -0.309017 -1.89218e-17 5.82354e-17 
0.251314 0.07 0.07 0.073 0.035 0.035 0.0565 0.809017 -0.587785 -3.59914e-17 4.9538e-17 
0.251003 0.07 0.07 0.073 -0.035 -1.73472e-18 0.0565 0.587785 0.809017 -4.9538e-17 3.59915e-17 
0.246029 0.07 0.07 0.073 -1.73472e-18 -0.035 0.0565 0.309017 0.951057 -5.82354e-17 1.89218e-17 
0.243725 0.07 0.07 0.073 0.035 -0.007 0.0565 0.809017 -0.587785 -3.59914e-17 4.9538e-17 
0.243463 0.07 0.07 0.073 0.035 -0.014 0.0565 0.809017 -0.587785 -3.59914e-17 4.9538e-17 
0.242307 0.07 0.07 0.073 0.028 0.035 0.0565 0.951057 -0.309017 -1.89218e-17 5.82354e-17 
0.234524 0.07 0.07 0.073 0.021 0.035 0.0565 0.951057 -0.309017 -1.89218e-17 5.82354e-17 
0.234324 0.07 0.07 0.073 -0.035 0.014 0.0565 0.587785 0.809017 -4.9538e-17 3.59915e-17 
0.232613 0.07 0.07 0.073 -0.035 0.007 0.0565 0.587785 0.809017 -4.9538e-17 3.59915e-17 
0.232025 0.07 0.07 0.073 -0.028 -0.021 0.0565 0.309017 0.951057 -5.82354e-17 1.89218e-17 
0.224318 0.07 0.07 0.073 0.028 0.021 0.0565 0.951057 -0.309017 -1.89218e-17 5.82354e-17 
0.217619 0.07 0.07 0.073 0.007 0.035 0.0565 0.951057 -0.309017 -1.89218e-17 5.82354e-17 
0.202946 0.07 0.07 0.073 0.028 -0.035 0.0565 -0.587785 0.809017 -4.9538e-17 -3.59915e-17 
0.201969 0.07 0.07 0.073 -0.035 -0.021 0.0565 0.809017 0.587785 3.59914e-17 4.9538e-17 
0.198457 0.07 0.07 0.073 -0.035 -0.014 0.0565 0.309017 0.951057 -5.82354e-17 1.89218e-17 
0.18773 0.07 0.07 0.073 0.035 0.014 0.0565 0.951057 -0.309017 -1.89218e-17 5.82354e-17 
0.1861 0.07 0.07 0.073 -1.73472e-18 0.028 0.0565 0.951057 -0.309017 -1.89218e-17 5.82354e-17 
0.18258 0.07 0.07 0.073 0.028 -0.035 0.0565 0.809017 -0.587785 -3.59914e-17 4.9538e-17 
0.18136 0.07 0.07 0.073 -0.028 0.035 0.0565 0.587785 0.809017 -4.9538e-17 3.59915e-17 
0.171835 0.07 0.07 0.073 0.021 -1.73472e-18 0.0565 -0.587785 0.809017 -4.9538e-17 -3.59915e-17 
0.169515 0.07 0.07 0.073 -0.028 0.028 0.0565 0.809017 0.587785 3.59914e-17 4.9538e-17 
0.166982 0.07 0.07 0.073 -0.035 0.021 0.0565 0.809017 0.587785 3.59914e-17 4.9538e-17 
0.165116 0.07 0.07 0.073 0.021 -0.007 0.0565 -0.587785 0.809017 -4.9538e-17 -3.59915e-17 
0.140661 0.07 0.07 0.073 -0.021 -1.73472e-18 0.0565 0.809017 0.587785 3.59914e-17 4.9538e-17 
0.140094 0.07 0.07 0.073 0.021 -0.014 0.0565 -0.587785 0.809017 -4.9538e-17 -3.59915e-17 
0.133815 0.07 0.07 0.073 -0.021 0.007 0.0565 0.809017 0.587785 3.59914e-17 4.9538e-17 
0.116254 0.07 0.07 0.073 0.028 -0.028 0.0565 -0.587785 0.809017 -4.9538e-17 -3.59915e-17 
0.111406 0.07 0.07 0.073 -0.028 0.021 0.0565 0.809017 0.587785 3.59914e-17 4.9538e-17 
0.107989 0.07 0.07 0.073 -0.021 0.014 0.0565 0.809017 0.587785 3.59914e-17 4.9538e-17 
0.10637 0.07 0.07 0.073 0.035 0.021 0.0565 1 0 0 6.12323e-17 
0.104448 0.07 0.07 0.073 -0.035 -0.021 0.0565 6.12323e-17 1 -6.12323e-17 3.7494e-33 
0.102481 0.07 0.07 0.073 0.021 -0.021 0.0565 -0.587785 0.809017 -4.9538e-17 -3.59915e-17 
0.0998041 0.07 0.07 0.073 -0.035 -0.014 0.0565 0.809017 0.587785 3.59914e-17 4.9538e-17 
0.0983969 0.07 0.07 0.073 0.028 0.014 0.0565 0.809017 -0.587785 -3.59914e-17 4.9538e-17 
0.095124 0.07 0.07 0.073 0.028 0.007 0.0565 0.809017 -0.587785 -3.59914e-17 4.9538e-17 
0.094555 0.07 0.07 0.073 -0.028 -0.014 0.0565 0.587785 0.809017 -4.9538e-17 3.59915e-17 
0.0944297 0.07 0.07 0.073 -0.035 0.035 0.0565 0.951057 0.309017 1.89218e-17 5.82354e-17 
0.0917366 0.07 0.07 0.073 -0.035 0.028 0.0565 0.951057 0.309017 1.89218e-17 5.82354e-17 
0.0910483 0.07 0.07 0.073 -0.007 0.021 0.0565 1 0 0 6.12323e-17 
0.0910094 0.07 0.07 0.073 -0.028 -0.007 0.0565 0.587785 0.809017 -4.9538e-17 3.59915e-17 
0.0889578 0.07 0.07 0.073 0.035 -0.028 0.0565 -0.309017 0.951057 -5.82354e-17 -1.89218e-17 
0.0855889 0.07 0.07 0.073 0.035 -0.035 0.0565 -0.309017 0.951057 -5.82354e-17 -1.89218e-17 
0.0853042 0.07 0.07 0.073 0.007 -0.021 0.0565 6.12323e-17 1 -6.12323e-17 3.7494e-33 
0.0825366 0.07 0.07 0.073 -0.014 0.021 0.0565 1 0 0 6.12323e-17 
0.0800224 0.07 0.07 0.073 0.028 -0.028 0.0565 0.809017 -0.587785 -3.59914e-17 4.9538e-17 
0.0796206 0.07 0.07 0.073 -0.028 0.028 0.0565 0.587785 0.809017 -4.9538e-17 3.59915e-17 
0.0791001 0.07 0.07 0.073 -0.028 0.014 0.0565 0.809017 0.587785 3.59914e-17 4.9538e-17 
0.0778932 0.07 0.07 0.073 0.035 -0.055 0.0365 -0.672499 0.218508 0.218508 0.672498 
0.0770568 0.07 0.07 0.073 -1.73472e-18 0.021 0.0565 1 0 0 6.12323e-17 
0.0760776 0.07 0.07 0.073 0.014 -0.021 0.0565 6.12323e-17 1 -6.12323e-17 3.7494e-33 
0.0743908 0.07 0.07 0.073 -0.035 0.021 0.0565 0.951057 0.309017 1.89218e-17 5.82354e-17 
0.0743531 0.07 0.07 0.073 0.028 -1.73472e-18 0.0565 0.809017 -0.587785 -3.59914e-17 4.9538e-17 
0.0737509 0.07 0.07 0.073 0.028 0.021 0.0565 0.809017 -0.587785 -3.59914e-17 4.9538e-17 
0.0737139 0.07 0.07 0.073 0.035 -0.021 0.0565 -0.309017 0.951057 -5.82354e-17 -1.89218e-17 
0.0720849 0.07 0.07 0.073 -1.73472e-18 -0.021 0.0565 6.12323e-17 1 -6.12323e-17 3.7494e-33 
0.0718964 0.07 0.07 0.073 -0.028 -0.021 0.0565 0.587785 0.809017 -4.9538e-17 3.59915e-17 
0.070978 0.07 0.07 0.073 -0.028 -1.73472e-18 0.0565 0.587785 0.809017 -4.9538e-17 3.59915e-17 
0.0705917 0.07 0.07 0.073 -0.028 -0.007 0.0565 0.809017 0.587785 3.59914e-17 4.9538e-17 
0.0704582 0.07 0.07 0.073 -0.028 0.021 0.0565 0.951057 0.309017 1.89218e-17 5.82354e-17 
0.0702586 0.07 0.07 0.073 0.028 -0.021 0.0565 -0.309017 0.951057 -5.82354e-17 -1.89218e-17 
0.0701058 0.07 0.07 0.073 -0.021 0.021 0.0565 0.809017 0.587785 3.59914e-17 4.9538e-17 
0.0675871 0.07 0.07 0.073 -0.028 0.014 0.0565 0.951057 0.309017 1.89218e-17 5.82354e-17 
0.0669977 0.07 0.07 0.073 0.028 -0.014 0.0565 -0.309017 0.951057 -5.82354e-17 -1.89218e-17 
0.0664233 0.07 0.07 0.073 -0.035 -0.028 0.0565 6.12323e-17 1 -6.12323e-17 3.7494e-33 
0.0653916 0.07 0.07 0.073 -0.028 0.007 0.0565 0.809017 0.587785 3.59914e-17 4.9538e-17 
0.0645793 0.07 0.07 0.073 0.035 0.028 0.0565 1 0 0 6.12323e-17 
0.0645015 0.07 0.07 0.073 -0.035 0.014 0.0565 0.809017 0.587785 3.59914e-17 4.9538e-17 
0.0641962 0.07 0.07 0.073 -0.028 -1.73472e-18 0.0565 0.809017 0.587785 3.59914e-17 4.9538e-17 
0.0631073 0.07 0.07 0.073 -0.035 -1.73472e-18 0.0565 0.951057 0.309017 1.89218e-17 5.82354e-17 
0.0583759 0.07 0.07 0.073 0.028 -0.021 0.0565 -0.587785 0.809017 -4.9538e-17 -3.59915e-17 
0.0581405 0.07 0.07 0.073 0.021 -0.028 0.0565 -0.587785 0.809017 -4.9538e-17 -3.59915e-17 
0.0550067 0.07 0.07 0.073 -0.035 0.014 0.0565 0.951057 0.309017 1.89218e-17 5.82354e-17 
0.054887 0.07 0.07 0.073 -1.73472e-18 0.035 0.0565 0.951057 -0.309017 -1.89218e-17 5.82354e-17 
0.0533932 0.07 0.07 0.073 0.007 0.021 0.0565 1 0 0 6.12323e-17 
0.0527616 0.07 0.07 0.073 0.035 -0.014 0.0565 -0.309017 0.951057 -5.82354e-17 -1.89218e-17 
0.0515192 0.07 0.07 0.073 -0.028 0.007 0.0565 0.951057 0.309017 1.89218e-17 5.82354e-17 
0.049584 0.07 0.07 0.073 0.028 -0.007 0.0565 -0.309017 0.951057 -5.82354e-17 -1.89218e-17 
0.0491986 0.07 0.07 0.073 -0.007 -0.021 0.0565 6.12323e-17 1 -6.12323e-17 3.7494e-33 
0.0481208 0.07 0.07 0.073 0.028 -0.007 0.0565 0.809017 -0.587785 -3.59914e-17 4.9538e-17 
0.0476095 0.07 0.07 0.073 -0.028 0.028 0.0565 0.951057 0.309017 1.89218e-17 5.82354e-17 
0.0475537 0.07 0.07 0.073 0.028 0.021 0.0565 1 0 0 6.12323e-17 
0.0468407 0.07 0.07 0.073 0.028 -0.028 0.0565 -0.309017 0.951057 -5.82354e-17 -1.89218e-17 
0.0467154 0.07 0.07 0.073 -0.035 0.007 0.0565 0.951057 0.309017 1.89218e-17 5.82354e-17 
0.0463525 0.07 0.07 0.073 0.035 -1.73472e-18 0.0565 -0.309017 0.951057 -5.82354e-17 -1.89218e-17 
0.0459047 0.07 0.07 0.073 -0.028 0.007 0.0565 0.587785 0.809017 -4.9538e-17 3.59915e-17 
0.0452947 0.07 0.07 0.073 -0.028 -0.021 0.0565 6.12323e-17 1 -6.12323e-17 3.7494e-33 
0.0392208 0.07 0.07 0.073 0.035 -0.007 0.0565 -0.309017 0.951057 -5.82354e-17 -1.89218e-17 
0.0384176 0.07 0.07 0.073 -0.021 0.021 0.0565 1 0 0 6.12323e-17 
0.0365515 0.07 0.07 0.073 0.035 -0.028 0.0565 -0.587785 0.809017 -4.9538e-17 -3.59915e-17 
0.0351386 0.07 0.07 0.073 0.028 -0.021 0.0565 0.809017 -0.587785 -3.59914e-17 4.9538e-17 
0.0347191 0.07 0.07 0.073 -0.028 0.021 0.0565 0.587785 0.809017 -4.9538e-17 3.59915e-17 
0.0325604 0.07 0.07 0.073 0.014 0.021 0.0565 1 0 0 6.12323e-17 
0.0324896 0.07 0.07 0.073 -0.035 -0.007 0.0565 0.809017 0.587785 3.59914e-17 4.9538e-17 
0.0313278 0.07 0.07 0.073 0.021 -0.021 0.0565 6.12323e-17 1 -6.12323e-17 3.7494e-33 
0.0300164 0.07 0.07 0.073 0.028 -0.014 0.0565 0.809017 -0.587785 -3.59914e-17 4.9538e-17 
0.0291108 0.07 0.07 0.073 -0.014 -0.021 0.0565 6.12323e-17 1 -6.12323e-17 3.7494e-33 
0.0289111 0.07 0.07 0.073 -0.028 0.014 0.0565 0.587785 0.809017 -4.9538e-17 3.59915e-17 
0.0282869 0.07 0.07 0.073 -0.021 0.028 0.0565 0.809017 0.587785 3.59914e-17 4.9538e-17 
0.0267058 0.07 0.07 0.073 0.021 0.021 0.0565 1 0 0 6.12323e-17 
0.0242759 0.07 0.07 0.073 0.028 -0.014 0.0565 -0.587785 0.809017 -4.9538e-17 -3.59915e-17 
0.0239171 0.07 0.07 0.073 -0.021 -0.021 0.0565 6.12323e-17 1 -6.12323e-17 3.7494e-33 
0.0170482 0.07 0.07 0.073 0.055 0.035 0.0292 -0.672498 -0.218508 0.672499 0.218508 
0.0170291 0.07 0.07 0.073 0.055 0.035 0.0365 -0.672498 -0.218508 0.672499 0.218508 
0.0156059 0.07 0.07 0.073 0.028 -0.055 0.0365 -0.672499 0.218508 0.218508 0.672498 
0.0153605 0.07 0.07 0.073 0.028 0.007 0.0565 -0.587785 0.809017 -4.9538e-17 -3.59915e-17 
0.0150484 0.07 0.07 0.073 -0.028 -0.028 0.0565 0.587785 0.809017 -4.9538e-17 3.59915e-17 
0.0131064 0.07 0.07 0.073 0.021 -0.035 0.0565 -0.587785 0.809017 -4.9538e-17 -3.59915e-17 
0.0124138 0.07 0.07 0.073 0.028 0.028 0.0565 0.809017 -0.587785 -3.59914e-17 4.9538e-17 
0.0112335 0.07 0.07 0.073 -0.035 0.007 0.0565 0.809017 0.587785 3.59914e-17 4.9538e-17 
0.0109928 0.07 0.07 0.073 0.007 -0.028 0.0565 6.12323e-17 1 -6.12323e-17 3.7494e-33 
0.00896238 0.07 0.07 0.073 0.028 -0.007 0.0565 -0.587785 0.809017 -4.9538e-17 -3.59915e-17 
0.00757245 0.07 0.07 0.073 0.028 -1.73472e-18 0.0565 -0.587785 0.809017 -4.9538e-17 -3.59915e-17 
0.00732593 0.07 0.07 0.073 -0.021 -0.021 0.0565 0.587785 0.809017 -4.9538e-17 3.59915e-17 
0.00641022 0.07 0.07 0.073 0.021 0.021 0.0565 0.809017 -0.587785 -3.59914e-17 4.9538e-17 
0.00522098 0.07 0.07 0.073 0.021 -0.028 0.0565 -0.309017 0.951057 -5.82354e-17 -1.89218e-17 
0.00439494 0.07 0.07 0.073 -0.021 0.028 0.0565 0.951057 0.309017 1.89218e-17 5.82354e-17 
0.0025276 0.07 0.07 0.073 -1.73472e-18 -0.028 0.0565 6.12323e-17 1 -6.12323e-17 3.7494e-33 
0.00195226 0.07 0.07 0.073 -0.035 -1.73472e-18 0.0565 0.809017 0.587785 3.59914e-17 4.9538e-17 
0.0017975 0.07 0.07 0.073 -0.028 -0.028 0.0565 6.12323e-17 1 -6.12323e-17 3.7494e-33 
0.00171415 0.07 0.07 0.073 -0.007 0.028 0.0565 1 0 0 6.12323e-17 
-0.0011702 0.07 0.07 0.073 0.014 -0.028 0.0565 6.12323e-17 1 -6.12323e-17 3.7494e-33 
-0.00159676 0.07 0.07 0.073 0.028 0.028 0.0565 1 0 0 6.12323e-17 
-0.00566364 0.07 0.07 0.073 -1.73472e-18 0.028 0.0565 1 0 0 6.12323e-17 
-0.00818354 0.07 0.07 0.073 -0.021 0.035 0.0565 0.809017 0.587785 3.59914e-17 4.9538e-17 
-0.00920019 0.07 0.07 0.073 0.055 0.028 0.0365 -0.672498 -0.218508 0.672499 0.218508 
-0.00929679 0.07 0.07 0.073 0.055 0.028 0.0292 -0.672498 -0.218508 0.672499 0.218508 
-0.0115696 0.07 0.07 0.073 -0.014 0.028 0.0565 1 0 0 6.12323e-17 
-0.0129608 0.07 0.07 0.073 -0.028 0.035 0.0565 0.951057 0.309017 1.89218e-17 5.82354e-17 
-0.0143347 0.07 0.07 0.073 -0.007 -0.028 0.0565 6.12323e-17 1 -6.12323e-17 3.7494e-33 
-0.0155582 0.07 0.07 0.073 0.028 -0.035 0.0565 -0.309017 0.951057 -5.82354e-17 -1.89218e-17 
-0.0214432 0.07 0.07 0.073 0.007 0.028 0.0565 1 0 0 6.12323e-17 
-0.026021 0.07 0.07 0.073 -0.021 -0.028 0.0565 6.12323e-17 1 -6.12323e-17 3.7494e-33 
-0.0276993 0.07 0.07 0.073 -0.014 -0.028 0.0565 6.12323e-17 1 -6.12323e-17 3.7494e-33 
-0.0290139 0.07 0.07 0.073 0.055 0.021 0.0365 -0.672498 -0.218508 0.672499 0.218508 
-0.0291962 0.07 0.07 0.073 0.055 0.021 0.0292 -0.672498 -0.218508 0.672499 0.218508 
-0.0307785 0.07 0.07 0.073 0.021 0.028 0.0565 1 0 0 6.12323e-17 
-0.0333335 0.07 0.07 0.073 0.014 -0.028 0.0565 -0.309017 0.951057 -5.82354e-17 -1.89218e-17 
-0.0336711 0.07 0.07 0.073 0.014 0.028 0.0565 1 0 0 6.12323e-17 
-0.0354571 0.07 0.07 0.073 -0.014 0.028 0.0565 0.951057 0.309017 1.89218e-17 5.82354e-17 
-0.0383849 0.07 0.07 0.073 0.055 -1.73472e-18 0.0365 -0.672498 -0.218508 0.672499 0.218508 
-0.0387195 0.07 0.07 0.073 0.021 -0.055 0.0365 -0.672499 0.218508 0.218508 0.672498 
-0.0412756 0.07 0.07 0.073 0.055 0.014 0.0365 -0.672498 -0.218508 0.672499 0.218508 
-0.0415104 0.07 0.07 0.073 0.055 0.014 0.0292 -0.672498 -0.218508 0.672499 0.218508 
-0.0448055 0.07 0.07 0.073 0.055 0.007 0.0365 -0.672498 -0.218508 0.672499 0.218508 
-0.0450537 0.07 0.07 0.073 0.055 0.007 0.0292 -0.672498 -0.218508 0.672499 0.218508 
-0.0464744 0.07 0.07 0.073 0.021 -0.028 0.0565 6.12323e-17 1 -6.12323e-17 3.7494e-33 
-0.0580625 0.07 0.07 0.073 -0.021 0.028 0.0565 1 0 0 6.12323e-17 
-0.0626195 0.07 0.07 0.073 0.007 0.055 0.0365 0.218508 0.672499 -0.672499 0.218502 
-0.0757834 0.07 0.07 0.073 -1.73472e-18 0.055 0.0365 0.218508 0.672499 -0.672499 0.218502 
-0.0821796 0.07 0.07 0.073 -0.028 -0.035 0.0565 0.587785 0.809017 -4.9538e-17 3.59915e-17 
-0.0861988 0.07 0.07 0.073 0.007 -0.035 0.0565 0.309017 0.951057 -5.82354e-17 1.89218e-17 
-0.0879194 0.07 0.07 0.073 -0.035 -0.035 0.0565 6.12323e-17 1 -6.12323e-17 3.7494e-33 
-0.0889507 0.07 0.07 0.073 0.035 0.021 0.0565 -0.587785 0.809017 -4.9538e-17 -3.59915e-17 
-0.091072 0.07 0.07 0.073 0.014 -0.055 0.0365 -0.672499 0.218508 0.218508 0.672498 
-0.0927219 0.07 0.07 0.073 0.028 0.035 0.0565 0.809017 -0.587785 -3.59914e-17 4.9538e-17 
-0.0961108 0.07 0.07 0.073 -0.021 -0.028 0.0565 0.587785 0.809017 -4.9538e-17 3.59915e-17 
-0.0981408 0.07 0.07 0.073 0.021 0.028 0.0565 0.809017 -0.587785 -3.59914e-17 4.9538e-17 
-0.10036 0.07 0.07 0.073 0.035 0.035 0.0565 1 0 0 6.12323e-17 
-0.105859 0.07 0.07 0.073 -0.055 -0.014 0.0365 -0.218508 0.672498 -0.218508 0.672499 
-0.106139 0.07 0.07 0.073 -0.055 -0.014 0.0292 -0.218508 0.672498 -0.218508 0.672499 
-0.107917 0.07 0.07 0.073 -0.007 0.055 0.0365 0.218508 0.672499 -0.672499 0.218502 
-0.109641 0.07 0.07 0.073 -0.055 -0.007 0.0365 -0.218508 0.672498 -0.218508 0.672499 
-0.109929 0.07 0.07 0.073 -0.055 -0.007 0.0292 -0.218508 0.672498 -0.218508 0.672499 
-0.114111 0.07 0.07 0.073 0.021 -0.035 0.0565 -0.309017 0.951057 -5.82354e-17 -1.89218e-17 
-0.117544 0.07 0.07 0.073 -0.021 0.035 0.0565 0.951057 0.309017 1.89218e-17 5.82354e-17 
-0.121003 0.07 0.07 0.073 -0.055 -0.021 0.0365 -0.218508 0.672498 -0.218508 0.672499 
-0.121215 0.07 0.07 0.073 -0.055 -0.021 0.0292 -0.218508 0.672498 -0.218508 0.672499 
-0.124063 0.07 0.07 0.073 0.035 -0.021 0.0565 -0.587785 0.809017 -4.9538e-17 -3.59915e-17 
-0.130759 0.07 0.07 0.073 -0.055 -1.73472e-18 0.0365 -0.218508 0.672498 -0.218508 0.672499 
-0.131196 0.07 0.07 0.073 0.007 -0.035 0.0565 6.12323e-17 1 -6.12323e-17 3.7494e-33 
-0.137647 0.07 0.07 0.073 0.028 -0.028 0.0565 6.12323e-17 1 -6.12323e-17 3.7494e-33 
-0.138057 0.07 0.07 0.073 0.014 -0.035 0.0565 6.12323e-17 1 -6.12323e-17 3.7494e-33 
-0.143101 0.07 0.07 0.073 -1.73472e-18 -0.035 0.0565 6.12323e-17 1 -6.12323e-17 3.7494e-33 
-0.147484 0.07 0.07 0.073 0.007 -0.055 0.0365 -0.672499 0.218508 0.218508 0.672498 
-0.14894 0.07 0.07 0.073 -0.014 0.055 0.0365 0.218508 0.672499 -0.672499 0.218502 
-0.150079 0.07 0.07 0.073 -0.028 -0.035 0.0565 6.12323e-17 1 -6.12323e-17 3.7494e-33 
-0.150533 0.07 0.07 0.073 -0.028 0.028 0.0565 1 0 0 6.12323e-17 
-0.156526 0.07 0.07 0.073 -0.055 -0.028 0.0365 -0.218508 0.672498 -0.218508 0.672499 
-0.156613 0.07 0.07 0.073 -0.055 -0.028 0.0292 -0.218508 0.672498 -0.218508 0.672499 
-0.162092 0.07 0.07 0.073 -0.007 -0.035 0.0565 6.12323e-17 1 -6.12323e-17 3.7494e-33 
-0.16888 0.07 0.07 0.073 0.028 0.035 0.0565 1 0 0 6.12323e-17 
-0.175643 0.07 0.07 0.073 0.021 -0.035 0.0565 6.12323e-17 1 -6.12323e-17 3.7494e-33 
-0.176353 0.07 0.07 0.073 -0.021 -0.035 0.0565 6.12323e-17 1 -6.12323e-17 3.7494e-33 
-0.176839 0.07 0.07 0.073 -0.014 -0.035 0.0565 6.12323e-17 1 -6.12323e-17 3.7494e-33 
-0.179651 0.07 0.07 0.073 -0.007 0.035 0.0565 1 0 0 6.12323e-17 
-0.185772 0.07 0.07 0.073 -1.73472e-18 0.035 0.0565 1 0 0 6.12323e-17 
-0.188772 0.07 0.07 0.073 -0.021 0.055 0.0365 0.218508 0.672499 -0.672499 0.218502 
-0.192293 0.07 0.07 0.073 -0.014 0.035 0.0565 1 0 0 6.12323e-17 
-0.193827 0.07 0.07 0.073 0.035 0.014 0.0565 -0.587785 0.809017 -4.9538e-17 -3.59915e-17 
-0.198951 0.07 0.07 0.073 0.007 0.035 0.0565 1 0 0 6.12323e-17 
-0.201311 0.07 0.07 0.073 0.021 0.035 0.0565 1 0 0 6.12323e-17 
-0.207794 0.07 0.07 0.073 0.014 -0.035 0.0565 -0.309017 0.951057 -5.82354e-17 -1.89218e-17 
-0.207799 0.07 0.07 0.073 0.014 0.035 0.0565 1 0 0 6.12323e-17 
-0.213635 0.07 0.07 0.073 -0.055 -0.035 0.0292 -0.218508 0.672498 -0.218508 0.672499 
-0.213726 0.07 0.07 0.073 -0.055 -0.035 0.0365 -0.218508 0.672498 -0.218508 0.672499 
-0.214005 0.07 0.07 0.073 -1.73472e-18 -0.055 0.0365 -0.672499 0.218508 0.218508 0.672498 
-0.217172 0.07 0.07 0.073 -0.014 0.035 0.0565 0.951057 0.309017 1.89218e-17 5.82354e-17 
-0.217366 0.07 0.07 0.073 -0.028 0.055 0.0365 0.218508 0.672499 -0.672499 0.218502 
-0.224755 0.07 0.07 0.073 -0.035 0.055 0.0365 0.218508 0.672499 -0.672499 0.218502 
-0.230407 0.07 0.07 0.073 0.035 -0.014 0.0565 -0.587785 0.809017 -4.9538e-17 -3.59915e-17 
-0.235685 0.07 0.07 0.073 -0.021 0.035 0.0565 1 0 0 6.12323e-17 
-0.254445 0.07 0.07 0.073 -0.021 -0.035 0.0565 0.587785 0.809017 -4.9538e-17 3.59915e-17 
-0.25615 0.07 0.07 0.073 0.028 -0.035 0.0565 6.12323e-17 1 -6.12323e-17 3.7494e-33 
-0.258738 0.07 0.07 0.073 0.021 0.035 0.0565 0.809017 -0.587785 -3.59914e-17 4.9538e-17 
-0.264298 0.07 0.07 0.073 0.035 0.007 0.0565 -0.587785 0.809017 -4.9538e-17 -3.59915e-17 
-0.286546 0.07 0.07 0.073 0.035 -0.007 0.0565 -0.587785 0.809017 -4.9538e-17 -3.59915e-17 
-0.287607 0.07 0.07 0.073 0.035 -0.028 0.0565 6.12323e-17 1 -6.12323e-17 3.7494e-33 
-0.294935 0.07 0.07 0.073 0.007 -0.035 0.0565 -0.309017 0.951057 -5.82354e-17 -1.89218e-17 
-0.296513 0.07 0.07 0.073 0.035 -1.73472e-18 0.0565 -0.587785 0.809017 -4.9538e-17 -3.59915e-17 
-0.296681 0.07 0.07 0.073 -0.007 -0.055 0.0365 -0.672499 0.218508 0.218508 0.672498 
-0.301916 0.07 0.07 0.073 -0.035 0.028 0.0565 1 0 0 6.12323e-17 
-0.310269 0.07 0.07 0.073 -0.007 0.035 0.0565 0.951057 0.309017 1.89218e-17 5.82354e-17 
-0.31288 0.07 0.07 0.073 -0.007 0.035 0.0565 0.951057 -0.309017 -1.89218e-17 5.82354e-17 
-0.315831 0.07 0.07 0.073 0.014 0.035 0.0565 0.809017 -0.587785 -3.59914e-17 4.9538e-17 
-0.320346 0.07 0.07 0.073 -0.014 -0.035 0.0565 0.587785 0.809017 -4.9538e-17 3.59915e-17 
-0.322053 0.07 0.07 0.073 -0.028 0.035 0.0565 1 0 0 6.12323e-17 
-0.333538 0.07 0.07 0.073 0.007 0.035 0.0565 0.809017 -0.587785 -3.59914e-17 4.9538e-17 
-0.346929 0.07 0.07 0.073 -0.007 -0.035 0.0565 0.587785 0.809017 -4.9538e-17 3.59915e-17 
-0.374449 0.07 0.07 0.073 -1.73472e-18 -0.035 0.0565 -0.309017 0.951057 -5.82354e-17 -1.89218e-17 
-0.391953 0.07 0.07 0.073 0.035 -0.035 0.0565 6.12323e-17 1 -6.12323e-17 3.7494e-33 
-0.395881 0.07 0.07 0.073 -1.73472e-18 0.035 0.0565 0.951057 0.309017 1.89218e-17 5.82354e-17 
-0.445883 0.07 0.07 0.073 -0.007 -0.035 0.0565 -0.309017 0.951057 -5.82354e-17 -1.89218e-17 
-0.46378 0.07 0.07 0.073 -0.035 0.035 0.0565 1 0 0 6.12323e-17 
-0.473648 0.07 0.07 0.073 0.007 0.035 0.0565 0.951057 0.309017 1.89218e-17 5.82354e-17 
-0.50938 0.07 0.07 0.073 -0.014 -0.035 0.0565 -0.309017 0.951057 -5.82354e-17 -1.89218e-17 
-0.543827 0.07 0.07 0.073 0.014 0.035 0.0565 0.951057 0.309017 1.89218e-17 5.82354e-17 
-0.565732 0.07 0.07 0.073 -0.021 -0.035 0.0565 -0.309017 0.951057 -5.82354e-17 -1.89218e-17 
-0.607259 0.07 0.07 0.073 0.021 0.035 0.0565 0.951057 0.309017 1.89218e-17 5.82354e-17 
-0.616299 0.07 0.07 0.073 -0.028 -0.035 0.0565 -0.309017 0.951057 -5.82354e-17 -1.89218e-17 
-0.663081 0.07 0.07 0.073 -0.035 -0.035 0.0565 -0.309017 0.951057 -5.82354e-17 -1.89218e-17 
-0.665399 0.07 0.07 0.073 0.028 0.035 0.0565 0.951057 0.309017 1.89218e-17 5.82354e-17 
-0.720289 0.07 0.07 0.073 0.035 0.035 0.0565 0.951057 0.309017 1.89218e-17 5.82354e-17 
