0 0.0075 0.068 0.138 -0.02375 -0.034 -3.46945e-18 -0.218508 0.672498 -0.218508 0.672499 
0 0.0075 0.068 0.138 0.02375 -0.034 0.0138 0 -0.707107 0 0.707106 
0 0.0075 0.068 0.138 -0.02375 -0.034 0.0138 -0.218508 0.672498 -0.218508 0.672499 
0 0.0075 0.068 0.138 0.02375 -0.034 0.0276 0 -0.707107 0 0.707106 
0 0.0075 0.068 0.138 -0.02375 -0.034 0.0276 -0.218508 0.672498 -0.218508 0.672499 
0 0.0075 0.068 0.138 -0.02375 -0.034 0.0276 0 0.707107 0 0.707106 
0 0.0075 0.068 0.138 0.02375 -0.034 0.0414 0.218508 -0.672498 -0.218508 0.672499 
0 0.0075 0.068 0.138 0.02375 -0.034 0.0414 0 -0.707107 0 0.707106 
0 0.0075 0.068 0.138 0.02375 -0.034 0.0414 -0.218508 -0.672498 0.218508 0.672499 
0 0.0075 0.068 0.138 0.02375 -0.034 0.0414 -0.415627 -0.572061 0.415627 0.572062 
0 0.0075 0.068 0.138 -0.02375 -0.034 0.0414 -0.218508 0.672498 -0.218508 0.672499 
0 0.0075 0.068 0.138 -0.02375 -0.034 0.0414 0 0.707107 0 0.707106 
0 0.0075 0.068 0.138 0.02375 -0.034 0.0552 0.218508 -0.672498 -0.218508 0.672499 
0 0.0075 0.068 0.138 0.02375 -0.034 0.0552 0 -0.707107 0 0.707106 
0 0.0075 0.068 0.138 0.02375 -0.034 0.0552 -0.218508 -0.672498 0.218508 0.672499 
0 0.0075 0.068 0.138 0.02375 -0.034 0.0552 -0.415627 -0.572061 0.415627 0.572062 
0 0.0075 0.068 0.138 -0.02375 -0.034 0.0552 -0.572061 0.415627 -0.572061 0.415629 
0 0.0075 0.068 0.138 -0.02375 -0.034 0.0552 -0.415627 0.572061 -0.415627 0.572062 
0 0.0075 0.068 0.138 -0.02375 -0.034 0.0552 -0.218508 0.672498 -0.218508 0.672499 
0 0.0075 0.068 0.138 -0.02375 -0.034 0.0552 0 0.707107 0 0.707106 
0 0.0075 0.068 0.138 0.02375 -0.034 0.069 0.218508 -0.672498 -0.218508 0.672499 
0 0.0075 0.068 0.138 0.02375 -0.034 0.069 0 -0.707107 0 0.707106 
0 0.0075 0.068 0.138 0.02375 -0.034 0.069 -0.218508 -0.672498 0.218508 0.672499 
0 0.0075 0.068 0.138 0.02375 -0.034 0.069 -0.415627 -0.572061 0.415627 0.572062 
0 0.0075 0.068 0.138 -0.02375 -0.034 0.069 -0.572061 0.415627 -0.572061 0.415629 
0 0.0075 0.068 0.138 -0.02375 -0.034 0.069 -0.415627 0.572061 -0.415627 0.572062 
0 0.0075 0.068 0.138 -0.02375 -0.034 0.069 -0.218508 0.672498 -0.218508 0.672499 
0 0.0075 0.068 0.138 -0.02375 -0.034 0.069 0 0.707107 0 0.707106 
0 0.0075 0.068 0.138 0.02375 -0.0272 0.0138 0 -0.707107 0 0.707106 
0 0.0075 0.068 0.138 0.02375 -0.0272 0.0276 0 -0.707107 0 0.707106 
0 0.0075 0.068 0.138 -0.02375 -0.0272 0.0276 0 0.707107 0 0.707106 
0 0.0075 0.068 0.138 0.02375 -0.0272 0.0414 0 -0.707107 0 0.707106 
0 0.0075 0.068 0.138 0.02375 -0.0272 0.0414 -0.218508 -0.672498 0.218508 0.672499 
0 0.0075 0.068 0.138 -0.02375 -0.0272 0.0414 0 0.707107 0 0.707106 
0 0.0075 0.068 0.138 0.02375 -0.0272 0.0552 0 -0.707107 0 0.707106 
0 0.0075 0.068 0.138 0.02375 -0.0272 0.0552 -0.218508 -0.672498 0.218508 0.672499 
0 0.0075 0.068 0.138 0.02375 -0.0272 0.0552 -0.415627 -0.572061 0.415627 0.572062 
0 0.0075 0.068 0.138 -0.02375 -0.0272 0.0552 -0.572061 0.415627 -0.572061 0.415629 
0 0.0075 0.068 0.138 -0.02375 -0.0272 0.0552 -0.415627 0.572061 -0.415627 0.572062 
0 0.0075 0.068 0.138 -0.02375 -0.0272 0.0552 -0.218508 0.672498 -0.218508 0.672499 
0 0.0075 0.068 0.138 -0.02375 -0.0272 0.0552 0 0.707107 0 0.707106 
0 0.0075 0.068 0.138 0.02375 -0.0272 0.069 0 -0.707107 0 0.707106 
0 0.0075 0.068 0.138 0.02375 -0.0272 0.069 -0.218508 -0.672498 0.218508 0.672499 
0 0.0075 0.068 0.138 0.02375 -0.0272 0.069 -0.415627 -0.572061 0.415627 0.572062 
0 0.0075 0.068 0.138 -0.02375 -0.0272 0.069 -0.572061 0.415627 -0.572061 0.415629 
0 0.0075 0.068 0.138 -0.02375 -0.0272 0.069 -0.415627 0.572061 -0.415627 0.572062 
0 0.0075 0.068 0.138 -0.02375 -0.0272 0.069 -0.218508 0.672498 -0.218508 0.672499 
0 0.0075 0.068 0.138 -0.02375 -0.0272 0.069 0 0.707107 0 0.707106 
0 0.0075 0.068 0.138 0.02375 -0.0204 0.0138 0 -0.707107 0 0.707106 
0 0.0075 0.068 0.138 0.02375 -0.0204 0.0276 0 -0.707107 0 0.707106 
0 0.0075 0.068 0.138 0.02375 -0.0204 0.0414 0 -0.707107 0 0.707106 
0 0.0075 0.068 0.138 -0.02375 -0.034 -3.46945e-18 -0.218508 0.672498 -0.218508 0.672499 
0 0.0075 0.068 0.138 -0.02375 -0.034 0.0138 -0.218508 0.672498 -0.218508 0.672499 
0 0.0075 0.068 0.138 -0.02375 -0.034 0.0276 -0.218508 0.672498 -0.218508 0.672499 
0 0.0075 0.068 0.138 0.02375 -0.034 0.0414 0.218508 -0.672498 -0.218508 0.672499 
0 0.0075 0.068 0.138 0.02375 -0.034 0.0414 -0.218508 -0.672498 0.218508 0.672499 
0 0.0075 0.068 0.138 -0.02375 -0.034 0.0414 -0.218508 0.672498 -0.218508 0.672499 
0 0.0075 0.068 0.138 0.02375 -0.034 0.0552 0.218508 -0.672498 -0.218508 0.672499 
0 0.0075 0.068 0.138 0.02375 -0.034 0.0552 -0.218508 -0.672498 0.218508 0.672499 
0 0.0075 0.068 0.138 -0.02375 -0.034 0.0552 -0.572061 0.415627 -0.572061 0.415629 
0 0.0075 0.068 0.138 -0.02375 -0.034 0.0552 -0.218508 0.672498 -0.218508 0.672499 
0 0.0075 0.068 0.138 0.02375 -0.034 0.069 0.218508 -0.672498 -0.218508 0.672499 
0 0.0075 0.068 0.138 0.02375 -0.034 0.069 -0.218508 -0.672498 0.218508 0.672499 
0 0.0075 0.068 0.138 -0.02375 -0.034 0.069 -0.572061 0.415627 -0.572061 0.415629 
0 0.0075 0.068 0.138 -0.02375 -0.034 0.069 -0.218508 0.672498 -0.218508 0.672499 
0 0.0075 0.068 0.138 0.02375 -0.0272 0.0414 -0.218508 -0.672498 0.218508 0.672499 
0 0.0075 0.068 0.138 0.02375 -0.0272 0.0552 -0.218508 -0.672498 0.218508 0.672499 
0 0.0075 0.068 0.138 -0.02375 -0.0272 0.0552 -0.572061 0.415627 -0.572061 0.415629 
0 0.0075 0.068 0.138 -0.02375 -0.0272 0.0552 -0.218508 0.672498 -0.218508 0.672499 
0 0.0075 0.068 0.138 0.02375 -0.0272 0.069 -0.218508 -0.672498 0.218508 0.672499 
0 0.0075 0.068 0.138 -0.02375 -0.0272 0.069 -0.572061 0.415627 -0.572061 0.415629 
0 0.0075 0.068 0.138 -0.02375 -0.0272 0.069 -0.218508 0.672498 -0.218508 0.672499 
0 0.0075 0.068 0.138 -0.02375 -0.034 -3.46945e-18 -0.218508 0.672498 -0.218508 0.672499 
0 0.0075 0.068 0.138 -0.02375 -0.034 0.0138 -0.218508 0.672498 -0.218508 0.672499 
0 0.0075 0.068 0.138 -0.02375 -0.034 0.0276 -0.218508 0.672498 -0.218508 0.672499 
0 0.0075 0.068 0.138 0.02375 -0.034 0.0414 0.218508 -0.672498 -0.218508 0.672499 
0 0.0075 0.068 0.138 0.02375 -0.034 0.0414 -0.218508 -0.672498 0.218508 0.672499 
0 0.0075 0.068 0.138 -0.02375 -0.034 0.0414 -0.218508 0.672498 -0.218508 0.672499 
0 0.0075 0.068 0.138 0.02375 -0.034 0.0552 0.218508 -0.672498 -0.218508 0.672499 
0 0.0075 0.068 0.138 0.02375 -0.034 0.0552 -0.218508 -0.672498 0.218508 0.672499 
0 0.0075 0.068 0.138 -0.02375 -0.034 0.0552 -0.572061 0.415627 -0.572061 0.415629 
0 0.0075 0.068 0.138 -0.02375 -0.034 0.0552 -0.218508 0.672498 -0.218508 0.672499 
0 0.0075 0.068 0.138 0.02375 -0.034 0.069 0.218508 -0.672498 -0.218508 0.672499 
0 0.0075 0.068 0.138 0.02375 -0.034 0.069 -0.218508 -0.672498 0.218508 0.672499 
0 0.0075 0.068 0.138 -0.02375 -0.034 0.069 -0.572061 0.415627 -0.572061 0.415629 
0 0.0075 0.068 0.138 -0.02375 -0.034 0.069 -0.218508 0.672498 -0.218508 0.672499 
0 0.0075 0.068 0.138 0.02375 -0.0272 0.0414 -0.218508 -0.672498 0.218508 0.672499 
0 0.0075 0.068 0.138 0.02375 -0.0272 0.0552 -0.218508 -0.672498 0.218508 0.672499 
0 0.0075 0.068 0.138 -0.02375 -0.0272 0.0552 -0.572061 0.415627 -0.572061 0.415629 
0 0.0075 0.068 0.138 -0.02375 -0.0272 0.0552 -0.218508 0.672498 -0.218508 0.672499 
0 0.0075 0.068 0.138 0.02375 -0.0272 0.069 -0.218508 -0.672498 0.218508 0.672499 
0 0.0075 0.068 0.138 -0.02375 -0.0272 0.069 -0.572061 0.415627 -0.572061 0.415629 
0 0.0075 0.068 0.138 -0.02375 -0.0272 0.069 -0.218508 0.672498 -0.218508 0.672499 
0 0.0075 0.068 0.138 0.02375 -0.0204 0.0414 -0.218508 -0.672498 0.218508 0.672499 
0 0.0075 0.068 0.138 0.02375 -0.0204 0.0552 0 -0.707107 0 0.707106 
0 0.0075 0.068 0.138 0.02375 -0.0204 0.0552 -0.218508 -0.672498 0.218508 0.672499 
0 0.0075 0.068 0.138 0.02375 -0.0204 0.0552 -0.415627 -0.572061 0.415627 0.572062 
0 0.0075 0.068 0.138 -0.02375 -0.0204 0.0552 -0.572061 0.415627 -0.572061 0.415629 
0 0.0075 0.068 0.138 -0.02375 -0.0204 0.0552 -0.415627 0.572061 -0.415627 0.572062 
0 0.0075 0.068 0.138 0.02375 -0.0204 0.069 0 -0.707107 0 0.707106 
0 0.0075 0.068 0.138 0.02375 -0.0204 0.069 -0.218508 -0.672498 0.218508 0.672499 
0 0.0075 0.068 0.138 0.02375 -0.0204 0.069 -0.415627 -0.572061 0.415627 0.572062 
0 0.0075 0.068 0.138 0.02375 -0.0204 0.069 -0.572061 -0.415627 0.572061 0.415629 
0 0.0075 0.068 0.138 -0.02375 -0.0204 0.069 -0.572061 0.415627 -0.572061 0.415629 
0 0.0075 0.068 0.138 -0.02375 -0.0204 0.069 -0.415627 0.572061 -0.415627 0.572062 
0 0.0075 0.068 0.138 -0.02375 -0.0204 0.069 -0.218508 0.672498 -0.218508 0.672499 
0 0.0075 0.068 0.138 0.02375 -0.0136 0.0552 -0.415627 -0.572061 0.415627 0.572062 
0 0.0075 0.068 0.138 -0.02375 -0.0136 0.0552 -0.572061 0.415627 -0.572061 0.415629 
0 0.0075 0.068 0.138 -0.02375 -0.0136 0.0552 -0.415627 0.572061 -0.415627 0.572062 
0 0.0075 0.068 0.138 0.02375 -0.0136 0.069 -0.218508 -0.672498 0.218508 0.672499 
0 0.0075 0.068 0.138 0.02375 -0.0136 0.069 -0.415627 -0.572061 0.415627 0.572062 
0 0.0075 0.068 0.138 0.02375 -0.0136 0.069 -0.572061 -0.415627 0.572061 0.415629 
0 0.0075 0.068 0.138 -0.02375 -0.0136 0.069 -0.572061 0.415627 -0.572061 0.415629 
0 0.0075 0.068 0.138 -0.02375 -0.0136 0.069 -0.415627 0.572061 -0.415627 0.572062 
0 0.0075 0.068 0.138 -0.02375 -0.0136 0.069 -0.218508 0.672498 -0.218508 0.672499 
0 0.0075 0.068 0.138 0.02375 -0.0068 0.0552 -0.415627 -0.572061 0.415627 0.572062 
0 0.0075 0.068 0.138 -0.02375 -0.0068 0.0552 -0.572061 0.415627 -0.572061 0.415629 
0 0.0075 0.068 0.138 -0.02375 -0.0068 0.0552 -0.415627 0.572061 -0.415627 0.572062 
0 0.0075 0.068 0.138 0.02375 -0.0068 0.069 -0.415627 -0.572061 0.415627 0.572062 
0 0.0075 0.068 0.138 0.02375 -0.0068 0.069 -0.572061 -0.415627 0.572061 0.415629 
0 0.0075 0.068 0.138 -0.02375 -0.0068 0.069 -0.572061 0.415627 -0.572061 0.415629 
0 0.0075 0.068 0.138 -0.02375 -0.0068 0.069 -0.415627 0.572061 -0.415627 0.572062 
0 0.0075 0.068 0.138 -0.02375 -0.0068 0.069 -0.218508 0.672498 -0.218508 0.672499 
0 0.0075 0.068 0.138 0.02375 0 0.0552 -0.415627 -0.572061 0.415627 0.572062 
0 0.0075 0.068 0.138 0.02375 0 0.0552 -0.572061 -0.415627 0.572061 0.415629 
0 0.0075 0.068 0.138 -0.02375 0 0.0552 -0.572061 0.415627 -0.572061 0.415629 
0 0.0075 0.068 0.138 -0.02375 0 0.0552 -0.415627 0.572061 -0.415627 0.572062 
0 0.0075 0.068 0.138 0.02375 0 0.069 -0.415627 -0.572061 0.415627 0.572062 
0 0.0075 0.068 0.138 0.02375 0 0.069 -0.572061 -0.415627 0.572061 0.415629 
0 0.0075 0.068 0.138 0.02375 0 0.069 -0.672498 -0.218508 0.672499 0.218508 
0 0.0075 0.068 0.138 -0.02375 0 0.069 -0.572061 0.415627 -0.572061 0.415629 
0 0.0075 0.068 0.138 -0.02375 0 0.069 -0.415627 0.572061 -0.415627 0.572062 
0 0.0075 0.068 0.138 -0.02375 0 0.069 -0.218508 0.672498 -0.218508 0.672499 
0 0.0075 0.068 0.138 0.02375 0.0068 0.0552 -0.415627 -0.572061 0.415627 0.572062 
0 0.0075 0.068 0.138 0.02375 0.0068 0.0552 -0.572061 -0.415627 0.572061 0.415629 
0 0.0075 0.068 0.138 -0.02375 0.0068 0.0552 -0.572061 0.415627 -0.572061 0.415629 
0 0.0075 0.068 0.138 0.02375 0.0068 0.069 -0.415627 -0.572061 0.415627 0.572062 
0 0.0075 0.068 0.138 0.02375 0.0068 0.069 -0.572061 -0.415627 0.572061 0.415629 
-0.00116782 0.0075 0.068 0.138 0.02375 0.0068 0.069 -0.672498 -0.218508 0.672499 0.218508 
0 0.0075 0.068 0.138 -0.02375 0.0068 0.069 -0.572061 0.415627 -0.572061 0.415629 
0 0.0075 0.068 0.138 -0.02375 0.0068 0.069 -0.415627 0.572061 -0.415627 0.572062 
0 0.0075 0.068 0.138 0.02375 0.0136 0.0552 -0.415627 -0.572061 0.415627 0.572062 
0 0.0075 0.068 0.138 0.02375 0.0136 0.0552 -0.572061 -0.415627 0.572061 0.415629 
0 0.0075 0.068 0.138 -0.02375 0.0136 0.0552 -0.572061 0.415627 -0.572061 0.415629 
0 0.0075 0.068 0.138 0.02375 0.0136 0.069 -0.415627 -0.572061 0.415627 0.572062 
0 0.0075 0.068 0.138 0.02375 0.0136 0.069 -0.572061 -0.415627 0.572061 0.415629 
0 0.0075 0.068 0.138 0.02375 0.0136 0.069 -0.672498 -0.218508 0.672499 0.218508 
0 0.0075 0.068 0.138 -0.02375 0.0136 0.069 -0.672498 0.218508 -0.672499 0.218508 
0 0.0075 0.068 0.138 -0.02375 0.0136 0.069 -0.572061 0.415627 -0.572061 0.415629 
0 0.0075 0.068 0.138 -0.02375 0.0136 0.069 -0.415627 0.572061 -0.415627 0.572062 
0 0.0075 0.068 0.138 -0.02375 0.0204 0.0138 0.707107 -4.32978e-17 0.707107 -4.32978e-17 
0 0.0075 0.068 0.138 -0.02375 0.0204 0.0276 0.707107 -4.32978e-17 0.707107 -4.32978e-17 
0 0.0075 0.068 0.138 -0.02375 0.0204 0.0414 0.707107 -4.32978e-17 0.707107 -4.32978e-17 
0 0.0075 0.068 0.138 -0.02375 0.0204 0.0414 -0.672498 0.218508 -0.672499 0.218508 
0 0.0075 0.068 0.138 0.02375 0.0204 0.0552 -0.415627 -0.572061 0.415627 0.572062 
0 0.0075 0.068 0.138 0.02375 0.0204 0.0552 -0.572061 -0.415627 0.572061 0.415629 
0 0.0075 0.068 0.138 -0.02375 0.0204 0.0552 0.707107 -4.32978e-17 0.707107 -4.32978e-17 
0 0.0075 0.068 0.138 -0.02375 0.0204 0.0552 -0.672498 0.218508 -0.672499 0.218508 
0 0.0075 0.068 0.138 -0.02375 0.0204 0.0552 -0.572061 0.415627 -0.572061 0.415629 
0 0.0075 0.068 0.138 0.02375 0.0204 0.069 -0.415627 -0.572061 0.415627 0.572062 
0 0.0075 0.068 0.138 0.02375 0.0204 0.069 -0.572061 -0.415627 0.572061 0.415629 
0 0.0075 0.068 0.138 0.02375 0.0204 0.069 -0.672498 -0.218508 0.672499 0.218508 
0 0.0075 0.068 0.138 -0.02375 0.0204 0.069 0.707107 -4.32978e-17 0.707107 -4.32978e-17 
0 0.0075 0.068 0.138 -0.02375 0.0204 0.069 -0.672498 0.218508 -0.672499 0.218508 
0 0.0075 0.068 0.138 -0.02375 0.0204 0.069 -0.572061 0.415627 -0.572061 0.415629 
0 0.0075 0.068 0.138 -0.02375 0.0204 0.069 -0.415627 0.572061 -0.415627 0.572062 
0 0.0075 0.068 0.138 -0.02375 0.0272 0.0138 0.707107 -4.32978e-17 0.707107 -4.32978e-17 
0 0.0075 0.068 0.138 0.02375 0.0272 0.0276 0.707107 -4.32978e-17 -0.707107 4.32978e-17 
0 0.0075 0.068 0.138 -0.02375 0.0272 0.0276 0.707107 -4.32978e-17 0.707107 -4.32978e-17 
0 0.0075 0.068 0.138 0.02375 0.0272 0.0414 0.707107 -4.32978e-17 -0.707107 4.32978e-17 
0 0.0075 0.068 0.138 -0.02375 0.0272 0.0414 0.707107 -4.32978e-17 0.707107 -4.32978e-17 
0 0.0075 0.068 0.138 -0.02375 0.0272 0.0414 -0.672498 0.218508 -0.672499 0.218508 
0 0.0075 0.068 0.138 0.02375 0.0272 0.0552 0.707107 -4.32978e-17 -0.707107 4.32978e-17 
0 0.0075 0.068 0.138 0.02375 0.0272 0.0552 -0.415627 -0.572061 0.415627 0.572062 
0 0.0075 0.068 0.138 0.02375 0.0272 0.0552 -0.572061 -0.415627 0.572061 0.415629 
0 0.0075 0.068 0.138 0.02375 0.0272 0.0552 -0.672498 -0.218508 0.672499 0.218508 
0 0.0075 0.068 0.138 -0.02375 0.0272 0.0552 0.707107 -4.32978e-17 0.707107 -4.32978e-17 
0 0.0075 0.068 0.138 -0.02375 0.0272 0.0552 -0.672498 0.218508 -0.672499 0.218508 
0 0.0075 0.068 0.138 -0.02375 0.0272 0.0552 -0.572061 0.415627 -0.572061 0.415629 
0 0.0075 0.068 0.138 0.02375 0.0272 0.069 0.707107 -4.32978e-17 -0.707107 4.32978e-17 
0 0.0075 0.068 0.138 0.02375 0.0272 0.069 -0.415627 -0.572061 0.415627 0.572062 
0 0.0075 0.068 0.138 0.02375 0.0272 0.069 -0.572061 -0.415627 0.572061 0.415629 
0 0.0075 0.068 0.138 0.02375 0.0272 0.069 -0.672498 -0.218508 0.672499 0.218508 
0 0.0075 0.068 0.138 -0.02375 0.0272 0.069 0.707107 -4.32978e-17 0.707107 -4.32978e-17 
0 0.0075 0.068 0.138 -0.02375 0.0272 0.069 -0.672498 0.218508 -0.672499 0.218508 
0 0.0075 0.068 0.138 -0.02375 0.0272 0.069 -0.572061 0.415627 -0.572061 0.415629 
0 0.0075 0.068 0.138 0.02375 0.034 -3.46945e-18 -0.672498 -0.218508 0.672499 0.218508 
0 0.0075 0.068 0.138 0.02375 0.034 0.0138 -0.672498 -0.218508 0.672499 0.218508 
0 0.0075 0.068 0.138 -0.02375 0.034 0.0138 0.707107 -4.32978e-17 0.707107 -4.32978e-17 
0 0.0075 0.068 0.138 0.02375 0.034 0.0276 0.707107 -4.32978e-17 -0.707107 4.32978e-17 
0 0.0075 0.068 0.138 0.02375 0.034 0.0276 -0.672498 -0.218508 0.672499 0.218508 
0 0.0075 0.068 0.138 -0.02375 0.034 0.0276 0.707107 -4.32978e-17 0.707107 -4.32978e-17 
0 0.0075 0.068 0.138 0.02375 0.034 0.0414 0.707107 -4.32978e-17 -0.707107 4.32978e-17 
0 0.0075 0.068 0.138 0.02375 0.034 0.0414 -0.672498 -0.218508 0.672499 0.218508 
0 0.0075 0.068 0.138 -0.02375 0.034 0.0414 0.707107 -4.32978e-17 0.707107 -4.32978e-17 
0 0.0075 0.068 0.138 -0.02375 0.034 0.0414 -0.672498 0.218508 -0.672499 0.218508 
0 0.0075 0.068 0.138 -0.02375 0.034 0.0414 -0.572061 0.415627 -0.572061 0.415629 
0 0.0075 0.068 0.138 -0.02375 0.034 0.0414 0.672498 0.218508 0.672499 0.218508 
0 0.0075 0.068 0.138 0.02375 0.034 0.0552 0.707107 -4.32978e-17 -0.707107 4.32978e-17 
0 0.0075 0.068 0.138 0.02375 0.034 0.0552 -0.415627 -0.572061 0.415627 0.572062 
0 0.0075 0.068 0.138 0.02375 0.034 0.0552 -0.572061 -0.415627 0.572061 0.415629 
0 0.0075 0.068 0.138 0.02375 0.034 0.0552 -0.672498 -0.218508 0.672499 0.218508 
0 0.0075 0.068 0.138 -0.02375 0.034 0.0552 0.707107 -4.32978e-17 0.707107 -4.32978e-17 
0 0.0075 0.068 0.138 -0.02375 0.034 0.0552 -0.672498 0.218508 -0.672499 0.218508 
0 0.0075 0.068 0.138 -0.02375 0.034 0.0552 -0.572061 0.415627 -0.572061 0.415629 
0 0.0075 0.068 0.138 -0.02375 0.034 0.0552 0.672498 0.218508 0.672499 0.218508 
0 0.0075 0.068 0.138 0.02375 0.034 0.069 0.707107 -4.32978e-17 -0.707107 4.32978e-17 
0 0.0075 0.068 0.138 0.02375 0.034 0.069 -0.415627 -0.572061 0.415627 0.572062 
0 0.0075 0.068 0.138 0.02375 0.034 0.069 -0.572061 -0.415627 0.572061 0.415629 
0 0.0075 0.068 0.138 0.02375 0.034 0.069 -0.672498 -0.218508 0.672499 0.218508 
0 0.0075 0.068 0.138 -0.02375 0.034 0.069 0.707107 -4.32978e-17 0.707107 -4.32978e-17 
0 0.0075 0.068 0.138 -0.02375 0.034 0.069 -0.672498 0.218508 -0.672499 0.218508 
0 0.0075 0.068 0.138 -0.02375 0.034 0.069 -0.572061 0.415627 -0.572061 0.415629 
0 0.0075 0.068 0.138 -0.02375 0.034 0.069 0.672498 0.218508 0.672499 0.218508 
0 0.0075 0.068 0.138 -0.00375 0.054 0.0138 0.415627 0.572061 -0.572061 0.415629 
0.0170452 0.0075 0.068 0.138 -0.00375 -0.054 0.0138 -0.572061 0.415627 0.415627 0.572062 
0 0.0075 0.068 0.138 -0.00375 0.054 0.0276 0.415627 0.572061 -0.572061 0.415629 
0.00411359 0.0075 0.068 0.138 -0.00375 0.054 0.0276 0.572061 -0.415627 0.415627 0.572062 
0 0.0075 0.068 0.138 -0.00375 0.054 0.0276 0.415627 -0.572061 0.572061 0.415629 
0 0.0075 0.068 0.138 -0.00375 -0.054 0.0276 -0.415627 -0.572061 -0.572061 0.415629 
0 0.0075 0.068 0.138 -0.00375 -0.054 0.0276 -0.572061 -0.415627 -0.415627 0.572062 
0 0.0075 0.068 0.138 -0.00375 -0.054 0.0276 -0.572061 0.415627 0.415627 0.572062 
0 0.0075 0.068 0.138 -0.00375 0.054 0.0414 0.415627 0.572061 -0.572061 0.415629 
0.0211748 0.0075 0.068 0.138 -0.00375 0.054 0.0414 0.572061 -0.415627 0.415627 0.572062 
0 0.0075 0.068 0.138 -0.00375 0.054 0.0414 0.415627 -0.572061 0.572061 0.415629 
0 0.0075 0.068 0.138 -0.00375 0.054 0.0414 0.218508 -0.672499 0.672499 0.218502 
0 0.0075 0.068 0.138 -0.00375 -0.054 0.0414 -0.415627 -0.572061 -0.572061 0.415629 
0 0.0075 0.068 0.138 -0.00375 -0.054 0.0414 -0.572061 -0.415627 -0.415627 0.572062 
0 0.0075 0.068 0.138 -0.00375 -0.054 0.0414 -0.672499 -0.218508 -0.218508 0.672498 
0 0.0075 0.068 0.138 -0.00375 -0.054 0.0414 -0.572061 0.415627 0.415627 0.572062 
0 0.0075 0.068 0.138 -0.00375 0.054 0.0552 -8.65956e-17 0.707107 -0.707107 4.32978e-17 
0 0.0075 0.068 0.138 -0.00375 0.054 0.0552 0.218508 0.672499 -0.672499 0.218502 
0 0.0075 0.068 0.138 -0.00375 0.054 0.0552 0.415627 0.572061 -0.572061 0.415629 
0 0.0075 0.068 0.138 -0.00375 0.054 0.0552 0.572061 -0.415627 0.415627 0.572062 
0 0.0075 0.068 0.138 -0.00375 0.054 0.0552 0.415627 -0.572061 0.572061 0.415629 
0 0.0075 0.068 0.138 -0.00375 0.054 0.0552 0.218508 -0.672499 0.672499 0.218502 
0 0.0075 0.068 0.138 -0.00375 -0.054 0.0552 -0.415627 -0.572061 -0.572061 0.415629 
0 0.0075 0.068 0.138 -0.00375 -0.054 0.0552 -0.572061 -0.415627 -0.415627 0.572062 
0 0.0075 0.068 0.138 -0.00375 -0.054 0.0552 -0.672499 -0.218508 -0.218508 0.672498 
0 0.0075 0.068 0.138 -0.00375 -0.054 0.0552 -0.707107 0 0 0.707106 
0 0.0075 0.068 0.138 -0.00375 -0.054 0.0552 -0.572061 0.415627 0.415627 0.572062 
0 0.0075 0.068 0.138 -0.00375 0.054 0.069 -8.65956e-17 0.707107 -0.707107 4.32978e-17 
0 0.0075 0.068 0.138 -0.00375 0.054 0.069 0.218508 0.672499 -0.672499 0.218502 
0 0.0075 0.068 0.138 -0.00375 0.054 0.069 0.415627 0.572061 -0.572061 0.415629 
0 0.0075 0.068 0.138 -0.00375 0.054 0.069 0.572061 -0.415627 0.415627 0.572062 
0 0.0075 0.068 0.138 -0.00375 0.054 0.069 0.415627 -0.572061 0.572061 0.415629 
0 0.0075 0.068 0.138 -0.00375 0.054 0.069 0.218508 -0.672499 0.672499 0.218502 
0 0.0075 0.068 0.138 -0.00375 -0.054 0.069 -0.415627 -0.572061 -0.572061 0.415629 
0 0.0075 0.068 0.138 -0.00375 -0.054 0.069 -0.572061 -0.415627 -0.415627 0.572062 
0 0.0075 0.068 0.138 -0.00375 -0.054 0.069 -0.672499 -0.218508 -0.218508 0.672498 
0 0.0075 0.068 0.138 -0.00375 -0.054 0.069 -0.707107 0 0 0.707106 
0 0.0075 0.068 0.138 -0.00375 -0.054 0.069 -0.572061 0.415627 0.415627 0.572062 
0 0.0075 0.068 0.138 -0.003 0.054 0.0138 0.415627 0.572061 -0.572061 0.415629 
0.00911116 0.0075 0.068 0.138 -0.003 -0.054 0.0138 -0.572061 0.415627 0.415627 0.572062 
0 0.0075 0.068 0.138 -0.003 0.054 0.0276 0.415627 0.572061 -0.572061 0.415629 
0.00347559 0.0075 0.068 0.138 -0.003 0.054 0.0276 0.572061 -0.415627 0.415627 0.572062 
0 0.0075 0.068 0.138 -0.003 0.054 0.0276 0.415627 -0.572061 0.572061 0.415629 
0 0.0075 0.068 0.138 -0.003 -0.054 0.0276 -0.415627 -0.572061 -0.572061 0.415629 
0 0.0075 0.068 0.138 -0.003 -0.054 0.0276 -0.572061 -0.415627 -0.415627 0.572062 
0 0.0075 0.068 0.138 -0.003 -0.054 0.0276 -0.572061 0.415627 0.415627 0.572062 
0 0.0075 0.068 0.138 -0.003 0.054 0.0414 0.415627 0.572061 -0.572061 0.415629 
-0.000237542 0.0075 0.068 0.138 -0.003 0.054 0.0414 0.572061 -0.415627 0.415627 0.572062 
0 0.0075 0.068 0.138 -0.003 0.054 0.0414 0.415627 -0.572061 0.572061 0.415629 
0 0.0075 0.068 0.138 -0.003 0.054 0.0414 0.218508 -0.672499 0.672499 0.218502 
0 0.0075 0.068 0.138 -0.003 -0.054 0.0414 -0.415627 -0.572061 -0.572061 0.415629 
0 0.0075 0.068 0.138 -0.003 -0.054 0.0414 -0.572061 -0.415627 -0.415627 0.572062 
0 0.0075 0.068 0.138 -0.003 -0.054 0.0414 -0.672499 -0.218508 -0.218508 0.672498 
0 0.0075 0.068 0.138 -0.003 -0.054 0.0414 -0.572061 0.415627 0.415627 0.572062 
0 0.0075 0.068 0.138 -0.003 0.054 0.0552 -8.65956e-17 0.707107 -0.707107 4.32978e-17 
0 0.0075 0.068 0.138 -0.003 0.054 0.0552 0.218508 0.672499 -0.672499 0.218502 
0 0.0075 0.068 0.138 -0.003 0.054 0.0552 0.415627 0.572061 -0.572061 0.415629 
0 0.0075 0.068 0.138 -0.003 0.054 0.0552 0.572061 -0.415627 0.415627 0.572062 
0 0.0075 0.068 0.138 -0.003 0.054 0.0552 0.415627 -0.572061 0.572061 0.415629 
0 0.0075 0.068 0.138 -0.003 0.054 0.0552 0.218508 -0.672499 0.672499 0.218502 
0 0.0075 0.068 0.138 -0.003 -0.054 0.0552 -0.415627 -0.572061 -0.572061 0.415629 
0 0.0075 0.068 0.138 -0.003 -0.054 0.0552 -0.572061 -0.415627 -0.415627 0.572062 
0 0.0075 0.068 0.138 -0.003 -0.054 0.0552 -0.672499 -0.218508 -0.218508 0.672498 
0 0.0075 0.068 0.138 -0.003 -0.054 0.0552 -0.707107 0 0 0.707106 
0 0.0075 0.068 0.138 -0.003 -0.054 0.0552 -0.572061 0.415627 0.415627 0.572062 
0 0.0075 0.068 0.138 -0.003 0.054 0.069 -8.65956e-17 0.707107 -0.707107 4.32978e-17 
0 0.0075 0.068 0.138 -0.003 0.054 0.069 0.218508 0.672499 -0.672499 0.218502 
0 0.0075 0.068 0.138 -0.003 0.054 0.069 0.415627 0.572061 -0.572061 0.415629 
0 0.0075 0.068 0.138 -0.003 0.054 0.069 0.572061 -0.415627 0.415627 0.572062 
0 0.0075 0.068 0.138 -0.003 0.054 0.069 0.415627 -0.572061 0.572061 0.415629 
0 0.0075 0.068 0.138 -0.003 0.054 0.069 0.218508 -0.672499 0.672499 0.218502 
0 0.0075 0.068 0.138 -0.003 -0.054 0.069 -0.415627 -0.572061 -0.572061 0.415629 
0 0.0075 0.068 0.138 -0.003 -0.054 0.069 -0.572061 -0.415627 -0.415627 0.572062 
0 0.0075 0.068 0.138 -0.003 -0.054 0.069 -0.672499 -0.218508 -0.218508 0.672498 
0 0.0075 0.068 0.138 -0.003 -0.054 0.069 -0.707107 0 0 0.707106 
0 0.0075 0.068 0.138 -0.003 -0.054 0.069 -0.572061 0.415627 0.415627 0.572062 
0 0.0075 0.068 0.138 -0.00225 0.054 0.0138 0.415627 0.572061 -0.572061 0.415629 
0.0218064 0.0075 0.068 0.138 -0.00225 -0.054 0.0138 -0.572061 0.415627 0.415627 0.572062 
0 0.0075 0.068 0.138 -0.00225 0.054 0.0276 0.415627 0.572061 -0.572061 0.415629 
-0.000308019 0.0075 0.068 0.138 -0.00225 0.054 0.0276 0.572061 -0.415627 0.415627 0.572062 
0 0.0075 0.068 0.138 -0.00225 0.054 0.0276 0.415627 -0.572061 0.572061 0.415629 
0 0.0075 0.068 0.138 -0.00225 -0.054 0.0276 -0.415627 -0.572061 -0.572061 0.415629 
0 0.0075 0.068 0.138 -0.00225 -0.054 0.0276 -0.572061 -0.415627 -0.415627 0.572062 
0 0.0075 0.068 0.138 -0.00225 -0.054 0.0276 -0.572061 0.415627 0.415627 0.572062 
0 0.0075 0.068 0.138 -0.00225 0.054 0.0414 0.415627 0.572061 -0.572061 0.415629 
0 0.0075 0.068 0.138 -0.00225 0.054 0.0414 0.572061 -0.415627 0.415627 0.572062 
0 0.0075 0.068 0.138 -0.00225 0.054 0.0414 0.415627 -0.572061 0.572061 0.415629 
0 0.0075 0.068 0.138 -0.00225 0.054 0.0414 0.218508 -0.672499 0.672499 0.218502 
0 0.0075 0.068 0.138 -0.00225 -0.054 0.0414 -0.415627 -0.572061 -0.572061 0.415629 
0 0.0075 0.068 0.138 -0.00225 -0.054 0.0414 -0.572061 -0.415627 -0.415627 0.572062 
0 0.0075 0.068 0.138 -0.00225 -0.054 0.0414 -0.672499 -0.218508 -0.218508 0.672498 
0 0.0075 0.068 0.138 -0.00225 -0.054 0.0414 -0.572061 0.415627 0.415627 0.572062 
0 0.0075 0.068 0.138 -0.00225 0.054 0.0552 -8.65956e-17 0.707107 -0.707107 4.32978e-17 
0 0.0075 0.068 0.138 -0.00225 0.054 0.0552 0.218508 0.672499 -0.672499 0.218502 
0 0.0075 0.068 0.138 -0.00225 0.054 0.0552 0.415627 0.572061 -0.572061 0.415629 
0 0.0075 0.068 0.138 -0.00225 0.054 0.0552 0.572061 -0.415627 0.415627 0.572062 
0 0.0075 0.068 0.138 -0.00225 0.054 0.0552 0.415627 -0.572061 0.572061 0.415629 
0 0.0075 0.068 0.138 -0.00225 0.054 0.0552 0.218508 -0.672499 0.672499 0.218502 
0 0.0075 0.068 0.138 -0.00225 -0.054 0.0552 -0.415627 -0.572061 -0.572061 0.415629 
0 0.0075 0.068 0.138 -0.00225 -0.054 0.0552 -0.572061 -0.415627 -0.415627 0.572062 
0 0.0075 0.068 0.138 -0.00225 -0.054 0.0552 -0.672499 -0.218508 -0.218508 0.672498 
0 0.0075 0.068 0.138 -0.00225 -0.054 0.0552 -0.707107 0 0 0.707106 
0 0.0075 0.068 0.138 -0.00225 -0.054 0.0552 -0.572061 0.415627 0.415627 0.572062 
0 0.0075 0.068 0.138 -0.00225 0.054 0.069 -8.65956e-17 0.707107 -0.707107 4.32978e-17 
0 0.0075 0.068 0.138 -0.00225 0.054 0.069 0.218508 0.672499 -0.672499 0.218502 
0 0.0075 0.068 0.138 -0.00225 0.054 0.069 0.415627 0.572061 -0.572061 0.415629 
0 0.0075 0.068 0.138 -0.00225 0.054 0.069 0.572061 -0.415627 0.415627 0.572062 
0 0.0075 0.068 0.138 -0.00225 0.054 0.069 0.415627 -0.572061 0.572061 0.415629 
0 0.0075 0.068 0.138 -0.00225 0.054 0.069 0.218508 -0.672499 0.672499 0.218502 
0 0.0075 0.068 0.138 -0.00225 -0.054 0.069 -0.415627 -0.572061 -0.572061 0.415629 
0 0.0075 0.068 0.138 -0.00225 -0.054 0.069 -0.572061 -0.415627 -0.415627 0.572062 
0 0.0075 0.068 0.138 -0.00225 -0.054 0.069 -0.672499 -0.218508 -0.218508 0.672498 
0 0.0075 0.068 0.138 -0.00225 -0.054 0.069 -0.707107 0 0 0.707106 
0 0.0075 0.068 0.138 -0.00225 -0.054 0.069 -0.572061 0.415627 0.415627 0.572062 
0 0.0075 0.068 0.138 -0.0015 0.054 0.0138 0.415627 0.572061 -0.572061 0.415629 
0.0181322 0.0075 0.068 0.138 -0.0015 -0.054 0.0138 -0.572061 0.415627 0.415627 0.572062 
0 0.0075 0.068 0.138 -0.0015 0.054 0.0276 0.415627 0.572061 -0.572061 0.415629 
0.00274627 0.0075 0.068 0.138 -0.0015 0.054 0.0276 0.572061 -0.415627 0.415627 0.572062 
0 0.0075 0.068 0.138 -0.0015 0.054 0.0276 0.415627 -0.572061 0.572061 0.415629 
0 0.0075 0.068 0.138 -0.0015 -0.054 0.0276 -0.415627 -0.572061 -0.572061 0.415629 
0 0.0075 0.068 0.138 -0.0015 -0.054 0.0276 -0.572061 -0.415627 -0.415627 0.572062 
0 0.0075 0.068 0.138 -0.0015 -0.054 0.0276 -0.572061 0.415627 0.415627 0.572062 
0 0.0075 0.068 0.138 -0.0015 0.054 0.0414 0.415627 0.572061 -0.572061 0.415629 
0 0.0075 0.068 0.138 -0.0015 0.054 0.0414 0.572061 -0.415627 0.415627 0.572062 
0 0.0075 0.068 0.138 -0.0015 0.054 0.0414 0.415627 -0.572061 0.572061 0.415629 
0 0.0075 0.068 0.138 -0.0015 0.054 0.0414 0.218508 -0.672499 0.672499 0.218502 
0 0.0075 0.068 0.138 -0.0015 -0.054 0.0414 -0.415627 -0.572061 -0.572061 0.415629 
0 0.0075 0.068 0.138 -0.0015 -0.054 0.0414 -0.572061 -0.415627 -0.415627 0.572062 
0 0.0075 0.068 0.138 -0.0015 -0.054 0.0414 -0.672499 -0.218508 -0.218508 0.672498 
0 0.0075 0.068 0.138 -0.0015 -0.054 0.0414 -0.572061 0.415627 0.415627 0.572062 
0 0.0075 0.068 0.138 -0.0015 0.054 0.0552 -8.65956e-17 0.707107 -0.707107 4.32978e-17 
0 0.0075 0.068 0.138 -0.0015 0.054 0.0552 0.218508 0.672499 -0.672499 0.218502 
0 0.0075 0.068 0.138 -0.0015 0.054 0.0552 0.415627 0.572061 -0.572061 0.415629 
0 0.0075 0.068 0.138 -0.0015 0.054 0.0552 0.572061 -0.415627 0.415627 0.572062 
0 0.0075 0.068 0.138 -0.0015 0.054 0.0552 0.415627 -0.572061 0.572061 0.415629 
0 0.0075 0.068 0.138 -0.0015 0.054 0.0552 0.218508 -0.672499 0.672499 0.218502 
0 0.0075 0.068 0.138 -0.0015 -0.054 0.0552 -0.415627 -0.572061 -0.572061 0.415629 
0 0.0075 0.068 0.138 -0.0015 -0.054 0.0552 -0.572061 -0.415627 -0.415627 0.572062 
0 0.0075 0.068 0.138 -0.0015 -0.054 0.0552 -0.672499 -0.218508 -0.218508 0.672498 
0 0.0075 0.068 0.138 -0.0015 -0.054 0.0552 -0.707107 0 0 0.707106 
0 0.0075 0.068 0.138 -0.0015 -0.054 0.0552 -0.572061 0.415627 0.415627 0.572062 
0 0.0075 0.068 0.138 -0.0015 0.054 0.069 -8.65956e-17 0.707107 -0.707107 4.32978e-17 
0 0.0075 0.068 0.138 -0.0015 0.054 0.069 0.218508 0.672499 -0.672499 0.218502 
0 0.0075 0.068 0.138 -0.0015 0.054 0.069 0.415627 0.572061 -0.572061 0.415629 
0 0.0075 0.068 0.138 -0.0015 0.054 0.069 0.572061 -0.415627 0.415627 0.572062 
0 0.0075 0.068 0.138 -0.0015 0.054 0.069 0.415627 -0.572061 0.572061 0.415629 
0 0.0075 0.068 0.138 -0.0015 0.054 0.069 0.218508 -0.672499 0.672499 0.218502 
0 0.0075 0.068 0.138 -0.0015 -0.054 0.069 -0.415627 -0.572061 -0.572061 0.415629 
0 0.0075 0.068 0.138 -0.0015 -0.054 0.069 -0.572061 -0.415627 -0.415627 0.572062 
0 0.0075 0.068 0.138 -0.0015 -0.054 0.069 -0.672499 -0.218508 -0.218508 0.672498 
0 0.0075 0.068 0.138 -0.0015 -0.054 0.069 -0.707107 0 0 0.707106 
0 0.0075 0.068 0.138 -0.0015 -0.054 0.069 -0.572061 0.415627 0.415627 0.572062 
0 0.0075 0.068 0.138 -0.00075 0.054 0.0138 0.415627 0.572061 -0.572061 0.415629 
0.0368225 0.0075 0.068 0.138 -0.00075 -0.054 0.0138 -0.572061 0.415627 0.415627 0.572062 
0 0.0075 0.068 0.138 -0.00075 0.054 0.0276 0.415627 0.572061 -0.572061 0.415629 
0.00265791 0.0075 0.068 0.138 -0.00075 0.054 0.0276 0.572061 -0.415627 0.415627 0.572062 
0 0.0075 0.068 0.138 -0.00075 0.054 0.0276 0.415627 -0.572061 0.572061 0.415629 
0 0.0075 0.068 0.138 -0.00075 -0.054 0.0276 -0.415627 -0.572061 -0.572061 0.415629 
0 0.0075 0.068 0.138 -0.00075 -0.054 0.0276 -0.572061 -0.415627 -0.415627 0.572062 
0 0.0075 0.068 0.138 -0.00075 -0.054 0.0276 -0.572061 0.415627 0.415627 0.572062 
0.00119201 0.0075 0.068 0.138 -0.00075 0.054 0.0414 0.415627 0.572061 -0.572061 0.415629 
0.0015412 0.0075 0.068 0.138 -0.00075 0.054 0.0414 0.572061 -0.415627 0.415627 0.572062 
0 0.0075 0.068 0.138 -0.00075 0.054 0.0414 0.415627 -0.572061 0.572061 0.415629 
0 0.0075 0.068 0.138 -0.00075 0.054 0.0414 0.218508 -0.672499 0.672499 0.218502 
0.00155617 0.0075 0.068 0.138 -0.00075 -0.054 0.0414 -0.415627 -0.572061 -0.572061 0.415629 
0 0.0075 0.068 0.138 -0.00075 -0.054 0.0414 -0.572061 -0.415627 -0.415627 0.572062 
0 0.0075 0.068 0.138 -0.00075 -0.054 0.0414 -0.672499 -0.218508 -0.218508 0.672498 
0 0.0075 0.068 0.138 -0.00075 -0.054 0.0414 -0.572061 0.415627 0.415627 0.572062 
0 0.0075 0.068 0.138 -0.00075 0.054 0.0552 -8.65956e-17 0.707107 -0.707107 4.32978e-17 
0 0.0075 0.068 0.138 -0.00075 0.054 0.0552 0.218508 0.672499 -0.672499 0.218502 
0 0.0075 0.068 0.138 -0.00075 0.054 0.0552 0.415627 0.572061 -0.572061 0.415629 
0 0.0075 0.068 0.138 -0.00075 0.054 0.0552 0.572061 -0.415627 0.415627 0.572062 
0 0.0075 0.068 0.138 -0.00075 0.054 0.0552 0.415627 -0.572061 0.572061 0.415629 
0 0.0075 0.068 0.138 -0.00075 0.054 0.0552 0.218508 -0.672499 0.672499 0.218502 
0 0.0075 0.068 0.138 -0.00075 -0.054 0.0552 -0.415627 -0.572061 -0.572061 0.415629 
0 0.0075 0.068 0.138 -0.00075 -0.054 0.0552 -0.572061 -0.415627 -0.415627 0.572062 
0 0.0075 0.068 0.138 -0.00075 -0.054 0.0552 -0.672499 -0.218508 -0.218508 0.672498 
0 0.0075 0.068 0.138 -0.00075 -0.054 0.0552 -0.707107 0 0 0.707106 
0 0.0075 0.068 0.138 -0.00075 -0.054 0.0552 -0.572061 0.415627 0.415627 0.572062 
0 0.0075 0.068 0.138 -0.00075 0.054 0.069 -8.65956e-17 0.707107 -0.707107 4.32978e-17 
0 0.0075 0.068 0.138 -0.00075 0.054 0.069 0.218508 0.672499 -0.672499 0.218502 
0 0.0075 0.068 0.138 -0.00075 0.054 0.069 0.415627 0.572061 -0.572061 0.415629 
0 0.0075 0.068 0.138 -0.00075 0.054 0.069 0.572061 -0.415627 0.415627 0.572062 
0 0.0075 0.068 0.138 -0.00075 0.054 0.069 0.415627 -0.572061 0.572061 0.415629 
0 0.0075 0.068 0.138 -0.00075 0.054 0.069 0.218508 -0.672499 0.672499 0.218502 
0 0.0075 0.068 0.138 -0.00075 -0.054 0.069 -0.415627 -0.572061 -0.572061 0.415629 
0 0.0075 0.068 0.138 -0.00075 -0.054 0.069 -0.572061 -0.415627 -0.415627 0.572062 
0 0.0075 0.068 0.138 -0.00075 -0.054 0.069 -0.672499 -0.218508 -0.218508 0.672498 
0 0.0075 0.068 0.138 -0.00075 -0.054 0.069 -0.707107 0 0 0.707106 
0 0.0075 0.068 0.138 -0.00075 -0.054 0.069 -0.572061 0.415627 0.415627 0.572062 
0 0.0075 0.068 0.138 -2.1684e-19 0.054 0.0138 0.415627 0.572061 -0.572061 0.415629 
0.0401526 0.0075 0.068 0.138 -2.1684e-19 -0.054 0.0138 -0.572061 0.415627 0.415627 0.572062 
0 0.0075 0.068 0.138 -2.1684e-19 0.054 0.0276 0.415627 0.572061 -0.572061 0.415629 
0.00393154 0.0075 0.068 0.138 -2.1684e-19 0.054 0.0276 0.572061 -0.415627 0.415627 0.572062 
0 0.0075 0.068 0.138 -2.1684e-19 0.054 0.0276 0.415627 -0.572061 0.572061 0.415629 
0 0.0075 0.068 0.138 -2.1684e-19 -0.054 0.0276 -0.415627 -0.572061 -0.572061 0.415629 
0 0.0075 0.068 0.138 -2.1684e-19 -0.054 0.0276 -0.572061 -0.415627 -0.415627 0.572062 
0 0.0075 0.068 0.138 -2.1684e-19 -0.054 0.0276 -0.572061 0.415627 0.415627 0.572062 
0.000905344 0.0075 0.068 0.138 -2.1684e-19 0.054 0.0414 0.415627 0.572061 -0.572061 0.415629 
0.0338549 0.0075 0.068 0.138 -2.1684e-19 0.054 0.0414 0.572061 -0.415627 0.415627 0.572062 
0 0.0075 0.068 0.138 -2.1684e-19 0.054 0.0414 0.415627 -0.572061 0.572061 0.415629 
0 0.0075 0.068 0.138 -2.1684e-19 0.054 0.0414 0.218508 -0.672499 0.672499 0.218502 
0 0.0075 0.068 0.138 -2.1684e-19 -0.054 0.0414 -0.415627 -0.572061 -0.572061 0.415629 
0 0.0075 0.068 0.138 -2.1684e-19 -0.054 0.0414 -0.572061 -0.415627 -0.415627 0.572062 
0 0.0075 0.068 0.138 -2.1684e-19 -0.054 0.0414 -0.672499 -0.218508 -0.218508 0.672498 
0 0.0075 0.068 0.138 -2.1684e-19 -0.054 0.0414 -0.572061 0.415627 0.415627 0.572062 
0 0.0075 0.068 0.138 -2.1684e-19 0.054 0.0552 -8.65956e-17 0.707107 -0.707107 4.32978e-17 
0 0.0075 0.068 0.138 -2.1684e-19 0.054 0.0552 0.218508 0.672499 -0.672499 0.218502 
0 0.0075 0.068 0.138 -2.1684e-19 0.054 0.0552 0.415627 0.572061 -0.572061 0.415629 
0 0.0075 0.068 0.138 -2.1684e-19 0.054 0.0552 0.572061 -0.415627 0.415627 0.572062 
0 0.0075 0.068 0.138 -2.1684e-19 0.054 0.0552 0.415627 -0.572061 0.572061 0.415629 
0 0.0075 0.068 0.138 -2.1684e-19 0.054 0.0552 0.218508 -0.672499 0.672499 0.218502 
0 0.0075 0.068 0.138 -2.1684e-19 -0.054 0.0552 -0.415627 -0.572061 -0.572061 0.415629 
0 0.0075 0.068 0.138 -2.1684e-19 -0.054 0.0552 -0.572061 -0.415627 -0.415627 0.572062 
0 0.0075 0.068 0.138 -2.1684e-19 -0.054 0.0552 -0.672499 -0.218508 -0.218508 0.672498 
0 0.0075 0.068 0.138 -2.1684e-19 -0.054 0.0552 -0.707107 0 0 0.707106 
0 0.0075 0.068 0.138 -2.1684e-19 -0.054 0.0552 -0.572061 0.415627 0.415627 0.572062 
0 0.0075 0.068 0.138 -2.1684e-19 0.054 0.069 -8.65956e-17 0.707107 -0.707107 4.32978e-17 
0 0.0075 0.068 0.138 -2.1684e-19 0.054 0.069 0.218508 0.672499 -0.672499 0.218502 
0 0.0075 0.068 0.138 -2.1684e-19 0.054 0.069 0.415627 0.572061 -0.572061 0.415629 
0 0.0075 0.068 0.138 -2.1684e-19 0.054 0.069 0.572061 -0.415627 0.415627 0.572062 
0 0.0075 0.068 0.138 -2.1684e-19 0.054 0.069 0.415627 -0.572061 0.572061 0.415629 
0 0.0075 0.068 0.138 -2.1684e-19 0.054 0.069 0.218508 -0.672499 0.672499 0.218502 
0 0.0075 0.068 0.138 -2.1684e-19 -0.054 0.069 -0.415627 -0.572061 -0.572061 0.415629 
0 0.0075 0.068 0.138 -2.1684e-19 -0.054 0.069 -0.572061 -0.415627 -0.415627 0.572062 
0 0.0075 0.068 0.138 -2.1684e-19 -0.054 0.069 -0.672499 -0.218508 -0.218508 0.672498 
0 0.0075 0.068 0.138 -2.1684e-19 -0.054 0.069 -0.707107 0 0 0.707106 
0 0.0075 0.068 0.138 -2.1684e-19 -0.054 0.069 -0.572061 0.415627 0.415627 0.572062 
0 0.0075 0.068 0.138 0.00075 0.054 0.0138 0.415627 0.572061 -0.572061 0.415629 
0.00127657 0.0075 0.068 0.138 0.00075 -0.054 0.0138 -0.572061 0.415627 0.415627 0.572062 
0 0.0075 0.068 0.138 0.00075 0.054 0.0276 0.415627 0.572061 -0.572061 0.415629 
0.00355804 0.0075 0.068 0.138 0.00075 0.054 0.0276 0.572061 -0.415627 0.415627 0.572062 
0 0.0075 0.068 0.138 0.00075 0.054 0.0276 0.415627 -0.572061 0.572061 0.415629 
0 0.0075 0.068 0.138 0.00075 -0.054 0.0276 -0.415627 -0.572061 -0.572061 0.415629 
0 0.0075 0.068 0.138 0.00075 -0.054 0.0276 -0.572061 -0.415627 -0.415627 0.572062 
0 0.0075 0.068 0.138 0.00075 -0.054 0.0276 -0.572061 0.415627 0.415627 0.572062 
0.00276451 0.0075 0.068 0.138 0.00075 0.054 0.0414 0.415627 0.572061 -0.572061 0.415629 
0.042565 0.0075 0.068 0.138 0.00075 0.054 0.0414 0.572061 -0.415627 0.415627 0.572062 
0 0.0075 0.068 0.138 0.00075 0.054 0.0414 0.415627 -0.572061 0.572061 0.415629 
0 0.0075 0.068 0.138 0.00075 0.054 0.0414 0.218508 -0.672499 0.672499 0.218502 
0 0.0075 0.068 0.138 0.00075 -0.054 0.0414 -0.415627 -0.572061 -0.572061 0.415629 
0 0.0075 0.068 0.138 0.00075 -0.054 0.0414 -0.572061 -0.415627 -0.415627 0.572062 
0 0.0075 0.068 0.138 0.00075 -0.054 0.0414 -0.672499 -0.218508 -0.218508 0.672498 
0 0.0075 0.068 0.138 0.00075 -0.054 0.0414 -0.572061 0.415627 0.415627 0.572062 
0 0.0075 0.068 0.138 0.00075 0.054 0.0552 -8.65956e-17 0.707107 -0.707107 4.32978e-17 
0 0.0075 0.068 0.138 0.00075 0.054 0.0552 0.218508 0.672499 -0.672499 0.218502 
0 0.0075 0.068 0.138 0.00075 0.054 0.0552 0.415627 0.572061 -0.572061 0.415629 
0 0.0075 0.068 0.138 0.00075 0.054 0.0552 0.572061 -0.415627 0.415627 0.572062 
0 0.0075 0.068 0.138 0.00075 0.054 0.0552 0.415627 -0.572061 0.572061 0.415629 
0 0.0075 0.068 0.138 0.00075 0.054 0.0552 0.218508 -0.672499 0.672499 0.218502 
0 0.0075 0.068 0.138 0.00075 -0.054 0.0552 -0.415627 -0.572061 -0.572061 0.415629 
0 0.0075 0.068 0.138 0.00075 -0.054 0.0552 -0.572061 -0.415627 -0.415627 0.572062 
0 0.0075 0.068 0.138 0.00075 -0.054 0.0552 -0.672499 -0.218508 -0.218508 0.672498 
0 0.0075 0.068 0.138 0.00075 -0.054 0.0552 -0.707107 0 0 0.707106 
0 0.0075 0.068 0.138 0.00075 -0.054 0.0552 -0.572061 0.415627 0.415627 0.572062 
0 0.0075 0.068 0.138 0.00075 0.054 0.069 -8.65956e-17 0.707107 -0.707107 4.32978e-17 
0 0.0075 0.068 0.138 0.00075 0.054 0.069 0.218508 0.672499 -0.672499 0.218502 
0 0.0075 0.068 0.138 0.00075 0.054 0.069 0.415627 0.572061 -0.572061 0.415629 
0 0.0075 0.068 0.138 0.00075 0.054 0.069 0.572061 -0.415627 0.415627 0.572062 
0 0.0075 0.068 0.138 0.00075 0.054 0.069 0.415627 -0.572061 0.572061 0.415629 
0 0.0075 0.068 0.138 0.00075 0.054 0.069 0.218508 -0.672499 0.672499 0.218502 
0 0.0075 0.068 0.138 0.00075 -0.054 0.069 -0.415627 -0.572061 -0.572061 0.415629 
0 0.0075 0.068 0.138 0.00075 -0.054 0.069 -0.572061 -0.415627 -0.415627 0.572062 
0 0.0075 0.068 0.138 0.00075 -0.054 0.069 -0.672499 -0.218508 -0.218508 0.672498 
0 0.0075 0.068 0.138 0.00075 -0.054 0.069 -0.707107 0 0 0.707106 
0 0.0075 0.068 0.138 0.00075 -0.054 0.069 -0.572061 0.415627 0.415627 0.572062 
0 0.0075 0.068 0.138 0.0015 0.054 0.0138 0.415627 0.572061 -0.572061 0.415629 
0.00801505 0.0075 0.068 0.138 0.0015 -0.054 0.0138 -0.572061 0.415627 0.415627 0.572062 
0.000376882 0.0075 0.068 0.138 0.0015 0.054 0.0276 0.415627 0.572061 -0.572061 0.415629 
0.0292843 0.0075 0.068 0.138 0.0015 0.054 0.0276 0.572061 -0.415627 0.415627 0.572062 
0 0.0075 0.068 0.138 0.0015 0.054 0.0276 0.415627 -0.572061 0.572061 0.415629 
0 0.0075 0.068 0.138 0.0015 -0.054 0.0276 -0.415627 -0.572061 -0.572061 0.415629 
0 0.0075 0.068 0.138 0.0015 -0.054 0.0276 -0.572061 -0.415627 -0.415627 0.572062 
0 0.0075 0.068 0.138 0.0015 -0.054 0.0276 -0.572061 0.415627 0.415627 0.572062 
0 0.0075 0.068 0.138 0.0015 0.054 0.0414 0.415627 0.572061 -0.572061 0.415629 
0.0181083 0.0075 0.068 0.138 0.0015 0.054 0.0414 0.572061 -0.415627 0.415627 0.572062 
0 0.0075 0.068 0.138 0.0015 0.054 0.0414 0.415627 -0.572061 0.572061 0.415629 
0 0.0075 0.068 0.138 0.0015 0.054 0.0414 0.218508 -0.672499 0.672499 0.218502 
0 0.0075 0.068 0.138 0.0015 -0.054 0.0414 -0.415627 -0.572061 -0.572061 0.415629 
0 0.0075 0.068 0.138 0.0015 -0.054 0.0414 -0.572061 -0.415627 -0.415627 0.572062 
0 0.0075 0.068 0.138 0.0015 -0.054 0.0414 -0.672499 -0.218508 -0.218508 0.672498 
0 0.0075 0.068 0.138 0.0015 -0.054 0.0414 -0.572061 0.415627 0.415627 0.572062 
0 0.0075 0.068 0.138 0.0015 0.054 0.0552 -8.65956e-17 0.707107 -0.707107 4.32978e-17 
0 0.0075 0.068 0.138 0.0015 0.054 0.0552 0.218508 0.672499 -0.672499 0.218502 
0 0.0075 0.068 0.138 0.0015 0.054 0.0552 0.415627 0.572061 -0.572061 0.415629 
0 0.0075 0.068 0.138 0.0015 0.054 0.0552 0.572061 -0.415627 0.415627 0.572062 
0 0.0075 0.068 0.138 0.0015 0.054 0.0552 0.415627 -0.572061 0.572061 0.415629 
0 0.0075 0.068 0.138 0.0015 0.054 0.0552 0.218508 -0.672499 0.672499 0.218502 
0 0.0075 0.068 0.138 0.0015 -0.054 0.0552 -0.415627 -0.572061 -0.572061 0.415629 
0 0.0075 0.068 0.138 0.0015 -0.054 0.0552 -0.572061 -0.415627 -0.415627 0.572062 
0 0.0075 0.068 0.138 0.0015 -0.054 0.0552 -0.672499 -0.218508 -0.218508 0.672498 
0 0.0075 0.068 0.138 0.0015 -0.054 0.0552 -0.707107 0 0 0.707106 
0 0.0075 0.068 0.138 0.0015 -0.054 0.0552 -0.572061 0.415627 0.415627 0.572062 
0 0.0075 0.068 0.138 0.0015 0.054 0.069 -8.65956e-17 0.707107 -0.707107 4.32978e-17 
0 0.0075 0.068 0.138 0.0015 0.054 0.069 0.218508 0.672499 -0.672499 0.218502 
0 0.0075 0.068 0.138 0.0015 0.054 0.069 0.415627 0.572061 -0.572061 0.415629 
0 0.0075 0.068 0.138 0.0015 0.054 0.069 0.572061 -0.415627 0.415627 0.572062 
0 0.0075 0.068 0.138 0.0015 0.054 0.069 0.415627 -0.572061 0.572061 0.415629 
0 0.0075 0.068 0.138 0.0015 0.054 0.069 0.218508 -0.672499 0.672499 0.218502 
0 0.0075 0.068 0.138 0.0015 -0.054 0.069 -0.415627 -0.572061 -0.572061 0.415629 
0 0.0075 0.068 0.138 0.0015 -0.054 0.069 -0.572061 -0.415627 -0.415627 0.572062 
0 0.0075 0.068 0.138 0.0015 -0.054 0.069 -0.672499 -0.218508 -0.218508 0.672498 
0 0.0075 0.068 0.138 0.0015 -0.054 0.069 -0.707107 0 0 0.707106 
0 0.0075 0.068 0.138 0.0015 -0.054 0.069 -0.572061 0.415627 0.415627 0.572062 
0 0.0075 0.068 0.138 0.00225 0.054 0.0138 0.415627 0.572061 -0.572061 0.415629 
0.0115553 0.0075 0.068 0.138 0.00225 -0.054 0.0138 -0.572061 0.415627 0.415627 0.572062 
0.000616231 0.0075 0.068 0.138 0.00225 0.054 0.0276 0.415627 0.572061 -0.572061 0.415629 
0.0424528 0.0075 0.068 0.138 0.00225 0.054 0.0276 0.572061 -0.415627 0.415627 0.572062 
0 0.0075 0.068 0.138 0.00225 0.054 0.0276 0.415627 -0.572061 0.572061 0.415629 
0 0.0075 0.068 0.138 0.00225 -0.054 0.0276 -0.415627 -0.572061 -0.572061 0.415629 
0 0.0075 0.068 0.138 0.00225 -0.054 0.0276 -0.572061 -0.415627 -0.415627 0.572062 
0 0.0075 0.068 0.138 0.00225 -0.054 0.0276 -0.572061 0.415627 0.415627 0.572062 
0 0.0075 0.068 0.138 0.00225 0.054 0.0414 0.415627 0.572061 -0.572061 0.415629 
0.00187143 0.0075 0.068 0.138 0.00225 0.054 0.0414 0.572061 -0.415627 0.415627 0.572062 
0 0.0075 0.068 0.138 0.00225 0.054 0.0414 0.415627 -0.572061 0.572061 0.415629 
0 0.0075 0.068 0.138 0.00225 0.054 0.0414 0.218508 -0.672499 0.672499 0.218502 
0 0.0075 0.068 0.138 0.00225 -0.054 0.0414 -0.415627 -0.572061 -0.572061 0.415629 
0 0.0075 0.068 0.138 0.00225 -0.054 0.0414 -0.572061 -0.415627 -0.415627 0.572062 
0 0.0075 0.068 0.138 0.00225 -0.054 0.0414 -0.672499 -0.218508 -0.218508 0.672498 
0 0.0075 0.068 0.138 0.00225 -0.054 0.0414 -0.572061 0.415627 0.415627 0.572062 
0 0.0075 0.068 0.138 0.00225 0.054 0.0552 -8.65956e-17 0.707107 -0.707107 4.32978e-17 
0 0.0075 0.068 0.138 0.00225 0.054 0.0552 0.218508 0.672499 -0.672499 0.218502 
0 0.0075 0.068 0.138 0.00225 0.054 0.0552 0.415627 0.572061 -0.572061 0.415629 
0 0.0075 0.068 0.138 0.00225 0.054 0.0552 0.572061 -0.415627 0.415627 0.572062 
0 0.0075 0.068 0.138 0.00225 0.054 0.0552 0.415627 -0.572061 0.572061 0.415629 
0 0.0075 0.068 0.138 0.00225 0.054 0.0552 0.218508 -0.672499 0.672499 0.218502 
0 0.0075 0.068 0.138 0.00225 -0.054 0.0552 -0.415627 -0.572061 -0.572061 0.415629 
0 0.0075 0.068 0.138 0.00225 -0.054 0.0552 -0.572061 -0.415627 -0.415627 0.572062 
0 0.0075 0.068 0.138 0.00225 -0.054 0.0552 -0.672499 -0.218508 -0.218508 0.672498 
0 0.0075 0.068 0.138 0.00225 -0.054 0.0552 -0.707107 0 0 0.707106 
0 0.0075 0.068 0.138 0.00225 -0.054 0.0552 -0.572061 0.415627 0.415627 0.572062 
0 0.0075 0.068 0.138 0.00225 0.054 0.069 -8.65956e-17 0.707107 -0.707107 4.32978e-17 
0 0.0075 0.068 0.138 0.00225 0.054 0.069 0.218508 0.672499 -0.672499 0.218502 
0 0.0075 0.068 0.138 0.00225 0.054 0.069 0.415627 0.572061 -0.572061 0.415629 
0 0.0075 0.068 0.138 0.00225 0.054 0.069 0.572061 -0.415627 0.415627 0.572062 
0 0.0075 0.068 0.138 0.00225 0.054 0.069 0.415627 -0.572061 0.572061 0.415629 
0 0.0075 0.068 0.138 0.00225 0.054 0.069 0.218508 -0.672499 0.672499 0.218502 
0 0.0075 0.068 0.138 0.00225 -0.054 0.069 -0.415627 -0.572061 -0.572061 0.415629 
0 0.0075 0.068 0.138 0.00225 -0.054 0.069 -0.572061 -0.415627 -0.415627 0.572062 
0 0.0075 0.068 0.138 0.00225 -0.054 0.069 -0.672499 -0.218508 -0.218508 0.672498 
0 0.0075 0.068 0.138 0.00225 -0.054 0.069 -0.707107 0 0 0.707106 
0 0.0075 0.068 0.138 0.00225 -0.054 0.069 -0.572061 0.415627 0.415627 0.572062 
0 0.0075 0.068 0.138 0.003 0.054 0.0138 0.415627 0.572061 -0.572061 0.415629 
0.0107993 0.0075 0.068 0.138 0.003 -0.054 0.0138 -0.572061 0.415627 0.415627 0.572062 
0 0.0075 0.068 0.138 0.003 0.054 0.0276 0.415627 0.572061 -0.572061 0.415629 
0.00358628 0.0075 0.068 0.138 0.003 0.054 0.0276 0.572061 -0.415627 0.415627 0.572062 
0 0.0075 0.068 0.138 0.003 0.054 0.0276 0.415627 -0.572061 0.572061 0.415629 
0 0.0075 0.068 0.138 0.003 -0.054 0.0276 -0.415627 -0.572061 -0.572061 0.415629 
0 0.0075 0.068 0.138 0.003 -0.054 0.0276 -0.572061 -0.415627 -0.415627 0.572062 
0 0.0075 0.068 0.138 0.003 -0.054 0.0276 -0.572061 0.415627 0.415627 0.572062 
0.000932842 0.0075 0.068 0.138 0.003 0.054 0.0414 0.415627 0.572061 -0.572061 0.415629 
0.0331351 0.0075 0.068 0.138 0.003 0.054 0.0414 0.572061 -0.415627 0.415627 0.572062 
0 0.0075 0.068 0.138 0.003 0.054 0.0414 0.415627 -0.572061 0.572061 0.415629 
0 0.0075 0.068 0.138 0.003 0.054 0.0414 0.218508 -0.672499 0.672499 0.218502 
0 0.0075 0.068 0.138 0.003 -0.054 0.0414 -0.415627 -0.572061 -0.572061 0.415629 
0 0.0075 0.068 0.138 0.003 -0.054 0.0414 -0.572061 -0.415627 -0.415627 0.572062 
0 0.0075 0.068 0.138 0.003 -0.054 0.0414 -0.672499 -0.218508 -0.218508 0.672498 
0 0.0075 0.068 0.138 0.003 -0.054 0.0414 -0.572061 0.415627 0.415627 0.572062 
0 0.0075 0.068 0.138 0.003 0.054 0.0552 -8.65956e-17 0.707107 -0.707107 4.32978e-17 
0 0.0075 0.068 0.138 0.003 0.054 0.0552 0.218508 0.672499 -0.672499 0.218502 
0 0.0075 0.068 0.138 0.003 0.054 0.0552 0.415627 0.572061 -0.572061 0.415629 
0 0.0075 0.068 0.138 0.003 0.054 0.0552 0.572061 -0.415627 0.415627 0.572062 
0 0.0075 0.068 0.138 0.003 0.054 0.0552 0.415627 -0.572061 0.572061 0.415629 
0 0.0075 0.068 0.138 0.003 0.054 0.0552 0.218508 -0.672499 0.672499 0.218502 
0 0.0075 0.068 0.138 0.003 -0.054 0.0552 -0.415627 -0.572061 -0.572061 0.415629 
0 0.0075 0.068 0.138 0.003 -0.054 0.0552 -0.572061 -0.415627 -0.415627 0.572062 
0 0.0075 0.068 0.138 0.003 -0.054 0.0552 -0.672499 -0.218508 -0.218508 0.672498 
0 0.0075 0.068 0.138 0.003 -0.054 0.0552 -0.707107 0 0 0.707106 
0 0.0075 0.068 0.138 0.003 -0.054 0.0552 -0.572061 0.415627 0.415627 0.572062 
0 0.0075 0.068 0.138 0.003 0.054 0.069 -8.65956e-17 0.707107 -0.707107 4.32978e-17 
0 0.0075 0.068 0.138 0.003 0.054 0.069 0.218508 0.672499 -0.672499 0.218502 
0 0.0075 0.068 0.138 0.003 0.054 0.069 0.415627 0.572061 -0.572061 0.415629 
0 0.0075 0.068 0.138 0.003 0.054 0.069 0.572061 -0.415627 0.415627 0.572062 
0 0.0075 0.068 0.138 0.003 0.054 0.069 0.415627 -0.572061 0.572061 0.415629 
0 0.0075 0.068 0.138 0.003 0.054 0.069 0.218508 -0.672499 0.672499 0.218502 
0 0.0075 0.068 0.138 0.003 -0.054 0.069 -0.415627 -0.572061 -0.572061 0.415629 
0 0.0075 0.068 0.138 0.003 -0.054 0.069 -0.572061 -0.415627 -0.415627 0.572062 
0 0.0075 0.068 0.138 0.003 -0.054 0.069 -0.672499 -0.218508 -0.218508 0.672498 
0 0.0075 0.068 0.138 0.003 -0.054 0.069 -0.707107 0 0 0.707106 
0 0.0075 0.068 0.138 0.003 -0.054 0.069 -0.572061 0.415627 0.415627 0.572062 
0 0.0075 0.068 0.138 0.00375 0.054 0.0138 0.415627 0.572061 -0.572061 0.415629 
0.0294608 0.0075 0.068 0.138 0.00375 -0.054 0.0138 -0.572061 0.415627 0.415627 0.572062 
0 0.0075 0.068 0.138 0.00375 0.054 0.0276 0.415627 0.572061 -0.572061 0.415629 
0.00829784 0.0075 0.068 0.138 0.00375 0.054 0.0276 0.572061 -0.415627 0.415627 0.572062 
0 0.0075 0.068 0.138 0.00375 0.054 0.0276 0.415627 -0.572061 0.572061 0.415629 
0 0.0075 0.068 0.138 0.00375 -0.054 0.0276 -0.415627 -0.572061 -0.572061 0.415629 
0 0.0075 0.068 0.138 0.00375 -0.054 0.0276 -0.572061 -0.415627 -0.415627 0.572062 
0 0.0075 0.068 0.138 0.00375 -0.054 0.0276 -0.572061 0.415627 0.415627 0.572062 
0 0.0075 0.068 0.138 0.00375 0.054 0.0414 0.415627 0.572061 -0.572061 0.415629 
0 0.0075 0.068 0.138 0.00375 0.054 0.0414 0.572061 -0.415627 0.415627 0.572062 
0 0.0075 0.068 0.138 0.00375 0.054 0.0414 0.415627 -0.572061 0.572061 0.415629 
0 0.0075 0.068 0.138 0.00375 0.054 0.0414 0.218508 -0.672499 0.672499 0.218502 
0 0.0075 0.068 0.138 0.00375 -0.054 0.0414 -0.415627 -0.572061 -0.572061 0.415629 
0 0.0075 0.068 0.138 0.00375 -0.054 0.0414 -0.572061 -0.415627 -0.415627 0.572062 
0 0.0075 0.068 0.138 0.00375 -0.054 0.0414 -0.672499 -0.218508 -0.218508 0.672498 
0 0.0075 0.068 0.138 0.00375 -0.054 0.0414 -0.572061 0.415627 0.415627 0.572062 
0 0.0075 0.068 0.138 0.00375 0.054 0.0552 -8.65956e-17 0.707107 -0.707107 4.32978e-17 
0 0.0075 0.068 0.138 0.00375 0.054 0.0552 0.218508 0.672499 -0.672499 0.218502 
0 0.0075 0.068 0.138 0.00375 0.054 0.0552 0.415627 0.572061 -0.572061 0.415629 
0 0.0075 0.068 0.138 0.00375 0.054 0.0552 0.572061 -0.415627 0.415627 0.572062 
0 0.0075 0.068 0.138 0.00375 0.054 0.0552 0.415627 -0.572061 0.572061 0.415629 
0 0.0075 0.068 0.138 0.00375 0.054 0.0552 0.218508 -0.672499 0.672499 0.218502 
0 0.0075 0.068 0.138 0.00375 -0.054 0.0552 -0.415627 -0.572061 -0.572061 0.415629 
0 0.0075 0.068 0.138 0.00375 -0.054 0.0552 -0.572061 -0.415627 -0.415627 0.572062 
0 0.0075 0.068 0.138 0.00375 -0.054 0.0552 -0.672499 -0.218508 -0.218508 0.672498 
0 0.0075 0.068 0.138 0.00375 -0.054 0.0552 -0.707107 0 0 0.707106 
0 0.0075 0.068 0.138 0.00375 -0.054 0.0552 -0.572061 0.415627 0.415627 0.572062 
0 0.0075 0.068 0.138 0.00375 0.054 0.069 -8.65956e-17 0.707107 -0.707107 4.32978e-17 
0 0.0075 0.068 0.138 0.00375 0.054 0.069 0.218508 0.672499 -0.672499 0.218502 
0 0.0075 0.068 0.138 0.00375 0.054 0.069 0.415627 0.572061 -0.572061 0.415629 
0 0.0075 0.068 0.138 0.00375 0.054 0.069 0.572061 -0.415627 0.415627 0.572062 
0 0.0075 0.068 0.138 0.00375 0.054 0.069 0.415627 -0.572061 0.572061 0.415629 
0 0.0075 0.068 0.138 0.00375 0.054 0.069 0.218508 -0.672499 0.672499 0.218502 
0 0.0075 0.068 0.138 0.00375 -0.054 0.069 -0.415627 -0.572061 -0.572061 0.415629 
0 0.0075 0.068 0.138 0.00375 -0.054 0.069 -0.572061 -0.415627 -0.415627 0.572062 
0 0.0075 0.068 0.138 0.00375 -0.054 0.069 -0.672499 -0.218508 -0.218508 0.672498 
0 0.0075 0.068 0.138 0.00375 -0.054 0.069 -0.707107 0 0 0.707106 
0 0.0075 0.068 0.138 0.00375 -0.054 0.069 -0.572061 0.415627 0.415627 0.572062 
0 0.0075 0.068 0.138 -0.00375 -0.034 0.089 6.12323e-17 1 -6.12323e-17 3.7494e-33 
0 0.0075 0.068 0.138 -0.00375 -0.034 0.089 0.309017 0.951057 -5.82354e-17 1.89218e-17 
0 0.0075 0.068 0.138 -0.00375 -0.034 0.089 0.587785 0.809017 -4.9538e-17 3.59915e-17 
0 0.0075 0.068 0.138 -0.00375 -0.034 0.089 0.809017 -0.587785 -7.19829e-17 4.9538e-17 
0 0.0075 0.068 0.138 -0.00375 -0.0272 0.089 6.12323e-17 1 -6.12323e-17 3.7494e-33 
0 0.0075 0.068 0.138 -0.00375 -0.0272 0.089 0.309017 0.951057 -5.82354e-17 1.89218e-17 
0 0.0075 0.068 0.138 -0.00375 -0.0272 0.089 0.587785 0.809017 -4.9538e-17 3.59915e-17 
0 0.0075 0.068 0.138 -0.00375 -0.0272 0.089 0.809017 -0.587785 -7.19829e-17 4.9538e-17 
0 0.0075 0.068 0.138 -0.00375 -0.0204 0.089 6.12323e-17 1 -6.12323e-17 3.7494e-33 
0 0.0075 0.068 0.138 -0.00375 -0.0204 0.089 0.309017 0.951057 -5.82354e-17 1.89218e-17 
0 0.0075 0.068 0.138 -0.00375 -0.0204 0.089 0.587785 0.809017 -4.9538e-17 3.59915e-17 
0 0.0075 0.068 0.138 -0.00375 -0.0204 0.089 0.809017 0.587785 7.19829e-17 4.9538e-17 
0 0.0075 0.068 0.138 -0.00375 -0.0136 0.089 0.309017 0.951057 -5.82354e-17 1.89218e-17 
-8.95777e-05 0.0075 0.068 0.138 -0.00375 -0.0136 0.089 0.587785 0.809017 -4.9538e-17 3.59915e-17 
0 0.0075 0.068 0.138 -0.00375 -0.0136 0.089 0.809017 0.587785 7.19829e-17 4.9538e-17 
0 0.0075 0.068 0.138 -0.00375 -0.0068 0.089 0.587785 0.809017 -4.9538e-17 3.59915e-17 
0 0.0075 0.068 0.138 -0.00375 -0.0068 0.089 0.809017 0.587785 7.19829e-17 4.9538e-17 
0 0.0075 0.068 0.138 -0.00375 -0.0068 0.089 -0.309017 0.951057 -5.82354e-17 -1.89218e-17 
0.00232582 0.0075 0.068 0.138 -0.00375 0 0.089 0.587785 0.809017 -4.9538e-17 3.59915e-17 
0 0.0075 0.068 0.138 -0.00375 0 0.089 0.809017 0.587785 7.19829e-17 4.9538e-17 
0 0.0075 0.068 0.138 -0.00375 0 0.089 0.951057 0.309017 3.78436e-17 5.82354e-17 
0 0.0075 0.068 0.138 -0.00375 0 0.089 -0.309017 0.951057 -5.82354e-17 -1.89218e-17 
0 0.0075 0.068 0.138 -0.00375 0.0068 0.089 0.587785 0.809017 -4.9538e-17 3.59915e-17 
0 0.0075 0.068 0.138 -0.00375 0.0068 0.089 0.809017 0.587785 7.19829e-17 4.9538e-17 
0 0.0075 0.068 0.138 -0.00375 0.0068 0.089 0.951057 0.309017 3.78436e-17 5.82354e-17 
0 0.0075 0.068 0.138 -0.00375 0.0136 0.089 0.587785 0.809017 -4.9538e-17 3.59915e-17 
0 0.0075 0.068 0.138 -0.00375 0.0136 0.089 0.809017 0.587785 7.19829e-17 4.9538e-17 
0 0.0075 0.068 0.138 -0.00375 0.0136 0.089 0.951057 0.309017 3.78436e-17 5.82354e-17 
0 0.0075 0.068 0.138 -0.00375 0.0204 0.089 0.587785 0.809017 -4.9538e-17 3.59915e-17 
0 0.0075 0.068 0.138 -0.00375 0.0204 0.089 0.809017 0.587785 7.19829e-17 4.9538e-17 
0 0.0075 0.068 0.138 -0.00375 0.0204 0.089 0.951057 0.309017 3.78436e-17 5.82354e-17 
0.00839541 0.0075 0.068 0.138 -0.00375 0.0204 0.089 1 0 0 6.12323e-17 
0 0.0075 0.068 0.138 -0.00375 0.0272 0.089 0.587785 0.809017 -4.9538e-17 3.59915e-17 
0 0.0075 0.068 0.138 -0.00375 0.0272 0.089 0.809017 0.587785 7.19829e-17 4.9538e-17 
0 0.0075 0.068 0.138 -0.00375 0.0272 0.089 0.951057 0.309017 3.78436e-17 5.82354e-17 
0.00678097 0.0075 0.068 0.138 -0.00375 0.0272 0.089 1 0 0 6.12323e-17 
0 0.0075 0.068 0.138 -0.00375 0.034 0.089 0.587785 0.809017 -4.9538e-17 3.59915e-17 
0 0.0075 0.068 0.138 -0.00375 0.034 0.089 0.809017 0.587785 7.19829e-17 4.9538e-17 
0 0.0075 0.068 0.138 -0.00375 0.034 0.089 0.951057 0.309017 3.78436e-17 5.82354e-17 
0.00800463 0.0075 0.068 0.138 -0.00375 0.034 0.089 1 0 0 6.12323e-17 
0.040837 0.0075 0.068 0.138 -0.003 -0.034 0.089 6.12323e-17 1 -6.12323e-17 3.7494e-33 
0 0.0075 0.068 0.138 -0.003 -0.034 0.089 0.309017 0.951057 -5.82354e-17 1.89218e-17 
0 0.0075 0.068 0.138 -0.003 -0.034 0.089 0.587785 0.809017 -4.9538e-17 3.59915e-17 
0 0.0075 0.068 0.138 -0.003 -0.034 0.089 0.809017 -0.587785 -7.19829e-17 4.9538e-17 
0 0.0075 0.068 0.138 -0.003 -0.0272 0.089 6.12323e-17 1 -6.12323e-17 3.7494e-33 
0 0.0075 0.068 0.138 -0.003 -0.0272 0.089 0.309017 0.951057 -5.82354e-17 1.89218e-17 
0 0.0075 0.068 0.138 -0.003 -0.0272 0.089 0.587785 0.809017 -4.9538e-17 3.59915e-17 
0 0.0075 0.068 0.138 -0.003 -0.0272 0.089 0.809017 -0.587785 -7.19829e-17 4.9538e-17 
0 0.0075 0.068 0.138 -0.003 -0.0204 0.089 6.12323e-17 1 -6.12323e-17 3.7494e-33 
0 0.0075 0.068 0.138 -0.003 -0.0204 0.089 0.309017 0.951057 -5.82354e-17 1.89218e-17 
0 0.0075 0.068 0.138 -0.003 -0.0204 0.089 0.587785 0.809017 -4.9538e-17 3.59915e-17 
0 0.0075 0.068 0.138 -0.003 -0.0204 0.089 0.809017 0.587785 7.19829e-17 4.9538e-17 
0 0.0075 0.068 0.138 -0.003 -0.0136 0.089 0.309017 0.951057 -5.82354e-17 1.89218e-17 
-0.000169713 0.0075 0.068 0.138 -0.003 -0.0136 0.089 0.587785 0.809017 -4.9538e-17 3.59915e-17 
0 0.0075 0.068 0.138 -0.003 -0.0136 0.089 0.809017 0.587785 7.19829e-17 4.9538e-17 
0 0.0075 0.068 0.138 -0.003 -0.0068 0.089 0.587785 0.809017 -4.9538e-17 3.59915e-17 
0 0.0075 0.068 0.138 -0.003 -0.0068 0.089 0.809017 0.587785 7.19829e-17 4.9538e-17 
0 0.0075 0.068 0.138 -0.003 -0.0068 0.089 -0.309017 0.951057 -5.82354e-17 -1.89218e-17 
0 0.0075 0.068 0.138 -0.003 0 0.089 0.587785 0.809017 -4.9538e-17 3.59915e-17 
0.0352758 0.0075 0.068 0.138 -0.003 0 0.089 0.809017 0.587785 7.19829e-17 4.9538e-17 
0 0.0075 0.068 0.138 -0.003 0 0.089 0.951057 0.309017 3.78436e-17 5.82354e-17 
0 0.0075 0.068 0.138 -0.003 0 0.089 -0.309017 0.951057 -5.82354e-17 -1.89218e-17 
0 0.0075 0.068 0.138 -0.003 0.0068 0.089 0.587785 0.809017 -4.9538e-17 3.59915e-17 
0.0178922 0.0075 0.068 0.138 -0.003 0.0068 0.089 0.809017 0.587785 7.19829e-17 4.9538e-17 
0 0.0075 0.068 0.138 -0.003 0.0068 0.089 0.951057 0.309017 3.78436e-17 5.82354e-17 
0 0.0075 0.068 0.138 -0.003 0.0136 0.089 0.587785 0.809017 -4.9538e-17 3.59915e-17 
0 0.0075 0.068 0.138 -0.003 0.0136 0.089 0.809017 0.587785 7.19829e-17 4.9538e-17 
0 0.0075 0.068 0.138 -0.003 0.0136 0.089 0.951057 0.309017 3.78436e-17 5.82354e-17 
0 0.0075 0.068 0.138 -0.003 0.0204 0.089 0.587785 0.809017 -4.9538e-17 3.59915e-17 
0 0.0075 0.068 0.138 -0.003 0.0204 0.089 0.809017 0.587785 7.19829e-17 4.9538e-17 
0 0.0075 0.068 0.138 -0.003 0.0204 0.089 0.951057 0.309017 3.78436e-17 5.82354e-17 
0.00273902 0.0075 0.068 0.138 -0.003 0.0204 0.089 1 0 0 6.12323e-17 
0 0.0075 0.068 0.138 -0.003 0.0272 0.089 0.587785 0.809017 -4.9538e-17 3.59915e-17 
0 0.0075 0.068 0.138 -0.003 0.0272 0.089 0.809017 0.587785 7.19829e-17 4.9538e-17 
0 0.0075 0.068 0.138 -0.003 0.0272 0.089 0.951057 0.309017 3.78436e-17 5.82354e-17 
-0.000265894 0.0075 0.068 0.138 -0.003 0.0272 0.089 1 0 0 6.12323e-17 
0 0.0075 0.068 0.138 -0.003 0.034 0.089 0.587785 0.809017 -4.9538e-17 3.59915e-17 
0 0.0075 0.068 0.138 -0.003 0.034 0.089 0.809017 0.587785 7.19829e-17 4.9538e-17 
0 0.0075 0.068 0.138 -0.003 0.034 0.089 0.951057 0.309017 3.78436e-17 5.82354e-17 
0.00499624 0.0075 0.068 0.138 -0.003 0.034 0.089 1 0 0 6.12323e-17 
0 0.0075 0.068 0.138 -0.00225 -0.034 0.089 6.12323e-17 1 -6.12323e-17 3.7494e-33 
0 0.0075 0.068 0.138 -0.00225 -0.034 0.089 0.309017 0.951057 -5.82354e-17 1.89218e-17 
0 0.0075 0.068 0.138 -0.00225 -0.034 0.089 0.587785 0.809017 -4.9538e-17 3.59915e-17 
0 0.0075 0.068 0.138 -0.00225 -0.034 0.089 0.809017 -0.587785 -7.19829e-17 4.9538e-17 
0 0.0075 0.068 0.138 -0.00225 -0.0272 0.089 6.12323e-17 1 -6.12323e-17 3.7494e-33 
0 0.0075 0.068 0.138 -0.00225 -0.0272 0.089 0.309017 0.951057 -5.82354e-17 1.89218e-17 
0 0.0075 0.068 0.138 -0.00225 -0.0272 0.089 0.587785 0.809017 -4.9538e-17 3.59915e-17 
0 0.0075 0.068 0.138 -0.00225 -0.0272 0.089 0.809017 -0.587785 -7.19829e-17 4.9538e-17 
0 0.0075 0.068 0.138 -0.00225 -0.0204 0.089 6.12323e-17 1 -6.12323e-17 3.7494e-33 
-0.00242068 0.0075 0.068 0.138 -0.00225 -0.0204 0.089 0.309017 0.951057 -5.82354e-17 1.89218e-17 
0 0.0075 0.068 0.138 -0.00225 -0.0204 0.089 0.587785 0.809017 -4.9538e-17 3.59915e-17 
0 0.0075 0.068 0.138 -0.00225 -0.0204 0.089 0.809017 0.587785 7.19829e-17 4.9538e-17 
0 0.0075 0.068 0.138 -0.00225 -0.0136 0.089 0.309017 0.951057 -5.82354e-17 1.89218e-17 
0.000597304 0.0075 0.068 0.138 -0.00225 -0.0136 0.089 0.587785 0.809017 -4.9538e-17 3.59915e-17 
0 0.0075 0.068 0.138 -0.00225 -0.0136 0.089 0.809017 0.587785 7.19829e-17 4.9538e-17 
0 0.0075 0.068 0.138 -0.00225 -0.0068 0.089 0.587785 0.809017 -4.9538e-17 3.59915e-17 
0 0.0075 0.068 0.138 -0.00225 -0.0068 0.089 0.809017 0.587785 7.19829e-17 4.9538e-17 
0 0.0075 0.068 0.138 -0.00225 -0.0068 0.089 -0.309017 0.951057 -5.82354e-17 -1.89218e-17 
0 0.0075 0.068 0.138 -0.00225 0 0.089 0.587785 0.809017 -4.9538e-17 3.59915e-17 
0 0.0075 0.068 0.138 -0.00225 0 0.089 0.809017 0.587785 7.19829e-17 4.9538e-17 
0 0.0075 0.068 0.138 -0.00225 0 0.089 0.951057 0.309017 3.78436e-17 5.82354e-17 
0 0.0075 0.068 0.138 -0.00225 0 0.089 -0.309017 0.951057 -5.82354e-17 -1.89218e-17 
0 0.0075 0.068 0.138 -0.00225 0.0068 0.089 0.587785 0.809017 -4.9538e-17 3.59915e-17 
-0.032122 0.0075 0.068 0.138 -0.00225 0.0068 0.089 0.809017 0.587785 7.19829e-17 4.9538e-17 
0 0.0075 0.068 0.138 -0.00225 0.0068 0.089 0.951057 0.309017 3.78436e-17 5.82354e-17 
0 0.0075 0.068 0.138 -0.00225 0.0136 0.089 0.587785 0.809017 -4.9538e-17 3.59915e-17 
0 0.0075 0.068 0.138 -0.00225 0.0136 0.089 0.809017 0.587785 7.19829e-17 4.9538e-17 
0 0.0075 0.068 0.138 -0.00225 0.0136 0.089 0.951057 0.309017 3.78436e-17 5.82354e-17 
0 0.0075 0.068 0.138 -0.00225 0.0204 0.089 0.587785 0.809017 -4.9538e-17 3.59915e-17 
0 0.0075 0.068 0.138 -0.00225 0.0204 0.089 0.809017 0.587785 7.19829e-17 4.9538e-17 
0 0.0075 0.068 0.138 -0.00225 0.0204 0.089 0.951057 0.309017 3.78436e-17 5.82354e-17 
0.00401467 0.0075 0.068 0.138 -0.00225 0.0204 0.089 1 0 0 6.12323e-17 
0 0.0075 0.068 0.138 -0.00225 0.0272 0.089 0.587785 0.809017 -4.9538e-17 3.59915e-17 
0 0.0075 0.068 0.138 -0.00225 0.0272 0.089 0.809017 0.587785 7.19829e-17 4.9538e-17 
0 0.0075 0.068 0.138 -0.00225 0.0272 0.089 0.951057 0.309017 3.78436e-17 5.82354e-17 
0.00415916 0.0075 0.068 0.138 -0.00225 0.0272 0.089 1 0 0 6.12323e-17 
0 0.0075 0.068 0.138 -0.00225 0.034 0.089 0.587785 0.809017 -4.9538e-17 3.59915e-17 
0 0.0075 0.068 0.138 -0.00225 0.034 0.089 0.809017 0.587785 7.19829e-17 4.9538e-17 
0 0.0075 0.068 0.138 -0.00225 0.034 0.089 0.951057 0.309017 3.78436e-17 5.82354e-17 
0.00444193 0.0075 0.068 0.138 -0.00225 0.034 0.089 1 0 0 6.12323e-17 
0 0.0075 0.068 0.138 -0.0015 -0.034 0.089 6.12323e-17 1 -6.12323e-17 3.7494e-33 
0 0.0075 0.068 0.138 -0.0015 -0.034 0.089 0.309017 0.951057 -5.82354e-17 1.89218e-17 
0 0.0075 0.068 0.138 -0.0015 -0.034 0.089 0.587785 0.809017 -4.9538e-17 3.59915e-17 
0 0.0075 0.068 0.138 -0.0015 -0.034 0.089 0.809017 -0.587785 -7.19829e-17 4.9538e-17 
0 0.0075 0.068 0.138 -0.0015 -0.0272 0.089 6.12323e-17 1 -6.12323e-17 3.7494e-33 
0 0.0075 0.068 0.138 -0.0015 -0.0272 0.089 0.309017 0.951057 -5.82354e-17 1.89218e-17 
0 0.0075 0.068 0.138 -0.0015 -0.0272 0.089 0.587785 0.809017 -4.9538e-17 3.59915e-17 
0 0.0075 0.068 0.138 -0.0015 -0.0272 0.089 0.809017 -0.587785 -7.19829e-17 4.9538e-17 
0.00632417 0.0075 0.068 0.138 -0.0015 -0.0204 0.089 6.12323e-17 1 -6.12323e-17 3.7494e-33 
0 0.0075 0.068 0.138 -0.0015 -0.0204 0.089 0.309017 0.951057 -5.82354e-17 1.89218e-17 
0 0.0075 0.068 0.138 -0.0015 -0.0204 0.089 0.587785 0.809017 -4.9538e-17 3.59915e-17 
0 0.0075 0.068 0.138 -0.0015 -0.0204 0.089 0.809017 0.587785 7.19829e-17 4.9538e-17 
0 0.0075 0.068 0.138 -0.0015 -0.0136 0.089 0.309017 0.951057 -5.82354e-17 1.89218e-17 
-0.00102247 0.0075 0.068 0.138 -0.0015 -0.0136 0.089 0.587785 0.809017 -4.9538e-17 3.59915e-17 
0 0.0075 0.068 0.138 -0.0015 -0.0136 0.089 0.809017 0.587785 7.19829e-17 4.9538e-17 
0 0.0075 0.068 0.138 -0.0015 -0.0068 0.089 0.587785 0.809017 -4.9538e-17 3.59915e-17 
0 0.0075 0.068 0.138 -0.0015 -0.0068 0.089 0.809017 0.587785 7.19829e-17 4.9538e-17 
0 0.0075 0.068 0.138 -0.0015 -0.0068 0.089 -0.309017 0.951057 -5.82354e-17 -1.89218e-17 
0 0.0075 0.068 0.138 -0.0015 0 0.089 0.587785 0.809017 -4.9538e-17 3.59915e-17 
0 0.0075 0.068 0.138 -0.0015 0 0.089 0.809017 0.587785 7.19829e-17 4.9538e-17 
0 0.0075 0.068 0.138 -0.0015 0 0.089 0.951057 0.309017 3.78436e-17 5.82354e-17 
0 0.0075 0.068 0.138 -0.0015 0 0.089 -0.309017 0.951057 -5.82354e-17 -1.89218e-17 
0 0.0075 0.068 0.138 -0.0015 0.0068 0.089 0.587785 0.809017 -4.9538e-17 3.59915e-17 
0 0.0075 0.068 0.138 -0.0015 0.0068 0.089 0.809017 0.587785 7.19829e-17 4.9538e-17 
0 0.0075 0.068 0.138 -0.0015 0.0068 0.089 0.951057 0.309017 3.78436e-17 5.82354e-17 
0 0.0075 0.068 0.138 -0.0015 0.0136 0.089 0.587785 0.809017 -4.9538e-17 3.59915e-17 
0 0.0075 0.068 0.138 -0.0015 0.0136 0.089 0.809017 0.587785 7.19829e-17 4.9538e-17 
0 0.0075 0.068 0.138 -0.0015 0.0136 0.089 0.951057 0.309017 3.78436e-17 5.82354e-17 
0 0.0075 0.068 0.138 -0.0015 0.0204 0.089 0.587785 0.809017 -4.9538e-17 3.59915e-17 
0 0.0075 0.068 0.138 -0.0015 0.0204 0.089 0.809017 0.587785 7.19829e-17 4.9538e-17 
0 0.0075 0.068 0.138 -0.0015 0.0204 0.089 0.951057 0.309017 3.78436e-17 5.82354e-17 
0.00591983 0.0075 0.068 0.138 -0.0015 0.0204 0.089 1 0 0 6.12323e-17 
0 0.0075 0.068 0.138 -0.0015 0.0272 0.089 0.587785 0.809017 -4.9538e-17 3.59915e-17 
0 0.0075 0.068 0.138 -0.0015 0.0272 0.089 0.809017 0.587785 7.19829e-17 4.9538e-17 
0 0.0075 0.068 0.138 -0.0015 0.0272 0.089 0.951057 0.309017 3.78436e-17 5.82354e-17 
0.00570195 0.0075 0.068 0.138 -0.0015 0.0272 0.089 1 0 0 6.12323e-17 
0 0.0075 0.068 0.138 -0.0015 0.034 0.089 0.587785 0.809017 -4.9538e-17 3.59915e-17 
0 0.0075 0.068 0.138 -0.0015 0.034 0.089 0.809017 0.587785 7.19829e-17 4.9538e-17 
0 0.0075 0.068 0.138 -0.0015 0.034 0.089 0.951057 0.309017 3.78436e-17 5.82354e-17 
0.00593392 0.0075 0.068 0.138 -0.0015 0.034 0.089 1 0 0 6.12323e-17 
0 0.0075 0.068 0.138 -0.00075 -0.034 0.089 6.12323e-17 1 -6.12323e-17 3.7494e-33 
0 0.0075 0.068 0.138 -0.00075 -0.034 0.089 0.309017 0.951057 -5.82354e-17 1.89218e-17 
0 0.0075 0.068 0.138 -0.00075 -0.034 0.089 0.587785 0.809017 -4.9538e-17 3.59915e-17 
0 0.0075 0.068 0.138 -0.00075 -0.034 0.089 0.809017 -0.587785 -7.19829e-17 4.9538e-17 
0 0.0075 0.068 0.138 -0.00075 -0.0272 0.089 6.12323e-17 1 -6.12323e-17 3.7494e-33 
0 0.0075 0.068 0.138 -0.00075 -0.0272 0.089 0.309017 0.951057 -5.82354e-17 1.89218e-17 
0 0.0075 0.068 0.138 -0.00075 -0.0272 0.089 0.587785 0.809017 -4.9538e-17 3.59915e-17 
0 0.0075 0.068 0.138 -0.00075 -0.0272 0.089 0.809017 -0.587785 -7.19829e-17 4.9538e-17 
0.00703429 0.0075 0.068 0.138 -0.00075 -0.0204 0.089 6.12323e-17 1 -6.12323e-17 3.7494e-33 
0.00668293 0.0075 0.068 0.138 -0.00075 -0.0204 0.089 0.309017 0.951057 -5.82354e-17 1.89218e-17 
0 0.0075 0.068 0.138 -0.00075 -0.0204 0.089 0.587785 0.809017 -4.9538e-17 3.59915e-17 
0 0.0075 0.068 0.138 -0.00075 -0.0204 0.089 0.809017 -0.587785 -7.19829e-17 4.9538e-17 
0.00545813 0.0075 0.068 0.138 -0.00075 -0.0136 0.089 0.587785 0.809017 -4.9538e-17 3.59915e-17 
0 0.0075 0.068 0.138 -0.00075 -0.0136 0.089 0.809017 0.587785 7.19829e-17 4.9538e-17 
0 0.0075 0.068 0.138 -0.00075 -0.0136 0.089 -0.309017 0.951057 -5.82354e-17 -1.89218e-17 
0 0.0075 0.068 0.138 -0.00075 -0.0068 0.089 0.587785 0.809017 -4.9538e-17 3.59915e-17 
0 0.0075 0.068 0.138 -0.00075 -0.0068 0.089 0.809017 0.587785 7.19829e-17 4.9538e-17 
0 0.0075 0.068 0.138 -0.00075 -0.0068 0.089 -0.309017 0.951057 -5.82354e-17 -1.89218e-17 
0 0.0075 0.068 0.138 -0.00075 0 0.089 0.587785 0.809017 -4.9538e-17 3.59915e-17 
0 0.0075 0.068 0.138 -0.00075 0 0.089 0.809017 0.587785 7.19829e-17 4.9538e-17 
0 0.0075 0.068 0.138 -0.00075 0 0.089 0.951057 0.309017 3.78436e-17 5.82354e-17 
0 0.0075 0.068 0.138 -0.00075 0 0.089 -0.309017 0.951057 -5.82354e-17 -1.89218e-17 
0 0.0075 0.068 0.138 -0.00075 0.0068 0.089 0.587785 0.809017 -4.9538e-17 3.59915e-17 
0 0.0075 0.068 0.138 -0.00075 0.0068 0.089 0.809017 0.587785 7.19829e-17 4.9538e-17 
0 0.0075 0.068 0.138 -0.00075 0.0068 0.089 0.951057 0.309017 3.78436e-17 5.82354e-17 
0 0.0075 0.068 0.138 -0.00075 0.0136 0.089 0.587785 0.809017 -4.9538e-17 3.59915e-17 
0 0.0075 0.068 0.138 -0.00075 0.0136 0.089 0.809017 0.587785 7.19829e-17 4.9538e-17 
0 0.0075 0.068 0.138 -0.00075 0.0136 0.089 0.951057 0.309017 3.78436e-17 5.82354e-17 
0 0.0075 0.068 0.138 -0.00075 0.0204 0.089 0.587785 0.809017 -4.9538e-17 3.59915e-17 
0 0.0075 0.068 0.138 -0.00075 0.0204 0.089 0.809017 0.587785 7.19829e-17 4.9538e-17 
0 0.0075 0.068 0.138 -0.00075 0.0204 0.089 0.951057 0.309017 3.78436e-17 5.82354e-17 
0 0.0075 0.068 0.138 -0.00075 0.0204 0.089 1 0 0 6.12323e-17 
0 0.0075 0.068 0.138 -0.00075 0.0272 0.089 0.587785 0.809017 -4.9538e-17 3.59915e-17 
0 0.0075 0.068 0.138 -0.00075 0.0272 0.089 0.809017 0.587785 7.19829e-17 4.9538e-17 
0 0.0075 0.068 0.138 -0.00075 0.0272 0.089 0.951057 0.309017 3.78436e-17 5.82354e-17 
0.010546 0.0075 0.068 0.138 -0.00075 0.0272 0.089 1 0 0 6.12323e-17 
0 0.0075 0.068 0.138 -0.00075 0.034 0.089 0.587785 0.809017 -4.9538e-17 3.59915e-17 
0 0.0075 0.068 0.138 -0.00075 0.034 0.089 0.809017 0.587785 7.19829e-17 4.9538e-17 
0 0.0075 0.068 0.138 -0.00075 0.034 0.089 0.951057 0.309017 3.78436e-17 5.82354e-17 
0.0049249 0.0075 0.068 0.138 -0.00075 0.034 0.089 1 0 0 6.12323e-17 
-0.000350303 0.0075 0.068 0.138 -2.1684e-19 -0.034 0.089 6.12323e-17 1 -6.12323e-17 3.7494e-33 
0 0.0075 0.068 0.138 -2.1684e-19 -0.034 0.089 0.309017 0.951057 -5.82354e-17 1.89218e-17 
0 0.0075 0.068 0.138 -2.1684e-19 -0.034 0.089 0.587785 0.809017 -4.9538e-17 3.59915e-17 
0 0.0075 0.068 0.138 -2.1684e-19 -0.034 0.089 0.809017 -0.587785 -7.19829e-17 4.9538e-17 
0 0.0075 0.068 0.138 -2.1684e-19 -0.0272 0.089 6.12323e-17 1 -6.12323e-17 3.7494e-33 
0 0.0075 0.068 0.138 -2.1684e-19 -0.0272 0.089 0.309017 0.951057 -5.82354e-17 1.89218e-17 
0 0.0075 0.068 0.138 -2.1684e-19 -0.0272 0.089 0.587785 0.809017 -4.9538e-17 3.59915e-17 
0 0.0075 0.068 0.138 -2.1684e-19 -0.0272 0.089 0.809017 -0.587785 -7.19829e-17 4.9538e-17 
0 0.0075 0.068 0.138 -2.1684e-19 -0.0204 0.089 6.12323e-17 1 -6.12323e-17 3.7494e-33 
0 0.0075 0.068 0.138 -2.1684e-19 -0.0204 0.089 0.309017 0.951057 -5.82354e-17 1.89218e-17 
0 0.0075 0.068 0.138 -2.1684e-19 -0.0204 0.089 0.587785 0.809017 -4.9538e-17 3.59915e-17 
0 0.0075 0.068 0.138 -2.1684e-19 -0.0204 0.089 0.809017 -0.587785 -7.19829e-17 4.9538e-17 
-0.000516641 0.0075 0.068 0.138 -2.1684e-19 -0.0136 0.089 0.587785 0.809017 -4.9538e-17 3.59915e-17 
0 0.0075 0.068 0.138 -2.1684e-19 -0.0136 0.089 0.809017 0.587785 7.19829e-17 4.9538e-17 
0 0.0075 0.068 0.138 -2.1684e-19 -0.0136 0.089 -0.309017 0.951057 -5.82354e-17 -1.89218e-17 
0 0.0075 0.068 0.138 -2.1684e-19 -0.0068 0.089 0.587785 0.809017 -4.9538e-17 3.59915e-17 
0 0.0075 0.068 0.138 -2.1684e-19 -0.0068 0.089 0.809017 0.587785 7.19829e-17 4.9538e-17 
0 0.0075 0.068 0.138 -2.1684e-19 -0.0068 0.089 -0.309017 0.951057 -5.82354e-17 -1.89218e-17 
0 0.0075 0.068 0.138 -2.1684e-19 0 0.089 0.587785 0.809017 -4.9538e-17 3.59915e-17 
0 0.0075 0.068 0.138 -2.1684e-19 0 0.089 0.809017 0.587785 7.19829e-17 4.9538e-17 
0 0.0075 0.068 0.138 -2.1684e-19 0 0.089 0.951057 0.309017 3.78436e-17 5.82354e-17 
0 0.0075 0.068 0.138 -2.1684e-19 0 0.089 -0.309017 0.951057 -5.82354e-17 -1.89218e-17 
0 0.0075 0.068 0.138 -2.1684e-19 0.0068 0.089 0.587785 0.809017 -4.9538e-17 3.59915e-17 
0 0.0075 0.068 0.138 -2.1684e-19 0.0068 0.089 0.809017 0.587785 7.19829e-17 4.9538e-17 
0 0.0075 0.068 0.138 -2.1684e-19 0.0068 0.089 0.951057 0.309017 3.78436e-17 5.82354e-17 
0 0.0075 0.068 0.138 -2.1684e-19 0.0136 0.089 0.587785 0.809017 -4.9538e-17 3.59915e-17 
0 0.0075 0.068 0.138 -2.1684e-19 0.0136 0.089 0.809017 0.587785 7.19829e-17 4.9538e-17 
0 0.0075 0.068 0.138 -2.1684e-19 0.0136 0.089 0.951057 0.309017 3.78436e-17 5.82354e-17 
0 0.0075 0.068 0.138 -2.1684e-19 0.0204 0.089 0.587785 0.809017 -4.9538e-17 3.59915e-17 
0 0.0075 0.068 0.138 -2.1684e-19 0.0204 0.089 0.809017 0.587785 7.19829e-17 4.9538e-17 
0 0.0075 0.068 0.138 -2.1684e-19 0.0204 0.089 0.951057 0.309017 3.78436e-17 5.82354e-17 
0.00566391 0.0075 0.068 0.138 -2.1684e-19 0.0204 0.089 1 0 0 6.12323e-17 
0 0.0075 0.068 0.138 -2.1684e-19 0.0272 0.089 0.587785 0.809017 -4.9538e-17 3.59915e-17 
0 0.0075 0.068 0.138 -2.1684e-19 0.0272 0.089 0.809017 0.587785 7.19829e-17 4.9538e-17 
0 0.0075 0.068 0.138 -2.1684e-19 0.0272 0.089 0.951057 0.309017 3.78436e-17 5.82354e-17 
0.00766606 0.0075 0.068 0.138 -2.1684e-19 0.0272 0.089 1 0 0 6.12323e-17 
0 0.0075 0.068 0.138 -2.1684e-19 0.034 0.089 0.587785 0.809017 -4.9538e-17 3.59915e-17 
0 0.0075 0.068 0.138 -2.1684e-19 0.034 0.089 0.809017 0.587785 7.19829e-17 4.9538e-17 
0 0.0075 0.068 0.138 -2.1684e-19 0.034 0.089 0.951057 0.309017 3.78436e-17 5.82354e-17 
0 0.0075 0.068 0.138 -2.1684e-19 0.034 0.089 1 0 0 6.12323e-17 
0 0.0075 0.068 0.138 0.00075 -0.034 0.089 6.12323e-17 1 -6.12323e-17 3.7494e-33 
0 0.0075 0.068 0.138 0.00075 -0.034 0.089 0.309017 0.951057 -5.82354e-17 1.89218e-17 
0 0.0075 0.068 0.138 0.00075 -0.034 0.089 0.587785 0.809017 -4.9538e-17 3.59915e-17 
0 0.0075 0.068 0.138 0.00075 -0.034 0.089 0.809017 -0.587785 -7.19829e-17 4.9538e-17 
0 0.0075 0.068 0.138 0.00075 -0.0272 0.089 6.12323e-17 1 -6.12323e-17 3.7494e-33 
0 0.0075 0.068 0.138 0.00075 -0.0272 0.089 0.309017 0.951057 -5.82354e-17 1.89218e-17 
0 0.0075 0.068 0.138 0.00075 -0.0272 0.089 0.587785 0.809017 -4.9538e-17 3.59915e-17 
0 0.0075 0.068 0.138 0.00075 -0.0272 0.089 0.809017 -0.587785 -7.19829e-17 4.9538e-17 
0.00229919 0.0075 0.068 0.138 0.00075 -0.0204 0.089 6.12323e-17 1 -6.12323e-17 3.7494e-33 
-0.00218669 0.0075 0.068 0.138 0.00075 -0.0204 0.089 0.309017 0.951057 -5.82354e-17 1.89218e-17 
0 0.0075 0.068 0.138 0.00075 -0.0204 0.089 0.587785 0.809017 -4.9538e-17 3.59915e-17 
0 0.0075 0.068 0.138 0.00075 -0.0204 0.089 0.809017 -0.587785 -7.19829e-17 4.9538e-17 
0 0.0075 0.068 0.138 0.00075 -0.0136 0.089 0.587785 0.809017 -4.9538e-17 3.59915e-17 
0.00503084 0.0075 0.068 0.138 0.00075 -0.0136 0.089 0.809017 -0.587785 -7.19829e-17 4.9538e-17 
0 0.0075 0.068 0.138 0.00075 -0.0136 0.089 -0.309017 0.951057 -5.82354e-17 -1.89218e-17 
0 0.0075 0.068 0.138 0.00075 -0.0068 0.089 0.587785 0.809017 -4.9538e-17 3.59915e-17 
0 0.0075 0.068 0.138 0.00075 -0.0068 0.089 0.809017 0.587785 7.19829e-17 4.9538e-17 
0 0.0075 0.068 0.138 0.00075 -0.0068 0.089 -0.309017 0.951057 -5.82354e-17 -1.89218e-17 
0 0.0075 0.068 0.138 0.00075 0 0.089 0.587785 0.809017 -4.9538e-17 3.59915e-17 
0 0.0075 0.068 0.138 0.00075 0 0.089 0.809017 0.587785 7.19829e-17 4.9538e-17 
0 0.0075 0.068 0.138 0.00075 0 0.089 0.951057 0.309017 3.78436e-17 5.82354e-17 
0 0.0075 0.068 0.138 0.00075 0 0.089 -0.309017 0.951057 -5.82354e-17 -1.89218e-17 
0 0.0075 0.068 0.138 0.00075 0.0068 0.089 0.587785 0.809017 -4.9538e-17 3.59915e-17 
0 0.0075 0.068 0.138 0.00075 0.0068 0.089 0.809017 0.587785 7.19829e-17 4.9538e-17 
0 0.0075 0.068 0.138 0.00075 0.0068 0.089 0.951057 0.309017 3.78436e-17 5.82354e-17 
0 0.0075 0.068 0.138 0.00075 0.0136 0.089 0.587785 0.809017 -4.9538e-17 3.59915e-17 
0 0.0075 0.068 0.138 0.00075 0.0136 0.089 0.809017 0.587785 7.19829e-17 4.9538e-17 
0 0.0075 0.068 0.138 0.00075 0.0136 0.089 0.951057 0.309017 3.78436e-17 5.82354e-17 
0 0.0075 0.068 0.138 0.00075 0.0204 0.089 0.587785 0.809017 -4.9538e-17 3.59915e-17 
0 0.0075 0.068 0.138 0.00075 0.0204 0.089 0.809017 0.587785 7.19829e-17 4.9538e-17 
0 0.0075 0.068 0.138 0.00075 0.0204 0.089 0.951057 0.309017 3.78436e-17 5.82354e-17 
0.0196472 0.0075 0.068 0.138 0.00075 0.0204 0.089 1 0 0 6.12323e-17 
0 0.0075 0.068 0.138 0.00075 0.0272 0.089 0.587785 0.809017 -4.9538e-17 3.59915e-17 
0 0.0075 0.068 0.138 0.00075 0.0272 0.089 0.809017 0.587785 7.19829e-17 4.9538e-17 
0 0.0075 0.068 0.138 0.00075 0.0272 0.089 0.951057 0.309017 3.78436e-17 5.82354e-17 
0.0101795 0.0075 0.068 0.138 0.00075 0.0272 0.089 1 0 0 6.12323e-17 
0 0.0075 0.068 0.138 0.00075 0.034 0.089 0.587785 0.809017 -4.9538e-17 3.59915e-17 
0 0.0075 0.068 0.138 0.00075 0.034 0.089 0.809017 0.587785 7.19829e-17 4.9538e-17 
0 0.0075 0.068 0.138 0.00075 0.034 0.089 0.951057 0.309017 3.78436e-17 5.82354e-17 
0 0.0075 0.068 0.138 0.00075 0.034 0.089 1 0 0 6.12323e-17 
0 0.0075 0.068 0.138 0.0015 -0.034 0.089 6.12323e-17 1 -6.12323e-17 3.7494e-33 
0 0.0075 0.068 0.138 0.0015 -0.034 0.089 0.309017 0.951057 -5.82354e-17 1.89218e-17 
0 0.0075 0.068 0.138 0.0015 -0.034 0.089 0.587785 0.809017 -4.9538e-17 3.59915e-17 
0 0.0075 0.068 0.138 0.0015 -0.034 0.089 0.809017 -0.587785 -7.19829e-17 4.9538e-17 
0 0.0075 0.068 0.138 0.0015 -0.0272 0.089 6.12323e-17 1 -6.12323e-17 3.7494e-33 
0 0.0075 0.068 0.138 0.0015 -0.0272 0.089 0.309017 0.951057 -5.82354e-17 1.89218e-17 
0 0.0075 0.068 0.138 0.0015 -0.0272 0.089 0.587785 0.809017 -4.9538e-17 3.59915e-17 
0 0.0075 0.068 0.138 0.0015 -0.0272 0.089 0.809017 -0.587785 -7.19829e-17 4.9538e-17 
0.00652439 0.0075 0.068 0.138 0.0015 -0.0204 0.089 6.12323e-17 1 -6.12323e-17 3.7494e-33 
0 0.0075 0.068 0.138 0.0015 -0.0204 0.089 0.309017 0.951057 -5.82354e-17 1.89218e-17 
0 0.0075 0.068 0.138 0.0015 -0.0204 0.089 0.587785 0.809017 -4.9538e-17 3.59915e-17 
0 0.0075 0.068 0.138 0.0015 -0.0204 0.089 0.809017 -0.587785 -7.19829e-17 4.9538e-17 
0.0099046 0.0075 0.068 0.138 0.0015 -0.0136 0.089 0.587785 0.809017 -4.9538e-17 3.59915e-17 
0.0190821 0.0075 0.068 0.138 0.0015 -0.0136 0.089 0.809017 -0.587785 -7.19829e-17 4.9538e-17 
0 0.0075 0.068 0.138 0.0015 -0.0136 0.089 -0.309017 0.951057 -5.82354e-17 -1.89218e-17 
0 0.0075 0.068 0.138 0.0015 -0.0068 0.089 0.587785 0.809017 -4.9538e-17 3.59915e-17 
0 0.0075 0.068 0.138 0.0015 -0.0068 0.089 0.809017 0.587785 7.19829e-17 4.9538e-17 
0 0.0075 0.068 0.138 0.0015 -0.0068 0.089 -0.309017 0.951057 -5.82354e-17 -1.89218e-17 
0 0.0075 0.068 0.138 0.0015 0 0.089 0.587785 0.809017 -4.9538e-17 3.59915e-17 
0 0.0075 0.068 0.138 0.0015 0 0.089 0.809017 0.587785 7.19829e-17 4.9538e-17 
0 0.0075 0.068 0.138 0.0015 0 0.089 0.951057 0.309017 3.78436e-17 5.82354e-17 
0 0.0075 0.068 0.138 0.0015 0 0.089 -0.309017 0.951057 -5.82354e-17 -1.89218e-17 
0 0.0075 0.068 0.138 0.0015 0.0068 0.089 0.587785 0.809017 -4.9538e-17 3.59915e-17 
0 0.0075 0.068 0.138 0.0015 0.0068 0.089 0.809017 0.587785 7.19829e-17 4.9538e-17 
0 0.0075 0.068 0.138 0.0015 0.0068 0.089 0.951057 0.309017 3.78436e-17 5.82354e-17 
0 0.0075 0.068 0.138 0.0015 0.0136 0.089 0.587785 0.809017 -4.9538e-17 3.59915e-17 
0 0.0075 0.068 0.138 0.0015 0.0136 0.089 0.809017 0.587785 7.19829e-17 4.9538e-17 
0 0.0075 0.068 0.138 0.0015 0.0136 0.089 0.951057 0.309017 3.78436e-17 5.82354e-17 
0 0.0075 0.068 0.138 0.0015 0.0204 0.089 0.587785 0.809017 -4.9538e-17 3.59915e-17 
0 0.0075 0.068 0.138 0.0015 0.0204 0.089 0.809017 0.587785 7.19829e-17 4.9538e-17 
0 0.0075 0.068 0.138 0.0015 0.0204 0.089 0.951057 0.309017 3.78436e-17 5.82354e-17 
0.000701898 0.0075 0.068 0.138 0.0015 0.0204 0.089 1 0 0 6.12323e-17 
0 0.0075 0.068 0.138 0.0015 0.0272 0.089 0.587785 0.809017 -4.9538e-17 3.59915e-17 
0 0.0075 0.068 0.138 0.0015 0.0272 0.089 0.809017 0.587785 7.19829e-17 4.9538e-17 
0 0.0075 0.068 0.138 0.0015 0.0272 0.089 0.951057 0.309017 3.78436e-17 5.82354e-17 
0.00934689 0.0075 0.068 0.138 0.0015 0.0272 0.089 1 0 0 6.12323e-17 
0 0.0075 0.068 0.138 0.0015 0.034 0.089 0.587785 0.809017 -4.9538e-17 3.59915e-17 
0 0.0075 0.068 0.138 0.0015 0.034 0.089 0.809017 0.587785 7.19829e-17 4.9538e-17 
0 0.0075 0.068 0.138 0.0015 0.034 0.089 0.951057 0.309017 3.78436e-17 5.82354e-17 
0 0.0075 0.068 0.138 0.0015 0.034 0.089 1 0 0 6.12323e-17 
0.00387219 0.0075 0.068 0.138 0.00225 -0.034 0.089 6.12323e-17 1 -6.12323e-17 3.7494e-33 
0 0.0075 0.068 0.138 0.00225 -0.034 0.089 0.309017 0.951057 -5.82354e-17 1.89218e-17 
0 0.0075 0.068 0.138 0.00225 -0.034 0.089 0.587785 0.809017 -4.9538e-17 3.59915e-17 
0 0.0075 0.068 0.138 0.00225 -0.034 0.089 0.809017 -0.587785 -7.19829e-17 4.9538e-17 
0 0.0075 0.068 0.138 0.00225 -0.0272 0.089 6.12323e-17 1 -6.12323e-17 3.7494e-33 
0 0.0075 0.068 0.138 0.00225 -0.0272 0.089 0.309017 0.951057 -5.82354e-17 1.89218e-17 
0 0.0075 0.068 0.138 0.00225 -0.0272 0.089 0.587785 0.809017 -4.9538e-17 3.59915e-17 
0 0.0075 0.068 0.138 0.00225 -0.0272 0.089 0.809017 -0.587785 -7.19829e-17 4.9538e-17 
0.0237142 0.0075 0.068 0.138 0.00225 -0.0204 0.089 6.12323e-17 1 -6.12323e-17 3.7494e-33 
0 0.0075 0.068 0.138 0.00225 -0.0204 0.089 0.309017 0.951057 -5.82354e-17 1.89218e-17 
0 0.0075 0.068 0.138 0.00225 -0.0204 0.089 0.587785 0.809017 -4.9538e-17 3.59915e-17 
0 0.0075 0.068 0.138 0.00225 -0.0204 0.089 0.809017 -0.587785 -7.19829e-17 4.9538e-17 
0.00514478 0.0075 0.068 0.138 0.00225 -0.0136 0.089 0.587785 0.809017 -4.9538e-17 3.59915e-17 
0.00418336 0.0075 0.068 0.138 0.00225 -0.0136 0.089 0.809017 -0.587785 -7.19829e-17 4.9538e-17 
0 0.0075 0.068 0.138 0.00225 -0.0136 0.089 -0.309017 0.951057 -5.82354e-17 -1.89218e-17 
0 0.0075 0.068 0.138 0.00225 -0.0068 0.089 0.587785 0.809017 -4.9538e-17 3.59915e-17 
0 0.0075 0.068 0.138 0.00225 -0.0068 0.089 0.809017 0.587785 7.19829e-17 4.9538e-17 
0 0.0075 0.068 0.138 0.00225 -0.0068 0.089 -0.309017 0.951057 -5.82354e-17 -1.89218e-17 
0 0.0075 0.068 0.138 0.00225 0 0.089 0.587785 0.809017 -4.9538e-17 3.59915e-17 
0 0.0075 0.068 0.138 0.00225 0 0.089 0.809017 0.587785 7.19829e-17 4.9538e-17 
0 0.0075 0.068 0.138 0.00225 0 0.089 0.951057 0.309017 3.78436e-17 5.82354e-17 
0 0.0075 0.068 0.138 0.00225 0 0.089 -0.309017 0.951057 -5.82354e-17 -1.89218e-17 
0 0.0075 0.068 0.138 0.00225 0.0068 0.089 0.587785 0.809017 -4.9538e-17 3.59915e-17 
0 0.0075 0.068 0.138 0.00225 0.0068 0.089 0.809017 0.587785 7.19829e-17 4.9538e-17 
0 0.0075 0.068 0.138 0.00225 0.0068 0.089 0.951057 0.309017 3.78436e-17 5.82354e-17 
0 0.0075 0.068 0.138 0.00225 0.0136 0.089 0.587785 0.809017 -4.9538e-17 3.59915e-17 
0 0.0075 0.068 0.138 0.00225 0.0136 0.089 0.809017 0.587785 7.19829e-17 4.9538e-17 
0 0.0075 0.068 0.138 0.00225 0.0136 0.089 0.951057 0.309017 3.78436e-17 5.82354e-17 
0 0.0075 0.068 0.138 0.00225 0.0204 0.089 0.587785 0.809017 -4.9538e-17 3.59915e-17 
0 0.0075 0.068 0.138 0.00225 0.0204 0.089 0.809017 0.587785 7.19829e-17 4.9538e-17 
0 0.0075 0.068 0.138 0.00225 0.0204 0.089 0.951057 0.309017 3.78436e-17 5.82354e-17 
0.00506132 0.0075 0.068 0.138 0.00225 0.0204 0.089 1 0 0 6.12323e-17 
0 0.0075 0.068 0.138 0.00225 0.0272 0.089 0.587785 0.809017 -4.9538e-17 3.59915e-17 
0 0.0075 0.068 0.138 0.00225 0.0272 0.089 0.809017 0.587785 7.19829e-17 4.9538e-17 
0 0.0075 0.068 0.138 0.00225 0.0272 0.089 0.951057 0.309017 3.78436e-17 5.82354e-17 
0.00663894 0.0075 0.068 0.138 0.00225 0.0272 0.089 1 0 0 6.12323e-17 
0 0.0075 0.068 0.138 0.00225 0.034 0.089 0.587785 0.809017 -4.9538e-17 3.59915e-17 
0 0.0075 0.068 0.138 0.00225 0.034 0.089 0.809017 0.587785 7.19829e-17 4.9538e-17 
0 0.0075 0.068 0.138 0.00225 0.034 0.089 0.951057 0.309017 3.78436e-17 5.82354e-17 
0 0.0075 0.068 0.138 0.00225 0.034 0.089 1 0 0 6.12323e-17 
0 0.0075 0.068 0.138 0.003 -0.034 0.089 6.12323e-17 1 -6.12323e-17 3.7494e-33 
0 0.0075 0.068 0.138 0.003 -0.034 0.089 0.309017 0.951057 -5.82354e-17 1.89218e-17 
0 0.0075 0.068 0.138 0.003 -0.034 0.089 0.587785 0.809017 -4.9538e-17 3.59915e-17 
0 0.0075 0.068 0.138 0.003 -0.034 0.089 0.809017 -0.587785 -7.19829e-17 4.9538e-17 
0 0.0075 0.068 0.138 0.003 -0.0272 0.089 6.12323e-17 1 -6.12323e-17 3.7494e-33 
0 0.0075 0.068 0.138 0.003 -0.0272 0.089 0.309017 0.951057 -5.82354e-17 1.89218e-17 
0 0.0075 0.068 0.138 0.003 -0.0272 0.089 0.587785 0.809017 -4.9538e-17 3.59915e-17 
0 0.0075 0.068 0.138 0.003 -0.0272 0.089 0.809017 -0.587785 -7.19829e-17 4.9538e-17 
0.00829582 0.0075 0.068 0.138 0.003 -0.0204 0.089 6.12323e-17 1 -6.12323e-17 3.7494e-33 
0 0.0075 0.068 0.138 0.003 -0.0204 0.089 0.309017 0.951057 -5.82354e-17 1.89218e-17 
0 0.0075 0.068 0.138 0.003 -0.0204 0.089 0.587785 0.809017 -4.9538e-17 3.59915e-17 
0 0.0075 0.068 0.138 0.003 -0.0204 0.089 0.809017 -0.587785 -7.19829e-17 4.9538e-17 
0 0.0075 0.068 0.138 0.003 -0.0136 0.089 0.587785 0.809017 -4.9538e-17 3.59915e-17 
0.00383402 0.0075 0.068 0.138 0.003 -0.0136 0.089 0.809017 -0.587785 -7.19829e-17 4.9538e-17 
0 0.0075 0.068 0.138 0.003 -0.0136 0.089 -0.309017 0.951057 -5.82354e-17 -1.89218e-17 
0 0.0075 0.068 0.138 0.003 -0.0068 0.089 0.587785 0.809017 -4.9538e-17 3.59915e-17 
0 0.0075 0.068 0.138 0.003 -0.0068 0.089 0.809017 0.587785 7.19829e-17 4.9538e-17 
0 0.0075 0.068 0.138 0.003 -0.0068 0.089 -0.309017 0.951057 -5.82354e-17 -1.89218e-17 
0 0.0075 0.068 0.138 0.003 0 0.089 0.587785 0.809017 -4.9538e-17 3.59915e-17 
0 0.0075 0.068 0.138 0.003 0 0.089 0.809017 0.587785 7.19829e-17 4.9538e-17 
0 0.0075 0.068 0.138 0.003 0 0.089 0.951057 0.309017 3.78436e-17 5.82354e-17 
0 0.0075 0.068 0.138 0.003 0 0.089 -0.309017 0.951057 -5.82354e-17 -1.89218e-17 
0 0.0075 0.068 0.138 0.003 0.0068 0.089 0.587785 0.809017 -4.9538e-17 3.59915e-17 
0 0.0075 0.068 0.138 0.003 0.0068 0.089 0.809017 0.587785 7.19829e-17 4.9538e-17 
0 0.0075 0.068 0.138 0.003 0.0068 0.089 0.951057 0.309017 3.78436e-17 5.82354e-17 
0 0.0075 0.068 0.138 0.003 0.0136 0.089 0.587785 0.809017 -4.9538e-17 3.59915e-17 
0 0.0075 0.068 0.138 0.003 0.0136 0.089 0.809017 0.587785 7.19829e-17 4.9538e-17 
0 0.0075 0.068 0.138 0.003 0.0136 0.089 0.951057 0.309017 3.78436e-17 5.82354e-17 
0 0.0075 0.068 0.138 0.003 0.0204 0.089 0.587785 0.809017 -4.9538e-17 3.59915e-17 
0 0.0075 0.068 0.138 0.003 0.0204 0.089 0.809017 0.587785 7.19829e-17 4.9538e-17 
0 0.0075 0.068 0.138 0.003 0.0204 0.089 0.951057 0.309017 3.78436e-17 5.82354e-17 
0.0253838 0.0075 0.068 0.138 0.003 0.0204 0.089 1 0 0 6.12323e-17 
0 0.0075 0.068 0.138 0.003 0.0272 0.089 0.587785 0.809017 -4.9538e-17 3.59915e-17 
0 0.0075 0.068 0.138 0.003 0.0272 0.089 0.809017 0.587785 7.19829e-17 4.9538e-17 
0 0.0075 0.068 0.138 0.003 0.0272 0.089 0.951057 0.309017 3.78436e-17 5.82354e-17 
0.00533957 0.0075 0.068 0.138 0.003 0.0272 0.089 1 0 0 6.12323e-17 
0 0.0075 0.068 0.138 0.003 0.034 0.089 0.587785 0.809017 -4.9538e-17 3.59915e-17 
0 0.0075 0.068 0.138 0.003 0.034 0.089 0.809017 0.587785 7.19829e-17 4.9538e-17 
0 0.0075 0.068 0.138 0.003 0.034 0.089 0.951057 0.309017 3.78436e-17 5.82354e-17 
0 0.0075 0.068 0.138 0.003 0.034 0.089 1 0 0 6.12323e-17 
0 0.0075 0.068 0.138 0.00375 -0.034 0.089 6.12323e-17 1 -6.12323e-17 3.7494e-33 
0 0.0075 0.068 0.138 0.00375 -0.034 0.089 0.309017 0.951057 -5.82354e-17 1.89218e-17 
0 0.0075 0.068 0.138 0.00375 -0.034 0.089 0.587785 0.809017 -4.9538e-17 3.59915e-17 
0 0.0075 0.068 0.138 0.00375 -0.034 0.089 0.809017 -0.587785 -7.19829e-17 4.9538e-17 
0 0.0075 0.068 0.138 0.00375 -0.0272 0.089 6.12323e-17 1 -6.12323e-17 3.7494e-33 
0 0.0075 0.068 0.138 0.00375 -0.0272 0.089 0.309017 0.951057 -5.82354e-17 1.89218e-17 
0 0.0075 0.068 0.138 0.00375 -0.0272 0.089 0.587785 0.809017 -4.9538e-17 3.59915e-17 
0 0.0075 0.068 0.138 0.00375 -0.0272 0.089 0.809017 -0.587785 -7.19829e-17 4.9538e-17 
0.00967085 0.0075 0.068 0.138 0.00375 -0.0204 0.089 6.12323e-17 1 -6.12323e-17 3.7494e-33 
0 0.0075 0.068 0.138 0.00375 -0.0204 0.089 0.309017 0.951057 -5.82354e-17 1.89218e-17 
0 0.0075 0.068 0.138 0.00375 -0.0204 0.089 0.587785 0.809017 -4.9538e-17 3.59915e-17 
0 0.0075 0.068 0.138 0.00375 -0.0204 0.089 0.809017 -0.587785 -7.19829e-17 4.9538e-17 
0 0.0075 0.068 0.138 0.00375 -0.0136 0.089 0.587785 0.809017 -4.9538e-17 3.59915e-17 
0.00301371 0.0075 0.068 0.138 0.00375 -0.0136 0.089 0.809017 -0.587785 -7.19829e-17 4.9538e-17 
0 0.0075 0.068 0.138 0.00375 -0.0136 0.089 -0.309017 0.951057 -5.82354e-17 -1.89218e-17 
0 0.0075 0.068 0.138 0.00375 -0.0068 0.089 0.587785 0.809017 -4.9538e-17 3.59915e-17 
0 0.0075 0.068 0.138 0.00375 -0.0068 0.089 0.809017 0.587785 7.19829e-17 4.9538e-17 
0 0.0075 0.068 0.138 0.00375 -0.0068 0.089 -0.309017 0.951057 -5.82354e-17 -1.89218e-17 
0 0.0075 0.068 0.138 0.00375 0 0.089 0.587785 0.809017 -4.9538e-17 3.59915e-17 
0 0.0075 0.068 0.138 0.00375 0 0.089 0.809017 0.587785 7.19829e-17 4.9538e-17 
0 0.0075 0.068 0.138 0.00375 0 0.089 0.951057 0.309017 3.78436e-17 5.82354e-17 
0 0.0075 0.068 0.138 0.00375 0 0.089 -0.309017 0.951057 -5.82354e-17 -1.89218e-17 
0 0.0075 0.068 0.138 0.00375 0.0068 0.089 0.587785 0.809017 -4.9538e-17 3.59915e-17 
0 0.0075 0.068 0.138 0.00375 0.0068 0.089 0.809017 0.587785 7.19829e-17 4.9538e-17 
0 0.0075 0.068 0.138 0.00375 0.0068 0.089 0.951057 0.309017 3.78436e-17 5.82354e-17 
0 0.0075 0.068 0.138 0.00375 0.0136 0.089 0.587785 0.809017 -4.9538e-17 3.59915e-17 
0 0.0075 0.068 0.138 0.00375 0.0136 0.089 0.809017 0.587785 7.19829e-17 4.9538e-17 
0 0.0075 0.068 0.138 0.00375 0.0136 0.089 0.951057 0.309017 3.78436e-17 5.82354e-17 
0 0.0075 0.068 0.138 0.00375 0.0204 0.089 0.587785 0.809017 -4.9538e-17 3.59915e-17 
0 0.0075 0.068 0.138 0.00375 0.0204 0.089 0.809017 0.587785 7.19829e-17 4.9538e-17 
0 0.0075 0.068 0.138 0.00375 0.0204 0.089 0.951057 0.309017 3.78436e-17 5.82354e-17 
0.00415286 0.0075 0.068 0.138 0.00375 0.0204 0.089 1 0 0 6.12323e-17 
0 0.0075 0.068 0.138 0.00375 0.0272 0.089 0.587785 0.809017 -4.9538e-17 3.59915e-17 
0 0.0075 0.068 0.138 0.00375 0.0272 0.089 0.809017 0.587785 7.19829e-17 4.9538e-17 
0 0.0075 0.068 0.138 0.00375 0.0272 0.089 0.951057 0.309017 3.78436e-17 5.82354e-17 
0.0110708 0.0075 0.068 0.138 0.00375 0.0272 0.089 1 0 0 6.12323e-17 
0 0.0075 0.068 0.138 0.00375 0.034 0.089 0.587785 0.809017 -4.9538e-17 3.59915e-17 
0 0.0075 0.068 0.138 0.00375 0.034 0.089 0.809017 0.587785 7.19829e-17 4.9538e-17 
0 0.0075 0.068 0.138 0.00375 0.034 0.089 0.951057 0.309017 3.78436e-17 5.82354e-17 
0 0.0075 0.068 0.138 0.00375 0.034 0.089 1 0 0 6.12323e-17 
