1.32395 0.05 0.05 0.05 0.025 0.005 0.045 0.951057 -0.309017 -1.89218e-17 5.82354e-17 
1.28252 0.05 0.05 0.05 0.015 0.015 0.045 -0.587785 0.809017 -4.9538e-17 -3.59915e-17 
1.12976 0.05 0.05 0.05 0.025 0.025 0.045 -0.587785 0.809017 -4.9538e-17 -3.59915e-17 
0.872329 0.05 0.05 0.05 0.025 -0.015 0.045 6.12323e-17 1 -6.12323e-17 3.7494e-33 
0.707211 0.05 0.05 0.05 -0.025 -0.005 0.045 0.951057 0.309017 1.89218e-17 5.82354e-17 
0.569935 0.05 0.05 0.05 0.015 0.015 0.045 0.951057 -0.309017 -1.89218e-17 5.82354e-17 
0.534149 0.05 0.05 0.05 0.005 -0.025 0.045 0.587785 0.809017 -4.9538e-17 3.59915e-17 
0.473345 0.05 0.05 0.05 0.025 0.015 0.045 -0.587785 0.809017 -4.9538e-17 -3.59915e-17 
0.432132 0.05 0.05 0.05 0.005 0.015 0.045 0.951057 -0.309017 -1.89218e-17 5.82354e-17 
0.331264 0.05 0.05 0.05 0.015 0.005 0.045 -0.587785 0.809017 -4.9538e-17 -3.59915e-17 
0.311908 0.05 0.05 0.05 0.025 0.015 0.045 0.951057 -0.309017 -1.89218e-17 5.82354e-17 
0.294943 0.05 0.05 0.05 -0.005 -0.025 0.045 0.587785 0.809017 -4.9538e-17 3.59915e-17 
0.193112 0.05 0.05 0.05 0.025 0.005 0.045 -0.587785 0.809017 -4.9538e-17 -3.59915e-17 
0.166809 0.05 0.05 0.05 -0.005 -0.025 0.045 6.12323e-17 1 -6.12323e-17 3.7494e-33 
0.15222 0.05 0.05 0.05 -0.015 -0.025 0.045 6.12323e-17 1 -6.12323e-17 3.7494e-33 
0.14264 0.05 0.05 0.05 0.005 -0.025 0.045 6.12323e-17 1 -6.12323e-17 3.7494e-33 
0.137314 0.05 0.05 0.05 -0.015 -0.025 0.045 0.587785 0.809017 -4.9538e-17 3.59915e-17 
0.131965 0.05 0.05 0.05 0.015 0.025 0.045 0.951057 -0.309017 -1.89218e-17 5.82354e-17 
0.116749 0.05 0.05 0.05 0.015 -0.015 0.045 6.12323e-17 1 -6.12323e-17 3.7494e-33 
0.110295 0.05 0.05 0.05 0.015 -0.025 0.045 6.12323e-17 1 -6.12323e-17 3.7494e-33 
0.10925 0.05 0.05 0.05 -0.025 0.005 0.045 0.951057 0.309017 1.89218e-17 5.82354e-17 
0.109199 0.05 0.05 0.05 0.025 -0.025 0.045 6.12323e-17 1 -6.12323e-17 3.7494e-33 
0.102138 0.05 0.05 0.05 0.025 -0.005 0.045 -0.587785 0.809017 -4.9538e-17 -3.59915e-17 
0.100601 0.05 0.05 0.05 0.025 -0.025 0.045 -0.587785 0.809017 -4.9538e-17 -3.59915e-17 
0.097178 0.05 0.05 0.05 0.005 0.025 0.045 0.951057 -0.309017 -1.89218e-17 5.82354e-17 
0.0963926 0.05 0.05 0.05 0.025 -0.015 0.045 -0.587785 0.809017 -4.9538e-17 -3.59915e-17 
0.0829129 0.05 0.05 0.05 0.025 0.025 0.045 0.951057 -0.309017 -1.89218e-17 5.82354e-17 
0.0797919 0.05 0.05 0.05 0.015 -0.025 0.045 -0.587785 0.809017 -4.9538e-17 -3.59915e-17 
0.071566 0.05 0.05 0.05 -0.025 -0.025 0.045 6.12323e-17 1 -6.12323e-17 3.7494e-33 
0.0713704 0.05 0.05 0.05 -0.025 -0.015 0.045 0.587785 0.809017 -4.9538e-17 3.59915e-17 
0.0565665 0.05 0.05 0.05 -0.025 0.025 0.045 0.951057 0.309017 1.89218e-17 5.82354e-17 
0.0359422 0.05 0.05 0.05 -0.025 0.015 0.045 0.951057 0.309017 1.89218e-17 5.82354e-17 
0.0188116 0.05 0.05 0.05 -0.025 -0.025 0.045 0.587785 0.809017 -4.9538e-17 3.59915e-17 
0.00711567 0.05 0.05 0.05 -0.025 -0.005 0.045 0.587785 0.809017 -4.9538e-17 3.59915e-17 
0.00013737 0.05 0.05 0.05 -0.015 0.025 0.045 0.951057 0.309017 1.89218e-17 5.82354e-17 
-0.00258978 0.05 0.05 0.05 -0.025 -0.015 0.045 6.12323e-17 1 -6.12323e-17 3.7494e-33 
-0.0266152 0.05 0.05 0.05 0.015 -0.005 0.045 -0.587785 0.809017 -4.9538e-17 -3.59915e-17 
-0.0324847 0.05 0.05 0.05 0.015 -0.015 0.045 -0.587785 0.809017 -4.9538e-17 -3.59915e-17 
-0.110463 0.05 0.05 0.05 -0.015 -0.015 0.045 6.12323e-17 1 -6.12323e-17 3.7494e-33 
-0.134817 0.05 0.05 0.05 -0.005 0.025 0.045 0.951057 -0.309017 -1.89218e-17 5.82354e-17 
-0.158297 0.05 0.05 0.05 -0.015 0.015 0.045 0.951057 0.309017 1.89218e-17 5.82354e-17 
-0.170114 0.05 0.05 0.05 -0.015 -0.015 0.045 0.587785 0.809017 -4.9538e-17 3.59915e-17 
-0.188907 0.05 0.05 0.05 0.005 -0.015 0.045 6.12323e-17 1 -6.12323e-17 3.7494e-33 
-0.213729 0.05 0.05 0.05 -0.005 -0.015 0.045 6.12323e-17 1 -6.12323e-17 3.7494e-33 
-0.230928 0.05 0.05 0.05 -0.025 0.005 0.045 0.587785 0.809017 -4.9538e-17 3.59915e-17 
-0.375414 0.05 0.05 0.05 -0.005 0.015 0.045 0.951057 -0.309017 -1.89218e-17 5.82354e-17 
-0.468174 0.05 0.05 0.05 -0.005 0.025 0.045 0.951057 0.309017 1.89218e-17 5.82354e-17 
-0.565123 0.05 0.05 0.05 -0.025 0.015 0.045 0.587785 0.809017 -4.9538e-17 3.59915e-17 
-0.853965 0.05 0.05 0.05 -0.025 0.025 0.045 0.587785 0.809017 -4.9538e-17 3.59915e-17 
-0.861728 0.05 0.05 0.05 -0.015 0.025 0.045 0.951057 -0.309017 -1.89218e-17 5.82354e-17 
-1.10435 0.05 0.05 0.05 -0.015 -0.005 0.045 0.587785 0.809017 -4.9538e-17 3.59915e-17 
-1.53513 0.05 0.05 0.05 0.005 0.025 0.045 0.951057 0.309017 1.89218e-17 5.82354e-17 
-2.69117 0.05 0.05 0.05 -0.015 0.005 0.045 0.587785 0.809017 -4.9538e-17 3.59915e-17 
-3.33708 0.05 0.05 0.05 0.015 0.025 0.045 0.951057 0.309017 1.89218e-17 5.82354e-17 
-4.76333 0.05 0.05 0.05 -0.015 0.015 0.045 0.587785 0.809017 -4.9538e-17 3.59915e-17 
-6.00908 0.05 0.05 0.05 0.025 0.025 0.045 0.951057 0.309017 1.89218e-17 5.82354e-17 
-7.04431 0.05 0.05 0.05 -0.015 0.025 0.045 0.587785 0.809017 -4.9538e-17 3.59915e-17 
