0.05 0.05 0.05 0.045 -0.025 -0.025 -0.707107 4.32978e-17 0.707107 -4.32978e-17
0.05 0.05 0.05 0.045 -0.025 -0.025 -0.572061 0.415627 0.572061 -0.415627
0.05 0.05 0.05 0.045 -0.025 -0.025 0.218508 -0.672498 -0.218508 0.672499
0.05 0.05 0.05 0.045 -0.025 -0.025 -0.218508 -0.672498 0.218508 0.672499
0.05 0.05 0.05 0.045 -0.025 -0.025 -0.572061 -0.415627 0.572061 0.415627
0.05 0.05 0.05 -0.045 -0.025 -0.025 0.707107 -4.32978e-17 0.707107 -4.32978e-17
0.05 0.05 0.05 -0.045 -0.025 -0.025 0.572061 -0.415627 0.572061 -0.415627
0.05 0.05 0.05 -0.045 -0.025 -0.025 -0.218508 0.672498 -0.218508 0.672499
0.05 0.05 0.05 -0.045 -0.025 -0.025 0.218508 0.672498 0.218508 0.672499
0.05 0.05 0.05 -0.045 -0.025 -0.025 0.572061 0.415627 0.572061 0.415627
0.05 0.05 0.05 0.045 -0.025 -0.015 -0.707107 4.32978e-17 0.707107 -4.32978e-17
0.05 0.05 0.05 0.045 -0.025 -0.015 -0.572061 0.415627 0.572061 -0.415627
0.05 0.05 0.05 0.045 -0.025 -0.015 0.218508 -0.672498 -0.218508 0.672499
0.05 0.05 0.05 0.045 -0.025 -0.015 -0.218508 -0.672498 0.218508 0.672499
0.05 0.05 0.05 0.045 -0.025 -0.015 -0.572061 -0.415627 0.572061 0.415627
0.05 0.05 0.05 -0.045 -0.025 -0.015 0.707107 -4.32978e-17 0.707107 -4.32978e-17
0.05 0.05 0.05 -0.045 -0.025 -0.015 0.572061 -0.415627 0.572061 -0.415627
0.05 0.05 0.05 -0.045 -0.025 -0.015 -0.218508 0.672498 -0.218508 0.672499
0.05 0.05 0.05 -0.045 -0.025 -0.015 0.218508 0.672498 0.218508 0.672499
0.05 0.05 0.05 -0.045 -0.025 -0.015 0.572061 0.415627 0.572061 0.415627
0.05 0.05 0.05 0.045 -0.025 -0.005 -0.707107 4.32978e-17 0.707107 -4.32978e-17
0.05 0.05 0.05 0.045 -0.025 -0.005 -0.572061 0.415627 0.572061 -0.415627
0.05 0.05 0.05 0.045 -0.025 -0.005 0.218508 -0.672498 -0.218508 0.672499
0.05 0.05 0.05 0.045 -0.025 -0.005 -0.218508 -0.672498 0.218508 0.672499
0.05 0.05 0.05 0.045 -0.025 -0.005 -0.572061 -0.415627 0.572061 0.415627
0.05 0.05 0.05 -0.045 -0.025 -0.005 0.707107 -4.32978e-17 0.707107 -4.32978e-17
0.05 0.05 0.05 -0.045 -0.025 -0.005 0.572061 -0.415627 0.572061 -0.415627
0.05 0.05 0.05 -0.045 -0.025 -0.005 -0.218508 0.672498 -0.218508 0.672499
0.05 0.05 0.05 -0.045 -0.025 -0.005 0.218508 0.672498 0.218508 0.672499
0.05 0.05 0.05 -0.045 -0.025 -0.005 0.572061 0.415627 0.572061 0.415627
0.05 0.05 0.05 0.045 -0.025 0.005 -0.707107 4.32978e-17 0.707107 -4.32978e-17
0.05 0.05 0.05 0.045 -0.025 0.005 -0.572061 0.415627 0.572061 -0.415627
0.05 0.05 0.05 0.045 -0.025 0.005 0.218508 -0.672498 -0.218508 0.672499
0.05 0.05 0.05 0.045 -0.025 0.005 -0.218508 -0.672498 0.218508 0.672499
0.05 0.05 0.05 0.045 -0.025 0.005 -0.572061 -0.415627 0.572061 0.415627
0.05 0.05 0.05 -0.045 -0.025 0.005 0.707107 -4.32978e-17 0.707107 -4.32978e-17
0.05 0.05 0.05 -0.045 -0.025 0.005 0.572061 -0.415627 0.572061 -0.415627
0.05 0.05 0.05 -0.045 -0.025 0.005 -0.218508 0.672498 -0.218508 0.672499
0.05 0.05 0.05 -0.045 -0.025 0.005 0.218508 0.672498 0.218508 0.672499
0.05 0.05 0.05 -0.045 -0.025 0.005 0.572061 0.415627 0.572061 0.415627
0.05 0.05 0.05 0.045 -0.025 0.015 -0.707107 4.32978e-17 0.707107 -4.32978e-17
0.05 0.05 0.05 0.045 -0.025 0.015 -0.572061 0.415627 0.572061 -0.415627
0.05 0.05 0.05 0.045 -0.025 0.015 0.218508 -0.672498 -0.218508 0.672499
0.05 0.05 0.05 0.045 -0.025 0.015 -0.218508 -0.672498 0.218508 0.672499
0.05 0.05 0.05 0.045 -0.025 0.015 -0.572061 -0.415627 0.572061 0.415627
0.05 0.05 0.05 -0.045 -0.025 0.015 0.707107 -4.32978e-17 0.707107 -4.32978e-17
0.05 0.05 0.05 -0.045 -0.025 0.015 0.572061 -0.415627 0.572061 -0.415627
0.05 0.05 0.05 -0.045 -0.025 0.015 -0.218508 0.672498 -0.218508 0.672499
0.05 0.05 0.05 -0.045 -0.025 0.015 0.218508 0.672498 0.218508 0.672499
0.05 0.05 0.05 -0.045 -0.025 0.015 0.572061 0.415627 0.572061 0.415627
0.05 0.05 0.05 0.045 -0.025 0.025 -0.707107 4.32978e-17 0.707107 -4.32978e-17
0.05 0.05 0.05 0.045 -0.025 0.025 -0.572061 0.415627 0.572061 -0.415627
0.05 0.05 0.05 0.045 -0.025 0.025 0.218508 -0.672498 -0.218508 0.672499
0.05 0.05 0.05 0.045 -0.025 0.025 -0.218508 -0.672498 0.218508 0.672499
0.05 0.05 0.05 0.045 -0.025 0.025 -0.572061 -0.415627 0.572061 0.415627
0.05 0.05 0.05 -0.045 -0.025 0.025 0.707107 -4.32978e-17 0.707107 -4.32978e-17
0.05 0.05 0.05 -0.045 -0.025 0.025 0.572061 -0.415627 0.572061 -0.415627
0.05 0.05 0.05 -0.045 -0.025 0.025 -0.218508 0.672498 -0.218508 0.672499
0.05 0.05 0.05 -0.045 -0.025 0.025 0.218508 0.672498 0.218508 0.672499
0.05 0.05 0.05 -0.045 -0.025 0.025 0.572061 0.415627 0.572061 0.415627
0.05 0.05 0.05 0.045 -0.015 -0.025 -0.707107 4.32978e-17 0.707107 -4.32978e-17
0.05 0.05 0.05 0.045 -0.015 -0.025 -0.572061 0.415627 0.572061 -0.415627
0.05 0.05 0.05 0.045 -0.015 -0.025 0.218508 -0.672498 -0.218508 0.672499
0.05 0.05 0.05 0.045 -0.015 -0.025 -0.218508 -0.672498 0.218508 0.672499
0.05 0.05 0.05 0.045 -0.015 -0.025 -0.572061 -0.415627 0.572061 0.415627
0.05 0.05 0.05 -0.045 -0.015 -0.025 0.707107 -4.32978e-17 0.707107 -4.32978e-17
0.05 0.05 0.05 -0.045 -0.015 -0.025 0.572061 -0.415627 0.572061 -0.415627
0.05 0.05 0.05 -0.045 -0.015 -0.025 -0.218508 0.672498 -0.218508 0.672499
0.05 0.05 0.05 -0.045 -0.015 -0.025 0.218508 0.672498 0.218508 0.672499
0.05 0.05 0.05 -0.045 -0.015 -0.025 0.572061 0.415627 0.572061 0.415627
0.05 0.05 0.05 0.045 -0.015 -0.015 -0.707107 4.32978e-17 0.707107 -4.32978e-17
0.05 0.05 0.05 0.045 -0.015 -0.015 -0.572061 0.415627 0.572061 -0.415627
0.05 0.05 0.05 0.045 -0.015 -0.015 0.218508 -0.672498 -0.218508 0.672499
0.05 0.05 0.05 0.045 -0.015 -0.015 -0.218508 -0.672498 0.218508 0.672499
0.05 0.05 0.05 0.045 -0.015 -0.015 -0.572061 -0.415627 0.572061 0.415627
0.05 0.05 0.05 -0.045 -0.015 -0.015 0.707107 -4.32978e-17 0.707107 -4.32978e-17
0.05 0.05 0.05 -0.045 -0.015 -0.015 0.572061 -0.415627 0.572061 -0.415627
0.05 0.05 0.05 -0.045 -0.015 -0.015 -0.218508 0.672498 -0.218508 0.672499
0.05 0.05 0.05 -0.045 -0.015 -0.015 0.218508 0.672498 0.218508 0.672499
0.05 0.05 0.05 -0.045 -0.015 -0.015 0.572061 0.415627 0.572061 0.415627
0.05 0.05 0.05 0.045 -0.015 -0.005 -0.707107 4.32978e-17 0.707107 -4.32978e-17
0.05 0.05 0.05 0.045 -0.015 -0.005 -0.572061 0.415627 0.572061 -0.415627
0.05 0.05 0.05 0.045 -0.015 -0.005 0.218508 -0.672498 -0.218508 0.672499
0.05 0.05 0.05 0.045 -0.015 -0.005 -0.218508 -0.672498 0.218508 0.672499
0.05 0.05 0.05 0.045 -0.015 -0.005 -0.572061 -0.415627 0.572061 0.415627
0.05 0.05 0.05 -0.045 -0.015 -0.005 0.707107 -4.32978e-17 0.707107 -4.32978e-17
0.05 0.05 0.05 -0.045 -0.015 -0.005 0.572061 -0.415627 0.572061 -0.415627
0.05 0.05 0.05 -0.045 -0.015 -0.005 -0.218508 0.672498 -0.218508 0.672499
0.05 0.05 0.05 -0.045 -0.015 -0.005 0.218508 0.672498 0.218508 0.672499
0.05 0.05 0.05 -0.045 -0.015 -0.005 0.572061 0.415627 0.572061 0.415627
0.05 0.05 0.05 0.045 -0.015 0.005 -0.707107 4.32978e-17 0.707107 -4.32978e-17
0.05 0.05 0.05 0.045 -0.015 0.005 -0.572061 0.415627 0.572061 -0.415627
0.05 0.05 0.05 0.045 -0.015 0.005 0.218508 -0.672498 -0.218508 0.672499
0.05 0.05 0.05 0.045 -0.015 0.005 -0.218508 -0.672498 0.218508 0.672499
0.05 0.05 0.05 0.045 -0.015 0.005 -0.572061 -0.415627 0.572061 0.415627
0.05 0.05 0.05 -0.045 -0.015 0.005 0.707107 -4.32978e-17 0.707107 -4.32978e-17
0.05 0.05 0.05 -0.045 -0.015 0.005 0.572061 -0.415627 0.572061 -0.415627
0.05 0.05 0.05 -0.045 -0.015 0.005 -0.218508 0.672498 -0.218508 0.672499
0.05 0.05 0.05 -0.045 -0.015 0.005 0.218508 0.672498 0.218508 0.672499
0.05 0.05 0.05 -0.045 -0.015 0.005 0.572061 0.415627 0.572061 0.415627
0.05 0.05 0.05 0.045 -0.015 0.015 -0.707107 4.32978e-17 0.707107 -4.32978e-17
0.05 0.05 0.05 0.045 -0.015 0.015 -0.572061 0.415627 0.572061 -0.415627
0.05 0.05 0.05 0.045 -0.015 0.015 0.218508 -0.672498 -0.218508 0.672499
0.05 0.05 0.05 0.045 -0.015 0.015 -0.218508 -0.672498 0.218508 0.672499
0.05 0.05 0.05 0.045 -0.015 0.015 -0.572061 -0.415627 0.572061 0.415627
0.05 0.05 0.05 -0.045 -0.015 0.015 0.707107 -4.32978e-17 0.707107 -4.32978e-17
0.05 0.05 0.05 -0.045 -0.015 0.015 0.572061 -0.415627 0.572061 -0.415627
0.05 0.05 0.05 -0.045 -0.015 0.015 -0.218508 0.672498 -0.218508 0.672499
0.05 0.05 0.05 -0.045 -0.015 0.015 0.218508 0.672498 0.218508 0.672499
0.05 0.05 0.05 -0.045 -0.015 0.015 0.572061 0.415627 0.572061 0.415627
0.05 0.05 0.05 0.045 -0.015 0.025 -0.707107 4.32978e-17 0.707107 -4.32978e-17
0.05 0.05 0.05 0.045 -0.015 0.025 -0.572061 0.415627 0.572061 -0.415627
0.05 0.05 0.05 0.045 -0.015 0.025 0.218508 -0.672498 -0.218508 0.672499
0.05 0.05 0.05 0.045 -0.015 0.025 -0.218508 -0.672498 0.218508 0.672499
0.05 0.05 0.05 0.045 -0.015 0.025 -0.572061 -0.415627 0.572061 0.415627
0.05 0.05 0.05 -0.045 -0.015 0.025 0.707107 -4.32978e-17 0.707107 -4.32978e-17
0.05 0.05 0.05 -0.045 -0.015 0.025 0.572061 -0.415627 0.572061 -0.415627
0.05 0.05 0.05 -0.045 -0.015 0.025 -0.218508 0.672498 -0.218508 0.672499
0.05 0.05 0.05 -0.045 -0.015 0.025 0.218508 0.672498 0.218508 0.672499
0.05 0.05 0.05 -0.045 -0.015 0.025 0.572061 0.415627 0.572061 0.415627
0.05 0.05 0.05 0.045 -0.005 -0.025 -0.707107 4.32978e-17 0.707107 -4.32978e-17
0.05 0.05 0.05 0.045 -0.005 -0.025 -0.572061 0.415627 0.572061 -0.415627
0.05 0.05 0.05 0.045 -0.005 -0.025 0.218508 -0.672498 -0.218508 0.672499
0.05 0.05 0.05 0.045 -0.005 -0.025 -0.218508 -0.672498 0.218508 0.672499
0.05 0.05 0.05 0.045 -0.005 -0.025 -0.572061 -0.415627 0.572061 0.415627
0.05 0.05 0.05 -0.045 -0.005 -0.025 0.707107 -4.32978e-17 0.707107 -4.32978e-17
0.05 0.05 0.05 -0.045 -0.005 -0.025 0.572061 -0.415627 0.572061 -0.415627
0.05 0.05 0.05 -0.045 -0.005 -0.025 -0.218508 0.672498 -0.218508 0.672499
0.05 0.05 0.05 -0.045 -0.005 -0.025 0.218508 0.672498 0.218508 0.672499
0.05 0.05 0.05 -0.045 -0.005 -0.025 0.572061 0.415627 0.572061 0.415627
0.05 0.05 0.05 0.045 -0.005 -0.015 -0.707107 4.32978e-17 0.707107 -4.32978e-17
0.05 0.05 0.05 0.045 -0.005 -0.015 -0.572061 0.415627 0.572061 -0.415627
0.05 0.05 0.05 0.045 -0.005 -0.015 0.218508 -0.672498 -0.218508 0.672499
0.05 0.05 0.05 0.045 -0.005 -0.015 -0.218508 -0.672498 0.218508 0.672499
0.05 0.05 0.05 0.045 -0.005 -0.015 -0.572061 -0.415627 0.572061 0.415627
0.05 0.05 0.05 -0.045 -0.005 -0.015 0.707107 -4.32978e-17 0.707107 -4.32978e-17
0.05 0.05 0.05 -0.045 -0.005 -0.015 0.572061 -0.415627 0.572061 -0.415627
0.05 0.05 0.05 -0.045 -0.005 -0.015 -0.218508 0.672498 -0.218508 0.672499
0.05 0.05 0.05 -0.045 -0.005 -0.015 0.218508 0.672498 0.218508 0.672499
0.05 0.05 0.05 -0.045 -0.005 -0.015 0.572061 0.415627 0.572061 0.415627
0.05 0.05 0.05 0.045 -0.005 -0.005 -0.707107 4.32978e-17 0.707107 -4.32978e-17
0.05 0.05 0.05 0.045 -0.005 -0.005 -0.572061 0.415627 0.572061 -0.415627
0.05 0.05 0.05 0.045 -0.005 -0.005 0.218508 -0.672498 -0.218508 0.672499
0.05 0.05 0.05 0.045 -0.005 -0.005 -0.218508 -0.672498 0.218508 0.672499
0.05 0.05 0.05 0.045 -0.005 -0.005 -0.572061 -0.415627 0.572061 0.415627
0.05 0.05 0.05 -0.045 -0.005 -0.005 0.707107 -4.32978e-17 0.707107 -4.32978e-17
0.05 0.05 0.05 -0.045 -0.005 -0.005 0.572061 -0.415627 0.572061 -0.415627
0.05 0.05 0.05 -0.045 -0.005 -0.005 -0.218508 0.672498 -0.218508 0.672499
0.05 0.05 0.05 -0.045 -0.005 -0.005 0.218508 0.672498 0.218508 0.672499
0.05 0.05 0.05 -0.045 -0.005 -0.005 0.572061 0.415627 0.572061 0.415627
0.05 0.05 0.05 0.045 -0.005 0.005 -0.707107 4.32978e-17 0.707107 -4.32978e-17
0.05 0.05 0.05 0.045 -0.005 0.005 -0.572061 0.415627 0.572061 -0.415627
0.05 0.05 0.05 0.045 -0.005 0.005 0.218508 -0.672498 -0.218508 0.672499
0.05 0.05 0.05 0.045 -0.005 0.005 -0.218508 -0.672498 0.218508 0.672499
0.05 0.05 0.05 0.045 -0.005 0.005 -0.572061 -0.415627 0.572061 0.415627
0.05 0.05 0.05 -0.045 -0.005 0.005 0.707107 -4.32978e-17 0.707107 -4.32978e-17
0.05 0.05 0.05 -0.045 -0.005 0.005 0.572061 -0.415627 0.572061 -0.415627
0.05 0.05 0.05 -0.045 -0.005 0.005 -0.218508 0.672498 -0.218508 0.672499
0.05 0.05 0.05 -0.045 -0.005 0.005 0.218508 0.672498 0.218508 0.672499
0.05 0.05 0.05 -0.045 -0.005 0.005 0.572061 0.415627 0.572061 0.415627
0.05 0.05 0.05 0.045 -0.005 0.015 -0.707107 4.32978e-17 0.707107 -4.32978e-17
0.05 0.05 0.05 0.045 -0.005 0.015 -0.572061 0.415627 0.572061 -0.415627
0.05 0.05 0.05 0.045 -0.005 0.015 0.218508 -0.672498 -0.218508 0.672499
0.05 0.05 0.05 0.045 -0.005 0.015 -0.218508 -0.672498 0.218508 0.672499
0.05 0.05 0.05 0.045 -0.005 0.015 -0.572061 -0.415627 0.572061 0.415627
0.05 0.05 0.05 -0.045 -0.005 0.015 0.707107 -4.32978e-17 0.707107 -4.32978e-17
0.05 0.05 0.05 -0.045 -0.005 0.015 0.572061 -0.415627 0.572061 -0.415627
0.05 0.05 0.05 -0.045 -0.005 0.015 -0.218508 0.672498 -0.218508 0.672499
0.05 0.05 0.05 -0.045 -0.005 0.015 0.218508 0.672498 0.218508 0.672499
0.05 0.05 0.05 -0.045 -0.005 0.015 0.572061 0.415627 0.572061 0.415627
0.05 0.05 0.05 0.045 -0.005 0.025 -0.707107 4.32978e-17 0.707107 -4.32978e-17
0.05 0.05 0.05 0.045 -0.005 0.025 -0.572061 0.415627 0.572061 -0.415627
0.05 0.05 0.05 0.045 -0.005 0.025 0.218508 -0.672498 -0.218508 0.672499
0.05 0.05 0.05 0.045 -0.005 0.025 -0.218508 -0.672498 0.218508 0.672499
0.05 0.05 0.05 0.045 -0.005 0.025 -0.572061 -0.415627 0.572061 0.415627
0.05 0.05 0.05 -0.045 -0.005 0.025 0.707107 -4.32978e-17 0.707107 -4.32978e-17
0.05 0.05 0.05 -0.045 -0.005 0.025 0.572061 -0.415627 0.572061 -0.415627
0.05 0.05 0.05 -0.045 -0.005 0.025 -0.218508 0.672498 -0.218508 0.672499
0.05 0.05 0.05 -0.045 -0.005 0.025 0.218508 0.672498 0.218508 0.672499
0.05 0.05 0.05 -0.045 -0.005 0.025 0.572061 0.415627 0.572061 0.415627
0.05 0.05 0.05 0.045 0.005 -0.025 -0.707107 4.32978e-17 0.707107 -4.32978e-17
0.05 0.05 0.05 0.045 0.005 -0.025 -0.572061 0.415627 0.572061 -0.415627
0.05 0.05 0.05 0.045 0.005 -0.025 0.218508 -0.672498 -0.218508 0.672499
0.05 0.05 0.05 0.045 0.005 -0.025 -0.218508 -0.672498 0.218508 0.672499
0.05 0.05 0.05 0.045 0.005 -0.025 -0.572061 -0.415627 0.572061 0.415627
0.05 0.05 0.05 -0.045 0.005 -0.025 0.707107 -4.32978e-17 0.707107 -4.32978e-17
0.05 0.05 0.05 -0.045 0.005 -0.025 0.572061 -0.415627 0.572061 -0.415627
0.05 0.05 0.05 -0.045 0.005 -0.025 -0.218508 0.672498 -0.218508 0.672499
0.05 0.05 0.05 -0.045 0.005 -0.025 0.218508 0.672498 0.218508 0.672499
0.05 0.05 0.05 -0.045 0.005 -0.025 0.572061 0.415627 0.572061 0.415627
0.05 0.05 0.05 0.045 0.005 -0.015 -0.707107 4.32978e-17 0.707107 -4.32978e-17
0.05 0.05 0.05 0.045 0.005 -0.015 -0.572061 0.415627 0.572061 -0.415627
0.05 0.05 0.05 0.045 0.005 -0.015 0.218508 -0.672498 -0.218508 0.672499
0.05 0.05 0.05 0.045 0.005 -0.015 -0.218508 -0.672498 0.218508 0.672499
0.05 0.05 0.05 0.045 0.005 -0.015 -0.572061 -0.415627 0.572061 0.415627
0.05 0.05 0.05 -0.045 0.005 -0.015 0.707107 -4.32978e-17 0.707107 -4.32978e-17
0.05 0.05 0.05 -0.045 0.005 -0.015 0.572061 -0.415627 0.572061 -0.415627
0.05 0.05 0.05 -0.045 0.005 -0.015 -0.218508 0.672498 -0.218508 0.672499
0.05 0.05 0.05 -0.045 0.005 -0.015 0.218508 0.672498 0.218508 0.672499
0.05 0.05 0.05 -0.045 0.005 -0.015 0.572061 0.415627 0.572061 0.415627
0.05 0.05 0.05 0.045 0.005 -0.005 -0.707107 4.32978e-17 0.707107 -4.32978e-17
0.05 0.05 0.05 0.045 0.005 -0.005 -0.572061 0.415627 0.572061 -0.415627
0.05 0.05 0.05 0.045 0.005 -0.005 0.218508 -0.672498 -0.218508 0.672499
0.05 0.05 0.05 0.045 0.005 -0.005 -0.218508 -0.672498 0.218508 0.672499
0.05 0.05 0.05 0.045 0.005 -0.005 -0.572061 -0.415627 0.572061 0.415627
0.05 0.05 0.05 -0.045 0.005 -0.005 0.707107 -4.32978e-17 0.707107 -4.32978e-17
0.05 0.05 0.05 -0.045 0.005 -0.005 0.572061 -0.415627 0.572061 -0.415627
0.05 0.05 0.05 -0.045 0.005 -0.005 -0.218508 0.672498 -0.218508 0.672499
0.05 0.05 0.05 -0.045 0.005 -0.005 0.218508 0.672498 0.218508 0.672499
0.05 0.05 0.05 -0.045 0.005 -0.005 0.572061 0.415627 0.572061 0.415627
0.05 0.05 0.05 0.045 0.005 0.005 -0.707107 4.32978e-17 0.707107 -4.32978e-17
0.05 0.05 0.05 0.045 0.005 0.005 -0.572061 0.415627 0.572061 -0.415627
0.05 0.05 0.05 0.045 0.005 0.005 0.218508 -0.672498 -0.218508 0.672499
0.05 0.05 0.05 0.045 0.005 0.005 -0.218508 -0.672498 0.218508 0.672499
0.05 0.05 0.05 0.045 0.005 0.005 -0.572061 -0.415627 0.572061 0.415627
0.05 0.05 0.05 -0.045 0.005 0.005 0.707107 -4.32978e-17 0.707107 -4.32978e-17
0.05 0.05 0.05 -0.045 0.005 0.005 0.572061 -0.415627 0.572061 -0.415627
0.05 0.05 0.05 -0.045 0.005 0.005 -0.218508 0.672498 -0.218508 0.672499
0.05 0.05 0.05 -0.045 0.005 0.005 0.218508 0.672498 0.218508 0.672499
0.05 0.05 0.05 -0.045 0.005 0.005 0.572061 0.415627 0.572061 0.415627
0.05 0.05 0.05 0.045 0.005 0.015 -0.707107 4.32978e-17 0.707107 -4.32978e-17
0.05 0.05 0.05 0.045 0.005 0.015 -0.572061 0.415627 0.572061 -0.415627
0.05 0.05 0.05 0.045 0.005 0.015 0.218508 -0.672498 -0.218508 0.672499
0.05 0.05 0.05 0.045 0.005 0.015 -0.218508 -0.672498 0.218508 0.672499
0.05 0.05 0.05 0.045 0.005 0.015 -0.572061 -0.415627 0.572061 0.415627
0.05 0.05 0.05 -0.045 0.005 0.015 0.707107 -4.32978e-17 0.707107 -4.32978e-17
0.05 0.05 0.05 -0.045 0.005 0.015 0.572061 -0.415627 0.572061 -0.415627
0.05 0.05 0.05 -0.045 0.005 0.015 -0.218508 0.672498 -0.218508 0.672499
0.05 0.05 0.05 -0.045 0.005 0.015 0.218508 0.672498 0.218508 0.672499
0.05 0.05 0.05 -0.045 0.005 0.015 0.572061 0.415627 0.572061 0.415627
0.05 0.05 0.05 0.045 0.005 0.025 -0.707107 4.32978e-17 0.707107 -4.32978e-17
0.05 0.05 0.05 0.045 0.005 0.025 -0.572061 0.415627 0.572061 -0.415627
0.05 0.05 0.05 0.045 0.005 0.025 0.218508 -0.672498 -0.218508 0.672499
0.05 0.05 0.05 0.045 0.005 0.025 -0.218508 -0.672498 0.218508 0.672499
0.05 0.05 0.05 0.045 0.005 0.025 -0.572061 -0.415627 0.572061 0.415627
0.05 0.05 0.05 -0.045 0.005 0.025 0.707107 -4.32978e-17 0.707107 -4.32978e-17
0.05 0.05 0.05 -0.045 0.005 0.025 0.572061 -0.415627 0.572061 -0.415627
0.05 0.05 0.05 -0.045 0.005 0.025 -0.218508 0.672498 -0.218508 0.672499
0.05 0.05 0.05 -0.045 0.005 0.025 0.218508 0.672498 0.218508 0.672499
0.05 0.05 0.05 -0.045 0.005 0.025 0.572061 0.415627 0.572061 0.415627
0.05 0.05 0.05 0.045 0.015 -0.025 -0.707107 4.32978e-17 0.707107 -4.32978e-17
0.05 0.05 0.05 0.045 0.015 -0.025 -0.572061 0.415627 0.572061 -0.415627
0.05 0.05 0.05 0.045 0.015 -0.025 0.218508 -0.672498 -0.218508 0.672499
0.05 0.05 0.05 0.045 0.015 -0.025 -0.218508 -0.672498 0.218508 0.672499
0.05 0.05 0.05 0.045 0.015 -0.025 -0.572061 -0.415627 0.572061 0.415627
0.05 0.05 0.05 -0.045 0.015 -0.025 0.707107 -4.32978e-17 0.707107 -4.32978e-17
0.05 0.05 0.05 -0.045 0.015 -0.025 0.572061 -0.415627 0.572061 -0.415627
0.05 0.05 0.05 -0.045 0.015 -0.025 -0.218508 0.672498 -0.218508 0.672499
0.05 0.05 0.05 -0.045 0.015 -0.025 0.218508 0.672498 0.218508 0.672499
0.05 0.05 0.05 -0.045 0.015 -0.025 0.572061 0.415627 0.572061 0.415627
0.05 0.05 0.05 0.045 0.015 -0.015 -0.707107 4.32978e-17 0.707107 -4.32978e-17
0.05 0.05 0.05 0.045 0.015 -0.015 -0.572061 0.415627 0.572061 -0.415627
0.05 0.05 0.05 0.045 0.015 -0.015 0.218508 -0.672498 -0.218508 0.672499
0.05 0.05 0.05 0.045 0.015 -0.015 -0.218508 -0.672498 0.218508 0.672499
0.05 0.05 0.05 0.045 0.015 -0.015 -0.572061 -0.415627 0.572061 0.415627
0.05 0.05 0.05 -0.045 0.015 -0.015 0.707107 -4.32978e-17 0.707107 -4.32978e-17
0.05 0.05 0.05 -0.045 0.015 -0.015 0.572061 -0.415627 0.572061 -0.415627
0.05 0.05 0.05 -0.045 0.015 -0.015 -0.218508 0.672498 -0.218508 0.672499
0.05 0.05 0.05 -0.045 0.015 -0.015 0.218508 0.672498 0.218508 0.672499
0.05 0.05 0.05 -0.045 0.015 -0.015 0.572061 0.415627 0.572061 0.415627
0.05 0.05 0.05 0.045 0.015 -0.005 -0.707107 4.32978e-17 0.707107 -4.32978e-17
0.05 0.05 0.05 0.045 0.015 -0.005 -0.572061 0.415627 0.572061 -0.415627
0.05 0.05 0.05 0.045 0.015 -0.005 0.218508 -0.672498 -0.218508 0.672499
0.05 0.05 0.05 0.045 0.015 -0.005 -0.218508 -0.672498 0.218508 0.672499
0.05 0.05 0.05 0.045 0.015 -0.005 -0.572061 -0.415627 0.572061 0.415627
0.05 0.05 0.05 -0.045 0.015 -0.005 0.707107 -4.32978e-17 0.707107 -4.32978e-17
0.05 0.05 0.05 -0.045 0.015 -0.005 0.572061 -0.415627 0.572061 -0.415627
0.05 0.05 0.05 -0.045 0.015 -0.005 -0.218508 0.672498 -0.218508 0.672499
0.05 0.05 0.05 -0.045 0.015 -0.005 0.218508 0.672498 0.218508 0.672499
0.05 0.05 0.05 -0.045 0.015 -0.005 0.572061 0.415627 0.572061 0.415627
0.05 0.05 0.05 0.045 0.015 0.005 -0.707107 4.32978e-17 0.707107 -4.32978e-17
0.05 0.05 0.05 0.045 0.015 0.005 -0.572061 0.415627 0.572061 -0.415627
0.05 0.05 0.05 0.045 0.015 0.005 0.218508 -0.672498 -0.218508 0.672499
0.05 0.05 0.05 0.045 0.015 0.005 -0.218508 -0.672498 0.218508 0.672499
0.05 0.05 0.05 0.045 0.015 0.005 -0.572061 -0.415627 0.572061 0.415627
0.05 0.05 0.05 -0.045 0.015 0.005 0.707107 -4.32978e-17 0.707107 -4.32978e-17
0.05 0.05 0.05 -0.045 0.015 0.005 0.572061 -0.415627 0.572061 -0.415627
0.05 0.05 0.05 -0.045 0.015 0.005 -0.218508 0.672498 -0.218508 0.672499
0.05 0.05 0.05 -0.045 0.015 0.005 0.218508 0.672498 0.218508 0.672499
0.05 0.05 0.05 -0.045 0.015 0.005 0.572061 0.415627 0.572061 0.415627
0.05 0.05 0.05 0.045 0.015 0.015 -0.707107 4.32978e-17 0.707107 -4.32978e-17
0.05 0.05 0.05 0.045 0.015 0.015 -0.572061 0.415627 0.572061 -0.415627
0.05 0.05 0.05 0.045 0.015 0.015 0.218508 -0.672498 -0.218508 0.672499
0.05 0.05 0.05 0.045 0.015 0.015 -0.218508 -0.672498 0.218508 0.672499
0.05 0.05 0.05 0.045 0.015 0.015 -0.572061 -0.415627 0.572061 0.415627
0.05 0.05 0.05 -0.045 0.015 0.015 0.707107 -4.32978e-17 0.707107 -4.32978e-17
0.05 0.05 0.05 -0.045 0.015 0.015 0.572061 -0.415627 0.572061 -0.415627
0.05 0.05 0.05 -0.045 0.015 0.015 -0.218508 0.672498 -0.218508 0.672499
0.05 0.05 0.05 -0.045 0.015 0.015 0.218508 0.672498 0.218508 0.672499
0.05 0.05 0.05 -0.045 0.015 0.015 0.572061 0.415627 0.572061 0.415627
0.05 0.05 0.05 0.045 0.015 0.025 -0.707107 4.32978e-17 0.707107 -4.32978e-17
0.05 0.05 0.05 0.045 0.015 0.025 -0.572061 0.415627 0.572061 -0.415627
0.05 0.05 0.05 0.045 0.015 0.025 0.218508 -0.672498 -0.218508 0.672499
0.05 0.05 0.05 0.045 0.015 0.025 -0.218508 -0.672498 0.218508 0.672499
0.05 0.05 0.05 0.045 0.015 0.025 -0.572061 -0.415627 0.572061 0.415627
0.05 0.05 0.05 -0.045 0.015 0.025 0.707107 -4.32978e-17 0.707107 -4.32978e-17
0.05 0.05 0.05 -0.045 0.015 0.025 0.572061 -0.415627 0.572061 -0.415627
0.05 0.05 0.05 -0.045 0.015 0.025 -0.218508 0.672498 -0.218508 0.672499
0.05 0.05 0.05 -0.045 0.015 0.025 0.218508 0.672498 0.218508 0.672499
0.05 0.05 0.05 -0.045 0.015 0.025 0.572061 0.415627 0.572061 0.415627
0.05 0.05 0.05 0.045 0.025 -0.025 -0.707107 4.32978e-17 0.707107 -4.32978e-17
0.05 0.05 0.05 0.045 0.025 -0.025 -0.572061 0.415627 0.572061 -0.415627
0.05 0.05 0.05 0.045 0.025 -0.025 0.218508 -0.672498 -0.218508 0.672499
0.05 0.05 0.05 0.045 0.025 -0.025 -0.218508 -0.672498 0.218508 0.672499
0.05 0.05 0.05 0.045 0.025 -0.025 -0.572061 -0.415627 0.572061 0.415627
0.05 0.05 0.05 -0.045 0.025 -0.025 0.707107 -4.32978e-17 0.707107 -4.32978e-17
0.05 0.05 0.05 -0.045 0.025 -0.025 0.572061 -0.415627 0.572061 -0.415627
0.05 0.05 0.05 -0.045 0.025 -0.025 -0.218508 0.672498 -0.218508 0.672499
0.05 0.05 0.05 -0.045 0.025 -0.025 0.218508 0.672498 0.218508 0.672499
0.05 0.05 0.05 -0.045 0.025 -0.025 0.572061 0.415627 0.572061 0.415627
0.05 0.05 0.05 0.045 0.025 -0.015 -0.707107 4.32978e-17 0.707107 -4.32978e-17
0.05 0.05 0.05 0.045 0.025 -0.015 -0.572061 0.415627 0.572061 -0.415627
0.05 0.05 0.05 0.045 0.025 -0.015 0.218508 -0.672498 -0.218508 0.672499
0.05 0.05 0.05 0.045 0.025 -0.015 -0.218508 -0.672498 0.218508 0.672499
0.05 0.05 0.05 0.045 0.025 -0.015 -0.572061 -0.415627 0.572061 0.415627
0.05 0.05 0.05 -0.045 0.025 -0.015 0.707107 -4.32978e-17 0.707107 -4.32978e-17
0.05 0.05 0.05 -0.045 0.025 -0.015 0.572061 -0.415627 0.572061 -0.415627
0.05 0.05 0.05 -0.045 0.025 -0.015 -0.218508 0.672498 -0.218508 0.672499
0.05 0.05 0.05 -0.045 0.025 -0.015 0.218508 0.672498 0.218508 0.672499
0.05 0.05 0.05 -0.045 0.025 -0.015 0.572061 0.415627 0.572061 0.415627
0.05 0.05 0.05 0.045 0.025 -0.005 -0.707107 4.32978e-17 0.707107 -4.32978e-17
0.05 0.05 0.05 0.045 0.025 -0.005 -0.572061 0.415627 0.572061 -0.415627
0.05 0.05 0.05 0.045 0.025 -0.005 0.218508 -0.672498 -0.218508 0.672499
0.05 0.05 0.05 0.045 0.025 -0.005 -0.218508 -0.672498 0.218508 0.672499
0.05 0.05 0.05 0.045 0.025 -0.005 -0.572061 -0.415627 0.572061 0.415627
0.05 0.05 0.05 -0.045 0.025 -0.005 0.707107 -4.32978e-17 0.707107 -4.32978e-17
0.05 0.05 0.05 -0.045 0.025 -0.005 0.572061 -0.415627 0.572061 -0.415627
0.05 0.05 0.05 -0.045 0.025 -0.005 -0.218508 0.672498 -0.218508 0.672499
0.05 0.05 0.05 -0.045 0.025 -0.005 0.218508 0.672498 0.218508 0.672499
0.05 0.05 0.05 -0.045 0.025 -0.005 0.572061 0.415627 0.572061 0.415627
0.05 0.05 0.05 0.045 0.025 0.005 -0.707107 4.32978e-17 0.707107 -4.32978e-17
0.05 0.05 0.05 0.045 0.025 0.005 -0.572061 0.415627 0.572061 -0.415627
0.05 0.05 0.05 0.045 0.025 0.005 0.218508 -0.672498 -0.218508 0.672499
0.05 0.05 0.05 0.045 0.025 0.005 -0.218508 -0.672498 0.218508 0.672499
0.05 0.05 0.05 0.045 0.025 0.005 -0.572061 -0.415627 0.572061 0.415627
0.05 0.05 0.05 -0.045 0.025 0.005 0.707107 -4.32978e-17 0.707107 -4.32978e-17
0.05 0.05 0.05 -0.045 0.025 0.005 0.572061 -0.415627 0.572061 -0.415627
0.05 0.05 0.05 -0.045 0.025 0.005 -0.218508 0.672498 -0.218508 0.672499
0.05 0.05 0.05 -0.045 0.025 0.005 0.218508 0.672498 0.218508 0.672499
0.05 0.05 0.05 -0.045 0.025 0.005 0.572061 0.415627 0.572061 0.415627
0.05 0.05 0.05 0.045 0.025 0.015 -0.707107 4.32978e-17 0.707107 -4.32978e-17
0.05 0.05 0.05 0.045 0.025 0.015 -0.572061 0.415627 0.572061 -0.415627
0.05 0.05 0.05 0.045 0.025 0.015 0.218508 -0.672498 -0.218508 0.672499
0.05 0.05 0.05 0.045 0.025 0.015 -0.218508 -0.672498 0.218508 0.672499
0.05 0.05 0.05 0.045 0.025 0.015 -0.572061 -0.415627 0.572061 0.415627
0.05 0.05 0.05 -0.045 0.025 0.015 0.707107 -4.32978e-17 0.707107 -4.32978e-17
0.05 0.05 0.05 -0.045 0.025 0.015 0.572061 -0.415627 0.572061 -0.415627
0.05 0.05 0.05 -0.045 0.025 0.015 -0.218508 0.672498 -0.218508 0.672499
0.05 0.05 0.05 -0.045 0.025 0.015 0.218508 0.672498 0.218508 0.672499
0.05 0.05 0.05 -0.045 0.025 0.015 0.572061 0.415627 0.572061 0.415627
0.05 0.05 0.05 0.045 0.025 0.025 -0.707107 4.32978e-17 0.707107 -4.32978e-17
0.05 0.05 0.05 0.045 0.025 0.025 -0.572061 0.415627 0.572061 -0.415627
0.05 0.05 0.05 0.045 0.025 0.025 0.218508 -0.672498 -0.218508 0.672499
0.05 0.05 0.05 0.045 0.025 0.025 -0.218508 -0.672498 0.218508 0.672499
0.05 0.05 0.05 0.045 0.025 0.025 -0.572061 -0.415627 0.572061 0.415627
0.05 0.05 0.05 -0.045 0.025 0.025 0.707107 -4.32978e-17 0.707107 -4.32978e-17
0.05 0.05 0.05 -0.045 0.025 0.025 0.572061 -0.415627 0.572061 -0.415627
0.05 0.05 0.05 -0.045 0.025 0.025 -0.218508 0.672498 -0.218508 0.672499
0.05 0.05 0.05 -0.045 0.025 0.025 0.218508 0.672498 0.218508 0.672499
0.05 0.05 0.05 -0.045 0.025 0.025 0.572061 0.415627 0.572061 0.415627
0.05 0.05 0.05 -0.025 0.045 -0.025 -4.32978e-17 -0.707107 0.707107 -4.32978e-17
0.05 0.05 0.05 -0.025 0.045 -0.025 -0.415627 -0.572061 0.572061 -0.415627
0.05 0.05 0.05 -0.025 0.045 -0.025 0.672499 0.218508 -0.218508 0.672499
0.05 0.05 0.05 -0.025 0.045 -0.025 0.672499 -0.218508 0.218508 0.672499
0.05 0.05 0.05 -0.025 0.045 -0.025 0.415627 -0.572061 0.572061 0.415627
0.05 0.05 0.05 -0.025 -0.045 -0.025 4.32978e-17 0.707107 0.707107 -4.32978e-17
0.05 0.05 0.05 -0.025 -0.045 -0.025 0.415627 0.572061 0.572061 -0.415627
0.05 0.05 0.05 -0.025 -0.045 -0.025 -0.672499 -0.218508 -0.218508 0.672499
0.05 0.05 0.05 -0.025 -0.045 -0.025 -0.672499 0.218508 0.218508 0.672499
0.05 0.05 0.05 -0.025 -0.045 -0.025 -0.415627 0.572061 0.572061 0.415627
0.05 0.05 0.05 -0.025 0.045 -0.015 -4.32978e-17 -0.707107 0.707107 -4.32978e-17
0.05 0.05 0.05 -0.025 0.045 -0.015 -0.415627 -0.572061 0.572061 -0.415627
0.05 0.05 0.05 -0.025 0.045 -0.015 0.672499 0.218508 -0.218508 0.672499
0.05 0.05 0.05 -0.025 0.045 -0.015 0.672499 -0.218508 0.218508 0.672499
0.05 0.05 0.05 -0.025 0.045 -0.015 0.415627 -0.572061 0.572061 0.415627
0.05 0.05 0.05 -0.025 -0.045 -0.015 4.32978e-17 0.707107 0.707107 -4.32978e-17
0.05 0.05 0.05 -0.025 -0.045 -0.015 0.415627 0.572061 0.572061 -0.415627
0.05 0.05 0.05 -0.025 -0.045 -0.015 -0.672499 -0.218508 -0.218508 0.672499
0.05 0.05 0.05 -0.025 -0.045 -0.015 -0.672499 0.218508 0.218508 0.672499
0.05 0.05 0.05 -0.025 -0.045 -0.015 -0.415627 0.572061 0.572061 0.415627
0.05 0.05 0.05 -0.025 0.045 -0.005 -4.32978e-17 -0.707107 0.707107 -4.32978e-17
0.05 0.05 0.05 -0.025 0.045 -0.005 -0.415627 -0.572061 0.572061 -0.415627
0.05 0.05 0.05 -0.025 0.045 -0.005 0.672499 0.218508 -0.218508 0.672499
0.05 0.05 0.05 -0.025 0.045 -0.005 0.672499 -0.218508 0.218508 0.672499
0.05 0.05 0.05 -0.025 0.045 -0.005 0.415627 -0.572061 0.572061 0.415627
0.05 0.05 0.05 -0.025 -0.045 -0.005 4.32978e-17 0.707107 0.707107 -4.32978e-17
0.05 0.05 0.05 -0.025 -0.045 -0.005 0.415627 0.572061 0.572061 -0.415627
0.05 0.05 0.05 -0.025 -0.045 -0.005 -0.672499 -0.218508 -0.218508 0.672499
0.05 0.05 0.05 -0.025 -0.045 -0.005 -0.672499 0.218508 0.218508 0.672499
0.05 0.05 0.05 -0.025 -0.045 -0.005 -0.415627 0.572061 0.572061 0.415627
0.05 0.05 0.05 -0.025 0.045 0.005 -4.32978e-17 -0.707107 0.707107 -4.32978e-17
0.05 0.05 0.05 -0.025 0.045 0.005 -0.415627 -0.572061 0.572061 -0.415627
0.05 0.05 0.05 -0.025 0.045 0.005 0.672499 0.218508 -0.218508 0.672499
0.05 0.05 0.05 -0.025 0.045 0.005 0.672499 -0.218508 0.218508 0.672499
0.05 0.05 0.05 -0.025 0.045 0.005 0.415627 -0.572061 0.572061 0.415627
0.05 0.05 0.05 -0.025 -0.045 0.005 4.32978e-17 0.707107 0.707107 -4.32978e-17
0.05 0.05 0.05 -0.025 -0.045 0.005 0.415627 0.572061 0.572061 -0.415627
0.05 0.05 0.05 -0.025 -0.045 0.005 -0.672499 -0.218508 -0.218508 0.672499
0.05 0.05 0.05 -0.025 -0.045 0.005 -0.672499 0.218508 0.218508 0.672499
0.05 0.05 0.05 -0.025 -0.045 0.005 -0.415627 0.572061 0.572061 0.415627
0.05 0.05 0.05 -0.025 0.045 0.015 -4.32978e-17 -0.707107 0.707107 -4.32978e-17
0.05 0.05 0.05 -0.025 0.045 0.015 -0.415627 -0.572061 0.572061 -0.415627
0.05 0.05 0.05 -0.025 0.045 0.015 0.672499 0.218508 -0.218508 0.672499
0.05 0.05 0.05 -0.025 0.045 0.015 0.672499 -0.218508 0.218508 0.672499
0.05 0.05 0.05 -0.025 0.045 0.015 0.415627 -0.572061 0.572061 0.415627
0.05 0.05 0.05 -0.025 -0.045 0.015 4.32978e-17 0.707107 0.707107 -4.32978e-17
0.05 0.05 0.05 -0.025 -0.045 0.015 0.415627 0.572061 0.572061 -0.415627
0.05 0.05 0.05 -0.025 -0.045 0.015 -0.672499 -0.218508 -0.218508 0.672499
0.05 0.05 0.05 -0.025 -0.045 0.015 -0.672499 0.218508 0.218508 0.672499
0.05 0.05 0.05 -0.025 -0.045 0.015 -0.415627 0.572061 0.572061 0.415627
0.05 0.05 0.05 -0.025 0.045 0.025 -4.32978e-17 -0.707107 0.707107 -4.32978e-17
0.05 0.05 0.05 -0.025 0.045 0.025 -0.415627 -0.572061 0.572061 -0.415627
0.05 0.05 0.05 -0.025 0.045 0.025 0.672499 0.218508 -0.218508 0.672499
0.05 0.05 0.05 -0.025 0.045 0.025 0.672499 -0.218508 0.218508 0.672499
0.05 0.05 0.05 -0.025 0.045 0.025 0.415627 -0.572061 0.572061 0.415627
0.05 0.05 0.05 -0.025 -0.045 0.025 4.32978e-17 0.707107 0.707107 -4.32978e-17
0.05 0.05 0.05 -0.025 -0.045 0.025 0.415627 0.572061 0.572061 -0.415627
0.05 0.05 0.05 -0.025 -0.045 0.025 -0.672499 -0.218508 -0.218508 0.672499
0.05 0.05 0.05 -0.025 -0.045 0.025 -0.672499 0.218508 0.218508 0.672499
0.05 0.05 0.05 -0.025 -0.045 0.025 -0.415627 0.572061 0.572061 0.415627
0.05 0.05 0.05 -0.015 0.045 -0.025 -4.32978e-17 -0.707107 0.707107 -4.32978e-17
0.05 0.05 0.05 -0.015 0.045 -0.025 -0.415627 -0.572061 0.572061 -0.415627
0.05 0.05 0.05 -0.015 0.045 -0.025 0.672499 0.218508 -0.218508 0.672499
0.05 0.05 0.05 -0.015 0.045 -0.025 0.672499 -0.218508 0.218508 0.672499
0.05 0.05 0.05 -0.015 0.045 -0.025 0.415627 -0.572061 0.572061 0.415627
0.05 0.05 0.05 -0.015 -0.045 -0.025 4.32978e-17 0.707107 0.707107 -4.32978e-17
0.05 0.05 0.05 -0.015 -0.045 -0.025 0.415627 0.572061 0.572061 -0.415627
0.05 0.05 0.05 -0.015 -0.045 -0.025 -0.672499 -0.218508 -0.218508 0.672499
0.05 0.05 0.05 -0.015 -0.045 -0.025 -0.672499 0.218508 0.218508 0.672499
0.05 0.05 0.05 -0.015 -0.045 -0.025 -0.415627 0.572061 0.572061 0.415627
0.05 0.05 0.05 -0.015 0.045 -0.015 -4.32978e-17 -0.707107 0.707107 -4.32978e-17
0.05 0.05 0.05 -0.015 0.045 -0.015 -0.415627 -0.572061 0.572061 -0.415627
0.05 0.05 0.05 -0.015 0.045 -0.015 0.672499 0.218508 -0.218508 0.672499
0.05 0.05 0.05 -0.015 0.045 -0.015 0.672499 -0.218508 0.218508 0.672499
0.05 0.05 0.05 -0.015 0.045 -0.015 0.415627 -0.572061 0.572061 0.415627
0.05 0.05 0.05 -0.015 -0.045 -0.015 4.32978e-17 0.707107 0.707107 -4.32978e-17
0.05 0.05 0.05 -0.015 -0.045 -0.015 0.415627 0.572061 0.572061 -0.415627
0.05 0.05 0.05 -0.015 -0.045 -0.015 -0.672499 -0.218508 -0.218508 0.672499
0.05 0.05 0.05 -0.015 -0.045 -0.015 -0.672499 0.218508 0.218508 0.672499
0.05 0.05 0.05 -0.015 -0.045 -0.015 -0.415627 0.572061 0.572061 0.415627
0.05 0.05 0.05 -0.015 0.045 -0.005 -4.32978e-17 -0.707107 0.707107 -4.32978e-17
0.05 0.05 0.05 -0.015 0.045 -0.005 -0.415627 -0.572061 0.572061 -0.415627
0.05 0.05 0.05 -0.015 0.045 -0.005 0.672499 0.218508 -0.218508 0.672499
0.05 0.05 0.05 -0.015 0.045 -0.005 0.672499 -0.218508 0.218508 0.672499
0.05 0.05 0.05 -0.015 0.045 -0.005 0.415627 -0.572061 0.572061 0.415627
0.05 0.05 0.05 -0.015 -0.045 -0.005 4.32978e-17 0.707107 0.707107 -4.32978e-17
0.05 0.05 0.05 -0.015 -0.045 -0.005 0.415627 0.572061 0.572061 -0.415627
0.05 0.05 0.05 -0.015 -0.045 -0.005 -0.672499 -0.218508 -0.218508 0.672499
0.05 0.05 0.05 -0.015 -0.045 -0.005 -0.672499 0.218508 0.218508 0.672499
0.05 0.05 0.05 -0.015 -0.045 -0.005 -0.415627 0.572061 0.572061 0.415627
0.05 0.05 0.05 -0.015 0.045 0.005 -4.32978e-17 -0.707107 0.707107 -4.32978e-17
0.05 0.05 0.05 -0.015 0.045 0.005 -0.415627 -0.572061 0.572061 -0.415627
0.05 0.05 0.05 -0.015 0.045 0.005 0.672499 0.218508 -0.218508 0.672499
0.05 0.05 0.05 -0.015 0.045 0.005 0.672499 -0.218508 0.218508 0.672499
0.05 0.05 0.05 -0.015 0.045 0.005 0.415627 -0.572061 0.572061 0.415627
0.05 0.05 0.05 -0.015 -0.045 0.005 4.32978e-17 0.707107 0.707107 -4.32978e-17
0.05 0.05 0.05 -0.015 -0.045 0.005 0.415627 0.572061 0.572061 -0.415627
0.05 0.05 0.05 -0.015 -0.045 0.005 -0.672499 -0.218508 -0.218508 0.672499
0.05 0.05 0.05 -0.015 -0.045 0.005 -0.672499 0.218508 0.218508 0.672499
0.05 0.05 0.05 -0.015 -0.045 0.005 -0.415627 0.572061 0.572061 0.415627
0.05 0.05 0.05 -0.015 0.045 0.015 -4.32978e-17 -0.707107 0.707107 -4.32978e-17
0.05 0.05 0.05 -0.015 0.045 0.015 -0.415627 -0.572061 0.572061 -0.415627
0.05 0.05 0.05 -0.015 0.045 0.015 0.672499 0.218508 -0.218508 0.672499
0.05 0.05 0.05 -0.015 0.045 0.015 0.672499 -0.218508 0.218508 0.672499
0.05 0.05 0.05 -0.015 0.045 0.015 0.415627 -0.572061 0.572061 0.415627
0.05 0.05 0.05 -0.015 -0.045 0.015 4.32978e-17 0.707107 0.707107 -4.32978e-17
0.05 0.05 0.05 -0.015 -0.045 0.015 0.415627 0.572061 0.572061 -0.415627
0.05 0.05 0.05 -0.015 -0.045 0.015 -0.672499 -0.218508 -0.218508 0.672499
0.05 0.05 0.05 -0.015 -0.045 0.015 -0.672499 0.218508 0.218508 0.672499
0.05 0.05 0.05 -0.015 -0.045 0.015 -0.415627 0.572061 0.572061 0.415627
0.05 0.05 0.05 -0.015 0.045 0.025 -4.32978e-17 -0.707107 0.707107 -4.32978e-17
0.05 0.05 0.05 -0.015 0.045 0.025 -0.415627 -0.572061 0.572061 -0.415627
0.05 0.05 0.05 -0.015 0.045 0.025 0.672499 0.218508 -0.218508 0.672499
0.05 0.05 0.05 -0.015 0.045 0.025 0.672499 -0.218508 0.218508 0.672499
0.05 0.05 0.05 -0.015 0.045 0.025 0.415627 -0.572061 0.572061 0.415627
0.05 0.05 0.05 -0.015 -0.045 0.025 4.32978e-17 0.707107 0.707107 -4.32978e-17
0.05 0.05 0.05 -0.015 -0.045 0.025 0.415627 0.572061 0.572061 -0.415627
0.05 0.05 0.05 -0.015 -0.045 0.025 -0.672499 -0.218508 -0.218508 0.672499
0.05 0.05 0.05 -0.015 -0.045 0.025 -0.672499 0.218508 0.218508 0.672499
0.05 0.05 0.05 -0.015 -0.045 0.025 -0.415627 0.572061 0.572061 0.415627
0.05 0.05 0.05 -0.005 0.045 -0.025 -4.32978e-17 -0.707107 0.707107 -4.32978e-17
0.05 0.05 0.05 -0.005 0.045 -0.025 -0.415627 -0.572061 0.572061 -0.415627
0.05 0.05 0.05 -0.005 0.045 -0.025 0.672499 0.218508 -0.218508 0.672499
0.05 0.05 0.05 -0.005 0.045 -0.025 0.672499 -0.218508 0.218508 0.672499
0.05 0.05 0.05 -0.005 0.045 -0.025 0.415627 -0.572061 0.572061 0.415627
0.05 0.05 0.05 -0.005 -0.045 -0.025 4.32978e-17 0.707107 0.707107 -4.32978e-17
0.05 0.05 0.05 -0.005 -0.045 -0.025 0.415627 0.572061 0.572061 -0.415627
0.05 0.05 0.05 -0.005 -0.045 -0.025 -0.672499 -0.218508 -0.218508 0.672499
0.05 0.05 0.05 -0.005 -0.045 -0.025 -0.672499 0.218508 0.218508 0.672499
0.05 0.05 0.05 -0.005 -0.045 -0.025 -0.415627 0.572061 0.572061 0.415627
0.05 0.05 0.05 -0.005 0.045 -0.015 -4.32978e-17 -0.707107 0.707107 -4.32978e-17
0.05 0.05 0.05 -0.005 0.045 -0.015 -0.415627 -0.572061 0.572061 -0.415627
0.05 0.05 0.05 -0.005 0.045 -0.015 0.672499 0.218508 -0.218508 0.672499
0.05 0.05 0.05 -0.005 0.045 -0.015 0.672499 -0.218508 0.218508 0.672499
0.05 0.05 0.05 -0.005 0.045 -0.015 0.415627 -0.572061 0.572061 0.415627
0.05 0.05 0.05 -0.005 -0.045 -0.015 4.32978e-17 0.707107 0.707107 -4.32978e-17
0.05 0.05 0.05 -0.005 -0.045 -0.015 0.415627 0.572061 0.572061 -0.415627
0.05 0.05 0.05 -0.005 -0.045 -0.015 -0.672499 -0.218508 -0.218508 0.672499
0.05 0.05 0.05 -0.005 -0.045 -0.015 -0.672499 0.218508 0.218508 0.672499
0.05 0.05 0.05 -0.005 -0.045 -0.015 -0.415627 0.572061 0.572061 0.415627
0.05 0.05 0.05 -0.005 0.045 -0.005 -4.32978e-17 -0.707107 0.707107 -4.32978e-17
0.05 0.05 0.05 -0.005 0.045 -0.005 -0.415627 -0.572061 0.572061 -0.415627
0.05 0.05 0.05 -0.005 0.045 -0.005 0.672499 0.218508 -0.218508 0.672499
0.05 0.05 0.05 -0.005 0.045 -0.005 0.672499 -0.218508 0.218508 0.672499
0.05 0.05 0.05 -0.005 0.045 -0.005 0.415627 -0.572061 0.572061 0.415627
0.05 0.05 0.05 -0.005 -0.045 -0.005 4.32978e-17 0.707107 0.707107 -4.32978e-17
0.05 0.05 0.05 -0.005 -0.045 -0.005 0.415627 0.572061 0.572061 -0.415627
0.05 0.05 0.05 -0.005 -0.045 -0.005 -0.672499 -0.218508 -0.218508 0.672499
0.05 0.05 0.05 -0.005 -0.045 -0.005 -0.672499 0.218508 0.218508 0.672499
0.05 0.05 0.05 -0.005 -0.045 -0.005 -0.415627 0.572061 0.572061 0.415627
0.05 0.05 0.05 -0.005 0.045 0.005 -4.32978e-17 -0.707107 0.707107 -4.32978e-17
0.05 0.05 0.05 -0.005 0.045 0.005 -0.415627 -0.572061 0.572061 -0.415627
0.05 0.05 0.05 -0.005 0.045 0.005 0.672499 0.218508 -0.218508 0.672499
0.05 0.05 0.05 -0.005 0.045 0.005 0.672499 -0.218508 0.218508 0.672499
0.05 0.05 0.05 -0.005 0.045 0.005 0.415627 -0.572061 0.572061 0.415627
0.05 0.05 0.05 -0.005 -0.045 0.005 4.32978e-17 0.707107 0.707107 -4.32978e-17
0.05 0.05 0.05 -0.005 -0.045 0.005 0.415627 0.572061 0.572061 -0.415627
0.05 0.05 0.05 -0.005 -0.045 0.005 -0.672499 -0.218508 -0.218508 0.672499
0.05 0.05 0.05 -0.005 -0.045 0.005 -0.672499 0.218508 0.218508 0.672499
0.05 0.05 0.05 -0.005 -0.045 0.005 -0.415627 0.572061 0.572061 0.415627
0.05 0.05 0.05 -0.005 0.045 0.015 -4.32978e-17 -0.707107 0.707107 -4.32978e-17
0.05 0.05 0.05 -0.005 0.045 0.015 -0.415627 -0.572061 0.572061 -0.415627
0.05 0.05 0.05 -0.005 0.045 0.015 0.672499 0.218508 -0.218508 0.672499
0.05 0.05 0.05 -0.005 0.045 0.015 0.672499 -0.218508 0.218508 0.672499
0.05 0.05 0.05 -0.005 0.045 0.015 0.415627 -0.572061 0.572061 0.415627
0.05 0.05 0.05 -0.005 -0.045 0.015 4.32978e-17 0.707107 0.707107 -4.32978e-17
0.05 0.05 0.05 -0.005 -0.045 0.015 0.415627 0.572061 0.572061 -0.415627
0.05 0.05 0.05 -0.005 -0.045 0.015 -0.672499 -0.218508 -0.218508 0.672499
0.05 0.05 0.05 -0.005 -0.045 0.015 -0.672499 0.218508 0.218508 0.672499
0.05 0.05 0.05 -0.005 -0.045 0.015 -0.415627 0.572061 0.572061 0.415627
0.05 0.05 0.05 -0.005 0.045 0.025 -4.32978e-17 -0.707107 0.707107 -4.32978e-17
0.05 0.05 0.05 -0.005 0.045 0.025 -0.415627 -0.572061 0.572061 -0.415627
0.05 0.05 0.05 -0.005 0.045 0.025 0.672499 0.218508 -0.218508 0.672499
0.05 0.05 0.05 -0.005 0.045 0.025 0.672499 -0.218508 0.218508 0.672499
0.05 0.05 0.05 -0.005 0.045 0.025 0.415627 -0.572061 0.572061 0.415627
0.05 0.05 0.05 -0.005 -0.045 0.025 4.32978e-17 0.707107 0.707107 -4.32978e-17
0.05 0.05 0.05 -0.005 -0.045 0.025 0.415627 0.572061 0.572061 -0.415627
0.05 0.05 0.05 -0.005 -0.045 0.025 -0.672499 -0.218508 -0.218508 0.672499
0.05 0.05 0.05 -0.005 -0.045 0.025 -0.672499 0.218508 0.218508 0.672499
0.05 0.05 0.05 -0.005 -0.045 0.025 -0.415627 0.572061 0.572061 0.415627
0.05 0.05 0.05 0.005 0.045 -0.025 -4.32978e-17 -0.707107 0.707107 -4.32978e-17
0.05 0.05 0.05 0.005 0.045 -0.025 -0.415627 -0.572061 0.572061 -0.415627
0.05 0.05 0.05 0.005 0.045 -0.025 0.672499 0.218508 -0.218508 0.672499
0.05 0.05 0.05 0.005 0.045 -0.025 0.672499 -0.218508 0.218508 0.672499
0.05 0.05 0.05 0.005 0.045 -0.025 0.415627 -0.572061 0.572061 0.415627
0.05 0.05 0.05 0.005 -0.045 -0.025 4.32978e-17 0.707107 0.707107 -4.32978e-17
0.05 0.05 0.05 0.005 -0.045 -0.025 0.415627 0.572061 0.572061 -0.415627
0.05 0.05 0.05 0.005 -0.045 -0.025 -0.672499 -0.218508 -0.218508 0.672499
0.05 0.05 0.05 0.005 -0.045 -0.025 -0.672499 0.218508 0.218508 0.672499
0.05 0.05 0.05 0.005 -0.045 -0.025 -0.415627 0.572061 0.572061 0.415627
0.05 0.05 0.05 0.005 0.045 -0.015 -4.32978e-17 -0.707107 0.707107 -4.32978e-17
0.05 0.05 0.05 0.005 0.045 -0.015 -0.415627 -0.572061 0.572061 -0.415627
0.05 0.05 0.05 0.005 0.045 -0.015 0.672499 0.218508 -0.218508 0.672499
0.05 0.05 0.05 0.005 0.045 -0.015 0.672499 -0.218508 0.218508 0.672499
0.05 0.05 0.05 0.005 0.045 -0.015 0.415627 -0.572061 0.572061 0.415627
0.05 0.05 0.05 0.005 -0.045 -0.015 4.32978e-17 0.707107 0.707107 -4.32978e-17
0.05 0.05 0.05 0.005 -0.045 -0.015 0.415627 0.572061 0.572061 -0.415627
0.05 0.05 0.05 0.005 -0.045 -0.015 -0.672499 -0.218508 -0.218508 0.672499
0.05 0.05 0.05 0.005 -0.045 -0.015 -0.672499 0.218508 0.218508 0.672499
0.05 0.05 0.05 0.005 -0.045 -0.015 -0.415627 0.572061 0.572061 0.415627
0.05 0.05 0.05 0.005 0.045 -0.005 -4.32978e-17 -0.707107 0.707107 -4.32978e-17
0.05 0.05 0.05 0.005 0.045 -0.005 -0.415627 -0.572061 0.572061 -0.415627
0.05 0.05 0.05 0.005 0.045 -0.005 0.672499 0.218508 -0.218508 0.672499
0.05 0.05 0.05 0.005 0.045 -0.005 0.672499 -0.218508 0.218508 0.672499
0.05 0.05 0.05 0.005 0.045 -0.005 0.415627 -0.572061 0.572061 0.415627
0.05 0.05 0.05 0.005 -0.045 -0.005 4.32978e-17 0.707107 0.707107 -4.32978e-17
0.05 0.05 0.05 0.005 -0.045 -0.005 0.415627 0.572061 0.572061 -0.415627
0.05 0.05 0.05 0.005 -0.045 -0.005 -0.672499 -0.218508 -0.218508 0.672499
0.05 0.05 0.05 0.005 -0.045 -0.005 -0.672499 0.218508 0.218508 0.672499
0.05 0.05 0.05 0.005 -0.045 -0.005 -0.415627 0.572061 0.572061 0.415627
0.05 0.05 0.05 0.005 0.045 0.005 -4.32978e-17 -0.707107 0.707107 -4.32978e-17
0.05 0.05 0.05 0.005 0.045 0.005 -0.415627 -0.572061 0.572061 -0.415627
0.05 0.05 0.05 0.005 0.045 0.005 0.672499 0.218508 -0.218508 0.672499
0.05 0.05 0.05 0.005 0.045 0.005 0.672499 -0.218508 0.218508 0.672499
0.05 0.05 0.05 0.005 0.045 0.005 0.415627 -0.572061 0.572061 0.415627
0.05 0.05 0.05 0.005 -0.045 0.005 4.32978e-17 0.707107 0.707107 -4.32978e-17
0.05 0.05 0.05 0.005 -0.045 0.005 0.415627 0.572061 0.572061 -0.415627
0.05 0.05 0.05 0.005 -0.045 0.005 -0.672499 -0.218508 -0.218508 0.672499
0.05 0.05 0.05 0.005 -0.045 0.005 -0.672499 0.218508 0.218508 0.672499
0.05 0.05 0.05 0.005 -0.045 0.005 -0.415627 0.572061 0.572061 0.415627
0.05 0.05 0.05 0.005 0.045 0.015 -4.32978e-17 -0.707107 0.707107 -4.32978e-17
0.05 0.05 0.05 0.005 0.045 0.015 -0.415627 -0.572061 0.572061 -0.415627
0.05 0.05 0.05 0.005 0.045 0.015 0.672499 0.218508 -0.218508 0.672499
0.05 0.05 0.05 0.005 0.045 0.015 0.672499 -0.218508 0.218508 0.672499
0.05 0.05 0.05 0.005 0.045 0.015 0.415627 -0.572061 0.572061 0.415627
0.05 0.05 0.05 0.005 -0.045 0.015 4.32978e-17 0.707107 0.707107 -4.32978e-17
0.05 0.05 0.05 0.005 -0.045 0.015 0.415627 0.572061 0.572061 -0.415627
0.05 0.05 0.05 0.005 -0.045 0.015 -0.672499 -0.218508 -0.218508 0.672499
0.05 0.05 0.05 0.005 -0.045 0.015 -0.672499 0.218508 0.218508 0.672499
0.05 0.05 0.05 0.005 -0.045 0.015 -0.415627 0.572061 0.572061 0.415627
0.05 0.05 0.05 0.005 0.045 0.025 -4.32978e-17 -0.707107 0.707107 -4.32978e-17
0.05 0.05 0.05 0.005 0.045 0.025 -0.415627 -0.572061 0.572061 -0.415627
0.05 0.05 0.05 0.005 0.045 0.025 0.672499 0.218508 -0.218508 0.672499
0.05 0.05 0.05 0.005 0.045 0.025 0.672499 -0.218508 0.218508 0.672499
0.05 0.05 0.05 0.005 0.045 0.025 0.415627 -0.572061 0.572061 0.415627
0.05 0.05 0.05 0.005 -0.045 0.025 4.32978e-17 0.707107 0.707107 -4.32978e-17
0.05 0.05 0.05 0.005 -0.045 0.025 0.415627 0.572061 0.572061 -0.415627
0.05 0.05 0.05 0.005 -0.045 0.025 -0.672499 -0.218508 -0.218508 0.672499
0.05 0.05 0.05 0.005 -0.045 0.025 -0.672499 0.218508 0.218508 0.672499
0.05 0.05 0.05 0.005 -0.045 0.025 -0.415627 0.572061 0.572061 0.415627
0.05 0.05 0.05 0.015 0.045 -0.025 -4.32978e-17 -0.707107 0.707107 -4.32978e-17
0.05 0.05 0.05 0.015 0.045 -0.025 -0.415627 -0.572061 0.572061 -0.415627
0.05 0.05 0.05 0.015 0.045 -0.025 0.672499 0.218508 -0.218508 0.672499
0.05 0.05 0.05 0.015 0.045 -0.025 0.672499 -0.218508 0.218508 0.672499
0.05 0.05 0.05 0.015 0.045 -0.025 0.415627 -0.572061 0.572061 0.415627
0.05 0.05 0.05 0.015 -0.045 -0.025 4.32978e-17 0.707107 0.707107 -4.32978e-17
0.05 0.05 0.05 0.015 -0.045 -0.025 0.415627 0.572061 0.572061 -0.415627
0.05 0.05 0.05 0.015 -0.045 -0.025 -0.672499 -0.218508 -0.218508 0.672499
0.05 0.05 0.05 0.015 -0.045 -0.025 -0.672499 0.218508 0.218508 0.672499
0.05 0.05 0.05 0.015 -0.045 -0.025 -0.415627 0.572061 0.572061 0.415627
0.05 0.05 0.05 0.015 0.045 -0.015 -4.32978e-17 -0.707107 0.707107 -4.32978e-17
0.05 0.05 0.05 0.015 0.045 -0.015 -0.415627 -0.572061 0.572061 -0.415627
0.05 0.05 0.05 0.015 0.045 -0.015 0.672499 0.218508 -0.218508 0.672499
0.05 0.05 0.05 0.015 0.045 -0.015 0.672499 -0.218508 0.218508 0.672499
0.05 0.05 0.05 0.015 0.045 -0.015 0.415627 -0.572061 0.572061 0.415627
0.05 0.05 0.05 0.015 -0.045 -0.015 4.32978e-17 0.707107 0.707107 -4.32978e-17
0.05 0.05 0.05 0.015 -0.045 -0.015 0.415627 0.572061 0.572061 -0.415627
0.05 0.05 0.05 0.015 -0.045 -0.015 -0.672499 -0.218508 -0.218508 0.672499
0.05 0.05 0.05 0.015 -0.045 -0.015 -0.672499 0.218508 0.218508 0.672499
0.05 0.05 0.05 0.015 -0.045 -0.015 -0.415627 0.572061 0.572061 0.415627
0.05 0.05 0.05 0.015 0.045 -0.005 -4.32978e-17 -0.707107 0.707107 -4.32978e-17
0.05 0.05 0.05 0.015 0.045 -0.005 -0.415627 -0.572061 0.572061 -0.415627
0.05 0.05 0.05 0.015 0.045 -0.005 0.672499 0.218508 -0.218508 0.672499
0.05 0.05 0.05 0.015 0.045 -0.005 0.672499 -0.218508 0.218508 0.672499
0.05 0.05 0.05 0.015 0.045 -0.005 0.415627 -0.572061 0.572061 0.415627
0.05 0.05 0.05 0.015 -0.045 -0.005 4.32978e-17 0.707107 0.707107 -4.32978e-17
0.05 0.05 0.05 0.015 -0.045 -0.005 0.415627 0.572061 0.572061 -0.415627
0.05 0.05 0.05 0.015 -0.045 -0.005 -0.672499 -0.218508 -0.218508 0.672499
0.05 0.05 0.05 0.015 -0.045 -0.005 -0.672499 0.218508 0.218508 0.672499
0.05 0.05 0.05 0.015 -0.045 -0.005 -0.415627 0.572061 0.572061 0.415627
0.05 0.05 0.05 0.015 0.045 0.005 -4.32978e-17 -0.707107 0.707107 -4.32978e-17
0.05 0.05 0.05 0.015 0.045 0.005 -0.415627 -0.572061 0.572061 -0.415627
0.05 0.05 0.05 0.015 0.045 0.005 0.672499 0.218508 -0.218508 0.672499
0.05 0.05 0.05 0.015 0.045 0.005 0.672499 -0.218508 0.218508 0.672499
0.05 0.05 0.05 0.015 0.045 0.005 0.415627 -0.572061 0.572061 0.415627
0.05 0.05 0.05 0.015 -0.045 0.005 4.32978e-17 0.707107 0.707107 -4.32978e-17
0.05 0.05 0.05 0.015 -0.045 0.005 0.415627 0.572061 0.572061 -0.415627
0.05 0.05 0.05 0.015 -0.045 0.005 -0.672499 -0.218508 -0.218508 0.672499
0.05 0.05 0.05 0.015 -0.045 0.005 -0.672499 0.218508 0.218508 0.672499
0.05 0.05 0.05 0.015 -0.045 0.005 -0.415627 0.572061 0.572061 0.415627
0.05 0.05 0.05 0.015 0.045 0.015 -4.32978e-17 -0.707107 0.707107 -4.32978e-17
0.05 0.05 0.05 0.015 0.045 0.015 -0.415627 -0.572061 0.572061 -0.415627
0.05 0.05 0.05 0.015 0.045 0.015 0.672499 0.218508 -0.218508 0.672499
0.05 0.05 0.05 0.015 0.045 0.015 0.672499 -0.218508 0.218508 0.672499
0.05 0.05 0.05 0.015 0.045 0.015 0.415627 -0.572061 0.572061 0.415627
0.05 0.05 0.05 0.015 -0.045 0.015 4.32978e-17 0.707107 0.707107 -4.32978e-17
0.05 0.05 0.05 0.015 -0.045 0.015 0.415627 0.572061 0.572061 -0.415627
0.05 0.05 0.05 0.015 -0.045 0.015 -0.672499 -0.218508 -0.218508 0.672499
0.05 0.05 0.05 0.015 -0.045 0.015 -0.672499 0.218508 0.218508 0.672499
0.05 0.05 0.05 0.015 -0.045 0.015 -0.415627 0.572061 0.572061 0.415627
0.05 0.05 0.05 0.015 0.045 0.025 -4.32978e-17 -0.707107 0.707107 -4.32978e-17
0.05 0.05 0.05 0.015 0.045 0.025 -0.415627 -0.572061 0.572061 -0.415627
0.05 0.05 0.05 0.015 0.045 0.025 0.672499 0.218508 -0.218508 0.672499
0.05 0.05 0.05 0.015 0.045 0.025 0.672499 -0.218508 0.218508 0.672499
0.05 0.05 0.05 0.015 0.045 0.025 0.415627 -0.572061 0.572061 0.415627
0.05 0.05 0.05 0.015 -0.045 0.025 4.32978e-17 0.707107 0.707107 -4.32978e-17
0.05 0.05 0.05 0.015 -0.045 0.025 0.415627 0.572061 0.572061 -0.415627
0.05 0.05 0.05 0.015 -0.045 0.025 -0.672499 -0.218508 -0.218508 0.672499
0.05 0.05 0.05 0.015 -0.045 0.025 -0.672499 0.218508 0.218508 0.672499
0.05 0.05 0.05 0.015 -0.045 0.025 -0.415627 0.572061 0.572061 0.415627
0.05 0.05 0.05 0.025 0.045 -0.025 -4.32978e-17 -0.707107 0.707107 -4.32978e-17
0.05 0.05 0.05 0.025 0.045 -0.025 -0.415627 -0.572061 0.572061 -0.415627
0.05 0.05 0.05 0.025 0.045 -0.025 0.672499 0.218508 -0.218508 0.672499
0.05 0.05 0.05 0.025 0.045 -0.025 0.672499 -0.218508 0.218508 0.672499
0.05 0.05 0.05 0.025 0.045 -0.025 0.415627 -0.572061 0.572061 0.415627
0.05 0.05 0.05 0.025 -0.045 -0.025 4.32978e-17 0.707107 0.707107 -4.32978e-17
0.05 0.05 0.05 0.025 -0.045 -0.025 0.415627 0.572061 0.572061 -0.415627
0.05 0.05 0.05 0.025 -0.045 -0.025 -0.672499 -0.218508 -0.218508 0.672499
0.05 0.05 0.05 0.025 -0.045 -0.025 -0.672499 0.218508 0.218508 0.672499
0.05 0.05 0.05 0.025 -0.045 -0.025 -0.415627 0.572061 0.572061 0.415627
0.05 0.05 0.05 0.025 0.045 -0.015 -4.32978e-17 -0.707107 0.707107 -4.32978e-17
0.05 0.05 0.05 0.025 0.045 -0.015 -0.415627 -0.572061 0.572061 -0.415627
0.05 0.05 0.05 0.025 0.045 -0.015 0.672499 0.218508 -0.218508 0.672499
0.05 0.05 0.05 0.025 0.045 -0.015 0.672499 -0.218508 0.218508 0.672499
0.05 0.05 0.05 0.025 0.045 -0.015 0.415627 -0.572061 0.572061 0.415627
0.05 0.05 0.05 0.025 -0.045 -0.015 4.32978e-17 0.707107 0.707107 -4.32978e-17
0.05 0.05 0.05 0.025 -0.045 -0.015 0.415627 0.572061 0.572061 -0.415627
0.05 0.05 0.05 0.025 -0.045 -0.015 -0.672499 -0.218508 -0.218508 0.672499
0.05 0.05 0.05 0.025 -0.045 -0.015 -0.672499 0.218508 0.218508 0.672499
0.05 0.05 0.05 0.025 -0.045 -0.015 -0.415627 0.572061 0.572061 0.415627
0.05 0.05 0.05 0.025 0.045 -0.005 -4.32978e-17 -0.707107 0.707107 -4.32978e-17
0.05 0.05 0.05 0.025 0.045 -0.005 -0.415627 -0.572061 0.572061 -0.415627
0.05 0.05 0.05 0.025 0.045 -0.005 0.672499 0.218508 -0.218508 0.672499
0.05 0.05 0.05 0.025 0.045 -0.005 0.672499 -0.218508 0.218508 0.672499
0.05 0.05 0.05 0.025 0.045 -0.005 0.415627 -0.572061 0.572061 0.415627
0.05 0.05 0.05 0.025 -0.045 -0.005 4.32978e-17 0.707107 0.707107 -4.32978e-17
0.05 0.05 0.05 0.025 -0.045 -0.005 0.415627 0.572061 0.572061 -0.415627
0.05 0.05 0.05 0.025 -0.045 -0.005 -0.672499 -0.218508 -0.218508 0.672499
0.05 0.05 0.05 0.025 -0.045 -0.005 -0.672499 0.218508 0.218508 0.672499
0.05 0.05 0.05 0.025 -0.045 -0.005 -0.415627 0.572061 0.572061 0.415627
0.05 0.05 0.05 0.025 0.045 0.005 -4.32978e-17 -0.707107 0.707107 -4.32978e-17
0.05 0.05 0.05 0.025 0.045 0.005 -0.415627 -0.572061 0.572061 -0.415627
0.05 0.05 0.05 0.025 0.045 0.005 0.672499 0.218508 -0.218508 0.672499
0.05 0.05 0.05 0.025 0.045 0.005 0.672499 -0.218508 0.218508 0.672499
0.05 0.05 0.05 0.025 0.045 0.005 0.415627 -0.572061 0.572061 0.415627
0.05 0.05 0.05 0.025 -0.045 0.005 4.32978e-17 0.707107 0.707107 -4.32978e-17
0.05 0.05 0.05 0.025 -0.045 0.005 0.415627 0.572061 0.572061 -0.415627
0.05 0.05 0.05 0.025 -0.045 0.005 -0.672499 -0.218508 -0.218508 0.672499
0.05 0.05 0.05 0.025 -0.045 0.005 -0.672499 0.218508 0.218508 0.672499
0.05 0.05 0.05 0.025 -0.045 0.005 -0.415627 0.572061 0.572061 0.415627
0.05 0.05 0.05 0.025 0.045 0.015 -4.32978e-17 -0.707107 0.707107 -4.32978e-17
0.05 0.05 0.05 0.025 0.045 0.015 -0.415627 -0.572061 0.572061 -0.415627
0.05 0.05 0.05 0.025 0.045 0.015 0.672499 0.218508 -0.218508 0.672499
0.05 0.05 0.05 0.025 0.045 0.015 0.672499 -0.218508 0.218508 0.672499
0.05 0.05 0.05 0.025 0.045 0.015 0.415627 -0.572061 0.572061 0.415627
0.05 0.05 0.05 0.025 -0.045 0.015 4.32978e-17 0.707107 0.707107 -4.32978e-17
0.05 0.05 0.05 0.025 -0.045 0.015 0.415627 0.572061 0.572061 -0.415627
0.05 0.05 0.05 0.025 -0.045 0.015 -0.672499 -0.218508 -0.218508 0.672499
0.05 0.05 0.05 0.025 -0.045 0.015 -0.672499 0.218508 0.218508 0.672499
0.05 0.05 0.05 0.025 -0.045 0.015 -0.415627 0.572061 0.572061 0.415627
0.05 0.05 0.05 0.025 0.045 0.025 -4.32978e-17 -0.707107 0.707107 -4.32978e-17
0.05 0.05 0.05 0.025 0.045 0.025 -0.415627 -0.572061 0.572061 -0.415627
0.05 0.05 0.05 0.025 0.045 0.025 0.672499 0.218508 -0.218508 0.672499
0.05 0.05 0.05 0.025 0.045 0.025 0.672499 -0.218508 0.218508 0.672499
0.05 0.05 0.05 0.025 0.045 0.025 0.415627 -0.572061 0.572061 0.415627
0.05 0.05 0.05 0.025 -0.045 0.025 4.32978e-17 0.707107 0.707107 -4.32978e-17
0.05 0.05 0.05 0.025 -0.045 0.025 0.415627 0.572061 0.572061 -0.415627
0.05 0.05 0.05 0.025 -0.045 0.025 -0.672499 -0.218508 -0.218508 0.672499
0.05 0.05 0.05 0.025 -0.045 0.025 -0.672499 0.218508 0.218508 0.672499
0.05 0.05 0.05 0.025 -0.045 0.025 -0.415627 0.572061 0.572061 0.415627
0.05 0.05 0.05 -0.025 -0.025 0.045 6.12323e-17 1 -6.12323e-17 3.7494e-33
0.05 0.05 0.05 -0.025 -0.025 0.045 0.587785 0.809017 -4.9538e-17 3.59915e-17
0.05 0.05 0.05 -0.025 -0.025 0.045 0.951057 0.309017 -1.89218e-17 5.82354e-17
0.05 0.05 0.05 -0.025 -0.025 0.045 0.951057 -0.309017 1.89218e-17 5.82354e-17
0.05 0.05 0.05 -0.025 -0.025 0.045 -0.587785 0.809017 -4.9538e-17 -3.59915e-17
0.05 0.05 0.05 -0.025 -0.025 -0.045 0 0 1 -6.12323e-17
0.05 0.05 0.05 -0.025 -0.025 -0.045 0 0 -0.809017 0.587785
0.05 0.05 0.05 -0.025 -0.025 -0.045 0 0 -0.309017 0.951057
0.05 0.05 0.05 -0.025 -0.025 -0.045 0 0 0.309017 0.951057
0.05 0.05 0.05 -0.025 -0.025 -0.045 0 0 0.809017 0.587785
0.05 0.05 0.05 -0.025 -0.015 0.045 6.12323e-17 1 -6.12323e-17 3.7494e-33
0.05 0.05 0.05 -0.025 -0.015 0.045 0.587785 0.809017 -4.9538e-17 3.59915e-17
0.05 0.05 0.05 -0.025 -0.015 0.045 0.951057 0.309017 -1.89218e-17 5.82354e-17
0.05 0.05 0.05 -0.025 -0.015 0.045 0.951057 -0.309017 1.89218e-17 5.82354e-17
0.05 0.05 0.05 -0.025 -0.015 0.045 -0.587785 0.809017 -4.9538e-17 -3.59915e-17
0.05 0.05 0.05 -0.025 -0.015 -0.045 0 0 1 -6.12323e-17
0.05 0.05 0.05 -0.025 -0.015 -0.045 0 0 -0.809017 0.587785
0.05 0.05 0.05 -0.025 -0.015 -0.045 0 0 -0.309017 0.951057
0.05 0.05 0.05 -0.025 -0.015 -0.045 0 0 0.309017 0.951057
0.05 0.05 0.05 -0.025 -0.015 -0.045 0 0 0.809017 0.587785
0.05 0.05 0.05 -0.025 -0.005 0.045 6.12323e-17 1 -6.12323e-17 3.7494e-33
0.05 0.05 0.05 -0.025 -0.005 0.045 0.587785 0.809017 -4.9538e-17 3.59915e-17
0.05 0.05 0.05 -0.025 -0.005 0.045 0.951057 0.309017 -1.89218e-17 5.82354e-17
0.05 0.05 0.05 -0.025 -0.005 0.045 0.951057 -0.309017 1.89218e-17 5.82354e-17
0.05 0.05 0.05 -0.025 -0.005 0.045 -0.587785 0.809017 -4.9538e-17 -3.59915e-17
0.05 0.05 0.05 -0.025 -0.005 -0.045 0 0 1 -6.12323e-17
0.05 0.05 0.05 -0.025 -0.005 -0.045 0 0 -0.809017 0.587785
0.05 0.05 0.05 -0.025 -0.005 -0.045 0 0 -0.309017 0.951057
0.05 0.05 0.05 -0.025 -0.005 -0.045 0 0 0.309017 0.951057
0.05 0.05 0.05 -0.025 -0.005 -0.045 0 0 0.809017 0.587785
0.05 0.05 0.05 -0.025 0.005 0.045 6.12323e-17 1 -6.12323e-17 3.7494e-33
0.05 0.05 0.05 -0.025 0.005 0.045 0.587785 0.809017 -4.9538e-17 3.59915e-17
0.05 0.05 0.05 -0.025 0.005 0.045 0.951057 0.309017 -1.89218e-17 5.82354e-17
0.05 0.05 0.05 -0.025 0.005 0.045 0.951057 -0.309017 1.89218e-17 5.82354e-17
0.05 0.05 0.05 -0.025 0.005 0.045 -0.587785 0.809017 -4.9538e-17 -3.59915e-17
0.05 0.05 0.05 -0.025 0.005 -0.045 0 0 1 -6.12323e-17
0.05 0.05 0.05 -0.025 0.005 -0.045 0 0 -0.809017 0.587785
0.05 0.05 0.05 -0.025 0.005 -0.045 0 0 -0.309017 0.951057
0.05 0.05 0.05 -0.025 0.005 -0.045 0 0 0.309017 0.951057
0.05 0.05 0.05 -0.025 0.005 -0.045 0 0 0.809017 0.587785
0.05 0.05 0.05 -0.025 0.015 0.045 6.12323e-17 1 -6.12323e-17 3.7494e-33
0.05 0.05 0.05 -0.025 0.015 0.045 0.587785 0.809017 -4.9538e-17 3.59915e-17
0.05 0.05 0.05 -0.025 0.015 0.045 0.951057 0.309017 -1.89218e-17 5.82354e-17
0.05 0.05 0.05 -0.025 0.015 0.045 0.951057 -0.309017 1.89218e-17 5.82354e-17
0.05 0.05 0.05 -0.025 0.015 0.045 -0.587785 0.809017 -4.9538e-17 -3.59915e-17
0.05 0.05 0.05 -0.025 0.015 -0.045 0 0 1 -6.12323e-17
0.05 0.05 0.05 -0.025 0.015 -0.045 0 0 -0.809017 0.587785
0.05 0.05 0.05 -0.025 0.015 -0.045 0 0 -0.309017 0.951057
0.05 0.05 0.05 -0.025 0.015 -0.045 0 0 0.309017 0.951057
0.05 0.05 0.05 -0.025 0.015 -0.045 0 0 0.809017 0.587785
0.05 0.05 0.05 -0.025 0.025 0.045 6.12323e-17 1 -6.12323e-17 3.7494e-33
0.05 0.05 0.05 -0.025 0.025 0.045 0.587785 0.809017 -4.9538e-17 3.59915e-17
0.05 0.05 0.05 -0.025 0.025 0.045 0.951057 0.309017 -1.89218e-17 5.82354e-17
0.05 0.05 0.05 -0.025 0.025 0.045 0.951057 -0.309017 1.89218e-17 5.82354e-17
0.05 0.05 0.05 -0.025 0.025 0.045 -0.587785 0.809017 -4.9538e-17 -3.59915e-17
0.05 0.05 0.05 -0.025 0.025 -0.045 0 0 1 -6.12323e-17
0.05 0.05 0.05 -0.025 0.025 -0.045 0 0 -0.809017 0.587785
0.05 0.05 0.05 -0.025 0.025 -0.045 0 0 -0.309017 0.951057
0.05 0.05 0.05 -0.025 0.025 -0.045 0 0 0.309017 0.951057
0.05 0.05 0.05 -0.025 0.025 -0.045 0 0 0.809017 0.587785
0.05 0.05 0.05 -0.015 -0.025 0.045 6.12323e-17 1 -6.12323e-17 3.7494e-33
0.05 0.05 0.05 -0.015 -0.025 0.045 0.587785 0.809017 -4.9538e-17 3.59915e-17
0.05 0.05 0.05 -0.015 -0.025 0.045 0.951057 0.309017 -1.89218e-17 5.82354e-17
0.05 0.05 0.05 -0.015 -0.025 0.045 0.951057 -0.309017 1.89218e-17 5.82354e-17
0.05 0.05 0.05 -0.015 -0.025 0.045 -0.587785 0.809017 -4.9538e-17 -3.59915e-17
0.05 0.05 0.05 -0.015 -0.025 -0.045 0 0 1 -6.12323e-17
0.05 0.05 0.05 -0.015 -0.025 -0.045 0 0 -0.809017 0.587785
0.05 0.05 0.05 -0.015 -0.025 -0.045 0 0 -0.309017 0.951057
0.05 0.05 0.05 -0.015 -0.025 -0.045 0 0 0.309017 0.951057
0.05 0.05 0.05 -0.015 -0.025 -0.045 0 0 0.809017 0.587785
0.05 0.05 0.05 -0.015 -0.015 0.045 6.12323e-17 1 -6.12323e-17 3.7494e-33
0.05 0.05 0.05 -0.015 -0.015 0.045 0.587785 0.809017 -4.9538e-17 3.59915e-17
0.05 0.05 0.05 -0.015 -0.015 0.045 0.951057 0.309017 -1.89218e-17 5.82354e-17
0.05 0.05 0.05 -0.015 -0.015 0.045 0.951057 -0.309017 1.89218e-17 5.82354e-17
0.05 0.05 0.05 -0.015 -0.015 0.045 -0.587785 0.809017 -4.9538e-17 -3.59915e-17
0.05 0.05 0.05 -0.015 -0.015 -0.045 0 0 1 -6.12323e-17
0.05 0.05 0.05 -0.015 -0.015 -0.045 0 0 -0.809017 0.587785
0.05 0.05 0.05 -0.015 -0.015 -0.045 0 0 -0.309017 0.951057
0.05 0.05 0.05 -0.015 -0.015 -0.045 0 0 0.309017 0.951057
0.05 0.05 0.05 -0.015 -0.015 -0.045 0 0 0.809017 0.587785
0.05 0.05 0.05 -0.015 -0.005 0.045 6.12323e-17 1 -6.12323e-17 3.7494e-33
0.05 0.05 0.05 -0.015 -0.005 0.045 0.587785 0.809017 -4.9538e-17 3.59915e-17
0.05 0.05 0.05 -0.015 -0.005 0.045 0.951057 0.309017 -1.89218e-17 5.82354e-17
0.05 0.05 0.05 -0.015 -0.005 0.045 0.951057 -0.309017 1.89218e-17 5.82354e-17
0.05 0.05 0.05 -0.015 -0.005 0.045 -0.587785 0.809017 -4.9538e-17 -3.59915e-17
0.05 0.05 0.05 -0.015 -0.005 -0.045 0 0 1 -6.12323e-17
0.05 0.05 0.05 -0.015 -0.005 -0.045 0 0 -0.809017 0.587785
0.05 0.05 0.05 -0.015 -0.005 -0.045 0 0 -0.309017 0.951057
0.05 0.05 0.05 -0.015 -0.005 -0.045 0 0 0.309017 0.951057
0.05 0.05 0.05 -0.015 -0.005 -0.045 0 0 0.809017 0.587785
0.05 0.05 0.05 -0.015 0.005 0.045 6.12323e-17 1 -6.12323e-17 3.7494e-33
0.05 0.05 0.05 -0.015 0.005 0.045 0.587785 0.809017 -4.9538e-17 3.59915e-17
0.05 0.05 0.05 -0.015 0.005 0.045 0.951057 0.309017 -1.89218e-17 5.82354e-17
0.05 0.05 0.05 -0.015 0.005 0.045 0.951057 -0.309017 1.89218e-17 5.82354e-17
0.05 0.05 0.05 -0.015 0.005 0.045 -0.587785 0.809017 -4.9538e-17 -3.59915e-17
0.05 0.05 0.05 -0.015 0.005 -0.045 0 0 1 -6.12323e-17
0.05 0.05 0.05 -0.015 0.005 -0.045 0 0 -0.809017 0.587785
0.05 0.05 0.05 -0.015 0.005 -0.045 0 0 -0.309017 0.951057
0.05 0.05 0.05 -0.015 0.005 -0.045 0 0 0.309017 0.951057
0.05 0.05 0.05 -0.015 0.005 -0.045 0 0 0.809017 0.587785
0.05 0.05 0.05 -0.015 0.015 0.045 6.12323e-17 1 -6.12323e-17 3.7494e-33
0.05 0.05 0.05 -0.015 0.015 0.045 0.587785 0.809017 -4.9538e-17 3.59915e-17
0.05 0.05 0.05 -0.015 0.015 0.045 0.951057 0.309017 -1.89218e-17 5.82354e-17
0.05 0.05 0.05 -0.015 0.015 0.045 0.951057 -0.309017 1.89218e-17 5.82354e-17
0.05 0.05 0.05 -0.015 0.015 0.045 -0.587785 0.809017 -4.9538e-17 -3.59915e-17
0.05 0.05 0.05 -0.015 0.015 -0.045 0 0 1 -6.12323e-17
0.05 0.05 0.05 -0.015 0.015 -0.045 0 0 -0.809017 0.587785
0.05 0.05 0.05 -0.015 0.015 -0.045 0 0 -0.309017 0.951057
0.05 0.05 0.05 -0.015 0.015 -0.045 0 0 0.309017 0.951057
0.05 0.05 0.05 -0.015 0.015 -0.045 0 0 0.809017 0.587785
0.05 0.05 0.05 -0.015 0.025 0.045 6.12323e-17 1 -6.12323e-17 3.7494e-33
0.05 0.05 0.05 -0.015 0.025 0.045 0.587785 0.809017 -4.9538e-17 3.59915e-17
0.05 0.05 0.05 -0.015 0.025 0.045 0.951057 0.309017 -1.89218e-17 5.82354e-17
0.05 0.05 0.05 -0.015 0.025 0.045 0.951057 -0.309017 1.89218e-17 5.82354e-17
0.05 0.05 0.05 -0.015 0.025 0.045 -0.587785 0.809017 -4.9538e-17 -3.59915e-17
0.05 0.05 0.05 -0.015 0.025 -0.045 0 0 1 -6.12323e-17
0.05 0.05 0.05 -0.015 0.025 -0.045 0 0 -0.809017 0.587785
0.05 0.05 0.05 -0.015 0.025 -0.045 0 0 -0.309017 0.951057
0.05 0.05 0.05 -0.015 0.025 -0.045 0 0 0.309017 0.951057
0.05 0.05 0.05 -0.015 0.025 -0.045 0 0 0.809017 0.587785
0.05 0.05 0.05 -0.005 -0.025 0.045 6.12323e-17 1 -6.12323e-17 3.7494e-33
0.05 0.05 0.05 -0.005 -0.025 0.045 0.587785 0.809017 -4.9538e-17 3.59915e-17
0.05 0.05 0.05 -0.005 -0.025 0.045 0.951057 0.309017 -1.89218e-17 5.82354e-17
0.05 0.05 0.05 -0.005 -0.025 0.045 0.951057 -0.309017 1.89218e-17 5.82354e-17
0.05 0.05 0.05 -0.005 -0.025 0.045 -0.587785 0.809017 -4.9538e-17 -3.59915e-17
0.05 0.05 0.05 -0.005 -0.025 -0.045 0 0 1 -6.12323e-17
0.05 0.05 0.05 -0.005 -0.025 -0.045 0 0 -0.809017 0.587785
0.05 0.05 0.05 -0.005 -0.025 -0.045 0 0 -0.309017 0.951057
0.05 0.05 0.05 -0.005 -0.025 -0.045 0 0 0.309017 0.951057
0.05 0.05 0.05 -0.005 -0.025 -0.045 0 0 0.809017 0.587785
0.05 0.05 0.05 -0.005 -0.015 0.045 6.12323e-17 1 -6.12323e-17 3.7494e-33
0.05 0.05 0.05 -0.005 -0.015 0.045 0.587785 0.809017 -4.9538e-17 3.59915e-17
0.05 0.05 0.05 -0.005 -0.015 0.045 0.951057 0.309017 -1.89218e-17 5.82354e-17
0.05 0.05 0.05 -0.005 -0.015 0.045 0.951057 -0.309017 1.89218e-17 5.82354e-17
0.05 0.05 0.05 -0.005 -0.015 0.045 -0.587785 0.809017 -4.9538e-17 -3.59915e-17
0.05 0.05 0.05 -0.005 -0.015 -0.045 0 0 1 -6.12323e-17
0.05 0.05 0.05 -0.005 -0.015 -0.045 0 0 -0.809017 0.587785
0.05 0.05 0.05 -0.005 -0.015 -0.045 0 0 -0.309017 0.951057
0.05 0.05 0.05 -0.005 -0.015 -0.045 0 0 0.309017 0.951057
0.05 0.05 0.05 -0.005 -0.015 -0.045 0 0 0.809017 0.587785
0.05 0.05 0.05 -0.005 -0.005 0.045 6.12323e-17 1 -6.12323e-17 3.7494e-33
0.05 0.05 0.05 -0.005 -0.005 0.045 0.587785 0.809017 -4.9538e-17 3.59915e-17
0.05 0.05 0.05 -0.005 -0.005 0.045 0.951057 0.309017 -1.89218e-17 5.82354e-17
0.05 0.05 0.05 -0.005 -0.005 0.045 0.951057 -0.309017 1.89218e-17 5.82354e-17
0.05 0.05 0.05 -0.005 -0.005 0.045 -0.587785 0.809017 -4.9538e-17 -3.59915e-17
0.05 0.05 0.05 -0.005 -0.005 -0.045 0 0 1 -6.12323e-17
0.05 0.05 0.05 -0.005 -0.005 -0.045 0 0 -0.809017 0.587785
0.05 0.05 0.05 -0.005 -0.005 -0.045 0 0 -0.309017 0.951057
0.05 0.05 0.05 -0.005 -0.005 -0.045 0 0 0.309017 0.951057
0.05 0.05 0.05 -0.005 -0.005 -0.045 0 0 0.809017 0.587785
0.05 0.05 0.05 -0.005 0.005 0.045 6.12323e-17 1 -6.12323e-17 3.7494e-33
0.05 0.05 0.05 -0.005 0.005 0.045 0.587785 0.809017 -4.9538e-17 3.59915e-17
0.05 0.05 0.05 -0.005 0.005 0.045 0.951057 0.309017 -1.89218e-17 5.82354e-17
0.05 0.05 0.05 -0.005 0.005 0.045 0.951057 -0.309017 1.89218e-17 5.82354e-17
0.05 0.05 0.05 -0.005 0.005 0.045 -0.587785 0.809017 -4.9538e-17 -3.59915e-17
0.05 0.05 0.05 -0.005 0.005 -0.045 0 0 1 -6.12323e-17
0.05 0.05 0.05 -0.005 0.005 -0.045 0 0 -0.809017 0.587785
0.05 0.05 0.05 -0.005 0.005 -0.045 0 0 -0.309017 0.951057
0.05 0.05 0.05 -0.005 0.005 -0.045 0 0 0.309017 0.951057
0.05 0.05 0.05 -0.005 0.005 -0.045 0 0 0.809017 0.587785
0.05 0.05 0.05 -0.005 0.015 0.045 6.12323e-17 1 -6.12323e-17 3.7494e-33
0.05 0.05 0.05 -0.005 0.015 0.045 0.587785 0.809017 -4.9538e-17 3.59915e-17
0.05 0.05 0.05 -0.005 0.015 0.045 0.951057 0.309017 -1.89218e-17 5.82354e-17
0.05 0.05 0.05 -0.005 0.015 0.045 0.951057 -0.309017 1.89218e-17 5.82354e-17
0.05 0.05 0.05 -0.005 0.015 0.045 -0.587785 0.809017 -4.9538e-17 -3.59915e-17
0.05 0.05 0.05 -0.005 0.015 -0.045 0 0 1 -6.12323e-17
0.05 0.05 0.05 -0.005 0.015 -0.045 0 0 -0.809017 0.587785
0.05 0.05 0.05 -0.005 0.015 -0.045 0 0 -0.309017 0.951057
0.05 0.05 0.05 -0.005 0.015 -0.045 0 0 0.309017 0.951057
0.05 0.05 0.05 -0.005 0.015 -0.045 0 0 0.809017 0.587785
0.05 0.05 0.05 -0.005 0.025 0.045 6.12323e-17 1 -6.12323e-17 3.7494e-33
0.05 0.05 0.05 -0.005 0.025 0.045 0.587785 0.809017 -4.9538e-17 3.59915e-17
0.05 0.05 0.05 -0.005 0.025 0.045 0.951057 0.309017 -1.89218e-17 5.82354e-17
0.05 0.05 0.05 -0.005 0.025 0.045 0.951057 -0.309017 1.89218e-17 5.82354e-17
0.05 0.05 0.05 -0.005 0.025 0.045 -0.587785 0.809017 -4.9538e-17 -3.59915e-17
0.05 0.05 0.05 -0.005 0.025 -0.045 0 0 1 -6.12323e-17
0.05 0.05 0.05 -0.005 0.025 -0.045 0 0 -0.809017 0.587785
0.05 0.05 0.05 -0.005 0.025 -0.045 0 0 -0.309017 0.951057
0.05 0.05 0.05 -0.005 0.025 -0.045 0 0 0.309017 0.951057
0.05 0.05 0.05 -0.005 0.025 -0.045 0 0 0.809017 0.587785
0.05 0.05 0.05 0.005 -0.025 0.045 6.12323e-17 1 -6.12323e-17 3.7494e-33
0.05 0.05 0.05 0.005 -0.025 0.045 0.587785 0.809017 -4.9538e-17 3.59915e-17
0.05 0.05 0.05 0.005 -0.025 0.045 0.951057 0.309017 -1.89218e-17 5.82354e-17
0.05 0.05 0.05 0.005 -0.025 0.045 0.951057 -0.309017 1.89218e-17 5.82354e-17
0.05 0.05 0.05 0.005 -0.025 0.045 -0.587785 0.809017 -4.9538e-17 -3.59915e-17
0.05 0.05 0.05 0.005 -0.025 -0.045 0 0 1 -6.12323e-17
0.05 0.05 0.05 0.005 -0.025 -0.045 0 0 -0.809017 0.587785
0.05 0.05 0.05 0.005 -0.025 -0.045 0 0 -0.309017 0.951057
0.05 0.05 0.05 0.005 -0.025 -0.045 0 0 0.309017 0.951057
0.05 0.05 0.05 0.005 -0.025 -0.045 0 0 0.809017 0.587785
0.05 0.05 0.05 0.005 -0.015 0.045 6.12323e-17 1 -6.12323e-17 3.7494e-33
0.05 0.05 0.05 0.005 -0.015 0.045 0.587785 0.809017 -4.9538e-17 3.59915e-17
0.05 0.05 0.05 0.005 -0.015 0.045 0.951057 0.309017 -1.89218e-17 5.82354e-17
0.05 0.05 0.05 0.005 -0.015 0.045 0.951057 -0.309017 1.89218e-17 5.82354e-17
0.05 0.05 0.05 0.005 -0.015 0.045 -0.587785 0.809017 -4.9538e-17 -3.59915e-17
0.05 0.05 0.05 0.005 -0.015 -0.045 0 0 1 -6.12323e-17
0.05 0.05 0.05 0.005 -0.015 -0.045 0 0 -0.809017 0.587785
0.05 0.05 0.05 0.005 -0.015 -0.045 0 0 -0.309017 0.951057
0.05 0.05 0.05 0.005 -0.015 -0.045 0 0 0.309017 0.951057
0.05 0.05 0.05 0.005 -0.015 -0.045 0 0 0.809017 0.587785
0.05 0.05 0.05 0.005 -0.005 0.045 6.12323e-17 1 -6.12323e-17 3.7494e-33
0.05 0.05 0.05 0.005 -0.005 0.045 0.587785 0.809017 -4.9538e-17 3.59915e-17
0.05 0.05 0.05 0.005 -0.005 0.045 0.951057 0.309017 -1.89218e-17 5.82354e-17
0.05 0.05 0.05 0.005 -0.005 0.045 0.951057 -0.309017 1.89218e-17 5.82354e-17
0.05 0.05 0.05 0.005 -0.005 0.045 -0.587785 0.809017 -4.9538e-17 -3.59915e-17
0.05 0.05 0.05 0.005 -0.005 -0.045 0 0 1 -6.12323e-17
0.05 0.05 0.05 0.005 -0.005 -0.045 0 0 -0.809017 0.587785
0.05 0.05 0.05 0.005 -0.005 -0.045 0 0 -0.309017 0.951057
0.05 0.05 0.05 0.005 -0.005 -0.045 0 0 0.309017 0.951057
0.05 0.05 0.05 0.005 -0.005 -0.045 0 0 0.809017 0.587785
0.05 0.05 0.05 0.005 0.005 0.045 6.12323e-17 1 -6.12323e-17 3.7494e-33
0.05 0.05 0.05 0.005 0.005 0.045 0.587785 0.809017 -4.9538e-17 3.59915e-17
0.05 0.05 0.05 0.005 0.005 0.045 0.951057 0.309017 -1.89218e-17 5.82354e-17
0.05 0.05 0.05 0.005 0.005 0.045 0.951057 -0.309017 1.89218e-17 5.82354e-17
0.05 0.05 0.05 0.005 0.005 0.045 -0.587785 0.809017 -4.9538e-17 -3.59915e-17
0.05 0.05 0.05 0.005 0.005 -0.045 0 0 1 -6.12323e-17
0.05 0.05 0.05 0.005 0.005 -0.045 0 0 -0.809017 0.587785
0.05 0.05 0.05 0.005 0.005 -0.045 0 0 -0.309017 0.951057
0.05 0.05 0.05 0.005 0.005 -0.045 0 0 0.309017 0.951057
0.05 0.05 0.05 0.005 0.005 -0.045 0 0 0.809017 0.587785
0.05 0.05 0.05 0.005 0.015 0.045 6.12323e-17 1 -6.12323e-17 3.7494e-33
0.05 0.05 0.05 0.005 0.015 0.045 0.587785 0.809017 -4.9538e-17 3.59915e-17
0.05 0.05 0.05 0.005 0.015 0.045 0.951057 0.309017 -1.89218e-17 5.82354e-17
0.05 0.05 0.05 0.005 0.015 0.045 0.951057 -0.309017 1.89218e-17 5.82354e-17
0.05 0.05 0.05 0.005 0.015 0.045 -0.587785 0.809017 -4.9538e-17 -3.59915e-17
0.05 0.05 0.05 0.005 0.015 -0.045 0 0 1 -6.12323e-17
0.05 0.05 0.05 0.005 0.015 -0.045 0 0 -0.809017 0.587785
0.05 0.05 0.05 0.005 0.015 -0.045 0 0 -0.309017 0.951057
0.05 0.05 0.05 0.005 0.015 -0.045 0 0 0.309017 0.951057
0.05 0.05 0.05 0.005 0.015 -0.045 0 0 0.809017 0.587785
0.05 0.05 0.05 0.005 0.025 0.045 6.12323e-17 1 -6.12323e-17 3.7494e-33
0.05 0.05 0.05 0.005 0.025 0.045 0.587785 0.809017 -4.9538e-17 3.59915e-17
0.05 0.05 0.05 0.005 0.025 0.045 0.951057 0.309017 -1.89218e-17 5.82354e-17
0.05 0.05 0.05 0.005 0.025 0.045 0.951057 -0.309017 1.89218e-17 5.82354e-17
0.05 0.05 0.05 0.005 0.025 0.045 -0.587785 0.809017 -4.9538e-17 -3.59915e-17
0.05 0.05 0.05 0.005 0.025 -0.045 0 0 1 -6.12323e-17
0.05 0.05 0.05 0.005 0.025 -0.045 0 0 -0.809017 0.587785
0.05 0.05 0.05 0.005 0.025 -0.045 0 0 -0.309017 0.951057
0.05 0.05 0.05 0.005 0.025 -0.045 0 0 0.309017 0.951057
0.05 0.05 0.05 0.005 0.025 -0.045 0 0 0.809017 0.587785
0.05 0.05 0.05 0.015 -0.025 0.045 6.12323e-17 1 -6.12323e-17 3.7494e-33
0.05 0.05 0.05 0.015 -0.025 0.045 0.587785 0.809017 -4.9538e-17 3.59915e-17
0.05 0.05 0.05 0.015 -0.025 0.045 0.951057 0.309017 -1.89218e-17 5.82354e-17
0.05 0.05 0.05 0.015 -0.025 0.045 0.951057 -0.309017 1.89218e-17 5.82354e-17
0.05 0.05 0.05 0.015 -0.025 0.045 -0.587785 0.809017 -4.9538e-17 -3.59915e-17
0.05 0.05 0.05 0.015 -0.025 -0.045 0 0 1 -6.12323e-17
0.05 0.05 0.05 0.015 -0.025 -0.045 0 0 -0.809017 0.587785
0.05 0.05 0.05 0.015 -0.025 -0.045 0 0 -0.309017 0.951057
0.05 0.05 0.05 0.015 -0.025 -0.045 0 0 0.309017 0.951057
0.05 0.05 0.05 0.015 -0.025 -0.045 0 0 0.809017 0.587785
0.05 0.05 0.05 0.015 -0.015 0.045 6.12323e-17 1 -6.12323e-17 3.7494e-33
0.05 0.05 0.05 0.015 -0.015 0.045 0.587785 0.809017 -4.9538e-17 3.59915e-17
0.05 0.05 0.05 0.015 -0.015 0.045 0.951057 0.309017 -1.89218e-17 5.82354e-17
0.05 0.05 0.05 0.015 -0.015 0.045 0.951057 -0.309017 1.89218e-17 5.82354e-17
0.05 0.05 0.05 0.015 -0.015 0.045 -0.587785 0.809017 -4.9538e-17 -3.59915e-17
0.05 0.05 0.05 0.015 -0.015 -0.045 0 0 1 -6.12323e-17
0.05 0.05 0.05 0.015 -0.015 -0.045 0 0 -0.809017 0.587785
0.05 0.05 0.05 0.015 -0.015 -0.045 0 0 -0.309017 0.951057
0.05 0.05 0.05 0.015 -0.015 -0.045 0 0 0.309017 0.951057
0.05 0.05 0.05 0.015 -0.015 -0.045 0 0 0.809017 0.587785
0.05 0.05 0.05 0.015 -0.005 0.045 6.12323e-17 1 -6.12323e-17 3.7494e-33
0.05 0.05 0.05 0.015 -0.005 0.045 0.587785 0.809017 -4.9538e-17 3.59915e-17
0.05 0.05 0.05 0.015 -0.005 0.045 0.951057 0.309017 -1.89218e-17 5.82354e-17
0.05 0.05 0.05 0.015 -0.005 0.045 0.951057 -0.309017 1.89218e-17 5.82354e-17
0.05 0.05 0.05 0.015 -0.005 0.045 -0.587785 0.809017 -4.9538e-17 -3.59915e-17
0.05 0.05 0.05 0.015 -0.005 -0.045 0 0 1 -6.12323e-17
0.05 0.05 0.05 0.015 -0.005 -0.045 0 0 -0.809017 0.587785
0.05 0.05 0.05 0.015 -0.005 -0.045 0 0 -0.309017 0.951057
0.05 0.05 0.05 0.015 -0.005 -0.045 0 0 0.309017 0.951057
0.05 0.05 0.05 0.015 -0.005 -0.045 0 0 0.809017 0.587785
0.05 0.05 0.05 0.015 0.005 0.045 6.12323e-17 1 -6.12323e-17 3.7494e-33
0.05 0.05 0.05 0.015 0.005 0.045 0.587785 0.809017 -4.9538e-17 3.59915e-17
0.05 0.05 0.05 0.015 0.005 0.045 0.951057 0.309017 -1.89218e-17 5.82354e-17
0.05 0.05 0.05 0.015 0.005 0.045 0.951057 -0.309017 1.89218e-17 5.82354e-17
0.05 0.05 0.05 0.015 0.005 0.045 -0.587785 0.809017 -4.9538e-17 -3.59915e-17
0.05 0.05 0.05 0.015 0.005 -0.045 0 0 1 -6.12323e-17
0.05 0.05 0.05 0.015 0.005 -0.045 0 0 -0.809017 0.587785
0.05 0.05 0.05 0.015 0.005 -0.045 0 0 -0.309017 0.951057
0.05 0.05 0.05 0.015 0.005 -0.045 0 0 0.309017 0.951057
0.05 0.05 0.05 0.015 0.005 -0.045 0 0 0.809017 0.587785
0.05 0.05 0.05 0.015 0.015 0.045 6.12323e-17 1 -6.12323e-17 3.7494e-33
0.05 0.05 0.05 0.015 0.015 0.045 0.587785 0.809017 -4.9538e-17 3.59915e-17
0.05 0.05 0.05 0.015 0.015 0.045 0.951057 0.309017 -1.89218e-17 5.82354e-17
0.05 0.05 0.05 0.015 0.015 0.045 0.951057 -0.309017 1.89218e-17 5.82354e-17
0.05 0.05 0.05 0.015 0.015 0.045 -0.587785 0.809017 -4.9538e-17 -3.59915e-17
0.05 0.05 0.05 0.015 0.015 -0.045 0 0 1 -6.12323e-17
0.05 0.05 0.05 0.015 0.015 -0.045 0 0 -0.809017 0.587785
0.05 0.05 0.05 0.015 0.015 -0.045 0 0 -0.309017 0.951057
0.05 0.05 0.05 0.015 0.015 -0.045 0 0 0.309017 0.951057
0.05 0.05 0.05 0.015 0.015 -0.045 0 0 0.809017 0.587785
0.05 0.05 0.05 0.015 0.025 0.045 6.12323e-17 1 -6.12323e-17 3.7494e-33
0.05 0.05 0.05 0.015 0.025 0.045 0.587785 0.809017 -4.9538e-17 3.59915e-17
0.05 0.05 0.05 0.015 0.025 0.045 0.951057 0.309017 -1.89218e-17 5.82354e-17
0.05 0.05 0.05 0.015 0.025 0.045 0.951057 -0.309017 1.89218e-17 5.82354e-17
0.05 0.05 0.05 0.015 0.025 0.045 -0.587785 0.809017 -4.9538e-17 -3.59915e-17
0.05 0.05 0.05 0.015 0.025 -0.045 0 0 1 -6.12323e-17
0.05 0.05 0.05 0.015 0.025 -0.045 0 0 -0.809017 0.587785
0.05 0.05 0.05 0.015 0.025 -0.045 0 0 -0.309017 0.951057
0.05 0.05 0.05 0.015 0.025 -0.045 0 0 0.309017 0.951057
0.05 0.05 0.05 0.015 0.025 -0.045 0 0 0.809017 0.587785
0.05 0.05 0.05 0.025 -0.025 0.045 6.12323e-17 1 -6.12323e-17 3.7494e-33
0.05 0.05 0.05 0.025 -0.025 0.045 0.587785 0.809017 -4.9538e-17 3.59915e-17
0.05 0.05 0.05 0.025 -0.025 0.045 0.951057 0.309017 -1.89218e-17 5.82354e-17
0.05 0.05 0.05 0.025 -0.025 0.045 0.951057 -0.309017 1.89218e-17 5.82354e-17
0.05 0.05 0.05 0.025 -0.025 0.045 -0.587785 0.809017 -4.9538e-17 -3.59915e-17
0.05 0.05 0.05 0.025 -0.025 -0.045 0 0 1 -6.12323e-17
0.05 0.05 0.05 0.025 -0.025 -0.045 0 0 -0.809017 0.587785
0.05 0.05 0.05 0.025 -0.025 -0.045 0 0 -0.309017 0.951057
0.05 0.05 0.05 0.025 -0.025 -0.045 0 0 0.309017 0.951057
0.05 0.05 0.05 0.025 -0.025 -0.045 0 0 0.809017 0.587785
0.05 0.05 0.05 0.025 -0.015 0.045 6.12323e-17 1 -6.12323e-17 3.7494e-33
0.05 0.05 0.05 0.025 -0.015 0.045 0.587785 0.809017 -4.9538e-17 3.59915e-17
0.05 0.05 0.05 0.025 -0.015 0.045 0.951057 0.309017 -1.89218e-17 5.82354e-17
0.05 0.05 0.05 0.025 -0.015 0.045 0.951057 -0.309017 1.89218e-17 5.82354e-17
0.05 0.05 0.05 0.025 -0.015 0.045 -0.587785 0.809017 -4.9538e-17 -3.59915e-17
0.05 0.05 0.05 0.025 -0.015 -0.045 0 0 1 -6.12323e-17
0.05 0.05 0.05 0.025 -0.015 -0.045 0 0 -0.809017 0.587785
0.05 0.05 0.05 0.025 -0.015 -0.045 0 0 -0.309017 0.951057
0.05 0.05 0.05 0.025 -0.015 -0.045 0 0 0.309017 0.951057
0.05 0.05 0.05 0.025 -0.015 -0.045 0 0 0.809017 0.587785
0.05 0.05 0.05 0.025 -0.005 0.045 6.12323e-17 1 -6.12323e-17 3.7494e-33
0.05 0.05 0.05 0.025 -0.005 0.045 0.587785 0.809017 -4.9538e-17 3.59915e-17
0.05 0.05 0.05 0.025 -0.005 0.045 0.951057 0.309017 -1.89218e-17 5.82354e-17
0.05 0.05 0.05 0.025 -0.005 0.045 0.951057 -0.309017 1.89218e-17 5.82354e-17
0.05 0.05 0.05 0.025 -0.005 0.045 -0.587785 0.809017 -4.9538e-17 -3.59915e-17
0.05 0.05 0.05 0.025 -0.005 -0.045 0 0 1 -6.12323e-17
0.05 0.05 0.05 0.025 -0.005 -0.045 0 0 -0.809017 0.587785
0.05 0.05 0.05 0.025 -0.005 -0.045 0 0 -0.309017 0.951057
0.05 0.05 0.05 0.025 -0.005 -0.045 0 0 0.309017 0.951057
0.05 0.05 0.05 0.025 -0.005 -0.045 0 0 0.809017 0.587785
0.05 0.05 0.05 0.025 0.005 0.045 6.12323e-17 1 -6.12323e-17 3.7494e-33
0.05 0.05 0.05 0.025 0.005 0.045 0.587785 0.809017 -4.9538e-17 3.59915e-17
0.05 0.05 0.05 0.025 0.005 0.045 0.951057 0.309017 -1.89218e-17 5.82354e-17
0.05 0.05 0.05 0.025 0.005 0.045 0.951057 -0.309017 1.89218e-17 5.82354e-17
0.05 0.05 0.05 0.025 0.005 0.045 -0.587785 0.809017 -4.9538e-17 -3.59915e-17
0.05 0.05 0.05 0.025 0.005 -0.045 0 0 1 -6.12323e-17
0.05 0.05 0.05 0.025 0.005 -0.045 0 0 -0.809017 0.587785
0.05 0.05 0.05 0.025 0.005 -0.045 0 0 -0.309017 0.951057
0.05 0.05 0.05 0.025 0.005 -0.045 0 0 0.309017 0.951057
0.05 0.05 0.05 0.025 0.005 -0.045 0 0 0.809017 0.587785
0.05 0.05 0.05 0.025 0.015 0.045 6.12323e-17 1 -6.12323e-17 3.7494e-33
0.05 0.05 0.05 0.025 0.015 0.045 0.587785 0.809017 -4.9538e-17 3.59915e-17
0.05 0.05 0.05 0.025 0.015 0.045 0.951057 0.309017 -1.89218e-17 5.82354e-17
0.05 0.05 0.05 0.025 0.015 0.045 0.951057 -0.309017 1.89218e-17 5.82354e-17
0.05 0.05 0.05 0.025 0.015 0.045 -0.587785 0.809017 -4.9538e-17 -3.59915e-17
0.05 0.05 0.05 0.025 0.015 -0.045 0 0 1 -6.12323e-17
0.05 0.05 0.05 0.025 0.015 -0.045 0 0 -0.809017 0.587785
0.05 0.05 0.05 0.025 0.015 -0.045 0 0 -0.309017 0.951057
0.05 0.05 0.05 0.025 0.015 -0.045 0 0 0.309017 0.951057
0.05 0.05 0.05 0.025 0.015 -0.045 0 0 0.809017 0.587785
0.05 0.05 0.05 0.025 0.025 0.045 6.12323e-17 1 -6.12323e-17 3.7494e-33
0.05 0.05 0.05 0.025 0.025 0.045 0.587785 0.809017 -4.9538e-17 3.59915e-17
0.05 0.05 0.05 0.025 0.025 0.045 0.951057 0.309017 -1.89218e-17 5.82354e-17
0.05 0.05 0.05 0.025 0.025 0.045 0.951057 -0.309017 1.89218e-17 5.82354e-17
0.05 0.05 0.05 0.025 0.025 0.045 -0.587785 0.809017 -4.9538e-17 -3.59915e-17
0.05 0.05 0.05 0.025 0.025 -0.045 0 0 1 -6.12323e-17
0.05 0.05 0.05 0.025 0.025 -0.045 0 0 -0.809017 0.587785
0.05 0.05 0.05 0.025 0.025 -0.045 0 0 -0.309017 0.951057
0.05 0.05 0.05 0.025 0.025 -0.045 0 0 0.309017 0.951057
0.05 0.05 0.05 0.025 0.025 -0.045 0 0 0.809017 0.587785
