0.344266 0.04 0.04 0.04 0.012 0.02 0.04 0.951057 -0.309017 -1.89218e-17 5.82354e-17 
0.31993 0.04 0.04 0.04 0.004 0.02 0.04 0.951057 -0.309017 -1.89218e-17 5.82354e-17 
0.315844 0.04 0.04 0.04 -0.004 -0.012 0.04 0.587785 0.809017 -4.9538e-17 3.59915e-17 
0.271651 0.04 0.04 0.04 0.012 0.012 0.04 0.951057 -0.309017 -1.89218e-17 5.82354e-17 
0.270711 0.04 0.04 0.04 0.02 0.02 0.04 0.951057 -0.309017 -1.89218e-17 5.82354e-17 
0.263606 0.04 0.04 0.04 0.004 0.012 0.04 0.951057 -0.309017 -1.89218e-17 5.82354e-17 
0.208935 0.04 0.04 0.04 -0.012 -0.004 0.04 0.587785 0.809017 -4.9538e-17 3.59915e-17 
0.203123 0.04 0.04 0.04 0.012 -0.004 0.04 -0.587785 0.809017 -4.9538e-17 -3.59915e-17 
0.199266 0.04 0.04 0.04 0.004 -0.02 0.04 0.587785 0.809017 -4.9538e-17 3.59915e-17 
0.184986 0.04 0.04 0.04 0.012 0.004 0.04 -0.587785 0.809017 -4.9538e-17 -3.59915e-17 
0.184511 0.04 0.04 0.04 -0.012 -0.012 0.04 0.587785 0.809017 -4.9538e-17 3.59915e-17 
0.18433 0.04 0.04 0.04 0.02 -0.004 0.04 -0.587785 0.809017 -4.9538e-17 -3.59915e-17 
0.182297 0.04 0.04 0.04 -0.004 -0.02 0.04 0.587785 0.809017 -4.9538e-17 3.59915e-17 
0.181255 0.04 0.04 0.04 0.02 0.012 0.04 0.951057 -0.309017 -1.89218e-17 5.82354e-17 
0.179053 0.04 0.04 0.04 -0.012 0.004 0.04 0.587785 0.809017 -4.9538e-17 3.59915e-17 
0.17767 0.04 0.04 0.04 0.02 0.004 0.04 -0.587785 0.809017 -4.9538e-17 -3.59915e-17 
0.157756 0.04 0.04 0.04 0.02 -0.012 0.04 -0.587785 0.809017 -4.9538e-17 -3.59915e-17 
0.145571 0.04 0.04 0.04 0.02 0.02 0.04 0.951057 0.309017 1.89218e-17 5.82354e-17 
0.139286 0.04 0.04 0.04 0.012 -0.012 0.04 -0.587785 0.809017 -4.9538e-17 -3.59915e-17 
0.134586 0.04 0.04 0.04 0.012 0.004 0.04 0.951057 -0.309017 -1.89218e-17 5.82354e-17 
0.129507 0.04 0.04 0.04 0.02 0.012 0.04 -0.587785 0.809017 -4.9538e-17 -3.59915e-17 
0.115095 0.04 0.04 0.04 -0.012 0.012 0.04 0.587785 0.809017 -4.9538e-17 3.59915e-17 
0.114312 0.04 0.04 0.04 0.012 0.02 0.04 0.951057 0.309017 1.89218e-17 5.82354e-17 
0.112374 0.04 0.04 0.04 0.012 -0.012 0.04 6.12323e-17 1 -6.12323e-17 3.7494e-33 
0.106559 0.04 0.04 0.04 0.02 -0.02 0.04 -0.587785 0.809017 -4.9538e-17 -3.59915e-17 
0.10041 0.04 0.04 0.04 -0.004 0.012 0.04 0.951057 0.309017 1.89218e-17 5.82354e-17 
0.100285 0.04 0.04 0.04 0.02 -0.004 0.04 6.12323e-17 1 -6.12323e-17 3.7494e-33 
0.0977054 0.04 0.04 0.04 0.012 -0.004 0.04 6.12323e-17 1 -6.12323e-17 3.7494e-33 
0.0925743 0.04 0.04 0.04 0.004 -0.012 0.04 6.12323e-17 1 -6.12323e-17 3.7494e-33 
0.0916539 0.04 0.04 0.04 0.004 0.02 0.04 0.951057 0.309017 1.89218e-17 5.82354e-17 
0.0888613 0.04 0.04 0.04 0.012 -0.02 0.04 6.12323e-17 1 -6.12323e-17 3.7494e-33 
0.0885978 0.04 0.04 0.04 -0.012 -0.02 0.04 0.587785 0.809017 -4.9538e-17 3.59915e-17 
0.0878197 0.04 0.04 0.04 0.004 -0.004 0.04 -0.587785 0.809017 -4.9538e-17 -3.59915e-17 
0.0873509 0.04 0.04 0.04 0.004 -0.02 0.04 6.12323e-17 1 -6.12323e-17 3.7494e-33 
0.0868021 0.04 0.04 0.04 0.02 -0.012 0.04 6.12323e-17 1 -6.12323e-17 3.7494e-33 
0.0857131 0.04 0.04 0.04 -0.012 0.012 0.04 0.951057 0.309017 1.89218e-17 5.82354e-17 
0.0838413 0.04 0.04 0.04 -0.02 -0.004 0.04 0.587785 0.809017 -4.9538e-17 3.59915e-17 
0.0810939 0.04 0.04 0.04 -0.004 0.02 0.04 0.951057 -0.309017 -1.89218e-17 5.82354e-17 
0.0776174 0.04 0.04 0.04 -0.004 0.02 0.04 0.951057 0.309017 1.89218e-17 5.82354e-17 
0.0774394 0.04 0.04 0.04 -0.02 -0.012 0.04 0.587785 0.809017 -4.9538e-17 3.59915e-17 
0.0754095 0.04 0.04 0.04 0.012 0.012 0.04 -0.587785 0.809017 -4.9538e-17 -3.59915e-17 
0.0748183 0.04 0.04 0.04 -0.02 0.012 0.04 0.951057 0.309017 1.89218e-17 5.82354e-17 
0.0711472 0.04 0.04 0.04 -0.012 0.02 0.04 0.951057 0.309017 1.89218e-17 5.82354e-17 
0.070186 0.04 0.04 0.04 -0.02 0.02 0.04 0.951057 0.309017 1.89218e-17 5.82354e-17 
0.0633172 0.04 0.04 0.04 -0.004 -0.02 0.04 6.12323e-17 1 -6.12323e-17 3.7494e-33 
0.0578471 0.04 0.04 0.04 0.004 0.004 0.04 -0.587785 0.809017 -4.9538e-17 -3.59915e-17 
0.0554081 0.04 0.04 0.04 -0.02 0.004 0.04 0.587785 0.809017 -4.9538e-17 3.59915e-17 
0.0482753 0.04 0.04 0.04 0.02 -0.02 0.04 6.12323e-17 1 -6.12323e-17 3.7494e-33 
0.0479363 0.04 0.04 0.04 -0.004 -0.012 0.04 6.12323e-17 1 -6.12323e-17 3.7494e-33 
0.0465235 0.04 0.04 0.04 0.004 -0.004 0.04 6.12323e-17 1 -6.12323e-17 3.7494e-33 
0.0401934 0.04 0.04 0.04 -0.012 0.02 0.04 0.587785 0.809017 -4.9538e-17 3.59915e-17 
0.0398237 0.04 0.04 0.04 -0.004 0.012 0.04 0.951057 -0.309017 -1.89218e-17 5.82354e-17 
0.0378297 0.04 0.04 0.04 0.02 0.004 0.04 0.951057 -0.309017 -1.89218e-17 5.82354e-17 
0.0358195 0.04 0.04 0.04 -0.012 -0.02 0.04 6.12323e-17 1 -6.12323e-17 3.7494e-33 
0.0320183 0.04 0.04 0.04 0.02 0.02 0.04 -0.587785 0.809017 -4.9538e-17 -3.59915e-17 
0.0303462 0.04 0.04 0.04 -0.02 0.004 0.04 0.951057 0.309017 1.89218e-17 5.82354e-17 
0.0233142 0.04 0.04 0.04 -0.02 -0.02 0.04 6.12323e-17 1 -6.12323e-17 3.7494e-33 
0.019846 0.04 0.04 0.04 -0.02 -0.02 0.04 0.587785 0.809017 -4.9538e-17 3.59915e-17 
0.014559 0.04 0.04 0.04 -0.012 0.004 0.04 0.951057 0.309017 1.89218e-17 5.82354e-17 
0.0114732 0.04 0.04 0.04 -0.02 0.012 0.04 0.587785 0.809017 -4.9538e-17 3.59915e-17 
0.00350935 0.04 0.04 0.04 0.012 -0.02 0.04 -0.587785 0.809017 -4.9538e-17 -3.59915e-17 
-0.00151582 0.04 0.04 0.04 -0.012 -0.012 0.04 6.12323e-17 1 -6.12323e-17 3.7494e-33 
-0.0127332 0.04 0.04 0.04 0.004 -0.012 0.04 -0.587785 0.809017 -4.9538e-17 -3.59915e-17 
-0.0257775 0.04 0.04 0.04 -0.02 0.02 0.04 0.587785 0.809017 -4.9538e-17 3.59915e-17 
-0.0317654 0.04 0.04 0.04 -0.004 -0.004 0.04 6.12323e-17 1 -6.12323e-17 3.7494e-33 
-0.0363282 0.04 0.04 0.04 -0.02 -0.012 0.04 6.12323e-17 1 -6.12323e-17 3.7494e-33 
-0.0442575 0.04 0.04 0.04 -0.02 -0.004 0.04 0.951057 0.309017 1.89218e-17 5.82354e-17 
-0.113354 0.04 0.04 0.04 0.004 0.012 0.04 -0.587785 0.809017 -4.9538e-17 -3.59915e-17 
-0.116131 0.04 0.04 0.04 -0.012 -0.004 0.04 6.12323e-17 1 -6.12323e-17 3.7494e-33 
-0.124231 0.04 0.04 0.04 -0.012 -0.004 0.04 0.951057 0.309017 1.89218e-17 5.82354e-17 
-0.129111 0.04 0.04 0.04 -0.02 -0.012 0.04 0.951057 0.309017 1.89218e-17 5.82354e-17 
-0.134528 0.04 0.04 0.04 0.012 0.02 0.04 -0.587785 0.809017 -4.9538e-17 -3.59915e-17 
-0.186164 0.04 0.04 0.04 -0.02 -0.004 0.04 6.12323e-17 1 -6.12323e-17 3.7494e-33 
-0.232422 0.04 0.04 0.04 0.004 -0.02 0.04 -0.587785 0.809017 -4.9538e-17 -3.59915e-17 
-0.311528 0.04 0.04 0.04 -0.012 -0.012 0.04 0.951057 0.309017 1.89218e-17 5.82354e-17 
-0.488167 0.04 0.04 0.04 -0.012 0.02 0.04 0.951057 -0.309017 -1.89218e-17 5.82354e-17 
-0.516311 0.04 0.04 0.04 -0.012 0.012 0.04 0.951057 -0.309017 -1.89218e-17 5.82354e-17 
-1.50251 0.04 0.04 0.04 -0.02 0.02 0.04 0.951057 -0.309017 -1.89218e-17 5.82354e-17 
