1.5205 0.04 0.04 0.04 0.02 0 0.04 0.951057 -0.309017 -1.89218e-17 5.82354e-17 
1.47003 0.04 0.04 0.04 -0.02 0 0.04 0.309017 0.951057 -5.82354e-17 1.89218e-17 
1.39279 0.04 0.04 0.04 0.008 0.004 0.04 0.951057 -0.309017 -1.89218e-17 5.82354e-17 
1.34819 0.04 0.04 0.04 -0.008 -0.004 0.04 0.309017 0.951057 -5.82354e-17 1.89218e-17 
1.31147 0.04 0.04 0.04 0.012 0.004 0.04 0.951057 -0.309017 -1.89218e-17 5.82354e-17 
1.27162 0.04 0.04 0.04 -0.012 -0.004 0.04 0.309017 0.951057 -5.82354e-17 1.89218e-17 
1.21047 0.04 0.04 0.04 0.016 0.004 0.04 0.951057 -0.309017 -1.89218e-17 5.82354e-17 
1.17532 0.04 0.04 0.04 -0.016 -0.004 0.04 0.309017 0.951057 -5.82354e-17 1.89218e-17 
1.08895 0.04 0.04 0.04 0.02 0.004 0.04 0.951057 -0.309017 -1.89218e-17 5.82354e-17 
1.05818 0.04 0.04 0.04 -0.02 -0.004 0.04 0.309017 0.951057 -5.82354e-17 1.89218e-17 
1.04623 0.04 0.04 0.04 -0.004 0.008 0.04 0.951057 -0.309017 -1.89218e-17 5.82354e-17 
1.04177 0.04 0.04 0.04 -0.008 0.008 0.04 0.951057 -0.309017 -1.89218e-17 5.82354e-17 
1.03766 0.04 0.04 0.04 0 0.008 0.04 0.951057 -0.309017 -1.89218e-17 5.82354e-17 
1.02537 0.04 0.04 0.04 -0.012 0.008 0.04 0.951057 -0.309017 -1.89218e-17 5.82354e-17 
1.01476 0.04 0.04 0.04 0.004 0.008 0.04 0.951057 -0.309017 -1.89218e-17 5.82354e-17 
1.00825 0.04 0.04 0.04 0.004 -0.008 0.04 0.309017 0.951057 -5.82354e-17 1.89218e-17 
1.00386 0.04 0.04 0.04 0 -0.008 0.04 0.309017 0.951057 -5.82354e-17 1.89218e-17 
0.999206 0.04 0.04 0.04 0.008 -0.008 0.04 0.309017 0.951057 -5.82354e-17 1.89218e-17 
0.984911 0.04 0.04 0.04 -0.004 -0.008 0.04 0.309017 0.951057 -5.82354e-17 1.89218e-17 
0.977924 0.04 0.04 0.04 0.012 -0.008 0.04 0.309017 0.951057 -5.82354e-17 1.89218e-17 
0.976528 0.04 0.04 0.04 0.008 0.008 0.04 0.951057 -0.309017 -1.89218e-17 5.82354e-17 
0.950379 0.04 0.04 0.04 -0.008 -0.008 0.04 0.309017 0.951057 -5.82354e-17 1.89218e-17 
0.921721 0.04 0.04 0.04 0.012 0.008 0.04 0.951057 -0.309017 -1.89218e-17 5.82354e-17 
0.898998 0.04 0.04 0.04 -0.012 -0.008 0.04 0.309017 0.951057 -5.82354e-17 1.89218e-17 
0.849258 0.04 0.04 0.04 0.016 0.008 0.04 0.951057 -0.309017 -1.89218e-17 5.82354e-17 
0.82965 0.04 0.04 0.04 -0.016 -0.008 0.04 0.309017 0.951057 -5.82354e-17 1.89218e-17 
0.80912 0.04 0.04 0.04 -0.02 0 0.04 1 0 0 6.12323e-17 
0.7763 0.04 0.04 0.04 0.02 0 0.04 6.12323e-17 1 -6.12323e-17 3.7494e-33 
0.757805 0.04 0.04 0.04 0.02 0.008 0.04 0.951057 -0.309017 -1.89218e-17 5.82354e-17 
0.741273 0.04 0.04 0.04 -0.02 -0.008 0.04 0.309017 0.951057 -5.82354e-17 1.89218e-17 
0.682317 0.04 0.04 0.04 0 0.012 0.04 0.951057 -0.309017 -1.89218e-17 5.82354e-17 
0.677011 0.04 0.04 0.04 0.004 0.012 0.04 0.951057 -0.309017 -1.89218e-17 5.82354e-17 
0.675715 0.04 0.04 0.04 -0.004 0.012 0.04 0.951057 -0.309017 -1.89218e-17 5.82354e-17 
0.663827 0.04 0.04 0.04 0 -0.012 0.04 0.309017 0.951057 -5.82354e-17 1.89218e-17 
0.661195 0.04 0.04 0.04 -0.004 -0.012 0.04 0.309017 0.951057 -5.82354e-17 1.89218e-17 
0.658647 0.04 0.04 0.04 0.008 0.012 0.04 0.951057 -0.309017 -1.89218e-17 5.82354e-17 
0.658636 0.04 0.04 0.04 -0.008 0.012 0.04 0.951057 -0.309017 -1.89218e-17 5.82354e-17 
0.654214 0.04 0.04 0.04 0.004 -0.012 0.04 0.309017 0.951057 -5.82354e-17 1.89218e-17 
0.645232 0.04 0.04 0.04 -0.008 -0.012 0.04 0.309017 0.951057 -5.82354e-17 1.89218e-17 
0.633659 0.04 0.04 0.04 0.008 -0.012 0.04 0.309017 0.951057 -5.82354e-17 1.89218e-17 
0.632024 0.04 0.04 0.04 -0.012 0.012 0.04 0.951057 -0.309017 -1.89218e-17 5.82354e-17 
0.625811 0.04 0.04 0.04 0.012 0.012 0.04 0.951057 -0.309017 -1.89218e-17 5.82354e-17 
0.614706 0.04 0.04 0.04 -0.012 -0.012 0.04 0.309017 0.951057 -5.82354e-17 1.89218e-17 
0.603447 0.04 0.04 0.04 0.012 -0.012 0.04 0.309017 0.951057 -5.82354e-17 1.89218e-17 
0.597335 0.04 0.04 0.04 -0.016 0.012 0.04 0.951057 -0.309017 -1.89218e-17 5.82354e-17 
0.579487 0.04 0.04 0.04 -0.02 0.004 0.04 1 0 0 6.12323e-17 
0.577396 0.04 0.04 0.04 0.016 0.012 0.04 0.951057 -0.309017 -1.89218e-17 5.82354e-17 
0.568205 0.04 0.04 0.04 -0.016 -0.012 0.04 0.309017 0.951057 -5.82354e-17 1.89218e-17 
0.564685 0.04 0.04 0.04 0.016 -0.012 0.04 0.309017 0.951057 -5.82354e-17 1.89218e-17 
0.55853 0.04 0.04 0.04 0.02 -0.004 0.04 6.12323e-17 1 -6.12323e-17 3.7494e-33 
0.511962 0.04 0.04 0.04 0.02 0.012 0.04 0.951057 -0.309017 -1.89218e-17 5.82354e-17 
0.504653 0.04 0.04 0.04 -0.02 -0.012 0.04 0.309017 0.951057 -5.82354e-17 1.89218e-17 
0.474542 0.04 0.04 0.04 -0.016 0.004 0.04 1 0 0 6.12323e-17 
0.454179 0.04 0.04 0.04 0.016 -0.004 0.04 6.12323e-17 1 -6.12323e-17 3.7494e-33 
0.427251 0.04 0.04 0.04 0.004 0.016 0.04 0.951057 -0.309017 -1.89218e-17 5.82354e-17 
0.423884 0.04 0.04 0.04 0.008 0.016 0.04 0.951057 -0.309017 -1.89218e-17 5.82354e-17 
0.420358 0.04 0.04 0.04 -0.004 -0.016 0.04 0.309017 0.951057 -5.82354e-17 1.89218e-17 
0.42008 0.04 0.04 0.04 0 0.016 0.04 0.951057 -0.309017 -1.89218e-17 5.82354e-17 
0.418479 0.04 0.04 0.04 -0.008 -0.016 0.04 0.309017 0.951057 -5.82354e-17 1.89218e-17 
0.411424 0.04 0.04 0.04 0 -0.016 0.04 0.309017 0.951057 -5.82354e-17 1.89218e-17 
0.408541 0.04 0.04 0.04 0.012 0.016 0.04 0.951057 -0.309017 -1.89218e-17 5.82354e-17 
0.407597 0.04 0.04 0.04 -0.02 0.008 0.04 1 0 0 6.12323e-17 
0.404474 0.04 0.04 0.04 -0.012 -0.016 0.04 0.309017 0.951057 -5.82354e-17 1.89218e-17 
0.403558 0.04 0.04 0.04 -0.004 0.016 0.04 0.951057 -0.309017 -1.89218e-17 5.82354e-17 
0.395255 0.04 0.04 0.04 0.02 -0.008 0.04 6.12323e-17 1 -6.12323e-17 3.7494e-33 
0.3929 0.04 0.04 0.04 0.004 -0.016 0.04 0.309017 0.951057 -5.82354e-17 1.89218e-17 
0.379894 0.04 0.04 0.04 0.016 0.016 0.04 0.951057 -0.309017 -1.89218e-17 5.82354e-17 
0.379224 0.04 0.04 0.04 -0.008 0.016 0.04 0.951057 -0.309017 -1.89218e-17 5.82354e-17 
0.376887 0.04 0.04 0.04 -0.016 -0.016 0.04 0.309017 0.951057 -5.82354e-17 1.89218e-17 
0.375488 0.04 0.04 0.04 -0.012 0.004 0.04 1 0 0 6.12323e-17 
0.366244 0.04 0.04 0.04 0.008 -0.016 0.04 0.309017 0.951057 -5.82354e-17 1.89218e-17 
0.355616 0.04 0.04 0.04 0.012 -0.004 0.04 6.12323e-17 1 -6.12323e-17 3.7494e-33 
0.348341 0.04 0.04 0.04 -0.012 0.016 0.04 0.951057 -0.309017 -1.89218e-17 5.82354e-17 
0.336482 0.04 0.04 0.04 0.02 0.016 0.04 0.951057 -0.309017 -1.89218e-17 5.82354e-17 
0.334999 0.04 0.04 0.04 -0.016 0.008 0.04 1 0 0 6.12323e-17 
0.334409 0.04 0.04 0.04 -0.02 -0.016 0.04 0.309017 0.951057 -5.82354e-17 1.89218e-17 
0.33266 0.04 0.04 0.04 0.012 -0.016 0.04 0.309017 0.951057 -5.82354e-17 1.89218e-17 
0.323127 0.04 0.04 0.04 0.016 -0.008 0.04 6.12323e-17 1 -6.12323e-17 3.7494e-33 
0.312114 0.04 0.04 0.04 -0.016 0.016 0.04 0.951057 -0.309017 -1.89218e-17 5.82354e-17 
0.293416 0.04 0.04 0.04 0.016 -0.016 0.04 0.309017 0.951057 -5.82354e-17 1.89218e-17 
0.283854 0.04 0.04 0.04 -0.02 0.012 0.04 1 0 0 6.12323e-17 
0.282634 0.04 0.04 0.04 -0.008 0.004 0.04 1 0 0 6.12323e-17 
0.277512 0.04 0.04 0.04 0.02 -0.012 0.04 6.12323e-17 1 -6.12323e-17 3.7494e-33 
0.272008 0.04 0.04 0.04 -0.02 0.016 0.04 0.951057 -0.309017 -1.89218e-17 5.82354e-17 
0.267035 0.04 0.04 0.04 0.02 0.02 0.04 -0.587785 0.809017 -4.9538e-17 -3.59915e-17 
0.265969 0.04 0.04 0.04 -0.012 0.008 0.04 1 0 0 6.12323e-17 
0.263247 0.04 0.04 0.04 0.008 -0.004 0.04 6.12323e-17 1 -6.12323e-17 3.7494e-33 
0.257618 0.04 0.04 0.04 0.008 0.02 0.04 0.951057 -0.309017 -1.89218e-17 5.82354e-17 
0.256391 0.04 0.04 0.04 -0.008 -0.02 0.04 0.309017 0.951057 -5.82354e-17 1.89218e-17 
0.255257 0.04 0.04 0.04 0.012 0.02 0.04 0.951057 -0.309017 -1.89218e-17 5.82354e-17 
0.254578 0.04 0.04 0.04 -0.012 -0.02 0.04 0.309017 0.951057 -5.82354e-17 1.89218e-17 
0.254504 0.04 0.04 0.04 0.012 -0.008 0.04 6.12323e-17 1 -6.12323e-17 3.7494e-33 
0.25069 0.04 0.04 0.04 0.004 0.02 0.04 0.951057 -0.309017 -1.89218e-17 5.82354e-17 
0.249744 0.04 0.04 0.04 0.02 -0.016 0.04 0.309017 0.951057 -5.82354e-17 1.89218e-17 
0.248554 0.04 0.04 0.04 -0.004 -0.02 0.04 0.309017 0.951057 -5.82354e-17 1.89218e-17 
0.242202 0.04 0.04 0.04 0.016 0.02 0.04 0.951057 -0.309017 -1.89218e-17 5.82354e-17 
0.241951 0.04 0.04 0.04 -0.016 -0.02 0.04 0.309017 0.951057 -5.82354e-17 1.89218e-17 
0.238617 0.04 0.04 0.04 -0.016 0.012 0.04 1 0 0 6.12323e-17 
0.235841 0.04 0.04 0.04 0 0.02 0.04 0.951057 -0.309017 -1.89218e-17 5.82354e-17 
0.232858 0.04 0.04 0.04 0 -0.02 0.04 0.309017 0.951057 -5.82354e-17 1.89218e-17 
0.232647 0.04 0.04 0.04 0.016 -0.012 0.04 6.12323e-17 1 -6.12323e-17 3.7494e-33 
0.223278 0.04 0.04 0.04 0.02 0.016 0.04 -0.587785 0.809017 -4.9538e-17 -3.59915e-17 
0.217051 0.04 0.04 0.04 -0.02 -0.02 0.04 0.309017 0.951057 -5.82354e-17 1.89218e-17 
0.21693 0.04 0.04 0.04 0.02 0.02 0.04 0.951057 -0.309017 -1.89218e-17 5.82354e-17 
0.216653 0.04 0.04 0.04 -0.02 -0.02 0.04 0.809017 0.587785 3.59914e-17 4.9538e-17 
0.214774 0.04 0.04 0.04 -0.004 0.02 0.04 0.951057 -0.309017 -1.89218e-17 5.82354e-17 
0.210406 0.04 0.04 0.04 0.004 -0.02 0.04 0.309017 0.951057 -5.82354e-17 1.89218e-17 
0.201062 0.04 0.04 0.04 -0.008 0.008 0.04 1 0 0 6.12323e-17 
0.198828 0.04 0.04 0.04 -0.02 0.016 0.04 1 0 0 6.12323e-17 
0.196619 0.04 0.04 0.04 -0.004 0.004 0.04 1 0 0 6.12323e-17 
0.19606 0.04 0.04 0.04 0.02 -0.016 0.04 6.12323e-17 1 -6.12323e-17 3.7494e-33 
0.195244 0.04 0.04 0.04 -0.012 0.012 0.04 1 0 0 6.12323e-17 
0.189917 0.04 0.04 0.04 0.008 -0.008 0.04 6.12323e-17 1 -6.12323e-17 3.7494e-33 
0.189421 0.04 0.04 0.04 0.012 -0.012 0.04 6.12323e-17 1 -6.12323e-17 3.7494e-33 
0.188658 0.04 0.04 0.04 -0.008 0.02 0.04 0.951057 -0.309017 -1.89218e-17 5.82354e-17 
0.188427 0.04 0.04 0.04 0.016 0.02 0.04 -0.587785 0.809017 -4.9538e-17 -3.59915e-17 
0.185586 0.04 0.04 0.04 0.02 0.012 0.04 -0.587785 0.809017 -4.9538e-17 -3.59915e-17 
0.182881 0.04 0.04 0.04 0.008 -0.02 0.04 0.309017 0.951057 -5.82354e-17 1.89218e-17 
0.179564 0.04 0.04 0.04 -0.02 -0.016 0.04 0.809017 0.587785 3.59914e-17 4.9538e-17 
0.17758 0.04 0.04 0.04 0.004 -0.004 0.04 6.12323e-17 1 -6.12323e-17 3.7494e-33 
0.175998 0.04 0.04 0.04 -0.016 0.016 0.04 1 0 0 6.12323e-17 
0.173434 0.04 0.04 0.04 0.016 -0.016 0.04 6.12323e-17 1 -6.12323e-17 3.7494e-33 
0.160778 0.04 0.04 0.04 -0.008 -0.008 0.04 0.587785 0.809017 -4.9538e-17 3.59915e-17 
0.159673 0.04 0.04 0.04 -0.012 -0.008 0.04 0.587785 0.809017 -4.9538e-17 3.59915e-17 
0.159071 0.04 0.04 0.04 -0.012 0.02 0.04 0.951057 -0.309017 -1.89218e-17 5.82354e-17 
0.157293 0.04 0.04 0.04 -0.012 -0.004 0.04 0.587785 0.809017 -4.9538e-17 3.59915e-17 
0.156754 0.04 0.04 0.04 -0.008 -0.004 0.04 0.587785 0.809017 -4.9538e-17 3.59915e-17 
0.154427 0.04 0.04 0.04 -0.008 -0.012 0.04 0.587785 0.809017 -4.9538e-17 3.59915e-17 
0.154344 0.04 0.04 0.04 0.02 0.008 0.04 -0.587785 0.809017 -4.9538e-17 -3.59915e-17 
0.153992 0.04 0.04 0.04 -0.008 0.012 0.04 1 0 0 6.12323e-17 
0.1535 0.04 0.04 0.04 -0.012 0.016 0.04 1 0 0 6.12323e-17 
0.152001 0.04 0.04 0.04 -0.012 -0.012 0.04 0.587785 0.809017 -4.9538e-17 3.59915e-17 
0.15149 0.04 0.04 0.04 -0.02 -0.012 0.04 0.809017 0.587785 3.59914e-17 4.9538e-17 
0.15133 0.04 0.04 0.04 0.012 -0.02 0.04 0.309017 0.951057 -5.82354e-17 1.89218e-17 
0.151125 0.04 0.04 0.04 0.012 -0.016 0.04 6.12323e-17 1 -6.12323e-17 3.7494e-33 
0.151049 0.04 0.04 0.04 -0.016 -0.008 0.04 0.587785 0.809017 -4.9538e-17 3.59915e-17 
0.150193 0.04 0.04 0.04 -0.016 -0.004 0.04 0.587785 0.809017 -4.9538e-17 3.59915e-17 
0.148341 0.04 0.04 0.04 0.008 -0.012 0.04 6.12323e-17 1 -6.12323e-17 3.7494e-33 
0.148269 0.04 0.04 0.04 -0.004 -0.012 0.04 0.587785 0.809017 -4.9538e-17 3.59915e-17 
0.144967 0.04 0.04 0.04 -0.012 0 0.04 0.587785 0.809017 -4.9538e-17 3.59915e-17 
0.14287 0.04 0.04 0.04 -0.02 0.02 0.04 1 0 0 6.12323e-17 
0.142829 0.04 0.04 0.04 0.016 0.016 0.04 -0.587785 0.809017 -4.9538e-17 -3.59915e-17 
0.14248 0.04 0.04 0.04 -0.008 0 0.04 0.587785 0.809017 -4.9538e-17 3.59915e-17 
0.142412 0.04 0.04 0.04 -0.016 -0.012 0.04 0.587785 0.809017 -4.9538e-17 3.59915e-17 
0.14192 0.04 0.04 0.04 0.02 -0.02 0.04 6.12323e-17 1 -6.12323e-17 3.7494e-33 
0.140434 0.04 0.04 0.04 -0.004 0.008 0.04 1 0 0 6.12323e-17 
0.139744 0.04 0.04 0.04 -0.016 0 0.04 0.587785 0.809017 -4.9538e-17 3.59915e-17 
0.138364 0.04 0.04 0.04 -0.008 -0.016 0.04 0.587785 0.809017 -4.9538e-17 3.59915e-17 
0.137367 0.04 0.04 0.04 -0.016 0.02 0.04 1 0 0 6.12323e-17 
0.136845 0.04 0.04 0.04 -0.02 -0.004 0.04 0.587785 0.809017 -4.9538e-17 3.59915e-17 
0.136462 0.04 0.04 0.04 0.016 -0.02 0.04 6.12323e-17 1 -6.12323e-17 3.7494e-33 
0.136326 0.04 0.04 0.04 -0.02 -0.008 0.04 0.587785 0.809017 -4.9538e-17 3.59915e-17 
0.135214 0.04 0.04 0.04 -0.012 -0.016 0.04 0.587785 0.809017 -4.9538e-17 3.59915e-17 
0.133389 0.04 0.04 0.04 -0.004 -0.016 0.04 0.587785 0.809017 -4.9538e-17 3.59915e-17 
0.131611 0.04 0.04 0.04 -0.008 0.016 0.04 1 0 0 6.12323e-17 
0.131079 0.04 0.04 0.04 -0.012 0.02 0.04 1 0 0 6.12323e-17 
0.130778 0.04 0.04 0.04 -0.02 -0.008 0.04 0.809017 0.587785 3.59914e-17 4.9538e-17 
0.130261 0.04 0.04 0.04 0.012 -0.02 0.04 6.12323e-17 1 -6.12323e-17 3.7494e-33 
0.12965 0.04 0.04 0.04 0.02 0.004 0.04 -0.587785 0.809017 -4.9538e-17 -3.59915e-17 
0.129531 0.04 0.04 0.04 0.004 -0.008 0.04 6.12323e-17 1 -6.12323e-17 3.7494e-33 
0.12935 0.04 0.04 0.04 0.008 -0.016 0.04 6.12323e-17 1 -6.12323e-17 3.7494e-33 
0.128257 0.04 0.04 0.04 -0.02 0 0.04 0.587785 0.809017 -4.9538e-17 3.59915e-17 
0.127275 0.04 0.04 0.04 -0.016 0.02 0.04 0.951057 -0.309017 -1.89218e-17 5.82354e-17 
0.126981 0.04 0.04 0.04 -0.02 -0.012 0.04 0.587785 0.809017 -4.9538e-17 3.59915e-17 
0.125255 0.04 0.04 0.04 -0.016 -0.016 0.04 0.587785 0.809017 -4.9538e-17 3.59915e-17 
0.124788 0.04 0.04 0.04 -0.016 -0.02 0.04 0.809017 0.587785 3.59914e-17 4.9538e-17 
0.124383 0.04 0.04 0.04 -0.008 0.02 0.04 1 0 0 6.12323e-17 
0.123616 0.04 0.04 0.04 0.008 -0.02 0.04 6.12323e-17 1 -6.12323e-17 3.7494e-33 
0.123539 0.04 0.04 0.04 -0.012 0.004 0.04 0.587785 0.809017 -4.9538e-17 3.59915e-17 
0.120392 0.04 0.04 0.04 -0.016 0.004 0.04 0.587785 0.809017 -4.9538e-17 3.59915e-17 
0.119042 0.04 0.04 0.04 0 -0.016 0.04 0.587785 0.809017 -4.9538e-17 3.59915e-17 
0.118837 0.04 0.04 0.04 -0.008 0.004 0.04 0.587785 0.809017 -4.9538e-17 3.59915e-17 
0.117549 0.04 0.04 0.04 0 0.004 0.04 1 0 0 6.12323e-17 
0.117324 0.04 0.04 0.04 0.016 -0.02 0.04 0.309017 0.951057 -5.82354e-17 1.89218e-17 
0.117211 0.04 0.04 0.04 -0.004 0.02 0.04 1 0 0 6.12323e-17 
0.116473 0.04 0.04 0.04 0.004 -0.02 0.04 6.12323e-17 1 -6.12323e-17 3.7494e-33 
0.115927 0.04 0.04 0.04 -0.02 -0.004 0.04 0.809017 0.587785 3.59914e-17 4.9538e-17 
0.115007 0.04 0.04 0.04 -0.004 0.012 0.04 1 0 0 6.12323e-17 
0.114009 0.04 0.04 0.04 -0.008 -0.02 0.04 0.587785 0.809017 -4.9538e-17 3.59915e-17 
0.111217 0.04 0.04 0.04 0.02 0 0.04 -0.587785 0.809017 -4.9538e-17 -3.59915e-17 
0.111162 0.04 0.04 0.04 -0.02 0.004 0.04 0.587785 0.809017 -4.9538e-17 3.59915e-17 
0.110741 0.04 0.04 0.04 -0.012 -0.02 0.04 0.587785 0.809017 -4.9538e-17 3.59915e-17 
0.110511 0.04 0.04 0.04 -0.004 0.016 0.04 1 0 0 6.12323e-17 
0.109774 0.04 0.04 0.04 -0.02 -0.016 0.04 0.587785 0.809017 -4.9538e-17 3.59915e-17 
0.109622 0.04 0.04 0.04 -0.004 -0.02 0.04 0.587785 0.809017 -4.9538e-17 3.59915e-17 
0.109617 0.04 0.04 0.04 0.004 -0.012 0.04 6.12323e-17 1 -6.12323e-17 3.7494e-33 
0.10958 0.04 0.04 0.04 0 0.02 0.04 1 0 0 6.12323e-17 
0.108786 0.04 0.04 0.04 0 -0.02 0.04 6.12323e-17 1 -6.12323e-17 3.7494e-33 
0.108597 0.04 0.04 0.04 0.02 0.008 0.04 0.809017 -0.587785 -3.59914e-17 4.9538e-17 
0.108253 0.04 0.04 0.04 0.004 -0.016 0.04 6.12323e-17 1 -6.12323e-17 3.7494e-33 
0.107596 0.04 0.04 0.04 0.02 0.012 0.04 0.809017 -0.587785 -3.59914e-17 4.9538e-17 
0.105395 0.04 0.04 0.04 -0.02 0 0.04 0.809017 0.587785 3.59914e-17 4.9538e-17 
0.105239 0.04 0.04 0.04 0.016 0.012 0.04 -0.587785 0.809017 -4.9538e-17 -3.59915e-17 
0.101247 0.04 0.04 0.04 0.004 0.02 0.04 1 0 0 6.12323e-17 
0.101169 0.04 0.04 0.04 -0.016 -0.02 0.04 0.587785 0.809017 -4.9538e-17 3.59915e-17 
0.100371 0.04 0.04 0.04 -0.004 -0.02 0.04 6.12323e-17 1 -6.12323e-17 3.7494e-33 
0.0994983 0.04 0.04 0.04 0.02 0.004 0.04 0.809017 -0.587785 -3.59914e-17 4.9538e-17 
0.0988364 0.04 0.04 0.04 0 -0.004 0.04 6.12323e-17 1 -6.12323e-17 3.7494e-33 
0.0984619 0.04 0.04 0.04 0.02 -0.004 0.04 -0.587785 0.809017 -4.9538e-17 -3.59915e-17 
0.0979311 0.04 0.04 0.04 -0.02 0.004 0.04 0.809017 0.587785 3.59914e-17 4.9538e-17 
0.0973381 0.04 0.04 0.04 0.02 0.016 0.04 0.809017 -0.587785 -3.59914e-17 4.9538e-17 
0.0965937 0.04 0.04 0.04 0 -0.02 0.04 0.587785 0.809017 -4.9538e-17 3.59915e-17 
0.0959232 0.04 0.04 0.04 0.016 0.012 0.04 0.809017 -0.587785 -3.59914e-17 4.9538e-17 
0.0947328 0.04 0.04 0.04 -0.02 0.02 0.04 0.951057 -0.309017 -1.89218e-17 5.82354e-17 
0.0944445 0.04 0.04 0.04 -0.012 0.008 0.04 0.587785 0.809017 -4.9538e-17 3.59915e-17 
0.0937374 0.04 0.04 0.04 -0.016 0.008 0.04 0.587785 0.809017 -4.9538e-17 3.59915e-17 
0.0924799 0.04 0.04 0.04 0.016 0.016 0.04 0.809017 -0.587785 -3.59914e-17 4.9538e-17 
0.0924419 0.04 0.04 0.04 -0.02 0.008 0.04 0.809017 0.587785 3.59914e-17 4.9538e-17 
0.0918433 0.04 0.04 0.04 0.008 0.02 0.04 1 0 0 6.12323e-17 
0.0910387 0.04 0.04 0.04 -0.008 -0.02 0.04 6.12323e-17 1 -6.12323e-17 3.7494e-33 
0.0904933 0.04 0.04 0.04 0.02 -0.008 0.04 -0.587785 0.809017 -4.9538e-17 -3.59915e-17 
0.0901866 0.04 0.04 0.04 0 0.016 0.04 1 0 0 6.12323e-17 
0.0888343 0.04 0.04 0.04 0.016 0.008 0.04 0.809017 -0.587785 -3.59914e-17 4.9538e-17 
0.0886685 0.04 0.04 0.04 -0.016 -0.016 0.04 0.809017 0.587785 3.59914e-17 4.9538e-17 
0.0879995 0.04 0.04 0.04 0 -0.016 0.04 6.12323e-17 1 -6.12323e-17 3.7494e-33 
0.0877278 0.04 0.04 0.04 -0.02 0.012 0.04 0.809017 0.587785 3.59914e-17 4.9538e-17 
0.0875447 0.04 0.04 0.04 -0.008 0.008 0.04 0.587785 0.809017 -4.9538e-17 3.59915e-17 
0.0869689 0.04 0.04 0.04 -0.02 0.008 0.04 0.587785 0.809017 -4.9538e-17 3.59915e-17 
0.0864881 0.04 0.04 0.04 -0.02 -0.02 0.04 0.587785 0.809017 -4.9538e-17 3.59915e-17 
0.086005 0.04 0.04 0.04 0.02 -0.012 0.04 -0.587785 0.809017 -4.9538e-17 -3.59915e-17 
0.0843876 0.04 0.04 0.04 0 0.008 0.04 1 0 0 6.12323e-17 
0.0835121 0.04 0.04 0.04 0.02 -0.016 0.04 -0.587785 0.809017 -4.9538e-17 -3.59915e-17 
0.0828906 0.04 0.04 0.04 -0.02 0.016 0.04 0.809017 0.587785 3.59914e-17 4.9538e-17 
0.0822099 0.04 0.04 0.04 0.02 -0.02 0.04 0.309017 0.951057 -5.82354e-17 1.89218e-17 
0.0810578 0.04 0.04 0.04 0.02 -0.02 0.04 -0.587785 0.809017 -4.9538e-17 -3.59915e-17 
0.0809938 0.04 0.04 0.04 0.012 0.02 0.04 1 0 0 6.12323e-17 
0.080278 0.04 0.04 0.04 0.02 0 0.04 0.809017 -0.587785 -3.59914e-17 4.9538e-17 
0.0802091 0.04 0.04 0.04 -0.012 -0.02 0.04 6.12323e-17 1 -6.12323e-17 3.7494e-33 
0.0800568 0.04 0.04 0.04 0.016 0.02 0.04 0.809017 -0.587785 -3.59914e-17 4.9538e-17 
0.079436 0.04 0.04 0.04 0.02 0.02 0.04 0.809017 -0.587785 -3.59914e-17 4.9538e-17 
0.0785415 0.04 0.04 0.04 0 0.012 0.04 1 0 0 6.12323e-17 
0.0770163 0.04 0.04 0.04 -0.02 0.02 0.04 0.809017 0.587785 3.59914e-17 4.9538e-17 
0.0759118 0.04 0.04 0.04 0.016 0.008 0.04 -0.587785 0.809017 -4.9538e-17 -3.59915e-17 
0.0736783 0.04 0.04 0.04 0 -0.008 0.04 6.12323e-17 1 -6.12323e-17 3.7494e-33 
0.0735217 0.04 0.04 0.04 0.004 -0.02 0.04 0.587785 0.809017 -4.9538e-17 3.59915e-17 
0.0732193 0.04 0.04 0.04 0 -0.012 0.04 6.12323e-17 1 -6.12323e-17 3.7494e-33 
0.0717282 0.04 0.04 0.04 0.012 0.016 0.04 0.809017 -0.587785 -3.59914e-17 4.9538e-17 
0.0706336 0.04 0.04 0.04 0.016 0.004 0.04 0.809017 -0.587785 -3.59914e-17 4.9538e-17 
0.070468 0.04 0.04 0.04 0.004 0.016 0.04 1 0 0 6.12323e-17 
0.0683572 0.04 0.04 0.04 -0.004 -0.016 0.04 6.12323e-17 1 -6.12323e-17 3.7494e-33 
0.0680844 0.04 0.04 0.04 0.016 0.02 0.04 1 0 0 6.12323e-17 
0.06733 0.04 0.04 0.04 -0.016 -0.02 0.04 6.12323e-17 1 -6.12323e-17 3.7494e-33 
0.0671385 0.04 0.04 0.04 0.012 0.02 0.04 0.809017 -0.587785 -3.59914e-17 4.9538e-17 
0.0659493 0.04 0.04 0.04 0.012 0.012 0.04 0.809017 -0.587785 -3.59914e-17 4.9538e-17 
0.0627867 0.04 0.04 0.04 -0.016 -0.012 0.04 0.809017 0.587785 3.59914e-17 4.9538e-17 
0.0617915 0.04 0.04 0.04 -0.016 0.012 0.04 0.587785 0.809017 -4.9538e-17 3.59915e-17 
0.0601236 0.04 0.04 0.04 -0.012 0.012 0.04 0.587785 0.809017 -4.9538e-17 3.59915e-17 
0.0576697 0.04 0.04 0.04 -0.02 0.012 0.04 0.587785 0.809017 -4.9538e-17 3.59915e-17 
0.0547061 0.04 0.04 0.04 0.016 0.004 0.04 -0.587785 0.809017 -4.9538e-17 -3.59915e-17 
0.0524745 0.04 0.04 0.04 0.02 0.02 0.04 1 0 0 6.12323e-17 
0.051875 0.04 0.04 0.04 0.02 -0.004 0.04 0.809017 -0.587785 -3.59914e-17 4.9538e-17 
0.0517654 0.04 0.04 0.04 -0.02 -0.02 0.04 6.12323e-17 1 -6.12323e-17 3.7494e-33 
0.0511753 0.04 0.04 0.04 0.008 0.016 0.04 1 0 0 6.12323e-17 
0.0510729 0.04 0.04 0.04 -0.008 0.012 0.04 0.587785 0.809017 -4.9538e-17 3.59915e-17 
0.0506762 0.04 0.04 0.04 0.012 0.02 0.04 -0.587785 0.809017 -4.9538e-17 -3.59915e-17 
0.0506603 0.04 0.04 0.04 0.016 -0.02 0.04 -0.587785 0.809017 -4.9538e-17 -3.59915e-17 
0.0490887 0.04 0.04 0.04 -0.008 -0.016 0.04 6.12323e-17 1 -6.12323e-17 3.7494e-33 
0.0485438 0.04 0.04 0.04 0.012 0.008 0.04 0.809017 -0.587785 -3.59914e-17 4.9538e-17 
0.0455856 0.04 0.04 0.04 0.004 0.004 0.04 1 0 0 6.12323e-17 
0.0453492 0.04 0.04 0.04 -0.016 -0.008 0.04 0.809017 0.587785 3.59914e-17 4.9538e-17 
0.0444304 0.04 0.04 0.04 0.004 0.012 0.04 1 0 0 6.12323e-17 
0.0438628 0.04 0.04 0.04 0.016 -0.016 0.04 -0.587785 0.809017 -4.9538e-17 -3.59915e-17 
0.0416143 0.04 0.04 0.04 0.016 0 0.04 0.809017 -0.587785 -3.59914e-17 4.9538e-17 
0.0412065 0.04 0.04 0.04 0.016 0 0.04 -0.587785 0.809017 -4.9538e-17 -3.59915e-17 
0.0395336 0.04 0.04 0.04 -0.016 0.02 0.04 0.809017 0.587785 3.59914e-17 4.9538e-17 
0.0393358 0.04 0.04 0.04 0.008 -0.02 0.04 0.587785 0.809017 -4.9538e-17 3.59915e-17 
0.0392033 0.04 0.04 0.04 -0.004 -0.012 0.04 6.12323e-17 1 -6.12323e-17 3.7494e-33 
0.0379318 0.04 0.04 0.04 0.008 0.02 0.04 0.809017 -0.587785 -3.59914e-17 4.9538e-17 
0.0375643 0.04 0.04 0.04 0.016 -0.012 0.04 -0.587785 0.809017 -4.9538e-17 -3.59915e-17 
0.036363 0.04 0.04 0.04 -0.016 0.016 0.04 0.809017 0.587785 3.59914e-17 4.9538e-17 
0.0347351 0.04 0.04 0.04 -0.016 -0.004 0.04 0.809017 0.587785 3.59914e-17 4.9538e-17 
0.0346407 0.04 0.04 0.04 0.016 -0.004 0.04 -0.587785 0.809017 -4.9538e-17 -3.59915e-17 
0.0339119 0.04 0.04 0.04 0.016 -0.008 0.04 -0.587785 0.809017 -4.9538e-17 -3.59915e-17 
0.0328524 0.04 0.04 0.04 0.004 0.008 0.04 1 0 0 6.12323e-17 
0.0327543 0.04 0.04 0.04 -0.016 0.012 0.04 0.809017 0.587785 3.59914e-17 4.9538e-17 
0.0322618 0.04 0.04 0.04 0.008 0.016 0.04 0.809017 -0.587785 -3.59914e-17 4.9538e-17 
0.0319231 0.04 0.04 0.04 0.012 0.016 0.04 1 0 0 6.12323e-17 
0.0298667 0.04 0.04 0.04 -0.012 -0.016 0.04 6.12323e-17 1 -6.12323e-17 3.7494e-33 
0.0297296 0.04 0.04 0.04 -0.016 0.008 0.04 0.809017 0.587785 3.59914e-17 4.9538e-17 
0.0294957 0.04 0.04 0.04 -0.016 0 0.04 0.809017 0.587785 3.59914e-17 4.9538e-17 
0.0286617 0.04 0.04 0.04 0.02 -0.02 0.04 -0.309017 0.951057 -5.82354e-17 -1.89218e-17 
0.0284385 0.04 0.04 0.04 -0.02 0.02 0.04 0.951057 0.309017 1.89218e-17 5.82354e-17 
0.0282544 0.04 0.04 0.04 -0.016 0.004 0.04 0.809017 0.587785 3.59914e-17 4.9538e-17 
0.027725 0.04 0.04 0.04 -0.016 0.016 0.04 0.587785 0.809017 -4.9538e-17 3.59915e-17 
0.0271587 0.04 0.04 0.04 -0.004 -0.004 0.04 6.12323e-17 1 -6.12323e-17 3.7494e-33 
0.026253 0.04 0.04 0.04 -0.02 0.016 0.04 0.587785 0.809017 -4.9538e-17 3.59915e-17 
0.0236748 0.04 0.04 0.04 -0.012 0.016 0.04 0.587785 0.809017 -4.9538e-17 3.59915e-17 
0.022283 0.04 0.04 0.04 -0.004 -0.008 0.04 6.12323e-17 1 -6.12323e-17 3.7494e-33 
0.0191413 0.04 0.04 0.04 0.012 0.004 0.04 0.809017 -0.587785 -3.59914e-17 4.9538e-17 
0.0189444 0.04 0.04 0.04 0.02 -0.016 0.04 -0.309017 0.951057 -5.82354e-17 -1.89218e-17 
0.0171878 0.04 0.04 0.04 -0.02 0.016 0.04 0.951057 0.309017 1.89218e-17 5.82354e-17 
0.0159602 0.04 0.04 0.04 0.02 -0.008 0.04 0.809017 -0.587785 -3.59914e-17 4.9538e-17 
0.0149335 0.04 0.04 0.04 0.008 0.012 0.04 0.809017 -0.587785 -3.59914e-17 4.9538e-17 
0.0125684 0.04 0.04 0.04 -0.008 0.016 0.04 0.587785 0.809017 -4.9538e-17 3.59915e-17 
0.0125396 0.04 0.04 0.04 0.008 0.012 0.04 1 0 0 6.12323e-17 
0.0122134 0.04 0.04 0.04 0.016 0.016 0.04 1 0 0 6.12323e-17 
0.0101514 0.04 0.04 0.04 -0.016 -0.016 0.04 6.12323e-17 1 -6.12323e-17 3.7494e-33 
0.00945992 0.04 0.04 0.04 0.016 -0.02 0.04 -0.309017 0.951057 -5.82354e-17 -1.89218e-17 
0.00899612 0.04 0.04 0.04 0.02 -0.012 0.04 -0.309017 0.951057 -5.82354e-17 -1.89218e-17 
0.00740718 0.04 0.04 0.04 -0.008 -0.012 0.04 6.12323e-17 1 -6.12323e-17 3.7494e-33 
0.00718559 0.04 0.04 0.04 -0.016 0.02 0.04 0.951057 0.309017 1.89218e-17 5.82354e-17 
0.00704314 0.04 0.04 0.04 0.012 0.016 0.04 -0.587785 0.809017 -4.9538e-17 -3.59915e-17 
0.00484975 0.04 0.04 0.04 -0.02 0.012 0.04 0.951057 0.309017 1.89218e-17 5.82354e-17 
0.00291925 0.04 0.04 0.04 0.016 -0.004 0.04 0.809017 -0.587785 -3.59914e-17 4.9538e-17 
0.00278417 0.04 0.04 0.04 0.012 -0.02 0.04 -0.587785 0.809017 -4.9538e-17 -3.59915e-17 
-0.00264851 0.04 0.04 0.04 0.02 -0.008 0.04 -0.309017 0.951057 -5.82354e-17 -1.89218e-17 
-0.00318497 0.04 0.04 0.04 0.016 -0.016 0.04 -0.309017 0.951057 -5.82354e-17 -1.89218e-17 
-0.00366365 0.04 0.04 0.04 -0.02 0.02 0.04 0.587785 0.809017 -4.9538e-17 3.59915e-17 
-0.00482551 0.04 0.04 0.04 -0.016 0.02 0.04 0.587785 0.809017 -4.9538e-17 3.59915e-17 
-0.00787707 0.04 0.04 0.04 -0.016 0.016 0.04 0.951057 0.309017 1.89218e-17 5.82354e-17 
-0.00873733 0.04 0.04 0.04 0.02 0.016 0.04 1 0 0 6.12323e-17 
-0.0100035 0.04 0.04 0.04 -0.02 0.008 0.04 0.951057 0.309017 1.89218e-17 5.82354e-17 
-0.010142 0.04 0.04 0.04 0.004 0.02 0.04 0.809017 -0.587785 -3.59914e-17 4.9538e-17 
-0.0106254 0.04 0.04 0.04 -0.02 -0.016 0.04 6.12323e-17 1 -6.12323e-17 3.7494e-33 
-0.0110502 0.04 0.04 0.04 -0.012 0.02 0.04 0.587785 0.809017 -4.9538e-17 3.59915e-17 
-0.0136319 0.04 0.04 0.04 0.012 -0.02 0.04 -0.309017 0.951057 -5.82354e-17 -1.89218e-17 
-0.014257 0.04 0.04 0.04 0.008 0.008 0.04 1 0 0 6.12323e-17 
-0.0149196 0.04 0.04 0.04 0.016 -0.012 0.04 -0.309017 0.951057 -5.82354e-17 -1.89218e-17 
-0.0150829 0.04 0.04 0.04 0.008 0.008 0.04 0.809017 -0.587785 -3.59914e-17 4.9538e-17 
-0.0174058 0.04 0.04 0.04 0.012 0.012 0.04 1 0 0 6.12323e-17 
-0.017521 0.04 0.04 0.04 0.02 -0.004 0.04 -0.309017 0.951057 -5.82354e-17 -1.89218e-17 
-0.0177667 0.04 0.04 0.04 0.012 -0.016 0.04 -0.587785 0.809017 -4.9538e-17 -3.59915e-17 
-0.0188209 0.04 0.04 0.04 -0.012 0.02 0.04 0.951057 0.309017 1.89218e-17 5.82354e-17 
-0.0192461 0.04 0.04 0.04 0.008 0.004 0.04 1 0 0 6.12323e-17 
-0.0212045 0.04 0.04 0.04 -0.012 0.02 0.04 0.809017 0.587785 3.59914e-17 4.9538e-17 
-0.0217897 0.04 0.04 0.04 0.012 0 0.04 0.809017 -0.587785 -3.59914e-17 4.9538e-17 
-0.0223783 0.04 0.04 0.04 -0.012 -0.012 0.04 6.12323e-17 1 -6.12323e-17 3.7494e-33 
-0.0229107 0.04 0.04 0.04 -0.016 0.012 0.04 0.951057 0.309017 1.89218e-17 5.82354e-17 
-0.0238809 0.04 0.04 0.04 -0.008 0.02 0.04 0.587785 0.809017 -4.9538e-17 3.59915e-17 
-0.0245834 0.04 0.04 0.04 -0.008 -0.008 0.04 6.12323e-17 1 -6.12323e-17 3.7494e-33 
-0.0248822 0.04 0.04 0.04 0.02 -0.012 0.04 0.809017 -0.587785 -3.59914e-17 4.9538e-17 
-0.0264909 0.04 0.04 0.04 0.012 0.012 0.04 -0.587785 0.809017 -4.9538e-17 -3.59915e-17 
-0.0269722 0.04 0.04 0.04 0.016 -0.008 0.04 -0.309017 0.951057 -5.82354e-17 -1.89218e-17 
-0.0280163 0.04 0.04 0.04 0.012 -0.016 0.04 -0.309017 0.951057 -5.82354e-17 -1.89218e-17 
-0.0285493 0.04 0.04 0.04 0.004 0.016 0.04 0.809017 -0.587785 -3.59914e-17 4.9538e-17 
-0.0291418 0.04 0.04 0.04 -0.02 0.004 0.04 0.951057 0.309017 1.89218e-17 5.82354e-17 
-0.0310942 0.04 0.04 0.04 -0.012 -0.02 0.04 0.809017 0.587785 3.59914e-17 4.9538e-17 
-0.0367205 0.04 0.04 0.04 -0.012 0.016 0.04 0.951057 0.309017 1.89218e-17 5.82354e-17 
-0.0372037 0.04 0.04 0.04 0.012 -0.012 0.04 -0.587785 0.809017 -4.9538e-17 -3.59915e-17 
-0.037404 0.04 0.04 0.04 -0.008 -0.004 0.04 6.12323e-17 1 -6.12323e-17 3.7494e-33 
-0.0375197 0.04 0.04 0.04 0.02 0 0.04 -0.309017 0.951057 -5.82354e-17 -1.89218e-17 
-0.0378805 0.04 0.04 0.04 -0.012 0.016 0.04 0.809017 0.587785 3.59914e-17 4.9538e-17 
-0.038563 0.04 0.04 0.04 0.008 -0.02 0.04 -0.309017 0.951057 -5.82354e-17 -1.89218e-17 
-0.0391728 0.04 0.04 0.04 -0.016 0.008 0.04 0.951057 0.309017 1.89218e-17 5.82354e-17 
-0.0400033 0.04 0.04 0.04 0.012 -0.012 0.04 -0.309017 0.951057 -5.82354e-17 -1.89218e-17 
-0.0406734 0.04 0.04 0.04 0.016 -0.004 0.04 -0.309017 0.951057 -5.82354e-17 -1.89218e-17 
-0.043628 0.04 0.04 0.04 0.016 -0.008 0.04 0.809017 -0.587785 -3.59914e-17 4.9538e-17 
-0.045897 0.04 0.04 0.04 0.016 0.012 0.04 1 0 0 6.12323e-17 
-0.0477231 0.04 0.04 0.04 -0.008 0.02 0.04 0.951057 0.309017 1.89218e-17 5.82354e-17 
-0.0499223 0.04 0.04 0.04 0.012 0.008 0.04 -0.587785 0.809017 -4.9538e-17 -3.59915e-17 
-0.0505579 0.04 0.04 0.04 0.012 -0.008 0.04 -0.309017 0.951057 -5.82354e-17 -1.89218e-17 
-0.0507377 0.04 0.04 0.04 -0.016 -0.012 0.04 6.12323e-17 1 -6.12323e-17 3.7494e-33 
-0.0531199 0.04 0.04 0.04 -0.012 0.012 0.04 0.951057 0.309017 1.89218e-17 5.82354e-17 
-0.0532916 0.04 0.04 0.04 0.012 -0.008 0.04 -0.587785 0.809017 -4.9538e-17 -3.59915e-17 
-0.0534047 0.04 0.04 0.04 0.008 -0.016 0.04 -0.309017 0.951057 -5.82354e-17 -1.89218e-17 
-0.054213 0.04 0.04 0.04 -0.012 0.012 0.04 0.809017 0.587785 3.59914e-17 4.9538e-17 
-0.0542583 0.04 0.04 0.04 -0.02 0 0.04 0.951057 0.309017 1.89218e-17 5.82354e-17 
-0.0571469 0.04 0.04 0.04 0.012 0.008 0.04 1 0 0 6.12323e-17 
-0.0579049 0.04 0.04 0.04 0.016 0 0.04 -0.309017 0.951057 -5.82354e-17 -1.89218e-17 
-0.0579186 0.04 0.04 0.04 0.008 0.004 0.04 0.809017 -0.587785 -3.59914e-17 4.9538e-17 
-0.0582938 0.04 0.04 0.04 -0.016 0.004 0.04 0.951057 0.309017 1.89218e-17 5.82354e-17 
-0.059864 0.04 0.04 0.04 0.004 0.012 0.04 0.809017 -0.587785 -3.59914e-17 4.9538e-17 
-0.0611016 0.04 0.04 0.04 0.012 -0.004 0.04 -0.309017 0.951057 -5.82354e-17 -1.89218e-17 
-0.0613422 0.04 0.04 0.04 0.008 -0.02 0.04 -0.587785 0.809017 -4.9538e-17 -3.59915e-17 
-0.0624726 0.04 0.04 0.04 -0.012 -0.016 0.04 0.809017 0.587785 3.59914e-17 4.9538e-17 
-0.0635322 0.04 0.04 0.04 0.012 0.004 0.04 -0.587785 0.809017 -4.9538e-17 -3.59915e-17 
-0.063683 0.04 0.04 0.04 0.004 -0.02 0.04 -0.309017 0.951057 -5.82354e-17 -1.89218e-17 
-0.064034 0.04 0.04 0.04 0.008 -0.012 0.04 -0.309017 0.951057 -5.82354e-17 -1.89218e-17 
-0.0640479 0.04 0.04 0.04 0.012 -0.004 0.04 -0.587785 0.809017 -4.9538e-17 -3.59915e-17 
-0.0644659 0.04 0.04 0.04 0.02 0.004 0.04 -0.309017 0.951057 -5.82354e-17 -1.89218e-17 
-0.0672013 0.04 0.04 0.04 -0.012 -0.008 0.04 6.12323e-17 1 -6.12323e-17 3.7494e-33 
-0.0672404 0.04 0.04 0.04 0.02 -0.016 0.04 0.809017 -0.587785 -3.59914e-17 4.9538e-17 
-0.0673116 0.04 0.04 0.04 -0.008 0.016 0.04 0.951057 0.309017 1.89218e-17 5.82354e-17 
-0.067902 0.04 0.04 0.04 0.012 0 0.04 -0.587785 0.809017 -4.9538e-17 -3.59915e-17 
-0.0692526 0.04 0.04 0.04 -0.012 0.008 0.04 0.951057 0.309017 1.89218e-17 5.82354e-17 
-0.069278 0.04 0.04 0.04 -0.012 0.008 0.04 0.809017 0.587785 3.59914e-17 4.9538e-17 
-0.0713748 0.04 0.04 0.04 0.008 -0.008 0.04 -0.309017 0.951057 -5.82354e-17 -1.89218e-17 
-0.0728588 0.04 0.04 0.04 0.012 -0.004 0.04 0.809017 -0.587785 -3.59914e-17 4.9538e-17 
-0.0733003 0.04 0.04 0.04 0.012 0 0.04 -0.309017 0.951057 -5.82354e-17 -1.89218e-17 
-0.073463 0.04 0.04 0.04 0.02 0.012 0.04 1 0 0 6.12323e-17 
-0.0767918 0.04 0.04 0.04 0.008 -0.004 0.04 -0.309017 0.951057 -5.82354e-17 -1.89218e-17 
-0.0771828 0.04 0.04 0.04 0.012 0.004 0.04 1 0 0 6.12323e-17 
-0.0775454 0.04 0.04 0.04 0.004 -0.016 0.04 -0.309017 0.951057 -5.82354e-17 -1.89218e-17 
-0.0776215 0.04 0.04 0.04 -0.004 0.02 0.04 0.951057 0.309017 1.89218e-17 5.82354e-17 
-0.078151 0.04 0.04 0.04 -0.02 -0.012 0.04 6.12323e-17 1 -6.12323e-17 3.7494e-33 
-0.0797109 0.04 0.04 0.04 0 0.02 0.04 0.809017 -0.587785 -3.59914e-17 4.9538e-17 
-0.0802122 0.04 0.04 0.04 0.016 0.004 0.04 -0.309017 0.951057 -5.82354e-17 -1.89218e-17 
-0.081889 0.04 0.04 0.04 -0.016 0 0.04 0.951057 0.309017 1.89218e-17 5.82354e-17 
-0.0819103 0.04 0.04 0.04 -0.012 0.004 0.04 0.809017 0.587785 3.59914e-17 4.9538e-17 
-0.0824586 0.04 0.04 0.04 -0.012 -0.012 0.04 0.809017 0.587785 3.59914e-17 4.9538e-17 
-0.0837083 0.04 0.04 0.04 -0.008 0.012 0.04 0.951057 0.309017 1.89218e-17 5.82354e-17 
-0.0851988 0.04 0.04 0.04 0.004 -0.012 0.04 -0.309017 0.951057 -5.82354e-17 -1.89218e-17 
-0.0865654 0.04 0.04 0.04 -0.012 0.004 0.04 0.951057 0.309017 1.89218e-17 5.82354e-17 
-0.0872047 0.04 0.04 0.04 0 -0.02 0.04 -0.309017 0.951057 -5.82354e-17 -1.89218e-17 
-0.0873842 0.04 0.04 0.04 -0.02 -0.004 0.04 0.951057 0.309017 1.89218e-17 5.82354e-17 
-0.0885333 0.04 0.04 0.04 0.012 0.004 0.04 -0.309017 0.951057 -5.82354e-17 -1.89218e-17 
-0.0909482 0.04 0.04 0.04 -0.012 0 0.04 0.809017 0.587785 3.59914e-17 4.9538e-17 
-0.0927187 0.04 0.04 0.04 -0.012 -0.008 0.04 0.809017 0.587785 3.59914e-17 4.9538e-17 
-0.0950348 0.04 0.04 0.04 -0.012 -0.004 0.04 6.12323e-17 1 -6.12323e-17 3.7494e-33 
-0.0950645 0.04 0.04 0.04 -0.012 -0.004 0.04 0.809017 0.587785 3.59914e-17 4.9538e-17 
-0.0951475 0.04 0.04 0.04 0.016 -0.012 0.04 0.809017 -0.587785 -3.59914e-17 4.9538e-17 
-0.0961606 0.04 0.04 0.04 0.016 0.008 0.04 1 0 0 6.12323e-17 
-0.0977871 0.04 0.04 0.04 -0.004 0.016 0.04 0.951057 0.309017 1.89218e-17 5.82354e-17 
-0.098198 0.04 0.04 0.04 -0.008 0.008 0.04 0.951057 0.309017 1.89218e-17 5.82354e-17 
-0.0987073 0.04 0.04 0.04 0 -0.016 0.04 -0.309017 0.951057 -5.82354e-17 -1.89218e-17 
-0.100073 0.04 0.04 0.04 0.008 -0.016 0.04 -0.587785 0.809017 -4.9538e-17 -3.59915e-17 
-0.100491 0.04 0.04 0.04 0.02 0.008 0.04 -0.309017 0.951057 -5.82354e-17 -1.89218e-17 
-0.101767 0.04 0.04 0.04 0 -0.012 0.04 -0.309017 0.951057 -5.82354e-17 -1.89218e-17 
-0.105824 0.04 0.04 0.04 -0.008 0.02 0.04 0.809017 0.587785 3.59914e-17 4.9538e-17 
-0.106008 0.04 0.04 0.04 -0.016 -0.008 0.04 6.12323e-17 1 -6.12323e-17 3.7494e-33 
-0.106648 0.04 0.04 0.04 -0.012 0 0.04 0.951057 0.309017 1.89218e-17 5.82354e-17 
-0.106938 0.04 0.04 0.04 0.02 -0.02 0.04 0.809017 -0.587785 -3.59914e-17 4.9538e-17 
-0.106947 0.04 0.04 0.04 0 0.02 0.04 0.951057 0.309017 1.89218e-17 5.82354e-17 
-0.107649 0.04 0.04 0.04 -0.004 -0.02 0.04 -0.309017 0.951057 -5.82354e-17 -1.89218e-17 
-0.108881 0.04 0.04 0.04 0.012 0.008 0.04 -0.309017 0.951057 -5.82354e-17 -1.89218e-17 
-0.109716 0.04 0.04 0.04 0.016 0.008 0.04 -0.309017 0.951057 -5.82354e-17 -1.89218e-17 
-0.111858 0.04 0.04 0.04 -0.016 -0.004 0.04 0.951057 0.309017 1.89218e-17 5.82354e-17 
-0.112018 0.04 0.04 0.04 -0.008 0.004 0.04 0.951057 0.309017 1.89218e-17 5.82354e-17 
-0.112868 0.04 0.04 0.04 0.008 0 0.04 0.809017 -0.587785 -3.59914e-17 4.9538e-17 
-0.112953 0.04 0.04 0.04 -0.004 0.012 0.04 0.951057 0.309017 1.89218e-17 5.82354e-17 
-0.113401 0.04 0.04 0.04 0 0.016 0.04 0.809017 -0.587785 -3.59914e-17 4.9538e-17 
-0.11531 0.04 0.04 0.04 -0.004 -0.016 0.04 -0.309017 0.951057 -5.82354e-17 -1.89218e-17 
-0.123551 0.04 0.04 0.04 -0.008 -0.02 0.04 -0.309017 0.951057 -5.82354e-17 -1.89218e-17 
-0.126096 0.04 0.04 0.04 -0.008 -0.016 0.04 -0.309017 0.951057 -5.82354e-17 -1.89218e-17 
-0.126476 0.04 0.04 0.04 0 0.016 0.04 0.951057 0.309017 1.89218e-17 5.82354e-17 
-0.1285 0.04 0.04 0.04 0.016 0.004 0.04 1 0 0 6.12323e-17 
-0.129778 0.04 0.04 0.04 -0.012 -0.016 0.04 -0.309017 0.951057 -5.82354e-17 -1.89218e-17 
-0.130741 0.04 0.04 0.04 -0.02 -0.008 0.04 0.951057 0.309017 1.89218e-17 5.82354e-17 
-0.131269 0.04 0.04 0.04 -0.012 -0.004 0.04 0.951057 0.309017 1.89218e-17 5.82354e-17 
-0.131719 0.04 0.04 0.04 0.02 0.008 0.04 1 0 0 6.12323e-17 
-0.131975 0.04 0.04 0.04 0.012 -0.008 0.04 0.809017 -0.587785 -3.59914e-17 4.9538e-17 
-0.133821 0.04 0.04 0.04 -0.02 -0.02 0.04 -0.309017 0.951057 -5.82354e-17 -1.89218e-17 
-0.13385 0.04 0.04 0.04 -0.012 -0.02 0.04 -0.309017 0.951057 -5.82354e-17 -1.89218e-17 
-0.134034 0.04 0.04 0.04 0.004 0.02 0.04 0.951057 0.309017 1.89218e-17 5.82354e-17 
-0.136223 0.04 0.04 0.04 0.012 0.012 0.04 -0.309017 0.951057 -5.82354e-17 -1.89218e-17 
-0.137088 0.04 0.04 0.04 0.008 -0.012 0.04 -0.587785 0.809017 -4.9538e-17 -3.59915e-17 
-0.13758 0.04 0.04 0.04 -0.016 -0.02 0.04 -0.309017 0.951057 -5.82354e-17 -1.89218e-17 
-0.138998 0.04 0.04 0.04 0 0.012 0.04 0.951057 0.309017 1.89218e-17 5.82354e-17 
-0.140321 0.04 0.04 0.04 -0.008 0.016 0.04 0.809017 0.587785 3.59914e-17 4.9538e-17 
-0.14075 0.04 0.04 0.04 0.004 -0.02 0.04 -0.587785 0.809017 -4.9538e-17 -3.59915e-17 
-0.141335 0.04 0.04 0.04 -0.02 -0.008 0.04 6.12323e-17 1 -6.12323e-17 3.7494e-33 
-0.145 0.04 0.04 0.04 0.008 0.02 0.04 -0.587785 0.809017 -4.9538e-17 -3.59915e-17 
-0.146032 0.04 0.04 0.04 -0.016 -0.004 0.04 6.12323e-17 1 -6.12323e-17 3.7494e-33 
-0.14791 0.04 0.04 0.04 0.02 0.012 0.04 -0.309017 0.951057 -5.82354e-17 -1.89218e-17 
-0.148071 0.04 0.04 0.04 0.016 -0.016 0.04 0.809017 -0.587785 -3.59914e-17 4.9538e-17 
-0.148589 0.04 0.04 0.04 0.016 0.012 0.04 -0.309017 0.951057 -5.82354e-17 -1.89218e-17 
-0.150315 0.04 0.04 0.04 -0.016 -0.008 0.04 0.951057 0.309017 1.89218e-17 5.82354e-17 
-0.151972 0.04 0.04 0.04 0.004 0.016 0.04 0.951057 0.309017 1.89218e-17 5.82354e-17 
-0.157768 0.04 0.04 0.04 0.008 0.02 0.04 0.951057 0.309017 1.89218e-17 5.82354e-17 
-0.162347 0.04 0.04 0.04 -0.012 -0.008 0.04 0.951057 0.309017 1.89218e-17 5.82354e-17 
-0.169967 0.04 0.04 0.04 0.008 -0.008 0.04 -0.587785 0.809017 -4.9538e-17 -3.59915e-17 
-0.172705 0.04 0.04 0.04 0.008 0.016 0.04 0.951057 0.309017 1.89218e-17 5.82354e-17 
-0.173301 0.04 0.04 0.04 -0.004 0.02 0.04 0.809017 -0.587785 -3.59914e-17 4.9538e-17 
-0.173543 0.04 0.04 0.04 0.02 0.004 0.04 1 0 0 6.12323e-17 
-0.173709 0.04 0.04 0.04 -0.008 0.012 0.04 0.809017 0.587785 3.59914e-17 4.9538e-17 
-0.17678 0.04 0.04 0.04 0.012 0.02 0.04 0.951057 0.309017 1.89218e-17 5.82354e-17 
-0.178398 0.04 0.04 0.04 0.008 -0.004 0.04 0.809017 -0.587785 -3.59914e-17 4.9538e-17 
-0.182811 0.04 0.04 0.04 0.008 0.016 0.04 -0.587785 0.809017 -4.9538e-17 -3.59915e-17 
-0.186707 0.04 0.04 0.04 -0.02 -0.012 0.04 0.951057 0.309017 1.89218e-17 5.82354e-17 
-0.187561 0.04 0.04 0.04 0.012 0.016 0.04 0.951057 0.309017 1.89218e-17 5.82354e-17 
-0.19005 0.04 0.04 0.04 0.016 0.02 0.04 0.951057 0.309017 1.89218e-17 5.82354e-17 
-0.190703 0.04 0.04 0.04 -0.02 -0.004 0.04 6.12323e-17 1 -6.12323e-17 3.7494e-33 
-0.196057 0.04 0.04 0.04 0.012 -0.012 0.04 0.809017 -0.587785 -3.59914e-17 4.9538e-17 
-0.196537 0.04 0.04 0.04 0.008 -0.004 0.04 -0.587785 0.809017 -4.9538e-17 -3.59915e-17 
-0.196741 0.04 0.04 0.04 0.02 0.02 0.04 0.951057 0.309017 1.89218e-17 5.82354e-17 
-0.197897 0.04 0.04 0.04 0.016 -0.02 0.04 0.809017 -0.587785 -3.59914e-17 4.9538e-17 
-0.199484 0.04 0.04 0.04 -0.016 -0.012 0.04 0.951057 0.309017 1.89218e-17 5.82354e-17 
-0.201989 0.04 0.04 0.04 -0.012 -0.012 0.04 0.951057 0.309017 1.89218e-17 5.82354e-17 
-0.20203 0.04 0.04 0.04 0.004 -0.016 0.04 -0.587785 0.809017 -4.9538e-17 -3.59915e-17 
-0.205023 0.04 0.04 0.04 -0.008 0.008 0.04 0.809017 0.587785 3.59914e-17 4.9538e-17 
-0.20835 0.04 0.04 0.04 0.008 0.012 0.04 -0.587785 0.809017 -4.9538e-17 -3.59915e-17 
-0.214726 0.04 0.04 0.04 -0.004 0.02 0.04 0.809017 0.587785 3.59914e-17 4.9538e-17 
-0.214941 0.04 0.04 0.04 0.008 0 0.04 -0.587785 0.809017 -4.9538e-17 -3.59915e-17 
-0.221871 0.04 0.04 0.04 0.008 0.008 0.04 -0.587785 0.809017 -4.9538e-17 -3.59915e-17 
-0.223759 0.04 0.04 0.04 0.008 0.004 0.04 -0.587785 0.809017 -4.9538e-17 -3.59915e-17 
-0.233114 0.04 0.04 0.04 -0.008 0.004 0.04 0.809017 0.587785 3.59914e-17 4.9538e-17 
-0.251056 0.04 0.04 0.04 -0.008 -0.02 0.04 0.809017 0.587785 3.59914e-17 4.9538e-17 
-0.25203 0.04 0.04 0.04 0.008 -0.008 0.04 0.809017 -0.587785 -3.59914e-17 4.9538e-17 
-0.256535 0.04 0.04 0.04 -0.008 0 0.04 0.809017 0.587785 3.59914e-17 4.9538e-17 
-0.260978 0.04 0.04 0.04 0.004 -0.012 0.04 -0.587785 0.809017 -4.9538e-17 -3.59915e-17 
-0.261286 0.04 0.04 0.04 0.012 -0.016 0.04 0.809017 -0.587785 -3.59914e-17 4.9538e-17 
-0.271457 0.04 0.04 0.04 -0.004 0.016 0.04 0.809017 0.587785 3.59914e-17 4.9538e-17 
-0.273913 0.04 0.04 0.04 -0.008 -0.004 0.04 0.809017 0.587785 3.59914e-17 4.9538e-17 
-0.27419 0.04 0.04 0.04 -0.008 -0.016 0.04 0.809017 0.587785 3.59914e-17 4.9538e-17 
-0.283778 0.04 0.04 0.04 -0.008 -0.008 0.04 0.809017 0.587785 3.59914e-17 4.9538e-17 
-0.284471 0.04 0.04 0.04 -0.008 -0.012 0.04 0.809017 0.587785 3.59914e-17 4.9538e-17 
-0.293471 0.04 0.04 0.04 -0.008 0.02 0.04 0.809017 -0.587785 -3.59914e-17 4.9538e-17 
-0.314943 0.04 0.04 0.04 0.004 -0.008 0.04 -0.587785 0.809017 -4.9538e-17 -3.59915e-17 
-0.322942 0.04 0.04 0.04 0.012 -0.02 0.04 0.809017 -0.587785 -3.59914e-17 4.9538e-17 
-0.32631 0.04 0.04 0.04 -0.004 0.012 0.04 0.809017 0.587785 3.59914e-17 4.9538e-17 
-0.330539 0.04 0.04 0.04 0.008 -0.012 0.04 0.809017 -0.587785 -3.59914e-17 4.9538e-17 
-0.361511 0.04 0.04 0.04 0.004 -0.004 0.04 -0.587785 0.809017 -4.9538e-17 -3.59915e-17 
-0.378153 0.04 0.04 0.04 -0.004 0.008 0.04 0.809017 0.587785 3.59914e-17 4.9538e-17 
-0.39873 0.04 0.04 0.04 0.004 0 0.04 -0.587785 0.809017 -4.9538e-17 -3.59915e-17 
-0.409907 0.04 0.04 0.04 0.008 -0.016 0.04 0.809017 -0.587785 -3.59914e-17 4.9538e-17 
-0.424911 0.04 0.04 0.04 0.004 0.004 0.04 -0.587785 0.809017 -4.9538e-17 -3.59915e-17 
-0.425394 0.04 0.04 0.04 0.004 0.016 0.04 -0.587785 0.809017 -4.9538e-17 -3.59915e-17 
-0.425698 0.04 0.04 0.04 -0.004 0.004 0.04 0.809017 0.587785 3.59914e-17 4.9538e-17 
-0.438677 0.04 0.04 0.04 0.004 0.008 0.04 -0.587785 0.809017 -4.9538e-17 -3.59915e-17 
-0.439063 0.04 0.04 0.04 0.004 0.012 0.04 -0.587785 0.809017 -4.9538e-17 -3.59915e-17 
-0.467542 0.04 0.04 0.04 -0.004 0 0.04 0.809017 0.587785 3.59914e-17 4.9538e-17 
-0.485181 0.04 0.04 0.04 0.008 -0.02 0.04 0.809017 -0.587785 -3.59914e-17 4.9538e-17 
-0.502233 0.04 0.04 0.04 -0.004 -0.004 0.04 0.809017 0.587785 3.59914e-17 4.9538e-17 
-0.52818 0.04 0.04 0.04 -0.004 -0.008 0.04 0.809017 0.587785 3.59914e-17 4.9538e-17 
-0.543574 0.04 0.04 0.04 -0.004 -0.012 0.04 0.809017 0.587785 3.59914e-17 4.9538e-17 
-0.546749 0.04 0.04 0.04 -0.004 -0.016 0.04 0.809017 0.587785 3.59914e-17 4.9538e-17 
