9.01742 0.065 0.065 0.2 0.0195 0.0195 0.12 0.809017 -0.587785 -3.59914e-17 4.9538e-17 
9.01438 0.065 0.065 0.2 0.026 0.0325 0.12 0.809017 -0.587785 -3.59914e-17 4.9538e-17 
9.01373 0.065 0.065 0.2 0.0195 0.013 0.12 0.809017 -0.587785 -3.59914e-17 4.9538e-17 
9.01313 0.065 0.065 0.2 0.0195 0.026 0.12 0.809017 -0.587785 -3.59914e-17 4.9538e-17 
9.01128 0.065 0.065 0.2 0.0195 0.0325 0.12 0.809017 -0.587785 -3.59914e-17 4.9538e-17 
9.0028 0.065 0.065 0.2 0.026 0.026 0.12 0.809017 -0.587785 -3.59914e-17 4.9538e-17 
9.00146 0.065 0.065 0.2 0.026 0.0195 0.12 0.809017 -0.587785 -3.59914e-17 4.9538e-17 
8.99775 0.065 0.065 0.2 0.026 0.013 0.12 0.809017 -0.587785 -3.59914e-17 4.9538e-17 
8.99533 0.065 0.065 0.2 0.0195 0.0065 0.12 0.809017 -0.587785 -3.59914e-17 4.9538e-17 
8.98496 0.065 0.065 0.2 0.013 0.0325 0.12 0.809017 -0.587785 -3.59914e-17 4.9538e-17 
8.98295 0.065 0.065 0.2 0.026 0.0065 0.12 0.809017 -0.587785 -3.59914e-17 4.9538e-17 
8.9685 0.065 0.065 0.2 0.0065 0.0325 0.12 0.809017 -0.587785 -3.59914e-17 4.9538e-17 
8.96569 0.065 0.065 0.2 0.0325 0.0065 0.12 0.809017 -0.587785 -3.59914e-17 4.9538e-17 
8.96459 0.065 0.065 0.2 0.0325 0.013 0.12 0.809017 -0.587785 -3.59914e-17 4.9538e-17 
8.96071 0.065 0.065 0.2 0.0325 0.0325 0.12 0.809017 -0.587785 -3.59914e-17 4.9538e-17 
8.95941 0.065 0.065 0.2 0.0195 -1.73472e-18 0.12 0.809017 -0.587785 -3.59914e-17 4.9538e-17 
8.95555 0.065 0.065 0.2 0.0325 0.0195 0.12 0.809017 -0.587785 -3.59914e-17 4.9538e-17 
8.95234 0.065 0.065 0.2 0.026 -1.73472e-18 0.12 0.809017 -0.587785 -3.59914e-17 4.9538e-17 
8.95199 0.065 0.065 0.2 0.0325 -1.73472e-18 0.12 0.809017 -0.587785 -3.59914e-17 4.9538e-17 
8.94942 0.065 0.065 0.2 0.0325 0.026 0.12 0.809017 -0.587785 -3.59914e-17 4.9538e-17 
8.9207 0.065 0.065 0.2 0.0325 -0.0065 0.12 0.809017 -0.587785 -3.59914e-17 4.9538e-17 
8.90755 0.065 0.065 0.2 0.0195 -0.0065 0.12 0.809017 -0.587785 -3.59914e-17 4.9538e-17 
8.90515 0.065 0.065 0.2 0.026 -0.0065 0.12 0.809017 -0.587785 -3.59914e-17 4.9538e-17 
8.87284 0.065 0.065 0.2 0.0325 -0.013 0.12 0.809017 -0.587785 -3.59914e-17 4.9538e-17 
8.84486 0.065 0.065 0.2 0.0195 -0.013 0.12 0.809017 -0.587785 -3.59914e-17 4.9538e-17 
8.84444 0.065 0.065 0.2 0.026 -0.013 0.12 0.809017 -0.587785 -3.59914e-17 4.9538e-17 
8.81333 0.065 0.065 0.2 0.0325 -0.0195 0.12 0.809017 -0.587785 -3.59914e-17 4.9538e-17 
8.78065 0.065 0.065 0.2 0.0195 -0.0195 0.12 0.809017 -0.587785 -3.59914e-17 4.9538e-17 
8.77763 0.065 0.065 0.2 0.026 -0.0195 0.12 0.809017 -0.587785 -3.59914e-17 4.9538e-17 
8.75158 0.065 0.065 0.2 0.0325 -0.026 0.12 0.809017 -0.587785 -3.59914e-17 4.9538e-17 
8.72808 0.065 0.065 0.2 0.0195 -0.026 0.12 0.809017 -0.587785 -3.59914e-17 4.9538e-17 
8.71559 0.065 0.065 0.2 0.026 -0.026 0.12 0.809017 -0.587785 -3.59914e-17 4.9538e-17 
8.70414 0.065 0.065 0.2 0.0195 -0.0325 0.12 0.809017 -0.587785 -3.59914e-17 4.9538e-17 
8.70023 0.065 0.065 0.2 0.0325 -0.0325 0.12 0.809017 -0.587785 -3.59914e-17 4.9538e-17 
8.67343 0.065 0.065 0.2 0.026 -0.0325 0.12 0.809017 -0.587785 -3.59914e-17 4.9538e-17 
5.50236 0.065 0.065 0.2 0.0195 0.0195 0.12 0.951057 -0.309017 -1.89218e-17 5.82354e-17 
5.49292 0.065 0.065 0.2 0.026 0.0195 0.12 0.951057 -0.309017 -1.89218e-17 5.82354e-17 
5.49118 0.065 0.065 0.2 0.0195 0.026 0.12 0.951057 -0.309017 -1.89218e-17 5.82354e-17 
5.48981 0.065 0.065 0.2 0.013 0.0195 0.12 0.951057 -0.309017 -1.89218e-17 5.82354e-17 
5.4865 0.065 0.065 0.2 0.026 0.026 0.12 0.951057 -0.309017 -1.89218e-17 5.82354e-17 
5.48134 0.065 0.065 0.2 0.013 0.026 0.12 0.951057 -0.309017 -1.89218e-17 5.82354e-17 
5.47873 0.065 0.065 0.2 -1.73472e-18 0.026 0.12 0.951057 -0.309017 -1.89218e-17 5.82354e-17 
5.47502 0.065 0.065 0.2 -0.0065 0.0325 0.12 0.951057 -0.309017 -1.89218e-17 5.82354e-17 
5.47186 0.065 0.065 0.2 0.0065 0.026 0.12 0.951057 -0.309017 -1.89218e-17 5.82354e-17 
5.46923 0.065 0.065 0.2 0.0065 0.0195 0.12 0.951057 -0.309017 -1.89218e-17 5.82354e-17 
5.46852 0.065 0.065 0.2 0.026 0.0325 0.12 0.951057 -0.309017 -1.89218e-17 5.82354e-17 
5.46045 0.065 0.065 0.2 0.0325 0.0325 0.12 0.951057 -0.309017 -1.89218e-17 5.82354e-17 
5.45518 0.065 0.065 0.2 -1.73472e-18 0.0195 0.12 0.951057 -0.309017 -1.89218e-17 5.82354e-17 
5.4528 0.065 0.065 0.2 0.0195 0.0325 0.12 0.951057 -0.309017 -1.89218e-17 5.82354e-17 
5.45275 0.065 0.065 0.2 0.0325 0.026 0.12 0.951057 -0.309017 -1.89218e-17 5.82354e-17 
5.45192 0.065 0.065 0.2 0.0325 0.013 0.12 0.951057 -0.309017 -1.89218e-17 5.82354e-17 
5.44849 0.065 0.065 0.2 0.0325 0.0195 0.12 0.951057 -0.309017 -1.89218e-17 5.82354e-17 
5.42887 0.065 0.065 0.2 0.013 0.0325 0.12 0.951057 -0.309017 -1.89218e-17 5.82354e-17 
5.42249 0.065 0.065 0.2 -1.73472e-18 0.0325 0.12 0.951057 -0.309017 -1.89218e-17 5.82354e-17 
5.41305 0.065 0.065 0.2 0.0065 0.0325 0.12 0.951057 -0.309017 -1.89218e-17 5.82354e-17 
1.74709 0.065 0.065 0.2 -1.73472e-18 0.0325 0.12 1 0 0 6.12323e-17 
1.74108 0.065 0.065 0.2 0.0065 0.0325 0.12 1 0 0 6.12323e-17 
1.73423 0.065 0.065 0.2 -0.0065 0.0325 0.12 1 0 0 6.12323e-17 
1.72093 0.065 0.065 0.2 0.013 0.0325 0.12 1 0 0 6.12323e-17 
1.71946 0.065 0.065 0.2 -0.0065 0.026 0.12 1 0 0 6.12323e-17 
1.71164 0.065 0.065 0.2 -1.73472e-18 0.026 0.12 1 0 0 6.12323e-17 
1.70418 0.065 0.065 0.2 -0.013 0.026 0.12 1 0 0 6.12323e-17 
1.70166 0.065 0.065 0.2 -0.013 0.0325 0.12 1 0 0 6.12323e-17 
1.69362 0.065 0.065 0.2 0.0195 0.0325 0.12 1 0 0 6.12323e-17 
1.68427 0.065 0.065 0.2 0.0065 0.026 0.12 1 0 0 6.12323e-17 
1.67166 0.065 0.065 0.2 -1.73472e-18 0.0195 0.12 1 0 0 6.12323e-17 
1.67023 0.065 0.065 0.2 -0.0065 0.0195 0.12 1 0 0 6.12323e-17 
1.6696 0.065 0.065 0.2 0.026 0.0325 0.12 1 0 0 6.12323e-17 
1.66552 0.065 0.065 0.2 -0.0195 0.026 0.12 1 0 0 6.12323e-17 
1.66178 0.065 0.065 0.2 0.0325 0.0325 0.12 1 0 0 6.12323e-17 
1.65171 0.065 0.065 0.2 0.0065 0.0195 0.12 1 0 0 6.12323e-17 
1.65079 0.065 0.065 0.2 -0.0195 0.0325 0.12 1 0 0 6.12323e-17 
1.6439 0.065 0.065 0.2 0.013 0.026 0.12 1 0 0 6.12323e-17 
1.64165 0.065 0.065 0.2 -0.013 0.0195 0.12 1 0 0 6.12323e-17 
1.61909 0.065 0.065 0.2 0.013 0.0195 0.12 1 0 0 6.12323e-17 
1.60592 0.065 0.065 0.2 -0.026 0.026 0.12 1 0 0 6.12323e-17 
1.6001 0.065 0.065 0.2 0.0195 0.026 0.12 1 0 0 6.12323e-17 
1.58655 0.065 0.065 0.2 -0.026 0.0325 0.12 1 0 0 6.12323e-17 
1.58535 0.065 0.065 0.2 0.0195 0.0195 0.12 1 0 0 6.12323e-17 
1.58343 0.065 0.065 0.2 -0.0195 0.0195 0.12 1 0 0 6.12323e-17 
1.57582 0.065 0.065 0.2 0.0325 0.0195 0.12 1 0 0 6.12323e-17 
1.56521 0.065 0.065 0.2 0.026 0.0195 0.12 1 0 0 6.12323e-17 
1.56514 0.065 0.065 0.2 0.026 0.026 0.12 1 0 0 6.12323e-17 
1.55412 0.065 0.065 0.2 0.0325 0.026 0.12 1 0 0 6.12323e-17 
1.53109 0.065 0.065 0.2 -0.0325 0.026 0.12 1 0 0 6.12323e-17 
1.51689 0.065 0.065 0.2 -0.0325 0.0325 0.12 1 0 0 6.12323e-17 
0.485122 0.065 0.065 0.2 -0.0195 -0.0525 6.93889e-18 -0.415627 -0.572061 -0.572061 0.415629 
0.364127 0.065 0.065 0.2 -0.0525 -0.0325 0.04 0 0.707107 0 0.707106 
0.36406 0.065 0.065 0.2 -0.0525 -0.0325 0.02 0 0.707107 0 0.707106 
0.363384 0.065 0.065 0.2 -0.0525 -0.026 0.04 0 0.707107 0 0.707106 
0.363325 0.065 0.065 0.2 -0.0525 -0.026 0.02 0 0.707107 0 0.707106 
0.362466 0.065 0.065 0.2 -0.0525 -0.0325 0.06 0 0.707107 0 0.707106 
0.362097 0.065 0.065 0.2 -0.0525 -0.0325 6.93889e-18 0 0.707107 0 0.707106 
0.361715 0.065 0.065 0.2 -0.0525 -0.026 0.06 0 0.707107 0 0.707106 
0.361353 0.065 0.065 0.2 -0.0525 -0.026 6.93889e-18 0 0.707107 0 0.707106 
0.358758 0.065 0.065 0.2 -0.0525 -0.0325 0.08 0 0.707107 0 0.707106 
0.357993 0.065 0.065 0.2 -0.0525 -0.026 0.08 0 0.707107 0 0.707106 
0.354758 0.065 0.065 0.2 -0.0525 -0.0325 0.06 -0.218508 0.672498 -0.218508 0.672499 
0.354413 0.065 0.065 0.2 -0.0525 -0.0325 0.08 -0.218508 0.672498 -0.218508 0.672499 
0.353487 0.065 0.065 0.2 -0.0525 -0.0325 0.04 -0.218508 0.672498 -0.218508 0.672499 
0.34991 0.065 0.065 0.2 -0.0525 -0.0325 0.02 -0.218508 0.672498 -0.218508 0.672499 
0.346382 0.065 0.065 0.2 -0.0525 -0.026 0.08 -0.218508 0.672498 -0.218508 0.672499 
0.343589 0.065 0.065 0.2 -0.0525 -0.0325 6.93889e-18 -0.218508 0.672498 -0.218508 0.672499 
0.33474 0.065 0.065 0.2 -0.0525 -0.0325 -0.02 -0.218508 0.672498 -0.218508 0.672499 
0.324062 0.065 0.065 0.2 -0.0525 -0.0325 -0.04 -0.218508 0.672498 -0.218508 0.672499 
0.18808 0.065 0.065 0.2 0.0525 0.0325 0.08 -0.672498 -0.218508 0.672499 0.218508 
0.18663 0.065 0.065 0.2 0.0525 0.0325 0.06 -0.672498 -0.218508 0.672499 0.218508 
0.183896 0.065 0.065 0.2 0.0525 0.0325 0.04 -0.672498 -0.218508 0.672499 0.218508 
0.182159 0.065 0.065 0.2 0.0525 0.026 0.08 -0.672498 -0.218508 0.672499 0.218508 
0.179018 0.065 0.065 0.2 0.0525 0.0325 0.02 -0.672498 -0.218508 0.672499 0.218508 
0.171956 0.065 0.065 0.2 0.0525 0.0325 6.93889e-18 -0.672498 -0.218508 0.672499 0.218508 
0.166649 0.065 0.065 0.2 0.013 0.0325 0.12 0.951057 0.309017 1.89218e-17 5.82354e-17 
0.16379 0.065 0.065 0.2 0.0525 0.0325 -0.02 -0.672498 -0.218508 0.672499 0.218508 
0.162996 0.065 0.065 0.2 0.0525 -0.0325 0.02 0.218508 -0.672498 -0.218508 0.672499 
0.161889 0.065 0.065 0.2 0.0065 0.0325 0.12 0.951057 0.309017 1.89218e-17 5.82354e-17 
0.158763 0.065 0.065 0.2 0.0195 0.0325 0.12 0.951057 0.309017 1.89218e-17 5.82354e-17 
0.156919 0.065 0.065 0.2 0.0525 0.0325 -0.04 -0.672498 -0.218508 0.672499 0.218508 
0.150553 0.065 0.065 0.2 0.0525 -0.0325 0.04 0.218508 -0.672498 -0.218508 0.672499 
0.144439 0.065 0.065 0.2 -1.73472e-18 0.0325 0.12 0.951057 0.309017 1.89218e-17 5.82354e-17 
0.143925 0.065 0.065 0.2 -0.026 0.013 0.12 0.951057 0.309017 1.89218e-17 5.82354e-17 
0.141226 0.065 0.065 0.2 0.026 0.0325 0.12 0.951057 0.309017 1.89218e-17 5.82354e-17 
0.140714 0.065 0.065 0.2 -0.026 0.0065 0.12 0.951057 0.309017 1.89218e-17 5.82354e-17 
0.139666 0.065 0.065 0.2 0.0525 -0.0325 0.06 0.218508 -0.672498 -0.218508 0.672499 
0.139363 0.065 0.065 0.2 -0.026 -0.0525 6.93889e-18 -0.415627 -0.572061 -0.572061 0.415629 
0.131404 0.065 0.065 0.2 0.0525 -0.0325 -0.02 0 -0.707107 0 0.707106 
0.130758 0.065 0.065 0.2 0.0525 -0.026 -0.02 0 -0.707107 0 0.707106 
0.130038 0.065 0.065 0.2 -0.0195 0.0195 0.12 0.951057 0.309017 1.89218e-17 5.82354e-17 
0.129793 0.065 0.065 0.2 0.0525 -0.0325 0.08 0.218508 -0.672498 -0.218508 0.672499 
0.122834 0.065 0.065 0.2 -0.026 0.0195 0.12 0.951057 0.309017 1.89218e-17 5.82354e-17 
0.120026 0.065 0.065 0.2 0.0325 0.0325 0.12 0.951057 0.309017 1.89218e-17 5.82354e-17 
0.118112 0.065 0.065 0.2 0.0525 -0.0325 6.93889e-18 0 -0.707107 0 0.707106 
0.11751 0.065 0.065 0.2 0.0525 -0.026 6.93889e-18 0 -0.707107 0 0.707106 
0.116854 0.065 0.065 0.2 -0.0065 0.0325 0.12 0.951057 0.309017 1.89218e-17 5.82354e-17 
0.107986 0.065 0.065 0.2 -0.013 0.026 0.12 0.951057 0.309017 1.89218e-17 5.82354e-17 
0.107345 0.065 0.065 0.2 0.0525 -0.0325 0.02 0 -0.707107 0 0.707106 
0.106771 0.065 0.065 0.2 0.0525 -0.026 0.02 0 -0.707107 0 0.707106 
0.104353 0.065 0.065 0.2 -0.0195 0.026 0.12 0.951057 0.309017 1.89218e-17 5.82354e-17 
0.104267 0.065 0.065 0.2 -0.026 -1.73472e-18 0.12 0.951057 0.309017 1.89218e-17 5.82354e-17 
0.101382 0.065 0.065 0.2 -0.0325 0.0065 0.12 0.951057 0.309017 1.89218e-17 5.82354e-17 
0.098686 0.065 0.065 0.2 0.0525 -0.0325 0.04 0 -0.707107 0 0.707106 
0.0981575 0.065 0.065 0.2 0.0525 -0.026 0.04 0 -0.707107 0 0.707106 
0.0975717 0.065 0.065 0.2 -0.0325 0.013 0.12 0.951057 0.309017 1.89218e-17 5.82354e-17 
0.0923174 0.065 0.065 0.2 -0.0195 0.0525 0.02 0.415627 0.572061 -0.572061 0.415629 
0.0917602 0.065 0.065 0.2 0.0525 -0.0325 0.06 0 -0.707107 0 0.707106 
0.0917184 0.065 0.065 0.2 0.0525 -0.0195 0.06 0 -0.707107 0 0.707106 
0.0912677 0.065 0.065 0.2 0.0525 -0.026 0.06 0 -0.707107 0 0.707106 
0.0909096 0.065 0.065 0.2 -0.0195 0.0525 6.93889e-18 0.415627 0.572061 -0.572061 0.415629 
0.0871007 0.065 0.065 0.2 -0.026 0.026 0.12 0.951057 0.309017 1.89218e-17 5.82354e-17 
0.0860977 0.065 0.065 0.2 0.0525 -0.0325 0.08 0 -0.707107 0 0.707106 
0.0860614 0.065 0.065 0.2 0.0525 -0.0195 0.08 0 -0.707107 0 0.707106 
0.0856589 0.065 0.065 0.2 0.0525 -0.026 0.08 0 -0.707107 0 0.707106 
0.0853361 0.065 0.065 0.2 -0.013 0.0325 0.12 0.951057 0.309017 1.89218e-17 5.82354e-17 
0.0852767 0.065 0.065 0.2 -0.0325 -1.73472e-18 0.12 0.951057 0.309017 1.89218e-17 5.82354e-17 
0.0845251 0.065 0.065 0.2 0.0195 -0.0525 6.93889e-18 -0.572061 0.415627 0.415627 0.572062 
0.0835693 0.065 0.065 0.2 -0.0325 0.0195 0.12 0.951057 0.309017 1.89218e-17 5.82354e-17 
0.0828023 0.065 0.065 0.2 -0.0195 0.0525 0.04 0.415627 0.572061 -0.572061 0.415629 
0.076766 0.065 0.065 0.2 0.0195 -0.0525 -0.02 -0.572061 0.415627 0.415627 0.572062 
0.0755959 0.065 0.065 0.2 0.0195 -0.0525 0.02 -0.572061 0.415627 0.415627 0.572062 
0.0696941 0.065 0.065 0.2 -0.0195 0.0525 0.06 0.415627 0.572061 -0.572061 0.415629 
0.0694755 0.065 0.065 0.2 -0.0325 0.026 0.12 0.951057 0.309017 1.89218e-17 5.82354e-17 
0.0679453 0.065 0.065 0.2 -0.0195 0.0525 -0.02 0.415627 0.572061 -0.572061 0.415629 
0.0659804 0.065 0.065 0.2 -0.0325 0.0325 0.12 0.951057 0.309017 1.89218e-17 5.82354e-17 
0.0638647 0.065 0.065 0.2 0.0195 -0.0525 0.04 -0.572061 0.415627 0.415627 0.572062 
0.0635011 0.065 0.065 0.2 0.0195 0.0525 6.93889e-18 0.572061 -0.415627 0.415627 0.572062 
0.0596528 0.065 0.065 0.2 -0.0525 0.0325 0.04 0.707107 -4.32978e-17 0.707107 -4.32978e-17 
0.0594266 0.065 0.065 0.2 -0.0525 0.0325 0.06 0.707107 -4.32978e-17 0.707107 -4.32978e-17 
0.0593435 0.065 0.065 0.2 -0.0525 0.0325 0.02 0.707107 -4.32978e-17 0.707107 -4.32978e-17 
0.0590006 0.065 0.065 0.2 -0.0525 0.0325 0.08 0.707107 -4.32978e-17 0.707107 -4.32978e-17 
0.0582202 0.065 0.065 0.2 -0.0525 0.0325 6.93889e-18 0.707107 -4.32978e-17 0.707107 -4.32978e-17 
0.0580481 0.065 0.065 0.2 -0.0195 0.0325 0.12 0.951057 0.309017 1.89218e-17 5.82354e-17 
0.0573952 0.065 0.065 0.2 -0.0525 0.026 0.04 0.707107 -4.32978e-17 0.707107 -4.32978e-17 
0.0571917 0.065 0.065 0.2 -0.0525 0.026 0.06 0.707107 -4.32978e-17 0.707107 -4.32978e-17 
0.0570468 0.065 0.065 0.2 -0.0525 0.026 0.02 0.707107 -4.32978e-17 0.707107 -4.32978e-17 
0.0567864 0.065 0.065 0.2 -0.0525 0.026 0.08 0.707107 -4.32978e-17 0.707107 -4.32978e-17 
0.0562253 0.065 0.065 0.2 -0.0525 0.0325 -0.02 0.707107 -4.32978e-17 0.707107 -4.32978e-17 
0.056159 0.065 0.065 0.2 0.0195 -0.0525 0.06 -0.572061 0.415627 0.415627 0.572062 
0.05595 0.065 0.065 0.2 -0.0525 0.026 6.93889e-18 0.707107 -4.32978e-17 0.707107 -4.32978e-17 
0.0556551 0.065 0.065 0.2 -0.0525 0.0195 0.06 0.707107 -4.32978e-17 0.707107 -4.32978e-17 
0.0552694 0.065 0.065 0.2 -0.0525 0.0195 0.08 0.707107 -4.32978e-17 0.707107 -4.32978e-17 
0.0547022 0.065 0.065 0.2 0.0195 0.0525 0.02 0.572061 -0.415627 0.415627 0.572062 
0.0539336 0.065 0.065 0.2 -0.0525 0.026 -0.02 0.707107 -4.32978e-17 0.707107 -4.32978e-17 
0.0535784 0.065 0.065 0.2 0.026 -0.0525 -0.02 -0.572061 0.415627 0.415627 0.572062 
0.0468377 0.065 0.065 0.2 -0.026 0.0325 0.12 0.951057 0.309017 1.89218e-17 5.82354e-17 
0.0413849 0.065 0.065 0.2 -0.0195 -0.0525 0.02 -0.415627 -0.572061 -0.572061 0.415629 
0.040739 0.065 0.065 0.2 -0.0195 0.0525 0.08 0.415627 0.572061 -0.572061 0.415629 
0.0362968 0.065 0.065 0.2 0.026 -0.0525 6.93889e-18 -0.572061 0.415627 0.415627 0.572062 
0.0360031 0.065 0.065 0.2 0.0195 -0.0525 0.08 -0.572061 0.415627 0.415627 0.572062 
0.0354369 0.065 0.065 0.2 -0.026 0.0525 -0.02 0.415627 0.572061 -0.572061 0.415629 
0.0324253 0.065 0.065 0.2 0.026 0.0525 0.02 0.572061 -0.415627 0.415627 0.572062 
0.0286655 0.065 0.065 0.2 0.026 0.0525 0.04 0.572061 -0.415627 0.415627 0.572062 
0.0276434 0.065 0.065 0.2 -0.026 0.0525 6.93889e-18 0.415627 0.572061 -0.572061 0.415629 
0.0243055 0.065 0.065 0.2 -0.0525 0.0325 0.08 -0.572061 0.415627 -0.572061 0.415629 
0.0223593 0.065 0.065 0.2 0.0525 -0.0325 0.08 -0.415627 -0.572061 0.415627 0.572062 
0.0212092 0.065 0.065 0.2 0.0195 0.0525 0.04 0.572061 -0.415627 0.415627 0.572062 
0.019309 0.065 0.065 0.2 0.0525 -0.0325 0.06 -0.218508 -0.672498 0.218508 0.672499 
0.0190215 0.065 0.065 0.2 0.0525 -0.0195 0.08 -0.218508 -0.672498 0.218508 0.672499 
0.0190082 0.065 0.065 0.2 0.0525 -0.026 0.08 -0.218508 -0.672498 0.218508 0.672499 
0.0187422 0.065 0.065 0.2 0.0525 -0.0325 0.08 -0.218508 -0.672498 0.218508 0.672499 
0.0164978 0.065 0.065 0.2 -0.0525 0.0325 0.02 0.672498 0.218508 0.672499 0.218508 
0.0162297 0.065 0.065 0.2 0.026 0.0525 6.93889e-18 0.572061 -0.415627 0.415627 0.572062 
0.0161803 0.065 0.065 0.2 -0.0325 -0.0525 0.04 -0.415627 -0.572061 -0.572061 0.415629 
0.0155786 0.065 0.065 0.2 0.026 0.0525 0.08 0.218508 -0.672499 0.672499 0.218502 
0.0152467 0.065 0.065 0.2 0.0325 0.0525 0.08 0.218508 -0.672499 0.672499 0.218502 
0.0148073 0.065 0.065 0.2 -0.0525 0.0325 0.04 0.672498 0.218508 0.672499 0.218508 
0.0132271 0.065 0.065 0.2 -0.0525 0.0325 0.06 0.672498 0.218508 0.672499 0.218508 
0.0124284 0.065 0.065 0.2 -0.0525 0.026 0.08 -0.672498 0.218508 -0.672499 0.218508 
0.0122865 0.065 0.065 0.2 -0.0525 0.0325 0.06 -0.672498 0.218508 -0.672499 0.218508 
0.0122487 0.065 0.065 0.2 -0.0525 0.0195 0.08 -0.672498 0.218508 -0.672499 0.218508 
0.01209 0.065 0.065 0.2 -0.0525 0.0325 0.08 0.672498 0.218508 0.672499 0.218508 
0.0119859 0.065 0.065 0.2 -0.0525 0.0325 0.08 -0.672498 0.218508 -0.672499 0.218508 
0.0115557 0.065 0.065 0.2 0.026 -0.0525 0.02 -0.572061 0.415627 0.415627 0.572062 
0.010938 0.065 0.065 0.2 -0.026 0.0525 0.02 0.415627 0.572061 -0.572061 0.415629 
0.00593242 0.065 0.065 0.2 0.026 0.0525 0.06 0.572061 -0.415627 0.415627 0.572062 
0.0036235 0.065 0.065 0.2 -0.026 -0.0525 0.04 -0.415627 -0.572061 -0.572061 0.415629 
0.00196746 0.065 0.065 0.2 -0.026 -0.0525 0.06 -0.415627 -0.572061 -0.572061 0.415629 
0.00137997 0.065 0.065 0.2 0.026 -0.0525 0.08 -0.572061 0.415627 0.415627 0.572062 
0.000221027 0.065 0.065 0.2 -0.026 0.0525 0.06 0.415627 0.572061 -0.572061 0.415629 
-0.000506143 0.065 0.065 0.2 -0.0325 0.0525 0.08 0.415627 0.572061 -0.572061 0.415629 
-0.0007068 0.065 0.065 0.2 -0.026 0.0525 0.04 0.415627 0.572061 -0.572061 0.415629 
-0.00120402 0.065 0.065 0.2 -0.026 0.0525 0.08 0.415627 0.572061 -0.572061 0.415629 
-0.0018692 0.065 0.065 0.2 0.026 -0.0525 0.06 -0.572061 0.415627 0.415627 0.572062 
-0.00192261 0.065 0.065 0.2 0.0325 -0.0525 0.08 -0.572061 0.415627 0.415627 0.572062 
-0.00387478 0.065 0.065 0.2 0.026 -0.0525 0.04 -0.572061 0.415627 0.415627 0.572062 
-0.00659657 0.065 0.065 0.2 0.0325 -0.0525 -0.02 -0.572061 0.415627 0.415627 0.572062 
-0.0147773 0.065 0.065 0.2 -0.026 -0.0525 0.02 -0.415627 -0.572061 -0.572061 0.415629 
-0.0165984 0.065 0.065 0.2 0.026 0.0525 0.08 0.572061 -0.415627 0.415627 0.572062 
-0.0216942 0.065 0.065 0.2 0.0325 -0.0525 6.93889e-18 -0.572061 0.415627 0.415627 0.572062 
-0.0258083 0.065 0.065 0.2 0.0325 -0.0525 0.06 -0.572061 0.415627 0.415627 0.572062 
-0.026898 0.065 0.065 0.2 0.0325 0.0525 0.02 0.572061 -0.415627 0.415627 0.572062 
-0.0287958 0.065 0.065 0.2 -0.0195 -0.0525 0.08 -0.572061 -0.415627 -0.415627 0.572062 
-0.0290631 0.065 0.065 0.2 -0.0325 -0.0525 0.06 -0.572061 -0.415627 -0.415627 0.572062 
-0.029648 0.065 0.065 0.2 -0.0325 0.0525 0.06 0.415627 0.572061 -0.572061 0.415629 
-0.0296532 0.065 0.065 0.2 0.0325 0.0525 0.06 0.415627 -0.572061 0.572061 0.415629 
-0.0296937 0.065 0.065 0.2 0.0325 0.0525 0.08 0.415627 -0.572061 0.572061 0.415629 
-0.0298216 0.065 0.065 0.2 -0.026 -0.0525 0.08 -0.572061 -0.415627 -0.415627 0.572062 
-0.0298967 0.065 0.065 0.2 0.0195 0.0525 0.06 0.572061 -0.415627 0.415627 0.572062 
-0.0306891 0.065 0.065 0.2 0.026 0.0525 0.08 0.415627 -0.572061 0.572061 0.415629 
-0.0310736 0.065 0.065 0.2 0.0195 0.0525 0.08 0.415627 -0.572061 0.572061 0.415629 
-0.0311243 0.065 0.065 0.2 0.0195 0.0525 0.06 0.415627 -0.572061 0.572061 0.415629 
-0.0313763 0.065 0.065 0.2 0.0325 0.0525 0.04 0.572061 -0.415627 0.415627 0.572062 
-0.0323965 0.065 0.065 0.2 -0.026 -0.0525 0.06 -0.572061 -0.415627 -0.415627 0.572062 
-0.0325758 0.065 0.065 0.2 0.026 0.0525 0.06 0.415627 -0.572061 0.572061 0.415629 
-0.0327077 0.065 0.065 0.2 -0.0325 -0.0525 0.06 -0.415627 -0.572061 -0.572061 0.415629 
-0.0335293 0.065 0.065 0.2 -0.0195 -0.0525 0.06 -0.572061 -0.415627 -0.415627 0.572062 
-0.033681 0.065 0.065 0.2 -0.0325 -0.0525 0.08 -0.572061 -0.415627 -0.415627 0.572062 
-0.0349667 0.065 0.065 0.2 -0.0325 0.0525 -0.02 0.415627 0.572061 -0.572061 0.415629 
-0.0364109 0.065 0.065 0.2 -0.0195 -0.0525 0.06 -0.415627 -0.572061 -0.572061 0.415629 
-0.0380414 0.065 0.065 0.2 -0.026 -0.0525 0.08 -0.415627 -0.572061 -0.572061 0.415629 
-0.0395084 0.065 0.065 0.2 -0.0195 -0.0525 0.04 -0.415627 -0.572061 -0.572061 0.415629 
-0.0402756 0.065 0.065 0.2 0.0325 -0.0525 0.02 -0.572061 0.415627 0.415627 0.572062 
-0.0409562 0.065 0.065 0.2 0.0325 0.0525 6.93889e-18 0.572061 -0.415627 0.415627 0.572062 
-0.0411973 0.065 0.065 0.2 -0.0325 -0.0525 0.08 -0.672499 -0.218508 -0.218508 0.672498 
-0.0423282 0.065 0.065 0.2 -0.026 -0.0525 0.08 -0.672499 -0.218508 -0.218508 0.672498 
-0.0424891 0.065 0.065 0.2 -0.0325 -0.0525 0.02 -0.415627 -0.572061 -0.572061 0.415629 
-0.044322 0.065 0.065 0.2 0.0325 -0.0525 0.04 -0.572061 0.415627 0.415627 0.572062 
-0.046898 0.065 0.065 0.2 -0.0325 0.0525 6.93889e-18 0.415627 0.572061 -0.572061 0.415629 
-0.0553158 0.065 0.065 0.2 -0.0325 0.0525 0.04 0.415627 0.572061 -0.572061 0.415629 
-0.0559775 0.065 0.065 0.2 -0.0195 -0.0525 0.08 -0.415627 -0.572061 -0.572061 0.415629 
-0.05753 0.065 0.065 0.2 0.0325 0.0525 0.06 0.572061 -0.415627 0.415627 0.572062 
-0.0589573 0.065 0.065 0.2 -0.0325 0.0525 0.02 0.415627 0.572061 -0.572061 0.415629 
-0.0719889 0.065 0.065 0.2 0.0195 0.0525 0.08 0.572061 -0.415627 0.415627 0.572062 
-0.0919492 0.065 0.065 0.2 0.0325 0.0525 0.08 0.572061 -0.415627 0.415627 0.572062 
-0.103351 0.065 0.065 0.2 -0.0325 -0.0525 6.93889e-18 -0.415627 -0.572061 -0.572061 0.415629 
-0.118706 0.065 0.065 0.2 -0.0325 -0.0525 0.08 -0.415627 -0.572061 -0.572061 0.415629 
-0.127699 0.065 0.065 0.2 0.0525 0.0325 6.93889e-18 0.707107 -4.32978e-17 -0.707107 4.32978e-17 
-0.127831 0.065 0.065 0.2 0.0525 0.026 6.93889e-18 0.707107 -4.32978e-17 -0.707107 4.32978e-17 
-0.139892 0.065 0.065 0.2 0.0525 0.0325 0.02 0.707107 -4.32978e-17 -0.707107 4.32978e-17 
-0.140009 0.065 0.065 0.2 0.0525 0.026 0.02 0.707107 -4.32978e-17 -0.707107 4.32978e-17 
-0.151797 0.065 0.065 0.2 0.0525 0.0325 0.04 0.707107 -4.32978e-17 -0.707107 4.32978e-17 
-0.151924 0.065 0.065 0.2 0.0525 0.026 0.04 0.707107 -4.32978e-17 -0.707107 4.32978e-17 
-0.163202 0.065 0.065 0.2 0.0525 0.0325 0.06 0.707107 -4.32978e-17 -0.707107 4.32978e-17 
-0.163325 0.065 0.065 0.2 0.0525 0.026 0.06 0.707107 -4.32978e-17 -0.707107 4.32978e-17 
-0.174108 0.065 0.065 0.2 0.0525 0.0325 0.08 0.707107 -4.32978e-17 -0.707107 4.32978e-17 
-0.174246 0.065 0.065 0.2 0.0525 0.026 0.08 0.707107 -4.32978e-17 -0.707107 4.32978e-17 
-0.189902 0.065 0.065 0.2 0.0325 -0.0525 0.08 -0.672499 0.218508 0.218508 0.672498 
-0.21551 0.065 0.065 0.2 -0.0325 0.0525 0.08 0.218508 0.672499 -0.672499 0.218502 
-0.27078 0.065 0.065 0.2 -1.73472e-18 -0.0325 0.12 6.12323e-17 1 -6.12323e-17 3.7494e-33 
-0.277721 0.065 0.065 0.2 -0.0065 -0.0325 0.12 6.12323e-17 1 -6.12323e-17 3.7494e-33 
-0.281649 0.065 0.065 0.2 0.0065 -0.0325 0.12 6.12323e-17 1 -6.12323e-17 3.7494e-33 
-0.298282 0.065 0.065 0.2 -0.013 -0.0325 0.12 6.12323e-17 1 -6.12323e-17 3.7494e-33 
-0.298333 0.065 0.065 0.2 0.0065 -0.026 0.12 6.12323e-17 1 -6.12323e-17 3.7494e-33 
-0.308058 0.065 0.065 0.2 -1.73472e-18 -0.026 0.12 6.12323e-17 1 -6.12323e-17 3.7494e-33 
-0.310867 0.065 0.065 0.2 0.013 -0.026 0.12 6.12323e-17 1 -6.12323e-17 3.7494e-33 
-0.31183 0.065 0.065 0.2 0.013 -0.0325 0.12 6.12323e-17 1 -6.12323e-17 3.7494e-33 
-0.325091 0.065 0.065 0.2 -0.0195 -0.0325 0.12 6.12323e-17 1 -6.12323e-17 3.7494e-33 
-0.3365 0.065 0.065 0.2 -0.0065 -0.026 0.12 6.12323e-17 1 -6.12323e-17 3.7494e-33 
-0.346124 0.065 0.065 0.2 0.0195 -0.026 0.12 6.12323e-17 1 -6.12323e-17 3.7494e-33 
-0.348008 0.065 0.065 0.2 -0.026 -0.0325 0.12 6.12323e-17 1 -6.12323e-17 3.7494e-33 
-0.348061 0.065 0.065 0.2 0.0065 -0.0195 0.12 6.12323e-17 1 -6.12323e-17 3.7494e-33 
-0.348513 0.065 0.065 0.2 -1.73472e-18 -0.0195 0.12 6.12323e-17 1 -6.12323e-17 3.7494e-33 
-0.354092 0.065 0.065 0.2 -0.0325 -0.0325 0.12 6.12323e-17 1 -6.12323e-17 3.7494e-33 
-0.359226 0.065 0.065 0.2 0.0195 -0.0325 0.12 6.12323e-17 1 -6.12323e-17 3.7494e-33 
-0.36961 0.065 0.065 0.2 -0.0065 -0.0195 0.12 6.12323e-17 1 -6.12323e-17 3.7494e-33 
-0.373981 0.065 0.065 0.2 0.013 -0.0195 0.12 6.12323e-17 1 -6.12323e-17 3.7494e-33 
-0.377156 0.065 0.065 0.2 -0.013 -0.026 0.12 6.12323e-17 1 -6.12323e-17 3.7494e-33 
-0.401478 0.065 0.065 0.2 0.026 -0.026 0.12 6.12323e-17 1 -6.12323e-17 3.7494e-33 
-0.402657 0.065 0.065 0.2 -0.013 -0.0195 0.12 6.12323e-17 1 -6.12323e-17 3.7494e-33 
-0.419373 0.065 0.065 0.2 0.026 -0.0325 0.12 6.12323e-17 1 -6.12323e-17 3.7494e-33 
-0.420482 0.065 0.065 0.2 -0.0195 -0.026 0.12 6.12323e-17 1 -6.12323e-17 3.7494e-33 
-0.428774 0.065 0.065 0.2 0.0195 -0.0195 0.12 6.12323e-17 1 -6.12323e-17 3.7494e-33 
-0.435811 0.065 0.065 0.2 -0.0195 -0.0195 0.12 6.12323e-17 1 -6.12323e-17 3.7494e-33 
-0.441917 0.065 0.065 0.2 -0.0325 -0.0195 0.12 6.12323e-17 1 -6.12323e-17 3.7494e-33 
-0.454117 0.065 0.065 0.2 -0.026 -0.026 0.12 6.12323e-17 1 -6.12323e-17 3.7494e-33 
-0.454741 0.065 0.065 0.2 -0.026 -0.0195 0.12 6.12323e-17 1 -6.12323e-17 3.7494e-33 
-0.462881 0.065 0.065 0.2 -0.0325 -0.026 0.12 6.12323e-17 1 -6.12323e-17 3.7494e-33 
-0.471437 0.065 0.065 0.2 0.0325 -0.026 0.12 6.12323e-17 1 -6.12323e-17 3.7494e-33 
-0.484335 0.065 0.065 0.2 0.0325 -0.0325 0.12 6.12323e-17 1 -6.12323e-17 3.7494e-33 
-1.08148 0.065 0.065 0.2 -0.013 -0.0325 0.12 -0.309017 0.951057 -5.82354e-17 -1.89218e-17 
-1.08408 0.065 0.065 0.2 -0.0195 -0.0325 0.12 -0.309017 0.951057 -5.82354e-17 -1.89218e-17 
-1.09081 0.065 0.065 0.2 -0.0065 -0.0325 0.12 -0.309017 0.951057 -5.82354e-17 -1.89218e-17 
-1.0958 0.065 0.065 0.2 -0.026 -0.0325 0.12 -0.309017 0.951057 -5.82354e-17 -1.89218e-17 
-1.1106 0.065 0.065 0.2 -0.0325 -0.0325 0.12 -0.309017 0.951057 -5.82354e-17 -1.89218e-17 
-1.1121 0.065 0.065 0.2 -1.73472e-18 -0.0325 0.12 -0.309017 0.951057 -5.82354e-17 -1.89218e-17 
-1.11555 0.065 0.065 0.2 0.026 -0.013 0.12 -0.309017 0.951057 -5.82354e-17 -1.89218e-17 
-1.11684 0.065 0.065 0.2 0.026 -0.0065 0.12 -0.309017 0.951057 -5.82354e-17 -1.89218e-17 
-1.12983 0.065 0.065 0.2 0.0195 -0.0195 0.12 -0.309017 0.951057 -5.82354e-17 -1.89218e-17 
-1.13842 0.065 0.065 0.2 0.026 -0.0195 0.12 -0.309017 0.951057 -5.82354e-17 -1.89218e-17 
-1.13966 0.065 0.065 0.2 -0.026 -0.0065 0.12 0.809017 0.587785 3.59914e-17 4.9538e-17 
-1.14256 0.065 0.065 0.2 0.0065 -0.0325 0.12 -0.309017 0.951057 -5.82354e-17 -1.89218e-17 
-1.15144 0.065 0.065 0.2 0.013 -0.026 0.12 -0.309017 0.951057 -5.82354e-17 -1.89218e-17 
-1.15224 0.065 0.065 0.2 0.026 -1.73472e-18 0.12 -0.309017 0.951057 -5.82354e-17 -1.89218e-17 
-1.15607 0.065 0.065 0.2 0.0325 -0.0065 0.12 -0.309017 0.951057 -5.82354e-17 -1.89218e-17 
-1.15672 0.065 0.065 0.2 0.0195 -0.026 0.12 -0.309017 0.951057 -5.82354e-17 -1.89218e-17 
-1.16318 0.065 0.065 0.2 0.0325 -0.013 0.12 -0.309017 0.951057 -5.82354e-17 -1.89218e-17 
-1.16866 0.065 0.065 0.2 0.0325 -1.73472e-18 0.12 -0.309017 0.951057 -5.82354e-17 -1.89218e-17 
-1.17529 0.065 0.065 0.2 0.026 -0.026 0.12 -0.309017 0.951057 -5.82354e-17 -1.89218e-17 
-1.17626 0.065 0.065 0.2 0.013 -0.0325 0.12 -0.309017 0.951057 -5.82354e-17 -1.89218e-17 
-1.17753 0.065 0.065 0.2 -0.026 -1.73472e-18 0.12 0.809017 0.587785 3.59914e-17 4.9538e-17 
-1.17943 0.065 0.065 0.2 0.0325 -0.0195 0.12 -0.309017 0.951057 -5.82354e-17 -1.89218e-17 
-1.19379 0.065 0.065 0.2 0.0325 -0.026 0.12 -0.309017 0.951057 -5.82354e-17 -1.89218e-17 
-1.19456 0.065 0.065 0.2 0.0325 -0.0325 0.12 -0.309017 0.951057 -5.82354e-17 -1.89218e-17 
-1.20438 0.065 0.065 0.2 0.0195 -0.0325 0.12 -0.309017 0.951057 -5.82354e-17 -1.89218e-17 
-1.20825 0.065 0.065 0.2 -0.026 0.0065 0.12 0.809017 0.587785 3.59914e-17 4.9538e-17 
-1.21539 0.065 0.065 0.2 0.026 -0.0325 0.12 -0.309017 0.951057 -5.82354e-17 -1.89218e-17 
-1.23839 0.065 0.065 0.2 -0.026 0.013 0.12 0.809017 0.587785 3.59914e-17 4.9538e-17 
-1.2532 0.065 0.065 0.2 -0.0195 -0.0065 0.12 0.809017 0.587785 3.59914e-17 4.9538e-17 
-1.27247 0.065 0.065 0.2 -0.026 0.0195 0.12 0.809017 0.587785 3.59914e-17 4.9538e-17 
-1.28539 0.065 0.065 0.2 -0.0195 -1.73472e-18 0.12 0.809017 0.587785 3.59914e-17 4.9538e-17 
-1.28627 0.065 0.065 0.2 -0.0325 0.013 0.12 0.809017 0.587785 3.59914e-17 4.9538e-17 
-1.29131 0.065 0.065 0.2 -0.0325 0.0065 0.12 0.809017 0.587785 3.59914e-17 4.9538e-17 
-1.29335 0.065 0.065 0.2 -0.0325 0.0195 0.12 0.809017 0.587785 3.59914e-17 4.9538e-17 
-1.30281 0.065 0.065 0.2 -0.0195 0.0065 0.12 0.809017 0.587785 3.59914e-17 4.9538e-17 
-1.304 0.065 0.065 0.2 -0.0325 -1.73472e-18 0.12 0.809017 0.587785 3.59914e-17 4.9538e-17 
-1.3084 0.065 0.065 0.2 -0.0325 -0.0195 0.12 0.809017 0.587785 3.59914e-17 4.9538e-17 
-1.31216 0.065 0.065 0.2 -0.026 0.026 0.12 0.809017 0.587785 3.59914e-17 4.9538e-17 
-1.31248 0.065 0.065 0.2 -0.0195 0.013 0.12 0.809017 0.587785 3.59914e-17 4.9538e-17 
-1.31394 0.065 0.065 0.2 -0.0325 0.026 0.12 0.809017 0.587785 3.59914e-17 4.9538e-17 
-1.31766 0.065 0.065 0.2 -0.0325 -0.0065 0.12 0.809017 0.587785 3.59914e-17 4.9538e-17 
-1.31936 0.065 0.065 0.2 -0.0195 0.0195 0.12 0.809017 0.587785 3.59914e-17 4.9538e-17 
-1.32314 0.065 0.065 0.2 -0.0325 -0.013 0.12 0.809017 0.587785 3.59914e-17 4.9538e-17 
-1.32516 0.065 0.065 0.2 -0.0195 0.026 0.12 0.809017 0.587785 3.59914e-17 4.9538e-17 
-1.32967 0.065 0.065 0.2 -0.0195 0.0325 0.12 0.809017 0.587785 3.59914e-17 4.9538e-17 
-1.34686 0.065 0.065 0.2 -0.0325 0.0325 0.12 0.809017 0.587785 3.59914e-17 4.9538e-17 
-1.35675 0.065 0.065 0.2 -0.026 0.0325 0.12 0.809017 0.587785 3.59914e-17 4.9538e-17 
-1.46823 0.065 0.065 0.2 -0.0195 -0.0195 0.12 0.309017 0.951057 -5.82354e-17 1.89218e-17 
-1.46982 0.065 0.065 0.2 0.0065 -0.0325 0.12 0.309017 0.951057 -5.82354e-17 1.89218e-17 
-1.47443 0.065 0.065 0.2 -0.0195 -0.026 0.12 0.309017 0.951057 -5.82354e-17 1.89218e-17 
-1.47588 0.065 0.065 0.2 -0.026 -0.0195 0.12 0.309017 0.951057 -5.82354e-17 1.89218e-17 
-1.47659 0.065 0.065 0.2 -0.026 -0.026 0.12 0.309017 0.951057 -5.82354e-17 1.89218e-17 
-1.47819 0.065 0.065 0.2 -1.73472e-18 -0.026 0.12 0.309017 0.951057 -5.82354e-17 1.89218e-17 
-1.48039 0.065 0.065 0.2 -0.0325 -0.0325 0.12 0.309017 0.951057 -5.82354e-17 1.89218e-17 
-1.48102 0.065 0.065 0.2 -0.013 -0.0195 0.12 0.309017 0.951057 -5.82354e-17 1.89218e-17 
-1.48307 0.065 0.065 0.2 -0.026 -0.0325 0.12 0.309017 0.951057 -5.82354e-17 1.89218e-17 
-1.48393 0.065 0.065 0.2 -0.013 -0.026 0.12 0.309017 0.951057 -5.82354e-17 1.89218e-17 
-1.49046 0.065 0.065 0.2 -0.0065 -0.026 0.12 0.309017 0.951057 -5.82354e-17 1.89218e-17 
-1.50059 0.065 0.065 0.2 -0.0065 -0.0195 0.12 0.309017 0.951057 -5.82354e-17 1.89218e-17 
-1.50452 0.065 0.065 0.2 -0.0325 -0.026 0.12 0.309017 0.951057 -5.82354e-17 1.89218e-17 
-1.50515 0.065 0.065 0.2 -0.0195 -0.0325 0.12 0.309017 0.951057 -5.82354e-17 1.89218e-17 
-1.51256 0.065 0.065 0.2 -1.73472e-18 -0.0195 0.12 0.309017 0.951057 -5.82354e-17 1.89218e-17 
-1.5134 0.065 0.065 0.2 -0.0325 -0.013 0.12 0.309017 0.951057 -5.82354e-17 1.89218e-17 
-1.51678 0.065 0.065 0.2 -0.0325 -0.0195 0.12 0.309017 0.951057 -5.82354e-17 1.89218e-17 
-1.53078 0.065 0.065 0.2 -1.73472e-18 -0.0325 0.12 0.309017 0.951057 -5.82354e-17 1.89218e-17 
-1.53125 0.065 0.065 0.2 -0.013 -0.0325 0.12 0.309017 0.951057 -5.82354e-17 1.89218e-17 
-1.54541 0.065 0.065 0.2 -0.0065 -0.0325 0.12 0.309017 0.951057 -5.82354e-17 1.89218e-17 
-2.2692 0.065 0.065 0.2 -0.026 -0.0325 0.12 0.587785 0.809017 -4.9538e-17 3.59915e-17 
-2.27923 0.065 0.065 0.2 -0.0195 -0.0325 0.12 0.587785 0.809017 -4.9538e-17 3.59915e-17 
-2.2917 0.065 0.065 0.2 -0.026 -0.026 0.12 0.587785 0.809017 -4.9538e-17 3.59915e-17 
-2.29185 0.065 0.065 0.2 -0.0195 -0.026 0.12 0.587785 0.809017 -4.9538e-17 3.59915e-17 
-2.29523 0.065 0.065 0.2 -0.0195 -0.0195 0.12 0.587785 0.809017 -4.9538e-17 3.59915e-17 
-2.29955 0.065 0.065 0.2 -0.026 -0.0195 0.12 0.587785 0.809017 -4.9538e-17 3.59915e-17 
-2.30054 0.065 0.065 0.2 -0.0195 -0.013 0.12 0.587785 0.809017 -4.9538e-17 3.59915e-17 
-2.30509 0.065 0.065 0.2 -0.026 -0.013 0.12 0.587785 0.809017 -4.9538e-17 3.59915e-17 
-2.31218 0.065 0.065 0.2 -0.013 -0.0325 0.12 0.587785 0.809017 -4.9538e-17 3.59915e-17 
-2.31479 0.065 0.065 0.2 -0.0195 -0.0065 0.12 0.587785 0.809017 -4.9538e-17 3.59915e-17 
-2.31707 0.065 0.065 0.2 -0.026 -0.0065 0.12 0.587785 0.809017 -4.9538e-17 3.59915e-17 
-2.31764 0.065 0.065 0.2 -0.0325 -0.0065 0.12 0.587785 0.809017 -4.9538e-17 3.59915e-17 
-2.31895 0.065 0.065 0.2 -0.0325 -0.0325 0.12 0.587785 0.809017 -4.9538e-17 3.59915e-17 
-2.32174 0.065 0.065 0.2 -0.0325 -0.013 0.12 0.587785 0.809017 -4.9538e-17 3.59915e-17 
-2.32465 0.065 0.065 0.2 -0.0325 -1.73472e-18 0.12 0.587785 0.809017 -4.9538e-17 3.59915e-17 
-2.33076 0.065 0.065 0.2 -0.0325 -0.0195 0.12 0.587785 0.809017 -4.9538e-17 3.59915e-17 
-2.33204 0.065 0.065 0.2 -0.0065 -0.0325 0.12 0.587785 0.809017 -4.9538e-17 3.59915e-17 
-2.33449 0.065 0.065 0.2 -0.0325 -0.026 0.12 0.587785 0.809017 -4.9538e-17 3.59915e-17 
-2.34017 0.065 0.065 0.2 -0.026 -1.73472e-18 0.12 0.587785 0.809017 -4.9538e-17 3.59915e-17 
-2.34131 0.065 0.065 0.2 -0.0195 -1.73472e-18 0.12 0.587785 0.809017 -4.9538e-17 3.59915e-17 
-2.34498 0.065 0.065 0.2 -0.0325 0.0065 0.12 0.587785 0.809017 -4.9538e-17 3.59915e-17 
-2.3752 0.065 0.065 0.2 -0.026 0.0065 0.12 0.587785 0.809017 -4.9538e-17 3.59915e-17 
-2.37681 0.065 0.065 0.2 -0.0325 0.013 0.12 0.587785 0.809017 -4.9538e-17 3.59915e-17 
-2.37915 0.065 0.065 0.2 -0.0195 0.0065 0.12 0.587785 0.809017 -4.9538e-17 3.59915e-17 
-2.41462 0.065 0.065 0.2 -0.0325 0.0195 0.12 0.587785 0.809017 -4.9538e-17 3.59915e-17 
-2.41876 0.065 0.065 0.2 -0.026 0.013 0.12 0.587785 0.809017 -4.9538e-17 3.59915e-17 
-2.42367 0.065 0.065 0.2 -0.0195 0.013 0.12 0.587785 0.809017 -4.9538e-17 3.59915e-17 
-2.44852 0.065 0.065 0.2 -0.0325 0.026 0.12 0.587785 0.809017 -4.9538e-17 3.59915e-17 
-2.4637 0.065 0.065 0.2 -0.026 0.0195 0.12 0.587785 0.809017 -4.9538e-17 3.59915e-17 
-2.46478 0.065 0.065 0.2 -0.0325 0.0325 0.12 0.587785 0.809017 -4.9538e-17 3.59915e-17 
-2.46621 0.065 0.065 0.2 -0.0195 0.0195 0.12 0.587785 0.809017 -4.9538e-17 3.59915e-17 
-2.49024 0.065 0.065 0.2 -0.0195 0.0325 0.12 0.587785 0.809017 -4.9538e-17 3.59915e-17 
-2.49383 0.065 0.065 0.2 -0.0195 0.026 0.12 0.587785 0.809017 -4.9538e-17 3.59915e-17 
-2.49877 0.065 0.065 0.2 -0.026 0.026 0.12 0.587785 0.809017 -4.9538e-17 3.59915e-17 
-2.50875 0.065 0.065 0.2 -0.026 0.0325 0.12 0.587785 0.809017 -4.9538e-17 3.59915e-17 
-3.38805 0.065 0.065 0.2 0.026 0.0065 0.12 -0.587785 0.809017 -4.9538e-17 -3.59915e-17 
-3.43047 0.065 0.065 0.2 0.026 -1.73472e-18 0.12 -0.587785 0.809017 -4.9538e-17 -3.59915e-17 
-3.46233 0.065 0.065 0.2 0.026 -0.0065 0.12 -0.587785 0.809017 -4.9538e-17 -3.59915e-17 
-3.49056 0.065 0.065 0.2 0.026 -0.013 0.12 -0.587785 0.809017 -4.9538e-17 -3.59915e-17 
-3.49795 0.065 0.065 0.2 0.0195 0.0065 0.12 -0.587785 0.809017 -4.9538e-17 -3.59915e-17 
-3.52046 0.065 0.065 0.2 0.026 -0.0195 0.12 -0.587785 0.809017 -4.9538e-17 -3.59915e-17 
-3.53654 0.065 0.065 0.2 0.0195 -1.73472e-18 0.12 -0.587785 0.809017 -4.9538e-17 -3.59915e-17 
-3.53733 0.065 0.065 0.2 0.0325 -0.013 0.12 -0.587785 0.809017 -4.9538e-17 -3.59915e-17 
-3.54186 0.065 0.065 0.2 0.0325 -0.0195 0.12 -0.587785 0.809017 -4.9538e-17 -3.59915e-17 
-3.54221 0.065 0.065 0.2 0.0325 -0.0065 0.12 -0.587785 0.809017 -4.9538e-17 -3.59915e-17 
-3.55246 0.065 0.065 0.2 0.0325 -1.73472e-18 0.12 -0.587785 0.809017 -4.9538e-17 -3.59915e-17 
-3.55447 0.065 0.065 0.2 0.0195 -0.0065 0.12 -0.587785 0.809017 -4.9538e-17 -3.59915e-17 
-3.55721 0.065 0.065 0.2 0.026 -0.026 0.12 -0.587785 0.809017 -4.9538e-17 -3.59915e-17 
-3.55871 0.065 0.065 0.2 0.0325 -0.026 0.12 -0.587785 0.809017 -4.9538e-17 -3.59915e-17 
-3.56033 0.065 0.065 0.2 0.0195 -0.013 0.12 -0.587785 0.809017 -4.9538e-17 -3.59915e-17 
-3.56065 0.065 0.065 0.2 0.0325 0.0195 0.12 -0.587785 0.809017 -4.9538e-17 -3.59915e-17 
-3.56164 0.065 0.065 0.2 0.0195 -0.0195 0.12 -0.587785 0.809017 -4.9538e-17 -3.59915e-17 
-3.56317 0.065 0.065 0.2 0.0325 0.0065 0.12 -0.587785 0.809017 -4.9538e-17 -3.59915e-17 
-3.56479 0.065 0.065 0.2 0.0195 -0.026 0.12 -0.587785 0.809017 -4.9538e-17 -3.59915e-17 
-3.56816 0.065 0.065 0.2 0.0325 0.013 0.12 -0.587785 0.809017 -4.9538e-17 -3.59915e-17 
-3.57536 0.065 0.065 0.2 0.0195 -0.0325 0.12 -0.587785 0.809017 -4.9538e-17 -3.59915e-17 
-3.58966 0.065 0.065 0.2 0.0325 -0.0325 0.12 -0.587785 0.809017 -4.9538e-17 -3.59915e-17 
-3.60412 0.065 0.065 0.2 0.026 -0.0325 0.12 -0.587785 0.809017 -4.9538e-17 -3.59915e-17 
