20.6213 0.062 0.062 0.1 0.031 -0.051 0.03 -0.672499 0.218508 0.218508 0.672498 
7.84855 0.062 0.062 0.1 0.031 -0.051 0.05 -0.672499 0.218508 0.218508 0.672498 
4.46186 0.062 0.062 0.1 0.0186 -0.051 0.05 -0.672499 0.218508 0.218508 0.672498 
1.06077 0.062 0.062 0.1 0.0062 -0.051 0.05 -0.672499 0.218508 0.218508 0.672498 
0.253573 0.062 0.062 0.1 -0.0062 0.051 0.05 0.415627 0.572061 -0.572061 0.415629 
0.112441 0.062 0.062 0.1 0.0062 -0.031 0.07 6.12323e-17 1 -6.12323e-17 3.7494e-33 
0.0983956 0.062 0.062 0.1 -0.0186 0.0186 0.07 0.951057 0.309017 1.89218e-17 5.82354e-17 
0.0957253 0.062 0.062 0.1 -0.0062 -0.031 0.07 6.12323e-17 1 -6.12323e-17 3.7494e-33 
0.0863052 0.062 0.062 0.1 0.0062 -0.0186 0.07 6.12323e-17 1 -6.12323e-17 3.7494e-33 
0.0718377 0.062 0.062 0.1 -0.0186 -0.031 0.07 6.12323e-17 1 -6.12323e-17 3.7494e-33 
0.0612325 0.062 0.062 0.1 -0.0186 -0.0062 0.07 0.587785 0.809017 -4.9538e-17 3.59915e-17 
0.0598578 0.062 0.062 0.1 -0.031 0.0062 0.07 0.587785 0.809017 -4.9538e-17 3.59915e-17 
0.0597375 0.062 0.062 0.1 0.0186 -0.031 0.07 6.12323e-17 1 -6.12323e-17 3.7494e-33 
0.056478 0.062 0.062 0.1 0.031 -0.0062 0.07 -0.587785 0.809017 -4.9538e-17 -3.59915e-17 
0.0552386 0.062 0.062 0.1 0.0186 0.0186 0.07 0.951057 -0.309017 -1.89218e-17 5.82354e-17 
0.0546225 0.062 0.062 0.1 0.031 0.0186 0.07 -0.587785 0.809017 -4.9538e-17 -3.59915e-17 
0.050182 0.062 0.062 0.1 -0.0062 -0.0186 0.07 6.12323e-17 1 -6.12323e-17 3.7494e-33 
0.0497465 0.062 0.062 0.1 -0.0186 0.051 0.03 0.415627 0.572061 -0.572061 0.415629 
0.0488397 0.062 0.062 0.1 0.051 -0.0186 0.05 -0.572061 -0.415627 0.572061 0.415629 
0.0477368 0.062 0.062 0.1 -0.0186 -0.0186 0.07 0.587785 0.809017 -4.9538e-17 3.59915e-17 
0.042692 0.062 0.062 0.1 -0.0186 0.0062 0.07 0.587785 0.809017 -4.9538e-17 3.59915e-17 
0.0415107 0.062 0.062 0.1 0.0186 -0.0186 0.07 -0.587785 0.809017 -4.9538e-17 -3.59915e-17 
0.039924 0.062 0.062 0.1 -0.031 0.0062 0.07 0.951057 0.309017 1.89218e-17 5.82354e-17 
0.0386086 0.062 0.062 0.1 -0.0186 0.051 0.05 0.415627 0.572061 -0.572061 0.415629 
0.0360237 0.062 0.062 0.1 -0.031 -0.0062 0.07 0.587785 0.809017 -4.9538e-17 3.59915e-17 
0.0346769 0.062 0.062 0.1 -0.0062 0.031 0.07 0.951057 0.309017 1.89218e-17 5.82354e-17 
0.0305013 0.062 0.062 0.1 0.031 0.0062 0.07 -0.587785 0.809017 -4.9538e-17 -3.59915e-17 
0.029522 0.062 0.062 0.1 -0.051 -0.031 0.05 -0.572061 0.415627 -0.572061 0.415629 
0.0294653 0.062 0.062 0.1 0.031 -0.0186 0.07 -0.587785 0.809017 -4.9538e-17 -3.59915e-17 
0.0288415 0.062 0.062 0.1 -0.0062 0.031 0.07 0.951057 -0.309017 -1.89218e-17 5.82354e-17 
0.0264084 0.062 0.062 0.1 0.0062 0.0186 0.07 0.951057 -0.309017 -1.89218e-17 5.82354e-17 
0.0236055 0.062 0.062 0.1 -0.031 0.0186 0.07 0.587785 0.809017 -4.9538e-17 3.59915e-17 
0.0219583 0.062 0.062 0.1 0.0186 -0.0062 0.07 -0.587785 0.809017 -4.9538e-17 -3.59915e-17 
0.020214 0.062 0.062 0.1 0.0062 0.031 0.07 0.951057 0.309017 1.89218e-17 5.82354e-17 
0.0197857 0.062 0.062 0.1 -0.051 -0.0186 0.05 -0.572061 0.415627 -0.572061 0.415629 
0.0123866 0.062 0.062 0.1 -0.051 -0.0062 0.05 -0.218508 0.672498 -0.218508 0.672499 
0.011464 0.062 0.062 0.1 -0.031 -0.031 0.07 6.12323e-17 1 -6.12323e-17 3.7494e-33 
0.0113197 0.062 0.062 0.1 -0.051 -0.0062 0.05 -0.572061 0.415627 -0.572061 0.415629 
0.0112923 0.062 0.062 0.1 -0.031 0.0186 0.07 0.951057 0.309017 1.89218e-17 5.82354e-17 
0.0107257 0.062 0.062 0.1 -0.0186 0.031 0.07 0.951057 0.309017 1.89218e-17 5.82354e-17 
0.0103545 0.062 0.062 0.1 0.031 0.031 0.07 0.951057 -0.309017 -1.89218e-17 5.82354e-17 
0.00957119 0.062 0.062 0.1 -0.031 -0.051 0.05 -0.415627 -0.572061 -0.572061 0.415629 
0.0070453 0.062 0.062 0.1 0.0062 0.031 0.07 0.951057 -0.309017 -1.89218e-17 5.82354e-17 
0.00682673 0.062 0.062 0.1 -0.031 0.031 0.07 0.951057 0.309017 1.89218e-17 5.82354e-17 
0.00567827 0.062 0.062 0.1 0.031 -0.031 0.07 -0.587785 0.809017 -4.9538e-17 -3.59915e-17 
0.00533742 0.062 0.062 0.1 -0.0186 -0.031 0.07 0.587785 0.809017 -4.9538e-17 3.59915e-17 
0.00523338 0.062 0.062 0.1 -0.0186 -0.0186 0.07 6.12323e-17 1 -6.12323e-17 3.7494e-33 
0.00484318 0.062 0.062 0.1 -0.051 0.0062 0.05 -0.572061 0.415627 -0.572061 0.415629 
0.00396321 0.062 0.062 0.1 -0.031 -0.031 0.07 0.587785 0.809017 -4.9538e-17 3.59915e-17 
0.00393419 0.062 0.062 0.1 0.051 -0.0062 0.05 -0.572061 -0.415627 0.572061 0.415629 
0.00386429 0.062 0.062 0.1 -0.031 0.051 0.05 0.415627 0.572061 -0.572061 0.415629 
0.00251722 0.062 0.062 0.1 0.0186 -0.0186 0.07 6.12323e-17 1 -6.12323e-17 3.7494e-33 
0.00194191 0.062 0.062 0.1 0.0186 0.051 0.05 0.415627 -0.572061 0.572061 0.415629 
0.00149412 0.062 0.062 0.1 -0.0186 -0.051 0.05 -0.415627 -0.572061 -0.572061 0.415629 
0.00110917 0.062 0.062 0.1 -0.051 -0.031 0.05 -0.218508 0.672498 -0.218508 0.672499 
0.000936531 0.062 0.062 0.1 0.031 0.0186 0.07 0.951057 -0.309017 -1.89218e-17 5.82354e-17 
0.000908963 0.062 0.062 0.1 -0.051 0.0186 0.05 -0.572061 0.415627 -0.572061 0.415629 
0.000899454 0.062 0.062 0.1 -0.051 -0.031 0.03 -0.218508 0.672498 -0.218508 0.672499 
0.000693088 0.062 0.062 0.1 -0.051 -0.031 0.01 -0.218508 0.672498 -0.218508 0.672499 
0.00022354 0.062 0.062 0.1 0.051 0.031 0.05 -0.572061 -0.415627 0.572061 0.415629 
1.23152e-05 0.062 0.062 0.1 -0.051 0.031 0.03 0.707107 -4.32978e-17 0.707107 -4.32978e-17 
9.90842e-06 0.062 0.062 0.1 -0.051 0.031 0.05 0.707107 -4.32978e-17 0.707107 -4.32978e-17 
5.73305e-06 0.062 0.062 0.1 -0.051 0.0186 0.05 0.707107 -4.32978e-17 0.707107 -4.32978e-17 
1.37294e-06 0.062 0.062 0.1 -0.051 0.0186 0.03 0.707107 -4.32978e-17 0.707107 -4.32978e-17 
2.41337e-07 0.062 0.062 0.1 0.051 0.031 0.05 0.707107 -4.32978e-17 -0.707107 4.32978e-17 
-4.30096e-05 0.062 0.062 0.1 -0.051 0.031 0.05 -0.572061 0.415627 -0.572061 0.415629 
-9.8714e-05 0.062 0.062 0.1 0.0186 0.031 0.07 0.951057 -0.309017 -1.89218e-17 5.82354e-17 
-0.000141128 0.062 0.062 0.1 0.051 0.0186 0.05 -0.572061 -0.415627 0.572061 0.415629 
-0.000344266 0.062 0.062 0.1 -0.031 -0.0186 0.07 0.587785 0.809017 -4.9538e-17 3.59915e-17 
-0.000914005 0.062 0.062 0.1 -0.031 -0.0186 0.07 6.12323e-17 1 -6.12323e-17 3.7494e-33 
-0.00103571 0.062 0.062 0.1 -0.0186 0.0186 0.07 0.587785 0.809017 -4.9538e-17 3.59915e-17 
-0.00124376 0.062 0.062 0.1 -0.0186 0.031 0.07 0.587785 0.809017 -4.9538e-17 3.59915e-17 
-0.00143832 0.062 0.062 0.1 0.051 0.0062 0.05 -0.572061 -0.415627 0.572061 0.415629 
-0.00230623 0.062 0.062 0.1 0.031 -0.031 0.07 6.12323e-17 1 -6.12323e-17 3.7494e-33 
-0.00252694 0.062 0.062 0.1 0.031 0.051 0.05 0.415627 -0.572061 0.572061 0.415629 
-0.00635719 0.062 0.062 0.1 -0.031 0.051 0.03 0.415627 0.572061 -0.572061 0.415629 
-0.00658963 0.062 0.062 0.1 -0.0062 -0.031 0.07 0.587785 0.809017 -4.9538e-17 3.59915e-17 
-0.0105402 0.062 0.062 0.1 -0.031 0.031 0.07 0.587785 0.809017 -4.9538e-17 3.59915e-17 
-0.0111802 0.062 0.062 0.1 -0.051 -0.0186 0.05 -0.218508 0.672498 -0.218508 0.672499 
-0.0128146 0.062 0.062 0.1 0.0186 -0.031 0.07 -0.587785 0.809017 -4.9538e-17 -3.59915e-17 
-0.0229408 0.062 0.062 0.1 0.0186 0.0062 0.07 -0.587785 0.809017 -4.9538e-17 -3.59915e-17 
-0.11833 0.062 0.062 0.1 0.0186 0.031 0.07 0.951057 0.309017 1.89218e-17 5.82354e-17 
-0.324407 0.062 0.062 0.1 0.031 0.031 0.07 0.951057 0.309017 1.89218e-17 5.82354e-17 
-0.67956 0.062 0.062 0.1 0.031 0.051 0.05 -4.32978e-17 0.707107 -0.707107 4.32978e-17 
-0.718552 0.062 0.062 0.1 0.0186 0.051 0.05 -4.32978e-17 0.707107 -0.707107 4.32978e-17 
-0.750492 0.062 0.062 0.1 0.0062 0.051 0.05 -4.32978e-17 0.707107 -0.707107 4.32978e-17 
-0.77427 0.062 0.062 0.1 -0.0062 0.051 0.05 -4.32978e-17 0.707107 -0.707107 4.32978e-17 
-0.789036 0.062 0.062 0.1 -0.0186 0.051 0.05 -4.32978e-17 0.707107 -0.707107 4.32978e-17 
-0.794255 0.062 0.062 0.1 -0.031 0.051 0.05 -4.32978e-17 0.707107 -0.707107 4.32978e-17 
-2.23159 0.062 0.062 0.1 -0.0062 -0.051 0.05 -0.672499 0.218508 0.218508 0.672498 
