0.055 0.1 0.1 0.0475 -0.05 -0.05 -0.707107 4.32978e-17 0.707107 -4.32978e-17
0.055 0.1 0.1 0.0475 -0.05 -0.05 -0.572061 0.415627 0.572061 -0.415627
0.055 0.1 0.1 0.0475 -0.05 -0.05 0.218508 -0.672498 -0.218508 0.672499
0.055 0.1 0.1 0.0475 -0.05 -0.05 -0.218508 -0.672498 0.218508 0.672499
0.055 0.1 0.1 0.0475 -0.05 -0.05 -0.572061 -0.415627 0.572061 0.415627
0.055 0.1 0.1 -0.0475 -0.05 -0.05 0.707107 -4.32978e-17 0.707107 -4.32978e-17
0.055 0.1 0.1 -0.0475 -0.05 -0.05 0.572061 -0.415627 0.572061 -0.415627
0.055 0.1 0.1 -0.0475 -0.05 -0.05 -0.218508 0.672498 -0.218508 0.672499
0.055 0.1 0.1 -0.0475 -0.05 -0.05 0.218508 0.672498 0.218508 0.672499
0.055 0.1 0.1 -0.0475 -0.05 -0.05 0.572061 0.415627 0.572061 0.415627
0.055 0.1 0.1 0.0475 -0.05 -0.03 -0.707107 4.32978e-17 0.707107 -4.32978e-17
0.055 0.1 0.1 0.0475 -0.05 -0.03 -0.572061 0.415627 0.572061 -0.415627
0.055 0.1 0.1 0.0475 -0.05 -0.03 0.218508 -0.672498 -0.218508 0.672499
0.055 0.1 0.1 0.0475 -0.05 -0.03 -0.218508 -0.672498 0.218508 0.672499
0.055 0.1 0.1 0.0475 -0.05 -0.03 -0.572061 -0.415627 0.572061 0.415627
0.055 0.1 0.1 -0.0475 -0.05 -0.03 0.707107 -4.32978e-17 0.707107 -4.32978e-17
0.055 0.1 0.1 -0.0475 -0.05 -0.03 0.572061 -0.415627 0.572061 -0.415627
0.055 0.1 0.1 -0.0475 -0.05 -0.03 -0.218508 0.672498 -0.218508 0.672499
0.055 0.1 0.1 -0.0475 -0.05 -0.03 0.218508 0.672498 0.218508 0.672499
0.055 0.1 0.1 -0.0475 -0.05 -0.03 0.572061 0.415627 0.572061 0.415627
0.055 0.1 0.1 0.0475 -0.05 -0.01 -0.707107 4.32978e-17 0.707107 -4.32978e-17
0.055 0.1 0.1 0.0475 -0.05 -0.01 -0.572061 0.415627 0.572061 -0.415627
0.055 0.1 0.1 0.0475 -0.05 -0.01 0.218508 -0.672498 -0.218508 0.672499
0.055 0.1 0.1 0.0475 -0.05 -0.01 -0.218508 -0.672498 0.218508 0.672499
0.055 0.1 0.1 0.0475 -0.05 -0.01 -0.572061 -0.415627 0.572061 0.415627
0.055 0.1 0.1 -0.0475 -0.05 -0.01 0.707107 -4.32978e-17 0.707107 -4.32978e-17
0.055 0.1 0.1 -0.0475 -0.05 -0.01 0.572061 -0.415627 0.572061 -0.415627
0.055 0.1 0.1 -0.0475 -0.05 -0.01 -0.218508 0.672498 -0.218508 0.672499
0.055 0.1 0.1 -0.0475 -0.05 -0.01 0.218508 0.672498 0.218508 0.672499
0.055 0.1 0.1 -0.0475 -0.05 -0.01 0.572061 0.415627 0.572061 0.415627
0.055 0.1 0.1 0.0475 -0.05 0.01 -0.707107 4.32978e-17 0.707107 -4.32978e-17
0.055 0.1 0.1 0.0475 -0.05 0.01 -0.572061 0.415627 0.572061 -0.415627
0.055 0.1 0.1 0.0475 -0.05 0.01 0.218508 -0.672498 -0.218508 0.672499
0.055 0.1 0.1 0.0475 -0.05 0.01 -0.218508 -0.672498 0.218508 0.672499
0.055 0.1 0.1 0.0475 -0.05 0.01 -0.572061 -0.415627 0.572061 0.415627
0.055 0.1 0.1 -0.0475 -0.05 0.01 0.707107 -4.32978e-17 0.707107 -4.32978e-17
0.055 0.1 0.1 -0.0475 -0.05 0.01 0.572061 -0.415627 0.572061 -0.415627
0.055 0.1 0.1 -0.0475 -0.05 0.01 -0.218508 0.672498 -0.218508 0.672499
0.055 0.1 0.1 -0.0475 -0.05 0.01 0.218508 0.672498 0.218508 0.672499
0.055 0.1 0.1 -0.0475 -0.05 0.01 0.572061 0.415627 0.572061 0.415627
0.055 0.1 0.1 0.0475 -0.05 0.03 -0.707107 4.32978e-17 0.707107 -4.32978e-17
0.055 0.1 0.1 0.0475 -0.05 0.03 -0.572061 0.415627 0.572061 -0.415627
0.055 0.1 0.1 0.0475 -0.05 0.03 0.218508 -0.672498 -0.218508 0.672499
0.055 0.1 0.1 0.0475 -0.05 0.03 -0.218508 -0.672498 0.218508 0.672499
0.055 0.1 0.1 0.0475 -0.05 0.03 -0.572061 -0.415627 0.572061 0.415627
0.055 0.1 0.1 -0.0475 -0.05 0.03 0.707107 -4.32978e-17 0.707107 -4.32978e-17
0.055 0.1 0.1 -0.0475 -0.05 0.03 0.572061 -0.415627 0.572061 -0.415627
0.055 0.1 0.1 -0.0475 -0.05 0.03 -0.218508 0.672498 -0.218508 0.672499
0.055 0.1 0.1 -0.0475 -0.05 0.03 0.218508 0.672498 0.218508 0.672499
0.055 0.1 0.1 -0.0475 -0.05 0.03 0.572061 0.415627 0.572061 0.415627
0.055 0.1 0.1 0.0475 -0.05 0.05 -0.707107 4.32978e-17 0.707107 -4.32978e-17
0.055 0.1 0.1 0.0475 -0.05 0.05 -0.572061 0.415627 0.572061 -0.415627
0.055 0.1 0.1 0.0475 -0.05 0.05 0.218508 -0.672498 -0.218508 0.672499
0.055 0.1 0.1 0.0475 -0.05 0.05 -0.218508 -0.672498 0.218508 0.672499
0.055 0.1 0.1 0.0475 -0.05 0.05 -0.572061 -0.415627 0.572061 0.415627
0.055 0.1 0.1 -0.0475 -0.05 0.05 0.707107 -4.32978e-17 0.707107 -4.32978e-17
0.055 0.1 0.1 -0.0475 -0.05 0.05 0.572061 -0.415627 0.572061 -0.415627
0.055 0.1 0.1 -0.0475 -0.05 0.05 -0.218508 0.672498 -0.218508 0.672499
0.055 0.1 0.1 -0.0475 -0.05 0.05 0.218508 0.672498 0.218508 0.672499
0.055 0.1 0.1 -0.0475 -0.05 0.05 0.572061 0.415627 0.572061 0.415627
0.055 0.1 0.1 0.0475 -0.03 -0.05 -0.707107 4.32978e-17 0.707107 -4.32978e-17
0.055 0.1 0.1 0.0475 -0.03 -0.05 -0.572061 0.415627 0.572061 -0.415627
0.055 0.1 0.1 0.0475 -0.03 -0.05 0.218508 -0.672498 -0.218508 0.672499
0.055 0.1 0.1 0.0475 -0.03 -0.05 -0.218508 -0.672498 0.218508 0.672499
0.055 0.1 0.1 0.0475 -0.03 -0.05 -0.572061 -0.415627 0.572061 0.415627
0.055 0.1 0.1 -0.0475 -0.03 -0.05 0.707107 -4.32978e-17 0.707107 -4.32978e-17
0.055 0.1 0.1 -0.0475 -0.03 -0.05 0.572061 -0.415627 0.572061 -0.415627
0.055 0.1 0.1 -0.0475 -0.03 -0.05 -0.218508 0.672498 -0.218508 0.672499
0.055 0.1 0.1 -0.0475 -0.03 -0.05 0.218508 0.672498 0.218508 0.672499
0.055 0.1 0.1 -0.0475 -0.03 -0.05 0.572061 0.415627 0.572061 0.415627
0.055 0.1 0.1 0.0475 -0.03 -0.03 -0.707107 4.32978e-17 0.707107 -4.32978e-17
0.055 0.1 0.1 0.0475 -0.03 -0.03 -0.572061 0.415627 0.572061 -0.415627
0.055 0.1 0.1 0.0475 -0.03 -0.03 0.218508 -0.672498 -0.218508 0.672499
0.055 0.1 0.1 0.0475 -0.03 -0.03 -0.218508 -0.672498 0.218508 0.672499
0.055 0.1 0.1 0.0475 -0.03 -0.03 -0.572061 -0.415627 0.572061 0.415627
0.055 0.1 0.1 -0.0475 -0.03 -0.03 0.707107 -4.32978e-17 0.707107 -4.32978e-17
0.055 0.1 0.1 -0.0475 -0.03 -0.03 0.572061 -0.415627 0.572061 -0.415627
0.055 0.1 0.1 -0.0475 -0.03 -0.03 -0.218508 0.672498 -0.218508 0.672499
0.055 0.1 0.1 -0.0475 -0.03 -0.03 0.218508 0.672498 0.218508 0.672499
0.055 0.1 0.1 -0.0475 -0.03 -0.03 0.572061 0.415627 0.572061 0.415627
0.055 0.1 0.1 0.0475 -0.03 -0.01 -0.707107 4.32978e-17 0.707107 -4.32978e-17
0.055 0.1 0.1 0.0475 -0.03 -0.01 -0.572061 0.415627 0.572061 -0.415627
0.055 0.1 0.1 0.0475 -0.03 -0.01 0.218508 -0.672498 -0.218508 0.672499
0.055 0.1 0.1 0.0475 -0.03 -0.01 -0.218508 -0.672498 0.218508 0.672499
0.055 0.1 0.1 0.0475 -0.03 -0.01 -0.572061 -0.415627 0.572061 0.415627
0.055 0.1 0.1 -0.0475 -0.03 -0.01 0.707107 -4.32978e-17 0.707107 -4.32978e-17
0.055 0.1 0.1 -0.0475 -0.03 -0.01 0.572061 -0.415627 0.572061 -0.415627
0.055 0.1 0.1 -0.0475 -0.03 -0.01 -0.218508 0.672498 -0.218508 0.672499
0.055 0.1 0.1 -0.0475 -0.03 -0.01 0.218508 0.672498 0.218508 0.672499
0.055 0.1 0.1 -0.0475 -0.03 -0.01 0.572061 0.415627 0.572061 0.415627
0.055 0.1 0.1 0.0475 -0.03 0.01 -0.707107 4.32978e-17 0.707107 -4.32978e-17
0.055 0.1 0.1 0.0475 -0.03 0.01 -0.572061 0.415627 0.572061 -0.415627
0.055 0.1 0.1 0.0475 -0.03 0.01 0.218508 -0.672498 -0.218508 0.672499
0.055 0.1 0.1 0.0475 -0.03 0.01 -0.218508 -0.672498 0.218508 0.672499
0.055 0.1 0.1 0.0475 -0.03 0.01 -0.572061 -0.415627 0.572061 0.415627
0.055 0.1 0.1 -0.0475 -0.03 0.01 0.707107 -4.32978e-17 0.707107 -4.32978e-17
0.055 0.1 0.1 -0.0475 -0.03 0.01 0.572061 -0.415627 0.572061 -0.415627
0.055 0.1 0.1 -0.0475 -0.03 0.01 -0.218508 0.672498 -0.218508 0.672499
0.055 0.1 0.1 -0.0475 -0.03 0.01 0.218508 0.672498 0.218508 0.672499
0.055 0.1 0.1 -0.0475 -0.03 0.01 0.572061 0.415627 0.572061 0.415627
0.055 0.1 0.1 0.0475 -0.03 0.03 -0.707107 4.32978e-17 0.707107 -4.32978e-17
0.055 0.1 0.1 0.0475 -0.03 0.03 -0.572061 0.415627 0.572061 -0.415627
0.055 0.1 0.1 0.0475 -0.03 0.03 0.218508 -0.672498 -0.218508 0.672499
0.055 0.1 0.1 0.0475 -0.03 0.03 -0.218508 -0.672498 0.218508 0.672499
0.055 0.1 0.1 0.0475 -0.03 0.03 -0.572061 -0.415627 0.572061 0.415627
0.055 0.1 0.1 -0.0475 -0.03 0.03 0.707107 -4.32978e-17 0.707107 -4.32978e-17
0.055 0.1 0.1 -0.0475 -0.03 0.03 0.572061 -0.415627 0.572061 -0.415627
0.055 0.1 0.1 -0.0475 -0.03 0.03 -0.218508 0.672498 -0.218508 0.672499
0.055 0.1 0.1 -0.0475 -0.03 0.03 0.218508 0.672498 0.218508 0.672499
0.055 0.1 0.1 -0.0475 -0.03 0.03 0.572061 0.415627 0.572061 0.415627
0.055 0.1 0.1 0.0475 -0.03 0.05 -0.707107 4.32978e-17 0.707107 -4.32978e-17
0.055 0.1 0.1 0.0475 -0.03 0.05 -0.572061 0.415627 0.572061 -0.415627
0.055 0.1 0.1 0.0475 -0.03 0.05 0.218508 -0.672498 -0.218508 0.672499
0.055 0.1 0.1 0.0475 -0.03 0.05 -0.218508 -0.672498 0.218508 0.672499
0.055 0.1 0.1 0.0475 -0.03 0.05 -0.572061 -0.415627 0.572061 0.415627
0.055 0.1 0.1 -0.0475 -0.03 0.05 0.707107 -4.32978e-17 0.707107 -4.32978e-17
0.055 0.1 0.1 -0.0475 -0.03 0.05 0.572061 -0.415627 0.572061 -0.415627
0.055 0.1 0.1 -0.0475 -0.03 0.05 -0.218508 0.672498 -0.218508 0.672499
0.055 0.1 0.1 -0.0475 -0.03 0.05 0.218508 0.672498 0.218508 0.672499
0.055 0.1 0.1 -0.0475 -0.03 0.05 0.572061 0.415627 0.572061 0.415627
0.055 0.1 0.1 0.0475 -0.01 -0.05 -0.707107 4.32978e-17 0.707107 -4.32978e-17
0.055 0.1 0.1 0.0475 -0.01 -0.05 -0.572061 0.415627 0.572061 -0.415627
0.055 0.1 0.1 0.0475 -0.01 -0.05 0.218508 -0.672498 -0.218508 0.672499
0.055 0.1 0.1 0.0475 -0.01 -0.05 -0.218508 -0.672498 0.218508 0.672499
0.055 0.1 0.1 0.0475 -0.01 -0.05 -0.572061 -0.415627 0.572061 0.415627
0.055 0.1 0.1 -0.0475 -0.01 -0.05 0.707107 -4.32978e-17 0.707107 -4.32978e-17
0.055 0.1 0.1 -0.0475 -0.01 -0.05 0.572061 -0.415627 0.572061 -0.415627
0.055 0.1 0.1 -0.0475 -0.01 -0.05 -0.218508 0.672498 -0.218508 0.672499
0.055 0.1 0.1 -0.0475 -0.01 -0.05 0.218508 0.672498 0.218508 0.672499
0.055 0.1 0.1 -0.0475 -0.01 -0.05 0.572061 0.415627 0.572061 0.415627
0.055 0.1 0.1 0.0475 -0.01 -0.03 -0.707107 4.32978e-17 0.707107 -4.32978e-17
0.055 0.1 0.1 0.0475 -0.01 -0.03 -0.572061 0.415627 0.572061 -0.415627
0.055 0.1 0.1 0.0475 -0.01 -0.03 0.218508 -0.672498 -0.218508 0.672499
0.055 0.1 0.1 0.0475 -0.01 -0.03 -0.218508 -0.672498 0.218508 0.672499
0.055 0.1 0.1 0.0475 -0.01 -0.03 -0.572061 -0.415627 0.572061 0.415627
0.055 0.1 0.1 -0.0475 -0.01 -0.03 0.707107 -4.32978e-17 0.707107 -4.32978e-17
0.055 0.1 0.1 -0.0475 -0.01 -0.03 0.572061 -0.415627 0.572061 -0.415627
0.055 0.1 0.1 -0.0475 -0.01 -0.03 -0.218508 0.672498 -0.218508 0.672499
0.055 0.1 0.1 -0.0475 -0.01 -0.03 0.218508 0.672498 0.218508 0.672499
0.055 0.1 0.1 -0.0475 -0.01 -0.03 0.572061 0.415627 0.572061 0.415627
0.055 0.1 0.1 0.0475 -0.01 -0.01 -0.707107 4.32978e-17 0.707107 -4.32978e-17
0.055 0.1 0.1 0.0475 -0.01 -0.01 -0.572061 0.415627 0.572061 -0.415627
0.055 0.1 0.1 0.0475 -0.01 -0.01 0.218508 -0.672498 -0.218508 0.672499
0.055 0.1 0.1 0.0475 -0.01 -0.01 -0.218508 -0.672498 0.218508 0.672499
0.055 0.1 0.1 0.0475 -0.01 -0.01 -0.572061 -0.415627 0.572061 0.415627
0.055 0.1 0.1 -0.0475 -0.01 -0.01 0.707107 -4.32978e-17 0.707107 -4.32978e-17
0.055 0.1 0.1 -0.0475 -0.01 -0.01 0.572061 -0.415627 0.572061 -0.415627
0.055 0.1 0.1 -0.0475 -0.01 -0.01 -0.218508 0.672498 -0.218508 0.672499
0.055 0.1 0.1 -0.0475 -0.01 -0.01 0.218508 0.672498 0.218508 0.672499
0.055 0.1 0.1 -0.0475 -0.01 -0.01 0.572061 0.415627 0.572061 0.415627
0.055 0.1 0.1 0.0475 -0.01 0.01 -0.707107 4.32978e-17 0.707107 -4.32978e-17
0.055 0.1 0.1 0.0475 -0.01 0.01 -0.572061 0.415627 0.572061 -0.415627
0.055 0.1 0.1 0.0475 -0.01 0.01 0.218508 -0.672498 -0.218508 0.672499
0.055 0.1 0.1 0.0475 -0.01 0.01 -0.218508 -0.672498 0.218508 0.672499
0.055 0.1 0.1 0.0475 -0.01 0.01 -0.572061 -0.415627 0.572061 0.415627
0.055 0.1 0.1 -0.0475 -0.01 0.01 0.707107 -4.32978e-17 0.707107 -4.32978e-17
0.055 0.1 0.1 -0.0475 -0.01 0.01 0.572061 -0.415627 0.572061 -0.415627
0.055 0.1 0.1 -0.0475 -0.01 0.01 -0.218508 0.672498 -0.218508 0.672499
0.055 0.1 0.1 -0.0475 -0.01 0.01 0.218508 0.672498 0.218508 0.672499
0.055 0.1 0.1 -0.0475 -0.01 0.01 0.572061 0.415627 0.572061 0.415627
0.055 0.1 0.1 0.0475 -0.01 0.03 -0.707107 4.32978e-17 0.707107 -4.32978e-17
0.055 0.1 0.1 0.0475 -0.01 0.03 -0.572061 0.415627 0.572061 -0.415627
0.055 0.1 0.1 0.0475 -0.01 0.03 0.218508 -0.672498 -0.218508 0.672499
0.055 0.1 0.1 0.0475 -0.01 0.03 -0.218508 -0.672498 0.218508 0.672499
0.055 0.1 0.1 0.0475 -0.01 0.03 -0.572061 -0.415627 0.572061 0.415627
0.055 0.1 0.1 -0.0475 -0.01 0.03 0.707107 -4.32978e-17 0.707107 -4.32978e-17
0.055 0.1 0.1 -0.0475 -0.01 0.03 0.572061 -0.415627 0.572061 -0.415627
0.055 0.1 0.1 -0.0475 -0.01 0.03 -0.218508 0.672498 -0.218508 0.672499
0.055 0.1 0.1 -0.0475 -0.01 0.03 0.218508 0.672498 0.218508 0.672499
0.055 0.1 0.1 -0.0475 -0.01 0.03 0.572061 0.415627 0.572061 0.415627
0.055 0.1 0.1 0.0475 -0.01 0.05 -0.707107 4.32978e-17 0.707107 -4.32978e-17
0.055 0.1 0.1 0.0475 -0.01 0.05 -0.572061 0.415627 0.572061 -0.415627
0.055 0.1 0.1 0.0475 -0.01 0.05 0.218508 -0.672498 -0.218508 0.672499
0.055 0.1 0.1 0.0475 -0.01 0.05 -0.218508 -0.672498 0.218508 0.672499
0.055 0.1 0.1 0.0475 -0.01 0.05 -0.572061 -0.415627 0.572061 0.415627
0.055 0.1 0.1 -0.0475 -0.01 0.05 0.707107 -4.32978e-17 0.707107 -4.32978e-17
0.055 0.1 0.1 -0.0475 -0.01 0.05 0.572061 -0.415627 0.572061 -0.415627
0.055 0.1 0.1 -0.0475 -0.01 0.05 -0.218508 0.672498 -0.218508 0.672499
0.055 0.1 0.1 -0.0475 -0.01 0.05 0.218508 0.672498 0.218508 0.672499
0.055 0.1 0.1 -0.0475 -0.01 0.05 0.572061 0.415627 0.572061 0.415627
0.055 0.1 0.1 0.0475 0.01 -0.05 -0.707107 4.32978e-17 0.707107 -4.32978e-17
0.055 0.1 0.1 0.0475 0.01 -0.05 -0.572061 0.415627 0.572061 -0.415627
0.055 0.1 0.1 0.0475 0.01 -0.05 0.218508 -0.672498 -0.218508 0.672499
0.055 0.1 0.1 0.0475 0.01 -0.05 -0.218508 -0.672498 0.218508 0.672499
0.055 0.1 0.1 0.0475 0.01 -0.05 -0.572061 -0.415627 0.572061 0.415627
0.055 0.1 0.1 -0.0475 0.01 -0.05 0.707107 -4.32978e-17 0.707107 -4.32978e-17
0.055 0.1 0.1 -0.0475 0.01 -0.05 0.572061 -0.415627 0.572061 -0.415627
0.055 0.1 0.1 -0.0475 0.01 -0.05 -0.218508 0.672498 -0.218508 0.672499
0.055 0.1 0.1 -0.0475 0.01 -0.05 0.218508 0.672498 0.218508 0.672499
0.055 0.1 0.1 -0.0475 0.01 -0.05 0.572061 0.415627 0.572061 0.415627
0.055 0.1 0.1 0.0475 0.01 -0.03 -0.707107 4.32978e-17 0.707107 -4.32978e-17
0.055 0.1 0.1 0.0475 0.01 -0.03 -0.572061 0.415627 0.572061 -0.415627
0.055 0.1 0.1 0.0475 0.01 -0.03 0.218508 -0.672498 -0.218508 0.672499
0.055 0.1 0.1 0.0475 0.01 -0.03 -0.218508 -0.672498 0.218508 0.672499
0.055 0.1 0.1 0.0475 0.01 -0.03 -0.572061 -0.415627 0.572061 0.415627
0.055 0.1 0.1 -0.0475 0.01 -0.03 0.707107 -4.32978e-17 0.707107 -4.32978e-17
0.055 0.1 0.1 -0.0475 0.01 -0.03 0.572061 -0.415627 0.572061 -0.415627
0.055 0.1 0.1 -0.0475 0.01 -0.03 -0.218508 0.672498 -0.218508 0.672499
0.055 0.1 0.1 -0.0475 0.01 -0.03 0.218508 0.672498 0.218508 0.672499
0.055 0.1 0.1 -0.0475 0.01 -0.03 0.572061 0.415627 0.572061 0.415627
0.055 0.1 0.1 0.0475 0.01 -0.01 -0.707107 4.32978e-17 0.707107 -4.32978e-17
0.055 0.1 0.1 0.0475 0.01 -0.01 -0.572061 0.415627 0.572061 -0.415627
0.055 0.1 0.1 0.0475 0.01 -0.01 0.218508 -0.672498 -0.218508 0.672499
0.055 0.1 0.1 0.0475 0.01 -0.01 -0.218508 -0.672498 0.218508 0.672499
0.055 0.1 0.1 0.0475 0.01 -0.01 -0.572061 -0.415627 0.572061 0.415627
0.055 0.1 0.1 -0.0475 0.01 -0.01 0.707107 -4.32978e-17 0.707107 -4.32978e-17
0.055 0.1 0.1 -0.0475 0.01 -0.01 0.572061 -0.415627 0.572061 -0.415627
0.055 0.1 0.1 -0.0475 0.01 -0.01 -0.218508 0.672498 -0.218508 0.672499
0.055 0.1 0.1 -0.0475 0.01 -0.01 0.218508 0.672498 0.218508 0.672499
0.055 0.1 0.1 -0.0475 0.01 -0.01 0.572061 0.415627 0.572061 0.415627
0.055 0.1 0.1 0.0475 0.01 0.01 -0.707107 4.32978e-17 0.707107 -4.32978e-17
0.055 0.1 0.1 0.0475 0.01 0.01 -0.572061 0.415627 0.572061 -0.415627
0.055 0.1 0.1 0.0475 0.01 0.01 0.218508 -0.672498 -0.218508 0.672499
0.055 0.1 0.1 0.0475 0.01 0.01 -0.218508 -0.672498 0.218508 0.672499
0.055 0.1 0.1 0.0475 0.01 0.01 -0.572061 -0.415627 0.572061 0.415627
0.055 0.1 0.1 -0.0475 0.01 0.01 0.707107 -4.32978e-17 0.707107 -4.32978e-17
0.055 0.1 0.1 -0.0475 0.01 0.01 0.572061 -0.415627 0.572061 -0.415627
0.055 0.1 0.1 -0.0475 0.01 0.01 -0.218508 0.672498 -0.218508 0.672499
0.055 0.1 0.1 -0.0475 0.01 0.01 0.218508 0.672498 0.218508 0.672499
0.055 0.1 0.1 -0.0475 0.01 0.01 0.572061 0.415627 0.572061 0.415627
0.055 0.1 0.1 0.0475 0.01 0.03 -0.707107 4.32978e-17 0.707107 -4.32978e-17
0.055 0.1 0.1 0.0475 0.01 0.03 -0.572061 0.415627 0.572061 -0.415627
0.055 0.1 0.1 0.0475 0.01 0.03 0.218508 -0.672498 -0.218508 0.672499
0.055 0.1 0.1 0.0475 0.01 0.03 -0.218508 -0.672498 0.218508 0.672499
0.055 0.1 0.1 0.0475 0.01 0.03 -0.572061 -0.415627 0.572061 0.415627
0.055 0.1 0.1 -0.0475 0.01 0.03 0.707107 -4.32978e-17 0.707107 -4.32978e-17
0.055 0.1 0.1 -0.0475 0.01 0.03 0.572061 -0.415627 0.572061 -0.415627
0.055 0.1 0.1 -0.0475 0.01 0.03 -0.218508 0.672498 -0.218508 0.672499
0.055 0.1 0.1 -0.0475 0.01 0.03 0.218508 0.672498 0.218508 0.672499
0.055 0.1 0.1 -0.0475 0.01 0.03 0.572061 0.415627 0.572061 0.415627
0.055 0.1 0.1 0.0475 0.01 0.05 -0.707107 4.32978e-17 0.707107 -4.32978e-17
0.055 0.1 0.1 0.0475 0.01 0.05 -0.572061 0.415627 0.572061 -0.415627
0.055 0.1 0.1 0.0475 0.01 0.05 0.218508 -0.672498 -0.218508 0.672499
0.055 0.1 0.1 0.0475 0.01 0.05 -0.218508 -0.672498 0.218508 0.672499
0.055 0.1 0.1 0.0475 0.01 0.05 -0.572061 -0.415627 0.572061 0.415627
0.055 0.1 0.1 -0.0475 0.01 0.05 0.707107 -4.32978e-17 0.707107 -4.32978e-17
0.055 0.1 0.1 -0.0475 0.01 0.05 0.572061 -0.415627 0.572061 -0.415627
0.055 0.1 0.1 -0.0475 0.01 0.05 -0.218508 0.672498 -0.218508 0.672499
0.055 0.1 0.1 -0.0475 0.01 0.05 0.218508 0.672498 0.218508 0.672499
0.055 0.1 0.1 -0.0475 0.01 0.05 0.572061 0.415627 0.572061 0.415627
0.055 0.1 0.1 0.0475 0.03 -0.05 -0.707107 4.32978e-17 0.707107 -4.32978e-17
0.055 0.1 0.1 0.0475 0.03 -0.05 -0.572061 0.415627 0.572061 -0.415627
0.055 0.1 0.1 0.0475 0.03 -0.05 0.218508 -0.672498 -0.218508 0.672499
0.055 0.1 0.1 0.0475 0.03 -0.05 -0.218508 -0.672498 0.218508 0.672499
0.055 0.1 0.1 0.0475 0.03 -0.05 -0.572061 -0.415627 0.572061 0.415627
0.055 0.1 0.1 -0.0475 0.03 -0.05 0.707107 -4.32978e-17 0.707107 -4.32978e-17
0.055 0.1 0.1 -0.0475 0.03 -0.05 0.572061 -0.415627 0.572061 -0.415627
0.055 0.1 0.1 -0.0475 0.03 -0.05 -0.218508 0.672498 -0.218508 0.672499
0.055 0.1 0.1 -0.0475 0.03 -0.05 0.218508 0.672498 0.218508 0.672499
0.055 0.1 0.1 -0.0475 0.03 -0.05 0.572061 0.415627 0.572061 0.415627
0.055 0.1 0.1 0.0475 0.03 -0.03 -0.707107 4.32978e-17 0.707107 -4.32978e-17
0.055 0.1 0.1 0.0475 0.03 -0.03 -0.572061 0.415627 0.572061 -0.415627
0.055 0.1 0.1 0.0475 0.03 -0.03 0.218508 -0.672498 -0.218508 0.672499
0.055 0.1 0.1 0.0475 0.03 -0.03 -0.218508 -0.672498 0.218508 0.672499
0.055 0.1 0.1 0.0475 0.03 -0.03 -0.572061 -0.415627 0.572061 0.415627
0.055 0.1 0.1 -0.0475 0.03 -0.03 0.707107 -4.32978e-17 0.707107 -4.32978e-17
0.055 0.1 0.1 -0.0475 0.03 -0.03 0.572061 -0.415627 0.572061 -0.415627
0.055 0.1 0.1 -0.0475 0.03 -0.03 -0.218508 0.672498 -0.218508 0.672499
0.055 0.1 0.1 -0.0475 0.03 -0.03 0.218508 0.672498 0.218508 0.672499
0.055 0.1 0.1 -0.0475 0.03 -0.03 0.572061 0.415627 0.572061 0.415627
0.055 0.1 0.1 0.0475 0.03 -0.01 -0.707107 4.32978e-17 0.707107 -4.32978e-17
0.055 0.1 0.1 0.0475 0.03 -0.01 -0.572061 0.415627 0.572061 -0.415627
0.055 0.1 0.1 0.0475 0.03 -0.01 0.218508 -0.672498 -0.218508 0.672499
0.055 0.1 0.1 0.0475 0.03 -0.01 -0.218508 -0.672498 0.218508 0.672499
0.055 0.1 0.1 0.0475 0.03 -0.01 -0.572061 -0.415627 0.572061 0.415627
0.055 0.1 0.1 -0.0475 0.03 -0.01 0.707107 -4.32978e-17 0.707107 -4.32978e-17
0.055 0.1 0.1 -0.0475 0.03 -0.01 0.572061 -0.415627 0.572061 -0.415627
0.055 0.1 0.1 -0.0475 0.03 -0.01 -0.218508 0.672498 -0.218508 0.672499
0.055 0.1 0.1 -0.0475 0.03 -0.01 0.218508 0.672498 0.218508 0.672499
0.055 0.1 0.1 -0.0475 0.03 -0.01 0.572061 0.415627 0.572061 0.415627
0.055 0.1 0.1 0.0475 0.03 0.01 -0.707107 4.32978e-17 0.707107 -4.32978e-17
0.055 0.1 0.1 0.0475 0.03 0.01 -0.572061 0.415627 0.572061 -0.415627
0.055 0.1 0.1 0.0475 0.03 0.01 0.218508 -0.672498 -0.218508 0.672499
0.055 0.1 0.1 0.0475 0.03 0.01 -0.218508 -0.672498 0.218508 0.672499
0.055 0.1 0.1 0.0475 0.03 0.01 -0.572061 -0.415627 0.572061 0.415627
0.055 0.1 0.1 -0.0475 0.03 0.01 0.707107 -4.32978e-17 0.707107 -4.32978e-17
0.055 0.1 0.1 -0.0475 0.03 0.01 0.572061 -0.415627 0.572061 -0.415627
0.055 0.1 0.1 -0.0475 0.03 0.01 -0.218508 0.672498 -0.218508 0.672499
0.055 0.1 0.1 -0.0475 0.03 0.01 0.218508 0.672498 0.218508 0.672499
0.055 0.1 0.1 -0.0475 0.03 0.01 0.572061 0.415627 0.572061 0.415627
0.055 0.1 0.1 0.0475 0.03 0.03 -0.707107 4.32978e-17 0.707107 -4.32978e-17
0.055 0.1 0.1 0.0475 0.03 0.03 -0.572061 0.415627 0.572061 -0.415627
0.055 0.1 0.1 0.0475 0.03 0.03 0.218508 -0.672498 -0.218508 0.672499
0.055 0.1 0.1 0.0475 0.03 0.03 -0.218508 -0.672498 0.218508 0.672499
0.055 0.1 0.1 0.0475 0.03 0.03 -0.572061 -0.415627 0.572061 0.415627
0.055 0.1 0.1 -0.0475 0.03 0.03 0.707107 -4.32978e-17 0.707107 -4.32978e-17
0.055 0.1 0.1 -0.0475 0.03 0.03 0.572061 -0.415627 0.572061 -0.415627
0.055 0.1 0.1 -0.0475 0.03 0.03 -0.218508 0.672498 -0.218508 0.672499
0.055 0.1 0.1 -0.0475 0.03 0.03 0.218508 0.672498 0.218508 0.672499
0.055 0.1 0.1 -0.0475 0.03 0.03 0.572061 0.415627 0.572061 0.415627
0.055 0.1 0.1 0.0475 0.03 0.05 -0.707107 4.32978e-17 0.707107 -4.32978e-17
0.055 0.1 0.1 0.0475 0.03 0.05 -0.572061 0.415627 0.572061 -0.415627
0.055 0.1 0.1 0.0475 0.03 0.05 0.218508 -0.672498 -0.218508 0.672499
0.055 0.1 0.1 0.0475 0.03 0.05 -0.218508 -0.672498 0.218508 0.672499
0.055 0.1 0.1 0.0475 0.03 0.05 -0.572061 -0.415627 0.572061 0.415627
0.055 0.1 0.1 -0.0475 0.03 0.05 0.707107 -4.32978e-17 0.707107 -4.32978e-17
0.055 0.1 0.1 -0.0475 0.03 0.05 0.572061 -0.415627 0.572061 -0.415627
0.055 0.1 0.1 -0.0475 0.03 0.05 -0.218508 0.672498 -0.218508 0.672499
0.055 0.1 0.1 -0.0475 0.03 0.05 0.218508 0.672498 0.218508 0.672499
0.055 0.1 0.1 -0.0475 0.03 0.05 0.572061 0.415627 0.572061 0.415627
0.055 0.1 0.1 0.0475 0.05 -0.05 -0.707107 4.32978e-17 0.707107 -4.32978e-17
0.055 0.1 0.1 0.0475 0.05 -0.05 -0.572061 0.415627 0.572061 -0.415627
0.055 0.1 0.1 0.0475 0.05 -0.05 0.218508 -0.672498 -0.218508 0.672499
0.055 0.1 0.1 0.0475 0.05 -0.05 -0.218508 -0.672498 0.218508 0.672499
0.055 0.1 0.1 0.0475 0.05 -0.05 -0.572061 -0.415627 0.572061 0.415627
0.055 0.1 0.1 -0.0475 0.05 -0.05 0.707107 -4.32978e-17 0.707107 -4.32978e-17
0.055 0.1 0.1 -0.0475 0.05 -0.05 0.572061 -0.415627 0.572061 -0.415627
0.055 0.1 0.1 -0.0475 0.05 -0.05 -0.218508 0.672498 -0.218508 0.672499
0.055 0.1 0.1 -0.0475 0.05 -0.05 0.218508 0.672498 0.218508 0.672499
0.055 0.1 0.1 -0.0475 0.05 -0.05 0.572061 0.415627 0.572061 0.415627
0.055 0.1 0.1 0.0475 0.05 -0.03 -0.707107 4.32978e-17 0.707107 -4.32978e-17
0.055 0.1 0.1 0.0475 0.05 -0.03 -0.572061 0.415627 0.572061 -0.415627
0.055 0.1 0.1 0.0475 0.05 -0.03 0.218508 -0.672498 -0.218508 0.672499
0.055 0.1 0.1 0.0475 0.05 -0.03 -0.218508 -0.672498 0.218508 0.672499
0.055 0.1 0.1 0.0475 0.05 -0.03 -0.572061 -0.415627 0.572061 0.415627
0.055 0.1 0.1 -0.0475 0.05 -0.03 0.707107 -4.32978e-17 0.707107 -4.32978e-17
0.055 0.1 0.1 -0.0475 0.05 -0.03 0.572061 -0.415627 0.572061 -0.415627
0.055 0.1 0.1 -0.0475 0.05 -0.03 -0.218508 0.672498 -0.218508 0.672499
0.055 0.1 0.1 -0.0475 0.05 -0.03 0.218508 0.672498 0.218508 0.672499
0.055 0.1 0.1 -0.0475 0.05 -0.03 0.572061 0.415627 0.572061 0.415627
0.055 0.1 0.1 0.0475 0.05 -0.01 -0.707107 4.32978e-17 0.707107 -4.32978e-17
0.055 0.1 0.1 0.0475 0.05 -0.01 -0.572061 0.415627 0.572061 -0.415627
0.055 0.1 0.1 0.0475 0.05 -0.01 0.218508 -0.672498 -0.218508 0.672499
0.055 0.1 0.1 0.0475 0.05 -0.01 -0.218508 -0.672498 0.218508 0.672499
0.055 0.1 0.1 0.0475 0.05 -0.01 -0.572061 -0.415627 0.572061 0.415627
0.055 0.1 0.1 -0.0475 0.05 -0.01 0.707107 -4.32978e-17 0.707107 -4.32978e-17
0.055 0.1 0.1 -0.0475 0.05 -0.01 0.572061 -0.415627 0.572061 -0.415627
0.055 0.1 0.1 -0.0475 0.05 -0.01 -0.218508 0.672498 -0.218508 0.672499
0.055 0.1 0.1 -0.0475 0.05 -0.01 0.218508 0.672498 0.218508 0.672499
0.055 0.1 0.1 -0.0475 0.05 -0.01 0.572061 0.415627 0.572061 0.415627
0.055 0.1 0.1 0.0475 0.05 0.01 -0.707107 4.32978e-17 0.707107 -4.32978e-17
0.055 0.1 0.1 0.0475 0.05 0.01 -0.572061 0.415627 0.572061 -0.415627
0.055 0.1 0.1 0.0475 0.05 0.01 0.218508 -0.672498 -0.218508 0.672499
0.055 0.1 0.1 0.0475 0.05 0.01 -0.218508 -0.672498 0.218508 0.672499
0.055 0.1 0.1 0.0475 0.05 0.01 -0.572061 -0.415627 0.572061 0.415627
0.055 0.1 0.1 -0.0475 0.05 0.01 0.707107 -4.32978e-17 0.707107 -4.32978e-17
0.055 0.1 0.1 -0.0475 0.05 0.01 0.572061 -0.415627 0.572061 -0.415627
0.055 0.1 0.1 -0.0475 0.05 0.01 -0.218508 0.672498 -0.218508 0.672499
0.055 0.1 0.1 -0.0475 0.05 0.01 0.218508 0.672498 0.218508 0.672499
0.055 0.1 0.1 -0.0475 0.05 0.01 0.572061 0.415627 0.572061 0.415627
0.055 0.1 0.1 0.0475 0.05 0.03 -0.707107 4.32978e-17 0.707107 -4.32978e-17
0.055 0.1 0.1 0.0475 0.05 0.03 -0.572061 0.415627 0.572061 -0.415627
0.055 0.1 0.1 0.0475 0.05 0.03 0.218508 -0.672498 -0.218508 0.672499
0.055 0.1 0.1 0.0475 0.05 0.03 -0.218508 -0.672498 0.218508 0.672499
0.055 0.1 0.1 0.0475 0.05 0.03 -0.572061 -0.415627 0.572061 0.415627
0.055 0.1 0.1 -0.0475 0.05 0.03 0.707107 -4.32978e-17 0.707107 -4.32978e-17
0.055 0.1 0.1 -0.0475 0.05 0.03 0.572061 -0.415627 0.572061 -0.415627
0.055 0.1 0.1 -0.0475 0.05 0.03 -0.218508 0.672498 -0.218508 0.672499
0.055 0.1 0.1 -0.0475 0.05 0.03 0.218508 0.672498 0.218508 0.672499
0.055 0.1 0.1 -0.0475 0.05 0.03 0.572061 0.415627 0.572061 0.415627
0.055 0.1 0.1 0.0475 0.05 0.05 -0.707107 4.32978e-17 0.707107 -4.32978e-17
0.055 0.1 0.1 0.0475 0.05 0.05 -0.572061 0.415627 0.572061 -0.415627
0.055 0.1 0.1 0.0475 0.05 0.05 0.218508 -0.672498 -0.218508 0.672499
0.055 0.1 0.1 0.0475 0.05 0.05 -0.218508 -0.672498 0.218508 0.672499
0.055 0.1 0.1 0.0475 0.05 0.05 -0.572061 -0.415627 0.572061 0.415627
0.055 0.1 0.1 -0.0475 0.05 0.05 0.707107 -4.32978e-17 0.707107 -4.32978e-17
0.055 0.1 0.1 -0.0475 0.05 0.05 0.572061 -0.415627 0.572061 -0.415627
0.055 0.1 0.1 -0.0475 0.05 0.05 -0.218508 0.672498 -0.218508 0.672499
0.055 0.1 0.1 -0.0475 0.05 0.05 0.218508 0.672498 0.218508 0.672499
0.055 0.1 0.1 -0.0475 0.05 0.05 0.572061 0.415627 0.572061 0.415627
0.055 0.1 0.1 -0.0275 0.07 -0.05 -4.32978e-17 -0.707107 0.707107 -4.32978e-17
0.055 0.1 0.1 -0.0275 0.07 -0.05 -0.415627 -0.572061 0.572061 -0.415627
0.055 0.1 0.1 -0.0275 0.07 -0.05 0.672499 0.218508 -0.218508 0.672499
0.055 0.1 0.1 -0.0275 0.07 -0.05 0.672499 -0.218508 0.218508 0.672499
0.055 0.1 0.1 -0.0275 0.07 -0.05 0.415627 -0.572061 0.572061 0.415627
0.055 0.1 0.1 -0.0275 -0.07 -0.05 4.32978e-17 0.707107 0.707107 -4.32978e-17
0.055 0.1 0.1 -0.0275 -0.07 -0.05 0.415627 0.572061 0.572061 -0.415627
0.055 0.1 0.1 -0.0275 -0.07 -0.05 -0.672499 -0.218508 -0.218508 0.672499
0.055 0.1 0.1 -0.0275 -0.07 -0.05 -0.672499 0.218508 0.218508 0.672499
0.055 0.1 0.1 -0.0275 -0.07 -0.05 -0.415627 0.572061 0.572061 0.415627
0.055 0.1 0.1 -0.0275 0.07 -0.03 -4.32978e-17 -0.707107 0.707107 -4.32978e-17
0.055 0.1 0.1 -0.0275 0.07 -0.03 -0.415627 -0.572061 0.572061 -0.415627
0.055 0.1 0.1 -0.0275 0.07 -0.03 0.672499 0.218508 -0.218508 0.672499
0.055 0.1 0.1 -0.0275 0.07 -0.03 0.672499 -0.218508 0.218508 0.672499
0.055 0.1 0.1 -0.0275 0.07 -0.03 0.415627 -0.572061 0.572061 0.415627
0.055 0.1 0.1 -0.0275 -0.07 -0.03 4.32978e-17 0.707107 0.707107 -4.32978e-17
0.055 0.1 0.1 -0.0275 -0.07 -0.03 0.415627 0.572061 0.572061 -0.415627
0.055 0.1 0.1 -0.0275 -0.07 -0.03 -0.672499 -0.218508 -0.218508 0.672499
0.055 0.1 0.1 -0.0275 -0.07 -0.03 -0.672499 0.218508 0.218508 0.672499
0.055 0.1 0.1 -0.0275 -0.07 -0.03 -0.415627 0.572061 0.572061 0.415627
0.055 0.1 0.1 -0.0275 0.07 -0.01 -4.32978e-17 -0.707107 0.707107 -4.32978e-17
0.055 0.1 0.1 -0.0275 0.07 -0.01 -0.415627 -0.572061 0.572061 -0.415627
0.055 0.1 0.1 -0.0275 0.07 -0.01 0.672499 0.218508 -0.218508 0.672499
0.055 0.1 0.1 -0.0275 0.07 -0.01 0.672499 -0.218508 0.218508 0.672499
0.055 0.1 0.1 -0.0275 0.07 -0.01 0.415627 -0.572061 0.572061 0.415627
0.055 0.1 0.1 -0.0275 -0.07 -0.01 4.32978e-17 0.707107 0.707107 -4.32978e-17
0.055 0.1 0.1 -0.0275 -0.07 -0.01 0.415627 0.572061 0.572061 -0.415627
0.055 0.1 0.1 -0.0275 -0.07 -0.01 -0.672499 -0.218508 -0.218508 0.672499
0.055 0.1 0.1 -0.0275 -0.07 -0.01 -0.672499 0.218508 0.218508 0.672499
0.055 0.1 0.1 -0.0275 -0.07 -0.01 -0.415627 0.572061 0.572061 0.415627
0.055 0.1 0.1 -0.0275 0.07 0.01 -4.32978e-17 -0.707107 0.707107 -4.32978e-17
0.055 0.1 0.1 -0.0275 0.07 0.01 -0.415627 -0.572061 0.572061 -0.415627
0.055 0.1 0.1 -0.0275 0.07 0.01 0.672499 0.218508 -0.218508 0.672499
0.055 0.1 0.1 -0.0275 0.07 0.01 0.672499 -0.218508 0.218508 0.672499
0.055 0.1 0.1 -0.0275 0.07 0.01 0.415627 -0.572061 0.572061 0.415627
0.055 0.1 0.1 -0.0275 -0.07 0.01 4.32978e-17 0.707107 0.707107 -4.32978e-17
0.055 0.1 0.1 -0.0275 -0.07 0.01 0.415627 0.572061 0.572061 -0.415627
0.055 0.1 0.1 -0.0275 -0.07 0.01 -0.672499 -0.218508 -0.218508 0.672499
0.055 0.1 0.1 -0.0275 -0.07 0.01 -0.672499 0.218508 0.218508 0.672499
0.055 0.1 0.1 -0.0275 -0.07 0.01 -0.415627 0.572061 0.572061 0.415627
0.055 0.1 0.1 -0.0275 0.07 0.03 -4.32978e-17 -0.707107 0.707107 -4.32978e-17
0.055 0.1 0.1 -0.0275 0.07 0.03 -0.415627 -0.572061 0.572061 -0.415627
0.055 0.1 0.1 -0.0275 0.07 0.03 0.672499 0.218508 -0.218508 0.672499
0.055 0.1 0.1 -0.0275 0.07 0.03 0.672499 -0.218508 0.218508 0.672499
0.055 0.1 0.1 -0.0275 0.07 0.03 0.415627 -0.572061 0.572061 0.415627
0.055 0.1 0.1 -0.0275 -0.07 0.03 4.32978e-17 0.707107 0.707107 -4.32978e-17
0.055 0.1 0.1 -0.0275 -0.07 0.03 0.415627 0.572061 0.572061 -0.415627
0.055 0.1 0.1 -0.0275 -0.07 0.03 -0.672499 -0.218508 -0.218508 0.672499
0.055 0.1 0.1 -0.0275 -0.07 0.03 -0.672499 0.218508 0.218508 0.672499
0.055 0.1 0.1 -0.0275 -0.07 0.03 -0.415627 0.572061 0.572061 0.415627
0.055 0.1 0.1 -0.0275 0.07 0.05 -4.32978e-17 -0.707107 0.707107 -4.32978e-17
0.055 0.1 0.1 -0.0275 0.07 0.05 -0.415627 -0.572061 0.572061 -0.415627
0.055 0.1 0.1 -0.0275 0.07 0.05 0.672499 0.218508 -0.218508 0.672499
0.055 0.1 0.1 -0.0275 0.07 0.05 0.672499 -0.218508 0.218508 0.672499
0.055 0.1 0.1 -0.0275 0.07 0.05 0.415627 -0.572061 0.572061 0.415627
0.055 0.1 0.1 -0.0275 -0.07 0.05 4.32978e-17 0.707107 0.707107 -4.32978e-17
0.055 0.1 0.1 -0.0275 -0.07 0.05 0.415627 0.572061 0.572061 -0.415627
0.055 0.1 0.1 -0.0275 -0.07 0.05 -0.672499 -0.218508 -0.218508 0.672499
0.055 0.1 0.1 -0.0275 -0.07 0.05 -0.672499 0.218508 0.218508 0.672499
0.055 0.1 0.1 -0.0275 -0.07 0.05 -0.415627 0.572061 0.572061 0.415627
0.055 0.1 0.1 -0.0165 0.07 -0.05 -4.32978e-17 -0.707107 0.707107 -4.32978e-17
0.055 0.1 0.1 -0.0165 0.07 -0.05 -0.415627 -0.572061 0.572061 -0.415627
0.055 0.1 0.1 -0.0165 0.07 -0.05 0.672499 0.218508 -0.218508 0.672499
0.055 0.1 0.1 -0.0165 0.07 -0.05 0.672499 -0.218508 0.218508 0.672499
0.055 0.1 0.1 -0.0165 0.07 -0.05 0.415627 -0.572061 0.572061 0.415627
0.055 0.1 0.1 -0.0165 -0.07 -0.05 4.32978e-17 0.707107 0.707107 -4.32978e-17
0.055 0.1 0.1 -0.0165 -0.07 -0.05 0.415627 0.572061 0.572061 -0.415627
0.055 0.1 0.1 -0.0165 -0.07 -0.05 -0.672499 -0.218508 -0.218508 0.672499
0.055 0.1 0.1 -0.0165 -0.07 -0.05 -0.672499 0.218508 0.218508 0.672499
0.055 0.1 0.1 -0.0165 -0.07 -0.05 -0.415627 0.572061 0.572061 0.415627
0.055 0.1 0.1 -0.0165 0.07 -0.03 -4.32978e-17 -0.707107 0.707107 -4.32978e-17
0.055 0.1 0.1 -0.0165 0.07 -0.03 -0.415627 -0.572061 0.572061 -0.415627
0.055 0.1 0.1 -0.0165 0.07 -0.03 0.672499 0.218508 -0.218508 0.672499
0.055 0.1 0.1 -0.0165 0.07 -0.03 0.672499 -0.218508 0.218508 0.672499
0.055 0.1 0.1 -0.0165 0.07 -0.03 0.415627 -0.572061 0.572061 0.415627
0.055 0.1 0.1 -0.0165 -0.07 -0.03 4.32978e-17 0.707107 0.707107 -4.32978e-17
0.055 0.1 0.1 -0.0165 -0.07 -0.03 0.415627 0.572061 0.572061 -0.415627
0.055 0.1 0.1 -0.0165 -0.07 -0.03 -0.672499 -0.218508 -0.218508 0.672499
0.055 0.1 0.1 -0.0165 -0.07 -0.03 -0.672499 0.218508 0.218508 0.672499
0.055 0.1 0.1 -0.0165 -0.07 -0.03 -0.415627 0.572061 0.572061 0.415627
0.055 0.1 0.1 -0.0165 0.07 -0.01 -4.32978e-17 -0.707107 0.707107 -4.32978e-17
0.055 0.1 0.1 -0.0165 0.07 -0.01 -0.415627 -0.572061 0.572061 -0.415627
0.055 0.1 0.1 -0.0165 0.07 -0.01 0.672499 0.218508 -0.218508 0.672499
0.055 0.1 0.1 -0.0165 0.07 -0.01 0.672499 -0.218508 0.218508 0.672499
0.055 0.1 0.1 -0.0165 0.07 -0.01 0.415627 -0.572061 0.572061 0.415627
0.055 0.1 0.1 -0.0165 -0.07 -0.01 4.32978e-17 0.707107 0.707107 -4.32978e-17
0.055 0.1 0.1 -0.0165 -0.07 -0.01 0.415627 0.572061 0.572061 -0.415627
0.055 0.1 0.1 -0.0165 -0.07 -0.01 -0.672499 -0.218508 -0.218508 0.672499
0.055 0.1 0.1 -0.0165 -0.07 -0.01 -0.672499 0.218508 0.218508 0.672499
0.055 0.1 0.1 -0.0165 -0.07 -0.01 -0.415627 0.572061 0.572061 0.415627
0.055 0.1 0.1 -0.0165 0.07 0.01 -4.32978e-17 -0.707107 0.707107 -4.32978e-17
0.055 0.1 0.1 -0.0165 0.07 0.01 -0.415627 -0.572061 0.572061 -0.415627
0.055 0.1 0.1 -0.0165 0.07 0.01 0.672499 0.218508 -0.218508 0.672499
0.055 0.1 0.1 -0.0165 0.07 0.01 0.672499 -0.218508 0.218508 0.672499
0.055 0.1 0.1 -0.0165 0.07 0.01 0.415627 -0.572061 0.572061 0.415627
0.055 0.1 0.1 -0.0165 -0.07 0.01 4.32978e-17 0.707107 0.707107 -4.32978e-17
0.055 0.1 0.1 -0.0165 -0.07 0.01 0.415627 0.572061 0.572061 -0.415627
0.055 0.1 0.1 -0.0165 -0.07 0.01 -0.672499 -0.218508 -0.218508 0.672499
0.055 0.1 0.1 -0.0165 -0.07 0.01 -0.672499 0.218508 0.218508 0.672499
0.055 0.1 0.1 -0.0165 -0.07 0.01 -0.415627 0.572061 0.572061 0.415627
0.055 0.1 0.1 -0.0165 0.07 0.03 -4.32978e-17 -0.707107 0.707107 -4.32978e-17
0.055 0.1 0.1 -0.0165 0.07 0.03 -0.415627 -0.572061 0.572061 -0.415627
0.055 0.1 0.1 -0.0165 0.07 0.03 0.672499 0.218508 -0.218508 0.672499
0.055 0.1 0.1 -0.0165 0.07 0.03 0.672499 -0.218508 0.218508 0.672499
0.055 0.1 0.1 -0.0165 0.07 0.03 0.415627 -0.572061 0.572061 0.415627
0.055 0.1 0.1 -0.0165 -0.07 0.03 4.32978e-17 0.707107 0.707107 -4.32978e-17
0.055 0.1 0.1 -0.0165 -0.07 0.03 0.415627 0.572061 0.572061 -0.415627
0.055 0.1 0.1 -0.0165 -0.07 0.03 -0.672499 -0.218508 -0.218508 0.672499
0.055 0.1 0.1 -0.0165 -0.07 0.03 -0.672499 0.218508 0.218508 0.672499
0.055 0.1 0.1 -0.0165 -0.07 0.03 -0.415627 0.572061 0.572061 0.415627
0.055 0.1 0.1 -0.0165 0.07 0.05 -4.32978e-17 -0.707107 0.707107 -4.32978e-17
0.055 0.1 0.1 -0.0165 0.07 0.05 -0.415627 -0.572061 0.572061 -0.415627
0.055 0.1 0.1 -0.0165 0.07 0.05 0.672499 0.218508 -0.218508 0.672499
0.055 0.1 0.1 -0.0165 0.07 0.05 0.672499 -0.218508 0.218508 0.672499
0.055 0.1 0.1 -0.0165 0.07 0.05 0.415627 -0.572061 0.572061 0.415627
0.055 0.1 0.1 -0.0165 -0.07 0.05 4.32978e-17 0.707107 0.707107 -4.32978e-17
0.055 0.1 0.1 -0.0165 -0.07 0.05 0.415627 0.572061 0.572061 -0.415627
0.055 0.1 0.1 -0.0165 -0.07 0.05 -0.672499 -0.218508 -0.218508 0.672499
0.055 0.1 0.1 -0.0165 -0.07 0.05 -0.672499 0.218508 0.218508 0.672499
0.055 0.1 0.1 -0.0165 -0.07 0.05 -0.415627 0.572061 0.572061 0.415627
0.055 0.1 0.1 -0.0055 0.07 -0.05 -4.32978e-17 -0.707107 0.707107 -4.32978e-17
0.055 0.1 0.1 -0.0055 0.07 -0.05 -0.415627 -0.572061 0.572061 -0.415627
0.055 0.1 0.1 -0.0055 0.07 -0.05 0.672499 0.218508 -0.218508 0.672499
0.055 0.1 0.1 -0.0055 0.07 -0.05 0.672499 -0.218508 0.218508 0.672499
0.055 0.1 0.1 -0.0055 0.07 -0.05 0.415627 -0.572061 0.572061 0.415627
0.055 0.1 0.1 -0.0055 -0.07 -0.05 4.32978e-17 0.707107 0.707107 -4.32978e-17
0.055 0.1 0.1 -0.0055 -0.07 -0.05 0.415627 0.572061 0.572061 -0.415627
0.055 0.1 0.1 -0.0055 -0.07 -0.05 -0.672499 -0.218508 -0.218508 0.672499
0.055 0.1 0.1 -0.0055 -0.07 -0.05 -0.672499 0.218508 0.218508 0.672499
0.055 0.1 0.1 -0.0055 -0.07 -0.05 -0.415627 0.572061 0.572061 0.415627
0.055 0.1 0.1 -0.0055 0.07 -0.03 -4.32978e-17 -0.707107 0.707107 -4.32978e-17
0.055 0.1 0.1 -0.0055 0.07 -0.03 -0.415627 -0.572061 0.572061 -0.415627
0.055 0.1 0.1 -0.0055 0.07 -0.03 0.672499 0.218508 -0.218508 0.672499
0.055 0.1 0.1 -0.0055 0.07 -0.03 0.672499 -0.218508 0.218508 0.672499
0.055 0.1 0.1 -0.0055 0.07 -0.03 0.415627 -0.572061 0.572061 0.415627
0.055 0.1 0.1 -0.0055 -0.07 -0.03 4.32978e-17 0.707107 0.707107 -4.32978e-17
0.055 0.1 0.1 -0.0055 -0.07 -0.03 0.415627 0.572061 0.572061 -0.415627
0.055 0.1 0.1 -0.0055 -0.07 -0.03 -0.672499 -0.218508 -0.218508 0.672499
0.055 0.1 0.1 -0.0055 -0.07 -0.03 -0.672499 0.218508 0.218508 0.672499
0.055 0.1 0.1 -0.0055 -0.07 -0.03 -0.415627 0.572061 0.572061 0.415627
0.055 0.1 0.1 -0.0055 0.07 -0.01 -4.32978e-17 -0.707107 0.707107 -4.32978e-17
0.055 0.1 0.1 -0.0055 0.07 -0.01 -0.415627 -0.572061 0.572061 -0.415627
0.055 0.1 0.1 -0.0055 0.07 -0.01 0.672499 0.218508 -0.218508 0.672499
0.055 0.1 0.1 -0.0055 0.07 -0.01 0.672499 -0.218508 0.218508 0.672499
0.055 0.1 0.1 -0.0055 0.07 -0.01 0.415627 -0.572061 0.572061 0.415627
0.055 0.1 0.1 -0.0055 -0.07 -0.01 4.32978e-17 0.707107 0.707107 -4.32978e-17
0.055 0.1 0.1 -0.0055 -0.07 -0.01 0.415627 0.572061 0.572061 -0.415627
0.055 0.1 0.1 -0.0055 -0.07 -0.01 -0.672499 -0.218508 -0.218508 0.672499
0.055 0.1 0.1 -0.0055 -0.07 -0.01 -0.672499 0.218508 0.218508 0.672499
0.055 0.1 0.1 -0.0055 -0.07 -0.01 -0.415627 0.572061 0.572061 0.415627
0.055 0.1 0.1 -0.0055 0.07 0.01 -4.32978e-17 -0.707107 0.707107 -4.32978e-17
0.055 0.1 0.1 -0.0055 0.07 0.01 -0.415627 -0.572061 0.572061 -0.415627
0.055 0.1 0.1 -0.0055 0.07 0.01 0.672499 0.218508 -0.218508 0.672499
0.055 0.1 0.1 -0.0055 0.07 0.01 0.672499 -0.218508 0.218508 0.672499
0.055 0.1 0.1 -0.0055 0.07 0.01 0.415627 -0.572061 0.572061 0.415627
0.055 0.1 0.1 -0.0055 -0.07 0.01 4.32978e-17 0.707107 0.707107 -4.32978e-17
0.055 0.1 0.1 -0.0055 -0.07 0.01 0.415627 0.572061 0.572061 -0.415627
0.055 0.1 0.1 -0.0055 -0.07 0.01 -0.672499 -0.218508 -0.218508 0.672499
0.055 0.1 0.1 -0.0055 -0.07 0.01 -0.672499 0.218508 0.218508 0.672499
0.055 0.1 0.1 -0.0055 -0.07 0.01 -0.415627 0.572061 0.572061 0.415627
0.055 0.1 0.1 -0.0055 0.07 0.03 -4.32978e-17 -0.707107 0.707107 -4.32978e-17
0.055 0.1 0.1 -0.0055 0.07 0.03 -0.415627 -0.572061 0.572061 -0.415627
0.055 0.1 0.1 -0.0055 0.07 0.03 0.672499 0.218508 -0.218508 0.672499
0.055 0.1 0.1 -0.0055 0.07 0.03 0.672499 -0.218508 0.218508 0.672499
0.055 0.1 0.1 -0.0055 0.07 0.03 0.415627 -0.572061 0.572061 0.415627
0.055 0.1 0.1 -0.0055 -0.07 0.03 4.32978e-17 0.707107 0.707107 -4.32978e-17
0.055 0.1 0.1 -0.0055 -0.07 0.03 0.415627 0.572061 0.572061 -0.415627
0.055 0.1 0.1 -0.0055 -0.07 0.03 -0.672499 -0.218508 -0.218508 0.672499
0.055 0.1 0.1 -0.0055 -0.07 0.03 -0.672499 0.218508 0.218508 0.672499
0.055 0.1 0.1 -0.0055 -0.07 0.03 -0.415627 0.572061 0.572061 0.415627
0.055 0.1 0.1 -0.0055 0.07 0.05 -4.32978e-17 -0.707107 0.707107 -4.32978e-17
0.055 0.1 0.1 -0.0055 0.07 0.05 -0.415627 -0.572061 0.572061 -0.415627
0.055 0.1 0.1 -0.0055 0.07 0.05 0.672499 0.218508 -0.218508 0.672499
0.055 0.1 0.1 -0.0055 0.07 0.05 0.672499 -0.218508 0.218508 0.672499
0.055 0.1 0.1 -0.0055 0.07 0.05 0.415627 -0.572061 0.572061 0.415627
0.055 0.1 0.1 -0.0055 -0.07 0.05 4.32978e-17 0.707107 0.707107 -4.32978e-17
0.055 0.1 0.1 -0.0055 -0.07 0.05 0.415627 0.572061 0.572061 -0.415627
0.055 0.1 0.1 -0.0055 -0.07 0.05 -0.672499 -0.218508 -0.218508 0.672499
0.055 0.1 0.1 -0.0055 -0.07 0.05 -0.672499 0.218508 0.218508 0.672499
0.055 0.1 0.1 -0.0055 -0.07 0.05 -0.415627 0.572061 0.572061 0.415627
0.055 0.1 0.1 0.0055 0.07 -0.05 -4.32978e-17 -0.707107 0.707107 -4.32978e-17
0.055 0.1 0.1 0.0055 0.07 -0.05 -0.415627 -0.572061 0.572061 -0.415627
0.055 0.1 0.1 0.0055 0.07 -0.05 0.672499 0.218508 -0.218508 0.672499
0.055 0.1 0.1 0.0055 0.07 -0.05 0.672499 -0.218508 0.218508 0.672499
0.055 0.1 0.1 0.0055 0.07 -0.05 0.415627 -0.572061 0.572061 0.415627
0.055 0.1 0.1 0.0055 -0.07 -0.05 4.32978e-17 0.707107 0.707107 -4.32978e-17
0.055 0.1 0.1 0.0055 -0.07 -0.05 0.415627 0.572061 0.572061 -0.415627
0.055 0.1 0.1 0.0055 -0.07 -0.05 -0.672499 -0.218508 -0.218508 0.672499
0.055 0.1 0.1 0.0055 -0.07 -0.05 -0.672499 0.218508 0.218508 0.672499
0.055 0.1 0.1 0.0055 -0.07 -0.05 -0.415627 0.572061 0.572061 0.415627
0.055 0.1 0.1 0.0055 0.07 -0.03 -4.32978e-17 -0.707107 0.707107 -4.32978e-17
0.055 0.1 0.1 0.0055 0.07 -0.03 -0.415627 -0.572061 0.572061 -0.415627
0.055 0.1 0.1 0.0055 0.07 -0.03 0.672499 0.218508 -0.218508 0.672499
0.055 0.1 0.1 0.0055 0.07 -0.03 0.672499 -0.218508 0.218508 0.672499
0.055 0.1 0.1 0.0055 0.07 -0.03 0.415627 -0.572061 0.572061 0.415627
0.055 0.1 0.1 0.0055 -0.07 -0.03 4.32978e-17 0.707107 0.707107 -4.32978e-17
0.055 0.1 0.1 0.0055 -0.07 -0.03 0.415627 0.572061 0.572061 -0.415627
0.055 0.1 0.1 0.0055 -0.07 -0.03 -0.672499 -0.218508 -0.218508 0.672499
0.055 0.1 0.1 0.0055 -0.07 -0.03 -0.672499 0.218508 0.218508 0.672499
0.055 0.1 0.1 0.0055 -0.07 -0.03 -0.415627 0.572061 0.572061 0.415627
0.055 0.1 0.1 0.0055 0.07 -0.01 -4.32978e-17 -0.707107 0.707107 -4.32978e-17
0.055 0.1 0.1 0.0055 0.07 -0.01 -0.415627 -0.572061 0.572061 -0.415627
0.055 0.1 0.1 0.0055 0.07 -0.01 0.672499 0.218508 -0.218508 0.672499
0.055 0.1 0.1 0.0055 0.07 -0.01 0.672499 -0.218508 0.218508 0.672499
0.055 0.1 0.1 0.0055 0.07 -0.01 0.415627 -0.572061 0.572061 0.415627
0.055 0.1 0.1 0.0055 -0.07 -0.01 4.32978e-17 0.707107 0.707107 -4.32978e-17
0.055 0.1 0.1 0.0055 -0.07 -0.01 0.415627 0.572061 0.572061 -0.415627
0.055 0.1 0.1 0.0055 -0.07 -0.01 -0.672499 -0.218508 -0.218508 0.672499
0.055 0.1 0.1 0.0055 -0.07 -0.01 -0.672499 0.218508 0.218508 0.672499
0.055 0.1 0.1 0.0055 -0.07 -0.01 -0.415627 0.572061 0.572061 0.415627
0.055 0.1 0.1 0.0055 0.07 0.01 -4.32978e-17 -0.707107 0.707107 -4.32978e-17
0.055 0.1 0.1 0.0055 0.07 0.01 -0.415627 -0.572061 0.572061 -0.415627
0.055 0.1 0.1 0.0055 0.07 0.01 0.672499 0.218508 -0.218508 0.672499
0.055 0.1 0.1 0.0055 0.07 0.01 0.672499 -0.218508 0.218508 0.672499
0.055 0.1 0.1 0.0055 0.07 0.01 0.415627 -0.572061 0.572061 0.415627
0.055 0.1 0.1 0.0055 -0.07 0.01 4.32978e-17 0.707107 0.707107 -4.32978e-17
0.055 0.1 0.1 0.0055 -0.07 0.01 0.415627 0.572061 0.572061 -0.415627
0.055 0.1 0.1 0.0055 -0.07 0.01 -0.672499 -0.218508 -0.218508 0.672499
0.055 0.1 0.1 0.0055 -0.07 0.01 -0.672499 0.218508 0.218508 0.672499
0.055 0.1 0.1 0.0055 -0.07 0.01 -0.415627 0.572061 0.572061 0.415627
0.055 0.1 0.1 0.0055 0.07 0.03 -4.32978e-17 -0.707107 0.707107 -4.32978e-17
0.055 0.1 0.1 0.0055 0.07 0.03 -0.415627 -0.572061 0.572061 -0.415627
0.055 0.1 0.1 0.0055 0.07 0.03 0.672499 0.218508 -0.218508 0.672499
0.055 0.1 0.1 0.0055 0.07 0.03 0.672499 -0.218508 0.218508 0.672499
0.055 0.1 0.1 0.0055 0.07 0.03 0.415627 -0.572061 0.572061 0.415627
0.055 0.1 0.1 0.0055 -0.07 0.03 4.32978e-17 0.707107 0.707107 -4.32978e-17
0.055 0.1 0.1 0.0055 -0.07 0.03 0.415627 0.572061 0.572061 -0.415627
0.055 0.1 0.1 0.0055 -0.07 0.03 -0.672499 -0.218508 -0.218508 0.672499
0.055 0.1 0.1 0.0055 -0.07 0.03 -0.672499 0.218508 0.218508 0.672499
0.055 0.1 0.1 0.0055 -0.07 0.03 -0.415627 0.572061 0.572061 0.415627
0.055 0.1 0.1 0.0055 0.07 0.05 -4.32978e-17 -0.707107 0.707107 -4.32978e-17
0.055 0.1 0.1 0.0055 0.07 0.05 -0.415627 -0.572061 0.572061 -0.415627
0.055 0.1 0.1 0.0055 0.07 0.05 0.672499 0.218508 -0.218508 0.672499
0.055 0.1 0.1 0.0055 0.07 0.05 0.672499 -0.218508 0.218508 0.672499
0.055 0.1 0.1 0.0055 0.07 0.05 0.415627 -0.572061 0.572061 0.415627
0.055 0.1 0.1 0.0055 -0.07 0.05 4.32978e-17 0.707107 0.707107 -4.32978e-17
0.055 0.1 0.1 0.0055 -0.07 0.05 0.415627 0.572061 0.572061 -0.415627
0.055 0.1 0.1 0.0055 -0.07 0.05 -0.672499 -0.218508 -0.218508 0.672499
0.055 0.1 0.1 0.0055 -0.07 0.05 -0.672499 0.218508 0.218508 0.672499
0.055 0.1 0.1 0.0055 -0.07 0.05 -0.415627 0.572061 0.572061 0.415627
0.055 0.1 0.1 0.0165 0.07 -0.05 -4.32978e-17 -0.707107 0.707107 -4.32978e-17
0.055 0.1 0.1 0.0165 0.07 -0.05 -0.415627 -0.572061 0.572061 -0.415627
0.055 0.1 0.1 0.0165 0.07 -0.05 0.672499 0.218508 -0.218508 0.672499
0.055 0.1 0.1 0.0165 0.07 -0.05 0.672499 -0.218508 0.218508 0.672499
0.055 0.1 0.1 0.0165 0.07 -0.05 0.415627 -0.572061 0.572061 0.415627
0.055 0.1 0.1 0.0165 -0.07 -0.05 4.32978e-17 0.707107 0.707107 -4.32978e-17
0.055 0.1 0.1 0.0165 -0.07 -0.05 0.415627 0.572061 0.572061 -0.415627
0.055 0.1 0.1 0.0165 -0.07 -0.05 -0.672499 -0.218508 -0.218508 0.672499
0.055 0.1 0.1 0.0165 -0.07 -0.05 -0.672499 0.218508 0.218508 0.672499
0.055 0.1 0.1 0.0165 -0.07 -0.05 -0.415627 0.572061 0.572061 0.415627
0.055 0.1 0.1 0.0165 0.07 -0.03 -4.32978e-17 -0.707107 0.707107 -4.32978e-17
0.055 0.1 0.1 0.0165 0.07 -0.03 -0.415627 -0.572061 0.572061 -0.415627
0.055 0.1 0.1 0.0165 0.07 -0.03 0.672499 0.218508 -0.218508 0.672499
0.055 0.1 0.1 0.0165 0.07 -0.03 0.672499 -0.218508 0.218508 0.672499
0.055 0.1 0.1 0.0165 0.07 -0.03 0.415627 -0.572061 0.572061 0.415627
0.055 0.1 0.1 0.0165 -0.07 -0.03 4.32978e-17 0.707107 0.707107 -4.32978e-17
0.055 0.1 0.1 0.0165 -0.07 -0.03 0.415627 0.572061 0.572061 -0.415627
0.055 0.1 0.1 0.0165 -0.07 -0.03 -0.672499 -0.218508 -0.218508 0.672499
0.055 0.1 0.1 0.0165 -0.07 -0.03 -0.672499 0.218508 0.218508 0.672499
0.055 0.1 0.1 0.0165 -0.07 -0.03 -0.415627 0.572061 0.572061 0.415627
0.055 0.1 0.1 0.0165 0.07 -0.01 -4.32978e-17 -0.707107 0.707107 -4.32978e-17
0.055 0.1 0.1 0.0165 0.07 -0.01 -0.415627 -0.572061 0.572061 -0.415627
0.055 0.1 0.1 0.0165 0.07 -0.01 0.672499 0.218508 -0.218508 0.672499
0.055 0.1 0.1 0.0165 0.07 -0.01 0.672499 -0.218508 0.218508 0.672499
0.055 0.1 0.1 0.0165 0.07 -0.01 0.415627 -0.572061 0.572061 0.415627
0.055 0.1 0.1 0.0165 -0.07 -0.01 4.32978e-17 0.707107 0.707107 -4.32978e-17
0.055 0.1 0.1 0.0165 -0.07 -0.01 0.415627 0.572061 0.572061 -0.415627
0.055 0.1 0.1 0.0165 -0.07 -0.01 -0.672499 -0.218508 -0.218508 0.672499
0.055 0.1 0.1 0.0165 -0.07 -0.01 -0.672499 0.218508 0.218508 0.672499
0.055 0.1 0.1 0.0165 -0.07 -0.01 -0.415627 0.572061 0.572061 0.415627
0.055 0.1 0.1 0.0165 0.07 0.01 -4.32978e-17 -0.707107 0.707107 -4.32978e-17
0.055 0.1 0.1 0.0165 0.07 0.01 -0.415627 -0.572061 0.572061 -0.415627
0.055 0.1 0.1 0.0165 0.07 0.01 0.672499 0.218508 -0.218508 0.672499
0.055 0.1 0.1 0.0165 0.07 0.01 0.672499 -0.218508 0.218508 0.672499
0.055 0.1 0.1 0.0165 0.07 0.01 0.415627 -0.572061 0.572061 0.415627
0.055 0.1 0.1 0.0165 -0.07 0.01 4.32978e-17 0.707107 0.707107 -4.32978e-17
0.055 0.1 0.1 0.0165 -0.07 0.01 0.415627 0.572061 0.572061 -0.415627
0.055 0.1 0.1 0.0165 -0.07 0.01 -0.672499 -0.218508 -0.218508 0.672499
0.055 0.1 0.1 0.0165 -0.07 0.01 -0.672499 0.218508 0.218508 0.672499
0.055 0.1 0.1 0.0165 -0.07 0.01 -0.415627 0.572061 0.572061 0.415627
0.055 0.1 0.1 0.0165 0.07 0.03 -4.32978e-17 -0.707107 0.707107 -4.32978e-17
0.055 0.1 0.1 0.0165 0.07 0.03 -0.415627 -0.572061 0.572061 -0.415627
0.055 0.1 0.1 0.0165 0.07 0.03 0.672499 0.218508 -0.218508 0.672499
0.055 0.1 0.1 0.0165 0.07 0.03 0.672499 -0.218508 0.218508 0.672499
0.055 0.1 0.1 0.0165 0.07 0.03 0.415627 -0.572061 0.572061 0.415627
0.055 0.1 0.1 0.0165 -0.07 0.03 4.32978e-17 0.707107 0.707107 -4.32978e-17
0.055 0.1 0.1 0.0165 -0.07 0.03 0.415627 0.572061 0.572061 -0.415627
0.055 0.1 0.1 0.0165 -0.07 0.03 -0.672499 -0.218508 -0.218508 0.672499
0.055 0.1 0.1 0.0165 -0.07 0.03 -0.672499 0.218508 0.218508 0.672499
0.055 0.1 0.1 0.0165 -0.07 0.03 -0.415627 0.572061 0.572061 0.415627
0.055 0.1 0.1 0.0165 0.07 0.05 -4.32978e-17 -0.707107 0.707107 -4.32978e-17
0.055 0.1 0.1 0.0165 0.07 0.05 -0.415627 -0.572061 0.572061 -0.415627
0.055 0.1 0.1 0.0165 0.07 0.05 0.672499 0.218508 -0.218508 0.672499
0.055 0.1 0.1 0.0165 0.07 0.05 0.672499 -0.218508 0.218508 0.672499
0.055 0.1 0.1 0.0165 0.07 0.05 0.415627 -0.572061 0.572061 0.415627
0.055 0.1 0.1 0.0165 -0.07 0.05 4.32978e-17 0.707107 0.707107 -4.32978e-17
0.055 0.1 0.1 0.0165 -0.07 0.05 0.415627 0.572061 0.572061 -0.415627
0.055 0.1 0.1 0.0165 -0.07 0.05 -0.672499 -0.218508 -0.218508 0.672499
0.055 0.1 0.1 0.0165 -0.07 0.05 -0.672499 0.218508 0.218508 0.672499
0.055 0.1 0.1 0.0165 -0.07 0.05 -0.415627 0.572061 0.572061 0.415627
0.055 0.1 0.1 0.0275 0.07 -0.05 -4.32978e-17 -0.707107 0.707107 -4.32978e-17
0.055 0.1 0.1 0.0275 0.07 -0.05 -0.415627 -0.572061 0.572061 -0.415627
0.055 0.1 0.1 0.0275 0.07 -0.05 0.672499 0.218508 -0.218508 0.672499
0.055 0.1 0.1 0.0275 0.07 -0.05 0.672499 -0.218508 0.218508 0.672499
0.055 0.1 0.1 0.0275 0.07 -0.05 0.415627 -0.572061 0.572061 0.415627
0.055 0.1 0.1 0.0275 -0.07 -0.05 4.32978e-17 0.707107 0.707107 -4.32978e-17
0.055 0.1 0.1 0.0275 -0.07 -0.05 0.415627 0.572061 0.572061 -0.415627
0.055 0.1 0.1 0.0275 -0.07 -0.05 -0.672499 -0.218508 -0.218508 0.672499
0.055 0.1 0.1 0.0275 -0.07 -0.05 -0.672499 0.218508 0.218508 0.672499
0.055 0.1 0.1 0.0275 -0.07 -0.05 -0.415627 0.572061 0.572061 0.415627
0.055 0.1 0.1 0.0275 0.07 -0.03 -4.32978e-17 -0.707107 0.707107 -4.32978e-17
0.055 0.1 0.1 0.0275 0.07 -0.03 -0.415627 -0.572061 0.572061 -0.415627
0.055 0.1 0.1 0.0275 0.07 -0.03 0.672499 0.218508 -0.218508 0.672499
0.055 0.1 0.1 0.0275 0.07 -0.03 0.672499 -0.218508 0.218508 0.672499
0.055 0.1 0.1 0.0275 0.07 -0.03 0.415627 -0.572061 0.572061 0.415627
0.055 0.1 0.1 0.0275 -0.07 -0.03 4.32978e-17 0.707107 0.707107 -4.32978e-17
0.055 0.1 0.1 0.0275 -0.07 -0.03 0.415627 0.572061 0.572061 -0.415627
0.055 0.1 0.1 0.0275 -0.07 -0.03 -0.672499 -0.218508 -0.218508 0.672499
0.055 0.1 0.1 0.0275 -0.07 -0.03 -0.672499 0.218508 0.218508 0.672499
0.055 0.1 0.1 0.0275 -0.07 -0.03 -0.415627 0.572061 0.572061 0.415627
0.055 0.1 0.1 0.0275 0.07 -0.01 -4.32978e-17 -0.707107 0.707107 -4.32978e-17
0.055 0.1 0.1 0.0275 0.07 -0.01 -0.415627 -0.572061 0.572061 -0.415627
0.055 0.1 0.1 0.0275 0.07 -0.01 0.672499 0.218508 -0.218508 0.672499
0.055 0.1 0.1 0.0275 0.07 -0.01 0.672499 -0.218508 0.218508 0.672499
0.055 0.1 0.1 0.0275 0.07 -0.01 0.415627 -0.572061 0.572061 0.415627
0.055 0.1 0.1 0.0275 -0.07 -0.01 4.32978e-17 0.707107 0.707107 -4.32978e-17
0.055 0.1 0.1 0.0275 -0.07 -0.01 0.415627 0.572061 0.572061 -0.415627
0.055 0.1 0.1 0.0275 -0.07 -0.01 -0.672499 -0.218508 -0.218508 0.672499
0.055 0.1 0.1 0.0275 -0.07 -0.01 -0.672499 0.218508 0.218508 0.672499
0.055 0.1 0.1 0.0275 -0.07 -0.01 -0.415627 0.572061 0.572061 0.415627
0.055 0.1 0.1 0.0275 0.07 0.01 -4.32978e-17 -0.707107 0.707107 -4.32978e-17
0.055 0.1 0.1 0.0275 0.07 0.01 -0.415627 -0.572061 0.572061 -0.415627
0.055 0.1 0.1 0.0275 0.07 0.01 0.672499 0.218508 -0.218508 0.672499
0.055 0.1 0.1 0.0275 0.07 0.01 0.672499 -0.218508 0.218508 0.672499
0.055 0.1 0.1 0.0275 0.07 0.01 0.415627 -0.572061 0.572061 0.415627
0.055 0.1 0.1 0.0275 -0.07 0.01 4.32978e-17 0.707107 0.707107 -4.32978e-17
0.055 0.1 0.1 0.0275 -0.07 0.01 0.415627 0.572061 0.572061 -0.415627
0.055 0.1 0.1 0.0275 -0.07 0.01 -0.672499 -0.218508 -0.218508 0.672499
0.055 0.1 0.1 0.0275 -0.07 0.01 -0.672499 0.218508 0.218508 0.672499
0.055 0.1 0.1 0.0275 -0.07 0.01 -0.415627 0.572061 0.572061 0.415627
0.055 0.1 0.1 0.0275 0.07 0.03 -4.32978e-17 -0.707107 0.707107 -4.32978e-17
0.055 0.1 0.1 0.0275 0.07 0.03 -0.415627 -0.572061 0.572061 -0.415627
0.055 0.1 0.1 0.0275 0.07 0.03 0.672499 0.218508 -0.218508 0.672499
0.055 0.1 0.1 0.0275 0.07 0.03 0.672499 -0.218508 0.218508 0.672499
0.055 0.1 0.1 0.0275 0.07 0.03 0.415627 -0.572061 0.572061 0.415627
0.055 0.1 0.1 0.0275 -0.07 0.03 4.32978e-17 0.707107 0.707107 -4.32978e-17
0.055 0.1 0.1 0.0275 -0.07 0.03 0.415627 0.572061 0.572061 -0.415627
0.055 0.1 0.1 0.0275 -0.07 0.03 -0.672499 -0.218508 -0.218508 0.672499
0.055 0.1 0.1 0.0275 -0.07 0.03 -0.672499 0.218508 0.218508 0.672499
0.055 0.1 0.1 0.0275 -0.07 0.03 -0.415627 0.572061 0.572061 0.415627
0.055 0.1 0.1 0.0275 0.07 0.05 -4.32978e-17 -0.707107 0.707107 -4.32978e-17
0.055 0.1 0.1 0.0275 0.07 0.05 -0.415627 -0.572061 0.572061 -0.415627
0.055 0.1 0.1 0.0275 0.07 0.05 0.672499 0.218508 -0.218508 0.672499
0.055 0.1 0.1 0.0275 0.07 0.05 0.672499 -0.218508 0.218508 0.672499
0.055 0.1 0.1 0.0275 0.07 0.05 0.415627 -0.572061 0.572061 0.415627
0.055 0.1 0.1 0.0275 -0.07 0.05 4.32978e-17 0.707107 0.707107 -4.32978e-17
0.055 0.1 0.1 0.0275 -0.07 0.05 0.415627 0.572061 0.572061 -0.415627
0.055 0.1 0.1 0.0275 -0.07 0.05 -0.672499 -0.218508 -0.218508 0.672499
0.055 0.1 0.1 0.0275 -0.07 0.05 -0.672499 0.218508 0.218508 0.672499
0.055 0.1 0.1 0.0275 -0.07 0.05 -0.415627 0.572061 0.572061 0.415627
0.055 0.1 0.1 -0.0275 -0.05 0.07 6.12323e-17 1 -6.12323e-17 3.7494e-33
0.055 0.1 0.1 -0.0275 -0.05 0.07 0.587785 0.809017 -4.9538e-17 3.59915e-17
0.055 0.1 0.1 -0.0275 -0.05 0.07 0.951057 0.309017 -1.89218e-17 5.82354e-17
0.055 0.1 0.1 -0.0275 -0.05 0.07 0.951057 -0.309017 1.89218e-17 5.82354e-17
0.055 0.1 0.1 -0.0275 -0.05 0.07 -0.587785 0.809017 -4.9538e-17 -3.59915e-17
0.055 0.1 0.1 -0.0275 -0.05 -0.07 0 0 1 -6.12323e-17
0.055 0.1 0.1 -0.0275 -0.05 -0.07 0 0 -0.809017 0.587785
0.055 0.1 0.1 -0.0275 -0.05 -0.07 0 0 -0.309017 0.951057
0.055 0.1 0.1 -0.0275 -0.05 -0.07 0 0 0.309017 0.951057
0.055 0.1 0.1 -0.0275 -0.05 -0.07 0 0 0.809017 0.587785
0.055 0.1 0.1 -0.0275 -0.03 0.07 6.12323e-17 1 -6.12323e-17 3.7494e-33
0.055 0.1 0.1 -0.0275 -0.03 0.07 0.587785 0.809017 -4.9538e-17 3.59915e-17
0.055 0.1 0.1 -0.0275 -0.03 0.07 0.951057 0.309017 -1.89218e-17 5.82354e-17
0.055 0.1 0.1 -0.0275 -0.03 0.07 0.951057 -0.309017 1.89218e-17 5.82354e-17
0.055 0.1 0.1 -0.0275 -0.03 0.07 -0.587785 0.809017 -4.9538e-17 -3.59915e-17
0.055 0.1 0.1 -0.0275 -0.03 -0.07 0 0 1 -6.12323e-17
0.055 0.1 0.1 -0.0275 -0.03 -0.07 0 0 -0.809017 0.587785
0.055 0.1 0.1 -0.0275 -0.03 -0.07 0 0 -0.309017 0.951057
0.055 0.1 0.1 -0.0275 -0.03 -0.07 0 0 0.309017 0.951057
0.055 0.1 0.1 -0.0275 -0.03 -0.07 0 0 0.809017 0.587785
0.055 0.1 0.1 -0.0275 -0.01 0.07 6.12323e-17 1 -6.12323e-17 3.7494e-33
0.055 0.1 0.1 -0.0275 -0.01 0.07 0.587785 0.809017 -4.9538e-17 3.59915e-17
0.055 0.1 0.1 -0.0275 -0.01 0.07 0.951057 0.309017 -1.89218e-17 5.82354e-17
0.055 0.1 0.1 -0.0275 -0.01 0.07 0.951057 -0.309017 1.89218e-17 5.82354e-17
0.055 0.1 0.1 -0.0275 -0.01 0.07 -0.587785 0.809017 -4.9538e-17 -3.59915e-17
0.055 0.1 0.1 -0.0275 -0.01 -0.07 0 0 1 -6.12323e-17
0.055 0.1 0.1 -0.0275 -0.01 -0.07 0 0 -0.809017 0.587785
0.055 0.1 0.1 -0.0275 -0.01 -0.07 0 0 -0.309017 0.951057
0.055 0.1 0.1 -0.0275 -0.01 -0.07 0 0 0.309017 0.951057
0.055 0.1 0.1 -0.0275 -0.01 -0.07 0 0 0.809017 0.587785
0.055 0.1 0.1 -0.0275 0.01 0.07 6.12323e-17 1 -6.12323e-17 3.7494e-33
0.055 0.1 0.1 -0.0275 0.01 0.07 0.587785 0.809017 -4.9538e-17 3.59915e-17
0.055 0.1 0.1 -0.0275 0.01 0.07 0.951057 0.309017 -1.89218e-17 5.82354e-17
0.055 0.1 0.1 -0.0275 0.01 0.07 0.951057 -0.309017 1.89218e-17 5.82354e-17
0.055 0.1 0.1 -0.0275 0.01 0.07 -0.587785 0.809017 -4.9538e-17 -3.59915e-17
0.055 0.1 0.1 -0.0275 0.01 -0.07 0 0 1 -6.12323e-17
0.055 0.1 0.1 -0.0275 0.01 -0.07 0 0 -0.809017 0.587785
0.055 0.1 0.1 -0.0275 0.01 -0.07 0 0 -0.309017 0.951057
0.055 0.1 0.1 -0.0275 0.01 -0.07 0 0 0.309017 0.951057
0.055 0.1 0.1 -0.0275 0.01 -0.07 0 0 0.809017 0.587785
0.055 0.1 0.1 -0.0275 0.03 0.07 6.12323e-17 1 -6.12323e-17 3.7494e-33
0.055 0.1 0.1 -0.0275 0.03 0.07 0.587785 0.809017 -4.9538e-17 3.59915e-17
0.055 0.1 0.1 -0.0275 0.03 0.07 0.951057 0.309017 -1.89218e-17 5.82354e-17
0.055 0.1 0.1 -0.0275 0.03 0.07 0.951057 -0.309017 1.89218e-17 5.82354e-17
0.055 0.1 0.1 -0.0275 0.03 0.07 -0.587785 0.809017 -4.9538e-17 -3.59915e-17
0.055 0.1 0.1 -0.0275 0.03 -0.07 0 0 1 -6.12323e-17
0.055 0.1 0.1 -0.0275 0.03 -0.07 0 0 -0.809017 0.587785
0.055 0.1 0.1 -0.0275 0.03 -0.07 0 0 -0.309017 0.951057
0.055 0.1 0.1 -0.0275 0.03 -0.07 0 0 0.309017 0.951057
0.055 0.1 0.1 -0.0275 0.03 -0.07 0 0 0.809017 0.587785
0.055 0.1 0.1 -0.0275 0.05 0.07 6.12323e-17 1 -6.12323e-17 3.7494e-33
0.055 0.1 0.1 -0.0275 0.05 0.07 0.587785 0.809017 -4.9538e-17 3.59915e-17
0.055 0.1 0.1 -0.0275 0.05 0.07 0.951057 0.309017 -1.89218e-17 5.82354e-17
0.055 0.1 0.1 -0.0275 0.05 0.07 0.951057 -0.309017 1.89218e-17 5.82354e-17
0.055 0.1 0.1 -0.0275 0.05 0.07 -0.587785 0.809017 -4.9538e-17 -3.59915e-17
0.055 0.1 0.1 -0.0275 0.05 -0.07 0 0 1 -6.12323e-17
0.055 0.1 0.1 -0.0275 0.05 -0.07 0 0 -0.809017 0.587785
0.055 0.1 0.1 -0.0275 0.05 -0.07 0 0 -0.309017 0.951057
0.055 0.1 0.1 -0.0275 0.05 -0.07 0 0 0.309017 0.951057
0.055 0.1 0.1 -0.0275 0.05 -0.07 0 0 0.809017 0.587785
0.055 0.1 0.1 -0.0165 -0.05 0.07 6.12323e-17 1 -6.12323e-17 3.7494e-33
0.055 0.1 0.1 -0.0165 -0.05 0.07 0.587785 0.809017 -4.9538e-17 3.59915e-17
0.055 0.1 0.1 -0.0165 -0.05 0.07 0.951057 0.309017 -1.89218e-17 5.82354e-17
0.055 0.1 0.1 -0.0165 -0.05 0.07 0.951057 -0.309017 1.89218e-17 5.82354e-17
0.055 0.1 0.1 -0.0165 -0.05 0.07 -0.587785 0.809017 -4.9538e-17 -3.59915e-17
0.055 0.1 0.1 -0.0165 -0.05 -0.07 0 0 1 -6.12323e-17
0.055 0.1 0.1 -0.0165 -0.05 -0.07 0 0 -0.809017 0.587785
0.055 0.1 0.1 -0.0165 -0.05 -0.07 0 0 -0.309017 0.951057
0.055 0.1 0.1 -0.0165 -0.05 -0.07 0 0 0.309017 0.951057
0.055 0.1 0.1 -0.0165 -0.05 -0.07 0 0 0.809017 0.587785
0.055 0.1 0.1 -0.0165 -0.03 0.07 6.12323e-17 1 -6.12323e-17 3.7494e-33
0.055 0.1 0.1 -0.0165 -0.03 0.07 0.587785 0.809017 -4.9538e-17 3.59915e-17
0.055 0.1 0.1 -0.0165 -0.03 0.07 0.951057 0.309017 -1.89218e-17 5.82354e-17
0.055 0.1 0.1 -0.0165 -0.03 0.07 0.951057 -0.309017 1.89218e-17 5.82354e-17
0.055 0.1 0.1 -0.0165 -0.03 0.07 -0.587785 0.809017 -4.9538e-17 -3.59915e-17
0.055 0.1 0.1 -0.0165 -0.03 -0.07 0 0 1 -6.12323e-17
0.055 0.1 0.1 -0.0165 -0.03 -0.07 0 0 -0.809017 0.587785
0.055 0.1 0.1 -0.0165 -0.03 -0.07 0 0 -0.309017 0.951057
0.055 0.1 0.1 -0.0165 -0.03 -0.07 0 0 0.309017 0.951057
0.055 0.1 0.1 -0.0165 -0.03 -0.07 0 0 0.809017 0.587785
0.055 0.1 0.1 -0.0165 -0.01 0.07 6.12323e-17 1 -6.12323e-17 3.7494e-33
0.055 0.1 0.1 -0.0165 -0.01 0.07 0.587785 0.809017 -4.9538e-17 3.59915e-17
0.055 0.1 0.1 -0.0165 -0.01 0.07 0.951057 0.309017 -1.89218e-17 5.82354e-17
0.055 0.1 0.1 -0.0165 -0.01 0.07 0.951057 -0.309017 1.89218e-17 5.82354e-17
0.055 0.1 0.1 -0.0165 -0.01 0.07 -0.587785 0.809017 -4.9538e-17 -3.59915e-17
0.055 0.1 0.1 -0.0165 -0.01 -0.07 0 0 1 -6.12323e-17
0.055 0.1 0.1 -0.0165 -0.01 -0.07 0 0 -0.809017 0.587785
0.055 0.1 0.1 -0.0165 -0.01 -0.07 0 0 -0.309017 0.951057
0.055 0.1 0.1 -0.0165 -0.01 -0.07 0 0 0.309017 0.951057
0.055 0.1 0.1 -0.0165 -0.01 -0.07 0 0 0.809017 0.587785
0.055 0.1 0.1 -0.0165 0.01 0.07 6.12323e-17 1 -6.12323e-17 3.7494e-33
0.055 0.1 0.1 -0.0165 0.01 0.07 0.587785 0.809017 -4.9538e-17 3.59915e-17
0.055 0.1 0.1 -0.0165 0.01 0.07 0.951057 0.309017 -1.89218e-17 5.82354e-17
0.055 0.1 0.1 -0.0165 0.01 0.07 0.951057 -0.309017 1.89218e-17 5.82354e-17
0.055 0.1 0.1 -0.0165 0.01 0.07 -0.587785 0.809017 -4.9538e-17 -3.59915e-17
0.055 0.1 0.1 -0.0165 0.01 -0.07 0 0 1 -6.12323e-17
0.055 0.1 0.1 -0.0165 0.01 -0.07 0 0 -0.809017 0.587785
0.055 0.1 0.1 -0.0165 0.01 -0.07 0 0 -0.309017 0.951057
0.055 0.1 0.1 -0.0165 0.01 -0.07 0 0 0.309017 0.951057
0.055 0.1 0.1 -0.0165 0.01 -0.07 0 0 0.809017 0.587785
0.055 0.1 0.1 -0.0165 0.03 0.07 6.12323e-17 1 -6.12323e-17 3.7494e-33
0.055 0.1 0.1 -0.0165 0.03 0.07 0.587785 0.809017 -4.9538e-17 3.59915e-17
0.055 0.1 0.1 -0.0165 0.03 0.07 0.951057 0.309017 -1.89218e-17 5.82354e-17
0.055 0.1 0.1 -0.0165 0.03 0.07 0.951057 -0.309017 1.89218e-17 5.82354e-17
0.055 0.1 0.1 -0.0165 0.03 0.07 -0.587785 0.809017 -4.9538e-17 -3.59915e-17
0.055 0.1 0.1 -0.0165 0.03 -0.07 0 0 1 -6.12323e-17
0.055 0.1 0.1 -0.0165 0.03 -0.07 0 0 -0.809017 0.587785
0.055 0.1 0.1 -0.0165 0.03 -0.07 0 0 -0.309017 0.951057
0.055 0.1 0.1 -0.0165 0.03 -0.07 0 0 0.309017 0.951057
0.055 0.1 0.1 -0.0165 0.03 -0.07 0 0 0.809017 0.587785
0.055 0.1 0.1 -0.0165 0.05 0.07 6.12323e-17 1 -6.12323e-17 3.7494e-33
0.055 0.1 0.1 -0.0165 0.05 0.07 0.587785 0.809017 -4.9538e-17 3.59915e-17
0.055 0.1 0.1 -0.0165 0.05 0.07 0.951057 0.309017 -1.89218e-17 5.82354e-17
0.055 0.1 0.1 -0.0165 0.05 0.07 0.951057 -0.309017 1.89218e-17 5.82354e-17
0.055 0.1 0.1 -0.0165 0.05 0.07 -0.587785 0.809017 -4.9538e-17 -3.59915e-17
0.055 0.1 0.1 -0.0165 0.05 -0.07 0 0 1 -6.12323e-17
0.055 0.1 0.1 -0.0165 0.05 -0.07 0 0 -0.809017 0.587785
0.055 0.1 0.1 -0.0165 0.05 -0.07 0 0 -0.309017 0.951057
0.055 0.1 0.1 -0.0165 0.05 -0.07 0 0 0.309017 0.951057
0.055 0.1 0.1 -0.0165 0.05 -0.07 0 0 0.809017 0.587785
0.055 0.1 0.1 -0.0055 -0.05 0.07 6.12323e-17 1 -6.12323e-17 3.7494e-33
0.055 0.1 0.1 -0.0055 -0.05 0.07 0.587785 0.809017 -4.9538e-17 3.59915e-17
0.055 0.1 0.1 -0.0055 -0.05 0.07 0.951057 0.309017 -1.89218e-17 5.82354e-17
0.055 0.1 0.1 -0.0055 -0.05 0.07 0.951057 -0.309017 1.89218e-17 5.82354e-17
0.055 0.1 0.1 -0.0055 -0.05 0.07 -0.587785 0.809017 -4.9538e-17 -3.59915e-17
0.055 0.1 0.1 -0.0055 -0.05 -0.07 0 0 1 -6.12323e-17
0.055 0.1 0.1 -0.0055 -0.05 -0.07 0 0 -0.809017 0.587785
0.055 0.1 0.1 -0.0055 -0.05 -0.07 0 0 -0.309017 0.951057
0.055 0.1 0.1 -0.0055 -0.05 -0.07 0 0 0.309017 0.951057
0.055 0.1 0.1 -0.0055 -0.05 -0.07 0 0 0.809017 0.587785
0.055 0.1 0.1 -0.0055 -0.03 0.07 6.12323e-17 1 -6.12323e-17 3.7494e-33
0.055 0.1 0.1 -0.0055 -0.03 0.07 0.587785 0.809017 -4.9538e-17 3.59915e-17
0.055 0.1 0.1 -0.0055 -0.03 0.07 0.951057 0.309017 -1.89218e-17 5.82354e-17
0.055 0.1 0.1 -0.0055 -0.03 0.07 0.951057 -0.309017 1.89218e-17 5.82354e-17
0.055 0.1 0.1 -0.0055 -0.03 0.07 -0.587785 0.809017 -4.9538e-17 -3.59915e-17
0.055 0.1 0.1 -0.0055 -0.03 -0.07 0 0 1 -6.12323e-17
0.055 0.1 0.1 -0.0055 -0.03 -0.07 0 0 -0.809017 0.587785
0.055 0.1 0.1 -0.0055 -0.03 -0.07 0 0 -0.309017 0.951057
0.055 0.1 0.1 -0.0055 -0.03 -0.07 0 0 0.309017 0.951057
0.055 0.1 0.1 -0.0055 -0.03 -0.07 0 0 0.809017 0.587785
0.055 0.1 0.1 -0.0055 -0.01 0.07 6.12323e-17 1 -6.12323e-17 3.7494e-33
0.055 0.1 0.1 -0.0055 -0.01 0.07 0.587785 0.809017 -4.9538e-17 3.59915e-17
0.055 0.1 0.1 -0.0055 -0.01 0.07 0.951057 0.309017 -1.89218e-17 5.82354e-17
0.055 0.1 0.1 -0.0055 -0.01 0.07 0.951057 -0.309017 1.89218e-17 5.82354e-17
0.055 0.1 0.1 -0.0055 -0.01 0.07 -0.587785 0.809017 -4.9538e-17 -3.59915e-17
0.055 0.1 0.1 -0.0055 -0.01 -0.07 0 0 1 -6.12323e-17
0.055 0.1 0.1 -0.0055 -0.01 -0.07 0 0 -0.809017 0.587785
0.055 0.1 0.1 -0.0055 -0.01 -0.07 0 0 -0.309017 0.951057
0.055 0.1 0.1 -0.0055 -0.01 -0.07 0 0 0.309017 0.951057
0.055 0.1 0.1 -0.0055 -0.01 -0.07 0 0 0.809017 0.587785
0.055 0.1 0.1 -0.0055 0.01 0.07 6.12323e-17 1 -6.12323e-17 3.7494e-33
0.055 0.1 0.1 -0.0055 0.01 0.07 0.587785 0.809017 -4.9538e-17 3.59915e-17
0.055 0.1 0.1 -0.0055 0.01 0.07 0.951057 0.309017 -1.89218e-17 5.82354e-17
0.055 0.1 0.1 -0.0055 0.01 0.07 0.951057 -0.309017 1.89218e-17 5.82354e-17
0.055 0.1 0.1 -0.0055 0.01 0.07 -0.587785 0.809017 -4.9538e-17 -3.59915e-17
0.055 0.1 0.1 -0.0055 0.01 -0.07 0 0 1 -6.12323e-17
0.055 0.1 0.1 -0.0055 0.01 -0.07 0 0 -0.809017 0.587785
0.055 0.1 0.1 -0.0055 0.01 -0.07 0 0 -0.309017 0.951057
0.055 0.1 0.1 -0.0055 0.01 -0.07 0 0 0.309017 0.951057
0.055 0.1 0.1 -0.0055 0.01 -0.07 0 0 0.809017 0.587785
0.055 0.1 0.1 -0.0055 0.03 0.07 6.12323e-17 1 -6.12323e-17 3.7494e-33
0.055 0.1 0.1 -0.0055 0.03 0.07 0.587785 0.809017 -4.9538e-17 3.59915e-17
0.055 0.1 0.1 -0.0055 0.03 0.07 0.951057 0.309017 -1.89218e-17 5.82354e-17
0.055 0.1 0.1 -0.0055 0.03 0.07 0.951057 -0.309017 1.89218e-17 5.82354e-17
0.055 0.1 0.1 -0.0055 0.03 0.07 -0.587785 0.809017 -4.9538e-17 -3.59915e-17
0.055 0.1 0.1 -0.0055 0.03 -0.07 0 0 1 -6.12323e-17
0.055 0.1 0.1 -0.0055 0.03 -0.07 0 0 -0.809017 0.587785
0.055 0.1 0.1 -0.0055 0.03 -0.07 0 0 -0.309017 0.951057
0.055 0.1 0.1 -0.0055 0.03 -0.07 0 0 0.309017 0.951057
0.055 0.1 0.1 -0.0055 0.03 -0.07 0 0 0.809017 0.587785
0.055 0.1 0.1 -0.0055 0.05 0.07 6.12323e-17 1 -6.12323e-17 3.7494e-33
0.055 0.1 0.1 -0.0055 0.05 0.07 0.587785 0.809017 -4.9538e-17 3.59915e-17
0.055 0.1 0.1 -0.0055 0.05 0.07 0.951057 0.309017 -1.89218e-17 5.82354e-17
0.055 0.1 0.1 -0.0055 0.05 0.07 0.951057 -0.309017 1.89218e-17 5.82354e-17
0.055 0.1 0.1 -0.0055 0.05 0.07 -0.587785 0.809017 -4.9538e-17 -3.59915e-17
0.055 0.1 0.1 -0.0055 0.05 -0.07 0 0 1 -6.12323e-17
0.055 0.1 0.1 -0.0055 0.05 -0.07 0 0 -0.809017 0.587785
0.055 0.1 0.1 -0.0055 0.05 -0.07 0 0 -0.309017 0.951057
0.055 0.1 0.1 -0.0055 0.05 -0.07 0 0 0.309017 0.951057
0.055 0.1 0.1 -0.0055 0.05 -0.07 0 0 0.809017 0.587785
0.055 0.1 0.1 0.0055 -0.05 0.07 6.12323e-17 1 -6.12323e-17 3.7494e-33
0.055 0.1 0.1 0.0055 -0.05 0.07 0.587785 0.809017 -4.9538e-17 3.59915e-17
0.055 0.1 0.1 0.0055 -0.05 0.07 0.951057 0.309017 -1.89218e-17 5.82354e-17
0.055 0.1 0.1 0.0055 -0.05 0.07 0.951057 -0.309017 1.89218e-17 5.82354e-17
0.055 0.1 0.1 0.0055 -0.05 0.07 -0.587785 0.809017 -4.9538e-17 -3.59915e-17
0.055 0.1 0.1 0.0055 -0.05 -0.07 0 0 1 -6.12323e-17
0.055 0.1 0.1 0.0055 -0.05 -0.07 0 0 -0.809017 0.587785
0.055 0.1 0.1 0.0055 -0.05 -0.07 0 0 -0.309017 0.951057
0.055 0.1 0.1 0.0055 -0.05 -0.07 0 0 0.309017 0.951057
0.055 0.1 0.1 0.0055 -0.05 -0.07 0 0 0.809017 0.587785
0.055 0.1 0.1 0.0055 -0.03 0.07 6.12323e-17 1 -6.12323e-17 3.7494e-33
0.055 0.1 0.1 0.0055 -0.03 0.07 0.587785 0.809017 -4.9538e-17 3.59915e-17
0.055 0.1 0.1 0.0055 -0.03 0.07 0.951057 0.309017 -1.89218e-17 5.82354e-17
0.055 0.1 0.1 0.0055 -0.03 0.07 0.951057 -0.309017 1.89218e-17 5.82354e-17
0.055 0.1 0.1 0.0055 -0.03 0.07 -0.587785 0.809017 -4.9538e-17 -3.59915e-17
0.055 0.1 0.1 0.0055 -0.03 -0.07 0 0 1 -6.12323e-17
0.055 0.1 0.1 0.0055 -0.03 -0.07 0 0 -0.809017 0.587785
0.055 0.1 0.1 0.0055 -0.03 -0.07 0 0 -0.309017 0.951057
0.055 0.1 0.1 0.0055 -0.03 -0.07 0 0 0.309017 0.951057
0.055 0.1 0.1 0.0055 -0.03 -0.07 0 0 0.809017 0.587785
0.055 0.1 0.1 0.0055 -0.01 0.07 6.12323e-17 1 -6.12323e-17 3.7494e-33
0.055 0.1 0.1 0.0055 -0.01 0.07 0.587785 0.809017 -4.9538e-17 3.59915e-17
0.055 0.1 0.1 0.0055 -0.01 0.07 0.951057 0.309017 -1.89218e-17 5.82354e-17
0.055 0.1 0.1 0.0055 -0.01 0.07 0.951057 -0.309017 1.89218e-17 5.82354e-17
0.055 0.1 0.1 0.0055 -0.01 0.07 -0.587785 0.809017 -4.9538e-17 -3.59915e-17
0.055 0.1 0.1 0.0055 -0.01 -0.07 0 0 1 -6.12323e-17
0.055 0.1 0.1 0.0055 -0.01 -0.07 0 0 -0.809017 0.587785
0.055 0.1 0.1 0.0055 -0.01 -0.07 0 0 -0.309017 0.951057
0.055 0.1 0.1 0.0055 -0.01 -0.07 0 0 0.309017 0.951057
0.055 0.1 0.1 0.0055 -0.01 -0.07 0 0 0.809017 0.587785
0.055 0.1 0.1 0.0055 0.01 0.07 6.12323e-17 1 -6.12323e-17 3.7494e-33
0.055 0.1 0.1 0.0055 0.01 0.07 0.587785 0.809017 -4.9538e-17 3.59915e-17
0.055 0.1 0.1 0.0055 0.01 0.07 0.951057 0.309017 -1.89218e-17 5.82354e-17
0.055 0.1 0.1 0.0055 0.01 0.07 0.951057 -0.309017 1.89218e-17 5.82354e-17
0.055 0.1 0.1 0.0055 0.01 0.07 -0.587785 0.809017 -4.9538e-17 -3.59915e-17
0.055 0.1 0.1 0.0055 0.01 -0.07 0 0 1 -6.12323e-17
0.055 0.1 0.1 0.0055 0.01 -0.07 0 0 -0.809017 0.587785
0.055 0.1 0.1 0.0055 0.01 -0.07 0 0 -0.309017 0.951057
0.055 0.1 0.1 0.0055 0.01 -0.07 0 0 0.309017 0.951057
0.055 0.1 0.1 0.0055 0.01 -0.07 0 0 0.809017 0.587785
0.055 0.1 0.1 0.0055 0.03 0.07 6.12323e-17 1 -6.12323e-17 3.7494e-33
0.055 0.1 0.1 0.0055 0.03 0.07 0.587785 0.809017 -4.9538e-17 3.59915e-17
0.055 0.1 0.1 0.0055 0.03 0.07 0.951057 0.309017 -1.89218e-17 5.82354e-17
0.055 0.1 0.1 0.0055 0.03 0.07 0.951057 -0.309017 1.89218e-17 5.82354e-17
0.055 0.1 0.1 0.0055 0.03 0.07 -0.587785 0.809017 -4.9538e-17 -3.59915e-17
0.055 0.1 0.1 0.0055 0.03 -0.07 0 0 1 -6.12323e-17
0.055 0.1 0.1 0.0055 0.03 -0.07 0 0 -0.809017 0.587785
0.055 0.1 0.1 0.0055 0.03 -0.07 0 0 -0.309017 0.951057
0.055 0.1 0.1 0.0055 0.03 -0.07 0 0 0.309017 0.951057
0.055 0.1 0.1 0.0055 0.03 -0.07 0 0 0.809017 0.587785
0.055 0.1 0.1 0.0055 0.05 0.07 6.12323e-17 1 -6.12323e-17 3.7494e-33
0.055 0.1 0.1 0.0055 0.05 0.07 0.587785 0.809017 -4.9538e-17 3.59915e-17
0.055 0.1 0.1 0.0055 0.05 0.07 0.951057 0.309017 -1.89218e-17 5.82354e-17
0.055 0.1 0.1 0.0055 0.05 0.07 0.951057 -0.309017 1.89218e-17 5.82354e-17
0.055 0.1 0.1 0.0055 0.05 0.07 -0.587785 0.809017 -4.9538e-17 -3.59915e-17
0.055 0.1 0.1 0.0055 0.05 -0.07 0 0 1 -6.12323e-17
0.055 0.1 0.1 0.0055 0.05 -0.07 0 0 -0.809017 0.587785
0.055 0.1 0.1 0.0055 0.05 -0.07 0 0 -0.309017 0.951057
0.055 0.1 0.1 0.0055 0.05 -0.07 0 0 0.309017 0.951057
0.055 0.1 0.1 0.0055 0.05 -0.07 0 0 0.809017 0.587785
0.055 0.1 0.1 0.0165 -0.05 0.07 6.12323e-17 1 -6.12323e-17 3.7494e-33
0.055 0.1 0.1 0.0165 -0.05 0.07 0.587785 0.809017 -4.9538e-17 3.59915e-17
0.055 0.1 0.1 0.0165 -0.05 0.07 0.951057 0.309017 -1.89218e-17 5.82354e-17
0.055 0.1 0.1 0.0165 -0.05 0.07 0.951057 -0.309017 1.89218e-17 5.82354e-17
0.055 0.1 0.1 0.0165 -0.05 0.07 -0.587785 0.809017 -4.9538e-17 -3.59915e-17
0.055 0.1 0.1 0.0165 -0.05 -0.07 0 0 1 -6.12323e-17
0.055 0.1 0.1 0.0165 -0.05 -0.07 0 0 -0.809017 0.587785
0.055 0.1 0.1 0.0165 -0.05 -0.07 0 0 -0.309017 0.951057
0.055 0.1 0.1 0.0165 -0.05 -0.07 0 0 0.309017 0.951057
0.055 0.1 0.1 0.0165 -0.05 -0.07 0 0 0.809017 0.587785
0.055 0.1 0.1 0.0165 -0.03 0.07 6.12323e-17 1 -6.12323e-17 3.7494e-33
0.055 0.1 0.1 0.0165 -0.03 0.07 0.587785 0.809017 -4.9538e-17 3.59915e-17
0.055 0.1 0.1 0.0165 -0.03 0.07 0.951057 0.309017 -1.89218e-17 5.82354e-17
0.055 0.1 0.1 0.0165 -0.03 0.07 0.951057 -0.309017 1.89218e-17 5.82354e-17
0.055 0.1 0.1 0.0165 -0.03 0.07 -0.587785 0.809017 -4.9538e-17 -3.59915e-17
0.055 0.1 0.1 0.0165 -0.03 -0.07 0 0 1 -6.12323e-17
0.055 0.1 0.1 0.0165 -0.03 -0.07 0 0 -0.809017 0.587785
0.055 0.1 0.1 0.0165 -0.03 -0.07 0 0 -0.309017 0.951057
0.055 0.1 0.1 0.0165 -0.03 -0.07 0 0 0.309017 0.951057
0.055 0.1 0.1 0.0165 -0.03 -0.07 0 0 0.809017 0.587785
0.055 0.1 0.1 0.0165 -0.01 0.07 6.12323e-17 1 -6.12323e-17 3.7494e-33
0.055 0.1 0.1 0.0165 -0.01 0.07 0.587785 0.809017 -4.9538e-17 3.59915e-17
0.055 0.1 0.1 0.0165 -0.01 0.07 0.951057 0.309017 -1.89218e-17 5.82354e-17
0.055 0.1 0.1 0.0165 -0.01 0.07 0.951057 -0.309017 1.89218e-17 5.82354e-17
0.055 0.1 0.1 0.0165 -0.01 0.07 -0.587785 0.809017 -4.9538e-17 -3.59915e-17
0.055 0.1 0.1 0.0165 -0.01 -0.07 0 0 1 -6.12323e-17
0.055 0.1 0.1 0.0165 -0.01 -0.07 0 0 -0.809017 0.587785
0.055 0.1 0.1 0.0165 -0.01 -0.07 0 0 -0.309017 0.951057
0.055 0.1 0.1 0.0165 -0.01 -0.07 0 0 0.309017 0.951057
0.055 0.1 0.1 0.0165 -0.01 -0.07 0 0 0.809017 0.587785
0.055 0.1 0.1 0.0165 0.01 0.07 6.12323e-17 1 -6.12323e-17 3.7494e-33
0.055 0.1 0.1 0.0165 0.01 0.07 0.587785 0.809017 -4.9538e-17 3.59915e-17
0.055 0.1 0.1 0.0165 0.01 0.07 0.951057 0.309017 -1.89218e-17 5.82354e-17
0.055 0.1 0.1 0.0165 0.01 0.07 0.951057 -0.309017 1.89218e-17 5.82354e-17
0.055 0.1 0.1 0.0165 0.01 0.07 -0.587785 0.809017 -4.9538e-17 -3.59915e-17
0.055 0.1 0.1 0.0165 0.01 -0.07 0 0 1 -6.12323e-17
0.055 0.1 0.1 0.0165 0.01 -0.07 0 0 -0.809017 0.587785
0.055 0.1 0.1 0.0165 0.01 -0.07 0 0 -0.309017 0.951057
0.055 0.1 0.1 0.0165 0.01 -0.07 0 0 0.309017 0.951057
0.055 0.1 0.1 0.0165 0.01 -0.07 0 0 0.809017 0.587785
0.055 0.1 0.1 0.0165 0.03 0.07 6.12323e-17 1 -6.12323e-17 3.7494e-33
0.055 0.1 0.1 0.0165 0.03 0.07 0.587785 0.809017 -4.9538e-17 3.59915e-17
0.055 0.1 0.1 0.0165 0.03 0.07 0.951057 0.309017 -1.89218e-17 5.82354e-17
0.055 0.1 0.1 0.0165 0.03 0.07 0.951057 -0.309017 1.89218e-17 5.82354e-17
0.055 0.1 0.1 0.0165 0.03 0.07 -0.587785 0.809017 -4.9538e-17 -3.59915e-17
0.055 0.1 0.1 0.0165 0.03 -0.07 0 0 1 -6.12323e-17
0.055 0.1 0.1 0.0165 0.03 -0.07 0 0 -0.809017 0.587785
0.055 0.1 0.1 0.0165 0.03 -0.07 0 0 -0.309017 0.951057
0.055 0.1 0.1 0.0165 0.03 -0.07 0 0 0.309017 0.951057
0.055 0.1 0.1 0.0165 0.03 -0.07 0 0 0.809017 0.587785
0.055 0.1 0.1 0.0165 0.05 0.07 6.12323e-17 1 -6.12323e-17 3.7494e-33
0.055 0.1 0.1 0.0165 0.05 0.07 0.587785 0.809017 -4.9538e-17 3.59915e-17
0.055 0.1 0.1 0.0165 0.05 0.07 0.951057 0.309017 -1.89218e-17 5.82354e-17
0.055 0.1 0.1 0.0165 0.05 0.07 0.951057 -0.309017 1.89218e-17 5.82354e-17
0.055 0.1 0.1 0.0165 0.05 0.07 -0.587785 0.809017 -4.9538e-17 -3.59915e-17
0.055 0.1 0.1 0.0165 0.05 -0.07 0 0 1 -6.12323e-17
0.055 0.1 0.1 0.0165 0.05 -0.07 0 0 -0.809017 0.587785
0.055 0.1 0.1 0.0165 0.05 -0.07 0 0 -0.309017 0.951057
0.055 0.1 0.1 0.0165 0.05 -0.07 0 0 0.309017 0.951057
0.055 0.1 0.1 0.0165 0.05 -0.07 0 0 0.809017 0.587785
0.055 0.1 0.1 0.0275 -0.05 0.07 6.12323e-17 1 -6.12323e-17 3.7494e-33
0.055 0.1 0.1 0.0275 -0.05 0.07 0.587785 0.809017 -4.9538e-17 3.59915e-17
0.055 0.1 0.1 0.0275 -0.05 0.07 0.951057 0.309017 -1.89218e-17 5.82354e-17
0.055 0.1 0.1 0.0275 -0.05 0.07 0.951057 -0.309017 1.89218e-17 5.82354e-17
0.055 0.1 0.1 0.0275 -0.05 0.07 -0.587785 0.809017 -4.9538e-17 -3.59915e-17
0.055 0.1 0.1 0.0275 -0.05 -0.07 0 0 1 -6.12323e-17
0.055 0.1 0.1 0.0275 -0.05 -0.07 0 0 -0.809017 0.587785
0.055 0.1 0.1 0.0275 -0.05 -0.07 0 0 -0.309017 0.951057
0.055 0.1 0.1 0.0275 -0.05 -0.07 0 0 0.309017 0.951057
0.055 0.1 0.1 0.0275 -0.05 -0.07 0 0 0.809017 0.587785
0.055 0.1 0.1 0.0275 -0.03 0.07 6.12323e-17 1 -6.12323e-17 3.7494e-33
0.055 0.1 0.1 0.0275 -0.03 0.07 0.587785 0.809017 -4.9538e-17 3.59915e-17
0.055 0.1 0.1 0.0275 -0.03 0.07 0.951057 0.309017 -1.89218e-17 5.82354e-17
0.055 0.1 0.1 0.0275 -0.03 0.07 0.951057 -0.309017 1.89218e-17 5.82354e-17
0.055 0.1 0.1 0.0275 -0.03 0.07 -0.587785 0.809017 -4.9538e-17 -3.59915e-17
0.055 0.1 0.1 0.0275 -0.03 -0.07 0 0 1 -6.12323e-17
0.055 0.1 0.1 0.0275 -0.03 -0.07 0 0 -0.809017 0.587785
0.055 0.1 0.1 0.0275 -0.03 -0.07 0 0 -0.309017 0.951057
0.055 0.1 0.1 0.0275 -0.03 -0.07 0 0 0.309017 0.951057
0.055 0.1 0.1 0.0275 -0.03 -0.07 0 0 0.809017 0.587785
0.055 0.1 0.1 0.0275 -0.01 0.07 6.12323e-17 1 -6.12323e-17 3.7494e-33
0.055 0.1 0.1 0.0275 -0.01 0.07 0.587785 0.809017 -4.9538e-17 3.59915e-17
0.055 0.1 0.1 0.0275 -0.01 0.07 0.951057 0.309017 -1.89218e-17 5.82354e-17
0.055 0.1 0.1 0.0275 -0.01 0.07 0.951057 -0.309017 1.89218e-17 5.82354e-17
0.055 0.1 0.1 0.0275 -0.01 0.07 -0.587785 0.809017 -4.9538e-17 -3.59915e-17
0.055 0.1 0.1 0.0275 -0.01 -0.07 0 0 1 -6.12323e-17
0.055 0.1 0.1 0.0275 -0.01 -0.07 0 0 -0.809017 0.587785
0.055 0.1 0.1 0.0275 -0.01 -0.07 0 0 -0.309017 0.951057
0.055 0.1 0.1 0.0275 -0.01 -0.07 0 0 0.309017 0.951057
0.055 0.1 0.1 0.0275 -0.01 -0.07 0 0 0.809017 0.587785
0.055 0.1 0.1 0.0275 0.01 0.07 6.12323e-17 1 -6.12323e-17 3.7494e-33
0.055 0.1 0.1 0.0275 0.01 0.07 0.587785 0.809017 -4.9538e-17 3.59915e-17
0.055 0.1 0.1 0.0275 0.01 0.07 0.951057 0.309017 -1.89218e-17 5.82354e-17
0.055 0.1 0.1 0.0275 0.01 0.07 0.951057 -0.309017 1.89218e-17 5.82354e-17
0.055 0.1 0.1 0.0275 0.01 0.07 -0.587785 0.809017 -4.9538e-17 -3.59915e-17
0.055 0.1 0.1 0.0275 0.01 -0.07 0 0 1 -6.12323e-17
0.055 0.1 0.1 0.0275 0.01 -0.07 0 0 -0.809017 0.587785
0.055 0.1 0.1 0.0275 0.01 -0.07 0 0 -0.309017 0.951057
0.055 0.1 0.1 0.0275 0.01 -0.07 0 0 0.309017 0.951057
0.055 0.1 0.1 0.0275 0.01 -0.07 0 0 0.809017 0.587785
0.055 0.1 0.1 0.0275 0.03 0.07 6.12323e-17 1 -6.12323e-17 3.7494e-33
0.055 0.1 0.1 0.0275 0.03 0.07 0.587785 0.809017 -4.9538e-17 3.59915e-17
0.055 0.1 0.1 0.0275 0.03 0.07 0.951057 0.309017 -1.89218e-17 5.82354e-17
0.055 0.1 0.1 0.0275 0.03 0.07 0.951057 -0.309017 1.89218e-17 5.82354e-17
0.055 0.1 0.1 0.0275 0.03 0.07 -0.587785 0.809017 -4.9538e-17 -3.59915e-17
0.055 0.1 0.1 0.0275 0.03 -0.07 0 0 1 -6.12323e-17
0.055 0.1 0.1 0.0275 0.03 -0.07 0 0 -0.809017 0.587785
0.055 0.1 0.1 0.0275 0.03 -0.07 0 0 -0.309017 0.951057
0.055 0.1 0.1 0.0275 0.03 -0.07 0 0 0.309017 0.951057
0.055 0.1 0.1 0.0275 0.03 -0.07 0 0 0.809017 0.587785
0.055 0.1 0.1 0.0275 0.05 0.07 6.12323e-17 1 -6.12323e-17 3.7494e-33
0.055 0.1 0.1 0.0275 0.05 0.07 0.587785 0.809017 -4.9538e-17 3.59915e-17
0.055 0.1 0.1 0.0275 0.05 0.07 0.951057 0.309017 -1.89218e-17 5.82354e-17
0.055 0.1 0.1 0.0275 0.05 0.07 0.951057 -0.309017 1.89218e-17 5.82354e-17
0.055 0.1 0.1 0.0275 0.05 0.07 -0.587785 0.809017 -4.9538e-17 -3.59915e-17
0.055 0.1 0.1 0.0275 0.05 -0.07 0 0 1 -6.12323e-17
0.055 0.1 0.1 0.0275 0.05 -0.07 0 0 -0.809017 0.587785
0.055 0.1 0.1 0.0275 0.05 -0.07 0 0 -0.309017 0.951057
0.055 0.1 0.1 0.0275 0.05 -0.07 0 0 0.309017 0.951057
0.055 0.1 0.1 0.0275 0.05 -0.07 0 0 0.809017 0.587785
