0.782063 0.075 0.075 0.048 0.0375 -0.0375 0.044 0.809017 -0.587785 -3.59914e-17 4.9538e-17 
0.766562 0.075 0.075 0.048 -0.0375 0.0375 0.044 0.809017 0.587785 3.59914e-17 4.9538e-17 
0.762465 0.075 0.075 0.048 -0.0375 0.0375 0.044 0.587785 0.809017 -4.9538e-17 3.59915e-17 
0.564949 0.075 0.075 0.048 0.0375 -0.03 0.044 0.809017 -0.587785 -3.59914e-17 4.9538e-17 
0.550426 0.075 0.075 0.048 -0.0375 0.03 0.044 0.587785 0.809017 -4.9538e-17 3.59915e-17 
0.465275 0.075 0.075 0.048 0.0375 0.0225 0.044 0.809017 -0.587785 -3.59914e-17 4.9538e-17 
0.455389 0.075 0.075 0.048 0.0375 0.03 0.044 0.809017 -0.587785 -3.59914e-17 4.9538e-17 
0.453643 0.075 0.075 0.048 -0.0375 0.03 0.044 0.809017 0.587785 3.59914e-17 4.9538e-17 
0.453638 0.075 0.075 0.048 -0.0375 -0.03 0.044 0.587785 0.809017 -4.9538e-17 3.59915e-17 
0.45194 0.075 0.075 0.048 -0.0375 -0.0225 0.044 0.587785 0.809017 -4.9538e-17 3.59915e-17 
0.450134 0.075 0.075 0.048 0.0375 0.015 0.044 0.809017 -0.587785 -3.59914e-17 4.9538e-17 
0.438341 0.075 0.075 0.048 0.0375 -0.0225 0.044 0.809017 -0.587785 -3.59914e-17 4.9538e-17 
0.431284 0.075 0.075 0.048 -0.0375 -0.015 0.044 0.587785 0.809017 -4.9538e-17 3.59915e-17 
0.430073 0.075 0.075 0.048 -0.0375 -0.03 0.044 0.309017 0.951057 -5.82354e-17 1.89218e-17 
0.429964 0.075 0.075 0.048 -0.0375 -0.0375 0.044 0.587785 0.809017 -4.9538e-17 3.59915e-17 
0.425447 0.075 0.075 0.048 -0.0375 0.0225 0.044 0.587785 0.809017 -4.9538e-17 3.59915e-17 
0.423877 0.075 0.075 0.048 0.0375 0.0375 0.044 0.951057 -0.309017 -1.89218e-17 5.82354e-17 
0.422158 0.075 0.075 0.048 0.0375 0.03 0.044 0.951057 -0.309017 -1.89218e-17 5.82354e-17 
0.420432 0.075 0.075 0.048 0.0375 0.0075 0.044 0.809017 -0.587785 -3.59914e-17 4.9538e-17 
0.418902 0.075 0.075 0.048 -0.0375 -0.0375 0.044 0.309017 0.951057 -5.82354e-17 1.89218e-17 
0.412171 0.075 0.075 0.048 0.0375 0.0375 0.044 0.809017 -0.587785 -3.59914e-17 4.9538e-17 
0.400352 0.075 0.075 0.048 -0.0375 -0.0075 0.044 0.587785 0.809017 -4.9538e-17 3.59915e-17 
0.399526 0.075 0.075 0.048 -0.03 0.0375 0.044 0.809017 0.587785 3.59914e-17 4.9538e-17 
0.390657 0.075 0.075 0.048 -0.0075 -0.03 0.044 0.309017 0.951057 -5.82354e-17 1.89218e-17 
0.388747 0.075 0.075 0.048 0.0375 0 0.044 0.809017 -0.587785 -3.59914e-17 4.9538e-17 
0.380414 0.075 0.075 0.048 -0.0375 -0.0225 0.044 0.309017 0.951057 -5.82354e-17 1.89218e-17 
0.380081 0.075 0.075 0.048 0.0375 -0.015 0.044 0.809017 -0.587785 -3.59914e-17 4.9538e-17 
0.370703 0.075 0.075 0.048 -0.015 -0.03 0.044 0.309017 0.951057 -5.82354e-17 1.89218e-17 
0.370087 0.075 0.075 0.048 -0.0375 0 0.044 0.587785 0.809017 -4.9538e-17 3.59915e-17 
0.369747 0.075 0.075 0.048 0.0375 -0.0075 0.044 0.809017 -0.587785 -3.59914e-17 4.9538e-17 
0.36631 0.075 0.075 0.048 -0.0375 0.015 0.044 0.587785 0.809017 -4.9538e-17 3.59915e-17 
0.364231 0.075 0.075 0.048 0.0375 0.0225 0.044 0.951057 -0.309017 -1.89218e-17 5.82354e-17 
0.355099 0.075 0.075 0.048 -0.0075 -0.0375 0.044 0.309017 0.951057 -5.82354e-17 1.89218e-17 
0.353646 0.075 0.075 0.048 -0.0375 0.0075 0.044 0.587785 0.809017 -4.9538e-17 3.59915e-17 
0.350717 0.075 0.075 0.048 0.0375 -0.0375 0.044 -0.587785 0.809017 -4.9538e-17 -3.59915e-17 
0.341353 0.075 0.075 0.048 -0.015 -0.0375 0.044 0.309017 0.951057 -5.82354e-17 1.89218e-17 
0.318872 0.075 0.075 0.048 0.03 -0.0375 0.044 0.809017 -0.587785 -3.59914e-17 4.9538e-17 
0.314644 0.075 0.075 0.048 -0.03 0.0375 0.044 0.587785 0.809017 -4.9538e-17 3.59915e-17 
0.30977 0.075 0.075 0.048 0.015 0.03 0.044 0.951057 -0.309017 -1.89218e-17 5.82354e-17 
0.305599 0.075 0.075 0.048 -0.0225 -0.03 0.044 0.309017 0.951057 -5.82354e-17 1.89218e-17 
0.304725 0.075 0.075 0.048 0.0075 0.03 0.044 0.951057 -0.309017 -1.89218e-17 5.82354e-17 
0.293013 0.075 0.075 0.048 -0.03 -0.03 0.044 0.309017 0.951057 -5.82354e-17 1.89218e-17 
0.287292 0.075 0.075 0.048 0.03 -0.0375 0.044 -0.587785 0.809017 -4.9538e-17 -3.59915e-17 
0.282784 0.075 0.075 0.048 -0.0225 -0.0375 0.044 0.309017 0.951057 -5.82354e-17 1.89218e-17 
0.277575 0.075 0.075 0.048 -0.0375 -0.015 0.044 0.309017 0.951057 -5.82354e-17 1.89218e-17 
0.27647 0.075 0.075 0.048 -0.03 -0.0375 0.044 0.309017 0.951057 -5.82354e-17 1.89218e-17 
0.273852 0.075 0.075 0.048 0.03 0.03 0.044 0.951057 -0.309017 -1.89218e-17 5.82354e-17 
0.272708 0.075 0.075 0.048 -0.0225 -0.0225 0.044 0.309017 0.951057 -5.82354e-17 1.89218e-17 
0.267845 0.075 0.075 0.048 0.0225 0.03 0.044 0.951057 -0.309017 -1.89218e-17 5.82354e-17 
0.267617 0.075 0.075 0.048 0 -0.03 0.044 0.309017 0.951057 -5.82354e-17 1.89218e-17 
0.261724 0.075 0.075 0.048 0.0225 0.0225 0.044 0.951057 -0.309017 -1.89218e-17 5.82354e-17 
0.261075 0.075 0.075 0.048 0.0375 0.015 0.044 0.951057 -0.309017 -1.89218e-17 5.82354e-17 
0.251311 0.075 0.075 0.048 -0.03 -0.0225 0.044 0.309017 0.951057 -5.82354e-17 1.89218e-17 
0.244598 0.075 0.075 0.048 -0.03 0.03 0.044 0.809017 0.587785 3.59914e-17 4.9538e-17 
0.241418 0.075 0.075 0.048 0.03 0.0375 0.044 0.951057 -0.309017 -1.89218e-17 5.82354e-17 
0.241383 0.075 0.075 0.048 0.03 0.0225 0.044 0.951057 -0.309017 -1.89218e-17 5.82354e-17 
0.22713 0.075 0.075 0.048 -0.0375 0.0225 0.044 0.809017 0.587785 3.59914e-17 4.9538e-17 
0.226814 0.075 0.075 0.048 0 -0.0375 0.044 0.309017 0.951057 -5.82354e-17 1.89218e-17 
0.20693 0.075 0.075 0.048 0.015 0.0375 0.044 0.951057 -0.309017 -1.89218e-17 5.82354e-17 
0.200339 0.075 0.075 0.048 0.0225 0.0375 0.044 0.951057 -0.309017 -1.89218e-17 5.82354e-17 
0.167048 0.075 0.075 0.048 0.03 -0.03 0.044 0.809017 -0.587785 -3.59914e-17 4.9538e-17 
0.166949 0.075 0.075 0.048 0.0075 0.0375 0.044 0.951057 -0.309017 -1.89218e-17 5.82354e-17 
0.16479 0.075 0.075 0.048 -0.03 0.03 0.044 0.587785 0.809017 -4.9538e-17 3.59915e-17 
0.157701 0.075 0.075 0.048 0 0.03 0.044 0.951057 -0.309017 -1.89218e-17 5.82354e-17 
0.1477 0.075 0.075 0.048 0.0225 0 0.044 -0.587785 0.809017 -4.9538e-17 -3.59915e-17 
0.141826 0.075 0.075 0.048 0.0225 -0.0075 0.044 -0.587785 0.809017 -4.9538e-17 -3.59915e-17 
0.141142 0.075 0.075 0.048 -0.03 0.0225 0.044 0.809017 0.587785 3.59914e-17 4.9538e-17 
0.140119 0.075 0.075 0.048 0.0375 0.0225 0.044 1 0 0 6.12323e-17 
0.139893 0.075 0.075 0.048 0.03 -0.03 0.044 -0.587785 0.809017 -4.9538e-17 -3.59915e-17 
0.138504 0.075 0.075 0.048 -0.0375 -0.0225 0.044 6.12323e-17 1 -6.12323e-17 3.7494e-33 
0.138377 0.075 0.075 0.048 -0.0375 0.0375 0.044 0.951057 0.309017 1.89218e-17 5.82354e-17 
0.138096 0.075 0.075 0.048 0.03 0.015 0.044 0.809017 -0.587785 -3.59914e-17 4.9538e-17 
0.132306 0.075 0.075 0.048 -0.03 -0.015 0.044 0.587785 0.809017 -4.9538e-17 3.59915e-17 
0.131249 0.075 0.075 0.048 0.03 0.0075 0.044 0.809017 -0.587785 -3.59914e-17 4.9538e-17 
0.127327 0.075 0.075 0.048 -0.0375 -0.015 0.044 0.809017 0.587785 3.59914e-17 4.9538e-17 
0.124867 0.075 0.075 0.048 -0.03 -0.0075 0.044 0.587785 0.809017 -4.9538e-17 3.59915e-17 
0.123433 0.075 0.075 0.048 -0.0225 0 0.044 0.809017 0.587785 3.59914e-17 4.9538e-17 
0.123292 0.075 0.075 0.048 0.0225 -0.015 0.044 -0.587785 0.809017 -4.9538e-17 -3.59915e-17 
0.123195 0.075 0.075 0.048 0.0375 -0.0375 0.044 -0.309017 0.951057 -5.82354e-17 -1.89218e-17 
0.117399 0.075 0.075 0.048 -0.0225 0.0075 0.044 0.809017 0.587785 3.59914e-17 4.9538e-17 
0.115826 0.075 0.075 0.048 -0.0375 0.03 0.044 0.951057 0.309017 1.89218e-17 5.82354e-17 
0.115364 0.075 0.075 0.048 0.03 0.0225 0.044 0.809017 -0.587785 -3.59914e-17 4.9538e-17 
0.11272 0.075 0.075 0.048 -0.03 -0.0225 0.044 0.587785 0.809017 -4.9538e-17 3.59915e-17 
0.110567 0.075 0.075 0.048 0.0375 -0.03 0.044 -0.309017 0.951057 -5.82354e-17 -1.89218e-17 
0.107422 0.075 0.075 0.048 0.03 0 0.044 0.809017 -0.587785 -3.59914e-17 4.9538e-17 
0.101962 0.075 0.075 0.048 -0.03 0 0.044 0.587785 0.809017 -4.9538e-17 3.59915e-17 
0.0989324 0.075 0.075 0.048 0.0225 -0.0225 0.044 -0.587785 0.809017 -4.9538e-17 -3.59915e-17 
0.0978358 0.075 0.075 0.048 -0.0225 0.015 0.044 0.809017 0.587785 3.59914e-17 4.9538e-17 
0.0914814 0.075 0.075 0.048 0.03 -0.0225 0.044 0.809017 -0.587785 -3.59914e-17 4.9538e-17 
0.0897003 0.075 0.075 0.048 -0.03 0.0225 0.044 0.587785 0.809017 -4.9538e-17 3.59915e-17 
0.0818115 0.075 0.075 0.048 -0.0375 0.0225 0.044 0.951057 0.309017 1.89218e-17 5.82354e-17 
0.0813482 0.075 0.075 0.048 0.03 -0.0075 0.044 0.809017 -0.587785 -3.59914e-17 4.9538e-17 
0.0806174 0.075 0.075 0.048 0.0375 -0.0225 0.044 -0.309017 0.951057 -5.82354e-17 -1.89218e-17 
0.0791593 0.075 0.075 0.048 -0.0075 0.0225 0.044 1 0 0 6.12323e-17 
0.0789601 0.075 0.075 0.048 -0.03 0.015 0.044 0.809017 0.587785 3.59914e-17 4.9538e-17 
0.0781832 0.075 0.075 0.048 -0.0375 0.015 0.044 0.809017 0.587785 3.59914e-17 4.9538e-17 
0.0774338 0.075 0.075 0.048 -0.03 0.0075 0.044 0.587785 0.809017 -4.9538e-17 3.59915e-17 
0.0757828 0.075 0.075 0.048 0.0225 -0.03 0.044 -0.587785 0.809017 -4.9538e-17 -3.59915e-17 
0.0745996 0.075 0.075 0.048 0.0075 -0.0225 0.044 6.12323e-17 1 -6.12323e-17 3.7494e-33 
0.0732078 0.075 0.075 0.048 -0.0225 0.0225 0.044 0.809017 0.587785 3.59914e-17 4.9538e-17 
0.0714104 0.075 0.075 0.048 -0.03 0.0225 0.044 0.951057 0.309017 1.89218e-17 5.82354e-17 
0.0710594 0.075 0.075 0.048 0.03 -0.0225 0.044 -0.309017 0.951057 -5.82354e-17 -1.89218e-17 
0.0697866 0.075 0.075 0.048 0.03 -0.015 0.044 0.809017 -0.587785 -3.59914e-17 4.9538e-17 
0.0686447 0.075 0.075 0.048 -0.0375 -0.03 0.044 6.12323e-17 1 -6.12323e-17 3.7494e-33 
0.0673008 0.075 0.075 0.048 -0.03 0.015 0.044 0.587785 0.809017 -4.9538e-17 3.59915e-17 
0.0668631 0.075 0.075 0.048 0 0.0225 0.044 1 0 0 6.12323e-17 
0.0662188 0.075 0.075 0.048 -0.03 0.015 0.044 0.951057 0.309017 1.89218e-17 5.82354e-17 
0.0654982 0.075 0.075 0.048 0.0375 0.03 0.044 1 0 0 6.12323e-17 
0.0654441 0.075 0.075 0.048 0.03 -0.015 0.044 -0.309017 0.951057 -5.82354e-17 -1.89218e-17 
0.0649873 0.075 0.075 0.048 -0.015 0.0225 0.044 1 0 0 6.12323e-17 
0.0629569 0.075 0.075 0.048 0 -0.0225 0.044 6.12323e-17 1 -6.12323e-17 3.7494e-33 
0.0610291 0.075 0.075 0.048 0.0225 -0.0375 0.044 -0.587785 0.809017 -4.9538e-17 -3.59915e-17 
0.059825 0.075 0.075 0.048 0.015 -0.0225 0.044 6.12323e-17 1 -6.12323e-17 3.7494e-33 
0.0593702 0.075 0.075 0.048 0.03 0.0225 0.044 1 0 0 6.12323e-17 
0.0576332 0.075 0.075 0.048 -0.03 -0.0225 0.044 6.12323e-17 1 -6.12323e-17 3.7494e-33 
0.0568251 0.075 0.075 0.048 -0.03 -0.03 0.044 0.587785 0.809017 -4.9538e-17 3.59915e-17 
0.0535151 0.075 0.075 0.048 -0.0225 0.03 0.044 0.809017 0.587785 3.59914e-17 4.9538e-17 
0.0526061 0.075 0.075 0.048 0.03 0.03 0.044 0.809017 -0.587785 -3.59914e-17 4.9538e-17 
0.0519739 0.075 0.075 0.048 -0.0375 0.015 0.044 0.951057 0.309017 1.89218e-17 5.82354e-17 
0.0517703 0.075 0.075 0.048 -0.03 0.03 0.044 0.951057 0.309017 1.89218e-17 5.82354e-17 
0.0517401 0.075 0.075 0.048 -0.03 0.0075 0.044 0.951057 0.309017 1.89218e-17 5.82354e-17 
0.0502722 0.075 0.075 0.048 -0.0225 0.0375 0.044 0.809017 0.587785 3.59914e-17 4.9538e-17 
0.0498244 0.075 0.075 0.048 0.03 -0.03 0.044 -0.309017 0.951057 -5.82354e-17 -1.89218e-17 
0.0494775 0.075 0.075 0.048 0.0375 -0.015 0.044 -0.309017 0.951057 -5.82354e-17 -1.89218e-17 
0.049282 0.075 0.075 0.048 -0.03 0.0075 0.044 0.809017 0.587785 3.59914e-17 4.9538e-17 
0.048548 0.075 0.075 0.048 0.03 -0.0075 0.044 -0.309017 0.951057 -5.82354e-17 -1.89218e-17 
0.0447676 0.075 0.075 0.048 -0.03 0 0.044 0.809017 0.587785 3.59914e-17 4.9538e-17 
0.0437542 0.075 0.075 0.048 0.0075 0.0225 0.044 1 0 0 6.12323e-17 
0.0426153 0.075 0.075 0.048 -0.0375 0.0075 0.044 0.951057 0.309017 1.89218e-17 5.82354e-17 
0.0405163 0.075 0.075 0.048 -0.0075 -0.0225 0.044 6.12323e-17 1 -6.12323e-17 3.7494e-33 
0.0405158 0.075 0.075 0.048 0.0375 -0.03 0.044 -0.587785 0.809017 -4.9538e-17 -3.59915e-17 
0.0368824 0.075 0.075 0.048 0.03 -0.0225 0.044 -0.587785 0.809017 -4.9538e-17 -3.59915e-17 
0.0334856 0.075 0.075 0.048 0.0375 -0.0075 0.044 -0.309017 0.951057 -5.82354e-17 -1.89218e-17 
0.0279145 0.075 0.075 0.048 -0.0375 -0.0075 0.044 0.809017 0.587785 3.59914e-17 4.9538e-17 
0.0255465 0.075 0.075 0.048 0.0225 0.0225 0.044 1 0 0 6.12323e-17 
0.0250677 0.075 0.075 0.048 0.015 0.0225 0.044 1 0 0 6.12323e-17 
0.0234464 0.075 0.075 0.048 -0.0225 -0.0225 0.044 6.12323e-17 1 -6.12323e-17 3.7494e-33 
0.0224524 0.075 0.075 0.048 -0.015 -0.0225 0.044 6.12323e-17 1 -6.12323e-17 3.7494e-33 
-0.000768527 0.075 0.075 0.048 -0.0375 0.0075 0.044 0.809017 0.587785 3.59914e-17 4.9538e-17 
-0.00747707 0.075 0.075 0.048 -0.03 0.0375 0.044 0.951057 0.309017 1.89218e-17 5.82354e-17 
-0.0105943 0.075 0.075 0.048 0.0225 -0.03 0.044 -0.309017 0.951057 -5.82354e-17 -1.89218e-17 
-0.0115043 0.075 0.075 0.048 -0.0225 0.03 0.044 0.951057 0.309017 1.89218e-17 5.82354e-17 
-0.013542 0.075 0.075 0.048 0.03 -0.0375 0.044 -0.309017 0.951057 -5.82354e-17 -1.89218e-17 
-0.0139593 0.075 0.075 0.048 0 0.0375 0.044 0.951057 -0.309017 -1.89218e-17 5.82354e-17 
-0.015712 0.075 0.075 0.048 -0.03 -0.03 0.044 6.12323e-17 1 -6.12323e-17 3.7494e-33 
-0.0159216 0.075 0.075 0.048 -0.0375 0 0.044 0.809017 0.587785 3.59914e-17 4.9538e-17 
-0.0217488 0.075 0.075 0.048 0.03 0.03 0.044 1 0 0 6.12323e-17 
-0.0221482 0.075 0.075 0.048 0.0075 -0.03 0.044 6.12323e-17 1 -6.12323e-17 3.7494e-33 
-0.0276401 0.075 0.075 0.048 0.03 -0.015 0.044 -0.587785 0.809017 -4.9538e-17 -3.59915e-17 
-0.0307662 0.075 0.075 0.048 0 -0.03 0.044 6.12323e-17 1 -6.12323e-17 3.7494e-33 
-0.0376271 0.075 0.075 0.048 0.015 -0.03 0.044 6.12323e-17 1 -6.12323e-17 3.7494e-33 
-0.0402831 0.075 0.075 0.048 -0.0075 0.03 0.044 1 0 0 6.12323e-17 
-0.0423129 0.075 0.075 0.048 -0.03 -0.0375 0.044 0.587785 0.809017 -4.9538e-17 3.59915e-17 
-0.0466097 0.075 0.075 0.048 0 0.03 0.044 1 0 0 6.12323e-17 
-0.0486189 0.075 0.075 0.048 -0.0075 -0.03 0.044 6.12323e-17 1 -6.12323e-17 3.7494e-33 
-0.0547554 0.075 0.075 0.048 -0.0225 -0.03 0.044 6.12323e-17 1 -6.12323e-17 3.7494e-33 
-0.0580897 0.075 0.075 0.048 -0.015 0.03 0.044 1 0 0 6.12323e-17 
-0.0584262 0.075 0.075 0.048 0.03 0.0375 0.044 0.809017 -0.587785 -3.59914e-17 4.9538e-17 
-0.059496 0.075 0.075 0.048 0.03 -0.0075 0.044 -0.587785 0.809017 -4.9538e-17 -3.59915e-17 
-0.0612638 0.075 0.075 0.048 -0.015 -0.03 0.044 6.12323e-17 1 -6.12323e-17 3.7494e-33 
-0.0621553 0.075 0.075 0.048 0.0075 0.03 0.044 1 0 0 6.12323e-17 
-0.0634453 0.075 0.075 0.048 0.0225 0.03 0.044 1 0 0 6.12323e-17 
-0.0643824 0.075 0.075 0.048 0.03 0 0.044 -0.587785 0.809017 -4.9538e-17 -3.59915e-17 
-0.0724364 0.075 0.075 0.048 0.015 0.03 0.044 1 0 0 6.12323e-17 
-0.0924465 0.075 0.075 0.048 0.0225 -0.03 0.044 6.12323e-17 1 -6.12323e-17 3.7494e-33 
-0.115313 0.075 0.075 0.048 -0.0225 0.03 0.044 1 0 0 6.12323e-17 
-0.119601 0.075 0.075 0.048 -0.0225 -0.03 0.044 0.587785 0.809017 -4.9538e-17 3.59915e-17 
-0.122874 0.075 0.075 0.048 0.0225 0.03 0.044 0.809017 -0.587785 -3.59914e-17 4.9538e-17 
-0.141973 0.075 0.075 0.048 -0.0375 -0.0375 0.044 6.12323e-17 1 -6.12323e-17 3.7494e-33 
-0.147305 0.075 0.075 0.048 0.0225 -0.0375 0.044 -0.309017 0.951057 -5.82354e-17 -1.89218e-17 
-0.150135 0.075 0.075 0.048 -0.0225 0.0375 0.044 0.951057 0.309017 1.89218e-17 5.82354e-17 
-0.156881 0.075 0.075 0.048 0.0375 0.0375 0.044 1 0 0 6.12323e-17 
-0.189317 0.075 0.075 0.048 0.0375 -0.0225 0.044 -0.587785 0.809017 -4.9538e-17 -3.59915e-17 
-0.200623 0.075 0.075 0.048 0.0075 -0.0375 0.044 6.12323e-17 1 -6.12323e-17 3.7494e-33 
-0.202135 0.075 0.075 0.048 0.03 -0.03 0.044 6.12323e-17 1 -6.12323e-17 3.7494e-33 
-0.206765 0.075 0.075 0.048 0.015 -0.0375 0.044 6.12323e-17 1 -6.12323e-17 3.7494e-33 
-0.216233 0.075 0.075 0.048 0 -0.0375 0.044 6.12323e-17 1 -6.12323e-17 3.7494e-33 
-0.220174 0.075 0.075 0.048 -0.03 -0.0375 0.044 6.12323e-17 1 -6.12323e-17 3.7494e-33 
-0.227513 0.075 0.075 0.048 -0.03 0.03 0.044 1 0 0 6.12323e-17 
-0.239446 0.075 0.075 0.048 -0.0075 -0.0375 0.044 6.12323e-17 1 -6.12323e-17 3.7494e-33 
-0.244568 0.075 0.075 0.048 0.03 0.0375 0.044 1 0 0 6.12323e-17 
-0.249166 0.075 0.075 0.048 0.0225 -0.0375 0.044 6.12323e-17 1 -6.12323e-17 3.7494e-33 
-0.254351 0.075 0.075 0.048 -0.0225 -0.0375 0.044 6.12323e-17 1 -6.12323e-17 3.7494e-33 
-0.256555 0.075 0.075 0.048 -0.015 -0.0375 0.044 6.12323e-17 1 -6.12323e-17 3.7494e-33 
-0.26972 0.075 0.075 0.048 -0.0075 0.0375 0.044 1 0 0 6.12323e-17 
-0.275213 0.075 0.075 0.048 0.015 -0.0375 0.044 -0.309017 0.951057 -5.82354e-17 -1.89218e-17 
-0.276598 0.075 0.075 0.048 0 0.0375 0.044 1 0 0 6.12323e-17 
-0.284561 0.075 0.075 0.048 -0.015 0.0375 0.044 1 0 0 6.12323e-17 
-0.286882 0.075 0.075 0.048 -0.015 0.0375 0.044 0.951057 0.309017 1.89218e-17 5.82354e-17 
-0.287985 0.075 0.075 0.048 0.0225 0.0375 0.044 1 0 0 6.12323e-17 
-0.291015 0.075 0.075 0.048 0.0075 0.0375 0.044 1 0 0 6.12323e-17 
-0.293569 0.075 0.075 0.048 0.0375 0.015 0.044 -0.587785 0.809017 -4.9538e-17 -3.59915e-17 
-0.294394 0.075 0.075 0.048 -0.0225 -0.0375 0.044 0.587785 0.809017 -4.9538e-17 3.59915e-17 
-0.299232 0.075 0.075 0.048 0.015 0.0375 0.044 1 0 0 6.12323e-17 
-0.302092 0.075 0.075 0.048 0.0225 0.0375 0.044 0.809017 -0.587785 -3.59914e-17 4.9538e-17 
-0.335676 0.075 0.075 0.048 -0.0225 0.0375 0.044 1 0 0 6.12323e-17 
-0.342646 0.075 0.075 0.048 0.03 -0.0375 0.044 6.12323e-17 1 -6.12323e-17 3.7494e-33 
-0.343363 0.075 0.075 0.048 0.0375 -0.015 0.044 -0.587785 0.809017 -4.9538e-17 -3.59915e-17 
-0.395195 0.075 0.075 0.048 0.0075 -0.0375 0.044 -0.309017 0.951057 -5.82354e-17 -1.89218e-17 
-0.396775 0.075 0.075 0.048 0.0375 0.0075 0.044 -0.587785 0.809017 -4.9538e-17 -3.59915e-17 
-0.403566 0.075 0.075 0.048 0.015 0.0375 0.044 0.809017 -0.587785 -3.59914e-17 4.9538e-17 
-0.407804 0.075 0.075 0.048 -0.015 -0.0375 0.044 0.587785 0.809017 -4.9538e-17 3.59915e-17 
-0.415784 0.075 0.075 0.048 -0.0075 0.0375 0.044 0.951057 0.309017 1.89218e-17 5.82354e-17 
-0.426224 0.075 0.075 0.048 0.0375 -0.0075 0.044 -0.587785 0.809017 -4.9538e-17 -3.59915e-17 
-0.437899 0.075 0.075 0.048 -0.03 0.0375 0.044 1 0 0 6.12323e-17 
-0.442496 0.075 0.075 0.048 0.0375 0 0.044 -0.587785 0.809017 -4.9538e-17 -3.59915e-17 
-0.502253 0.075 0.075 0.048 0.0375 -0.0375 0.044 6.12323e-17 1 -6.12323e-17 3.7494e-33 
-0.505954 0.075 0.075 0.048 0 -0.0375 0.044 -0.309017 0.951057 -5.82354e-17 -1.89218e-17 
-0.535676 0.075 0.075 0.048 0 0.0375 0.044 0.951057 0.309017 1.89218e-17 5.82354e-17 
-0.606296 0.075 0.075 0.048 -0.0375 0.0375 0.044 1 0 0 6.12323e-17 
-0.607037 0.075 0.075 0.048 -0.0075 -0.0375 0.044 -0.309017 0.951057 -5.82354e-17 -1.89218e-17 
-0.646225 0.075 0.075 0.048 0.0075 0.0375 0.044 0.951057 0.309017 1.89218e-17 5.82354e-17 
-0.698766 0.075 0.075 0.048 -0.015 -0.0375 0.044 -0.309017 0.951057 -5.82354e-17 -1.89218e-17 
-0.747861 0.075 0.075 0.048 0.015 0.0375 0.044 0.951057 0.309017 1.89218e-17 5.82354e-17 
-0.782297 0.075 0.075 0.048 -0.0225 -0.0375 0.044 -0.309017 0.951057 -5.82354e-17 -1.89218e-17 
-0.841832 0.075 0.075 0.048 0.0225 0.0375 0.044 0.951057 0.309017 1.89218e-17 5.82354e-17 
-0.859586 0.075 0.075 0.048 -0.03 -0.0375 0.044 -0.309017 0.951057 -5.82354e-17 -1.89218e-17 
-0.930182 0.075 0.075 0.048 0.03 0.0375 0.044 0.951057 0.309017 1.89218e-17 5.82354e-17 
-0.933373 0.075 0.075 0.048 -0.0375 -0.0375 0.044 -0.309017 0.951057 -5.82354e-17 -1.89218e-17 
-1.01571 0.075 0.075 0.048 0.0375 0.0375 0.044 0.951057 0.309017 1.89218e-17 5.82354e-17 
