0.338195 0.062 0.062 0.062 0.0062 0.0186 0.051 0.951057 -0.309017 -1.89218e-17 5.82354e-17 
0.284454 0.062 0.062 0.062 0.031 0.031 0.051 0.951057 -0.309017 -1.89218e-17 5.82354e-17 
0.283843 0.062 0.062 0.062 0.0186 0.031 0.051 0.951057 -0.309017 -1.89218e-17 5.82354e-17 
0.279352 0.062 0.062 0.062 0.0062 0.031 0.051 0.951057 -0.309017 -1.89218e-17 5.82354e-17 
0.274999 0.062 0.062 0.062 0.0186 0.0186 0.051 0.951057 -0.309017 -1.89218e-17 5.82354e-17 
0.218687 0.062 0.062 0.062 -0.031 0.031 0.051 0.587785 0.809017 -4.9538e-17 3.59915e-17 
0.207815 0.062 0.062 0.062 0.031 0.0186 0.051 0.951057 -0.309017 -1.89218e-17 5.82354e-17 
0.192955 0.062 0.062 0.062 0.0186 -0.0062 0.051 -0.587785 0.809017 -4.9538e-17 -3.59915e-17 
0.178798 0.062 0.062 0.062 0.0186 0.0062 0.051 -0.587785 0.809017 -4.9538e-17 -3.59915e-17 
0.156605 0.062 0.062 0.062 0.031 -0.031 0.051 -0.587785 0.809017 -4.9538e-17 -3.59915e-17 
0.155029 0.062 0.062 0.062 -0.031 -0.0186 0.051 0.587785 0.809017 -4.9538e-17 3.59915e-17 
0.143994 0.062 0.062 0.062 -0.031 -0.0062 0.051 0.587785 0.809017 -4.9538e-17 3.59915e-17 
0.112658 0.062 0.062 0.062 0.0186 -0.0186 0.051 -0.587785 0.809017 -4.9538e-17 -3.59915e-17 
0.103466 0.062 0.062 0.062 -0.031 0.0062 0.051 0.587785 0.809017 -4.9538e-17 3.59915e-17 
0.101419 0.062 0.062 0.062 -0.0186 -0.0062 0.051 0.587785 0.809017 -4.9538e-17 3.59915e-17 
0.100659 0.062 0.062 0.062 -0.031 0.0186 0.051 0.587785 0.809017 -4.9538e-17 3.59915e-17 
0.0970293 0.062 0.062 0.062 0.0062 -0.0186 0.051 6.12323e-17 1 -6.12323e-17 3.7494e-33 
0.0861087 0.062 0.062 0.062 -0.031 -0.031 0.051 0.587785 0.809017 -4.9538e-17 3.59915e-17 
0.075979 0.062 0.062 0.062 -0.0186 0.0186 0.051 0.951057 0.309017 1.89218e-17 5.82354e-17 
0.0705106 0.062 0.062 0.062 -0.031 0.0186 0.051 0.951057 0.309017 1.89218e-17 5.82354e-17 
0.0685474 0.062 0.062 0.062 0.0186 -0.0186 0.051 6.12323e-17 1 -6.12323e-17 3.7494e-33 
0.0588108 0.062 0.062 0.062 -0.0186 0.0062 0.051 0.587785 0.809017 -4.9538e-17 3.59915e-17 
0.0573867 0.062 0.062 0.062 -0.0062 -0.0186 0.051 6.12323e-17 1 -6.12323e-17 3.7494e-33 
0.0564453 0.062 0.062 0.062 -0.031 0.031 0.051 0.951057 0.309017 1.89218e-17 5.82354e-17 
0.0561605 0.062 0.062 0.062 -0.031 -0.0186 0.051 6.12323e-17 1 -6.12323e-17 3.7494e-33 
0.0494434 0.062 0.062 0.062 -0.031 0.0062 0.051 0.951057 0.309017 1.89218e-17 5.82354e-17 
0.041439 0.062 0.062 0.062 -0.0186 -0.0186 0.051 0.587785 0.809017 -4.9538e-17 3.59915e-17 
0.0211262 0.062 0.062 0.062 -0.0186 -0.0186 0.051 6.12323e-17 1 -6.12323e-17 3.7494e-33 
-0.0139522 0.062 0.062 0.062 -0.0186 0.0186 0.051 0.587785 0.809017 -4.9538e-17 3.59915e-17 
-0.0162651 0.062 0.062 0.062 0.031 0.0186 0.051 -0.587785 0.809017 -4.9538e-17 -3.59915e-17 
-0.0268159 0.062 0.062 0.062 -0.031 -0.031 0.051 6.12323e-17 1 -6.12323e-17 3.7494e-33 
-0.0280246 0.062 0.062 0.062 -0.0186 0.031 0.051 0.587785 0.809017 -4.9538e-17 3.59915e-17 
-0.0282423 0.062 0.062 0.062 0.031 -0.0186 0.051 -0.587785 0.809017 -4.9538e-17 -3.59915e-17 
-0.0283481 0.062 0.062 0.062 0.0186 -0.031 0.051 -0.587785 0.809017 -4.9538e-17 -3.59915e-17 
-0.0412542 0.062 0.062 0.062 0.0062 -0.031 0.051 6.12323e-17 1 -6.12323e-17 3.7494e-33 
-0.0620784 0.062 0.062 0.062 -0.0186 0.031 0.051 0.951057 0.309017 1.89218e-17 5.82354e-17 
-0.0649062 0.062 0.062 0.062 -0.0062 -0.031 0.051 6.12323e-17 1 -6.12323e-17 3.7494e-33 
-0.0758951 0.062 0.062 0.062 0.0186 -0.031 0.051 6.12323e-17 1 -6.12323e-17 3.7494e-33 
-0.0808699 0.062 0.062 0.062 -0.0186 -0.031 0.051 6.12323e-17 1 -6.12323e-17 3.7494e-33 
-0.0898498 0.062 0.062 0.062 0.031 0.0062 0.051 -0.587785 0.809017 -4.9538e-17 -3.59915e-17 
-0.0975113 0.062 0.062 0.062 -0.051 -0.0062 0.031 -0.218508 0.672498 -0.218508 0.672499 
-0.100611 0.062 0.062 0.062 -0.051 -0.0186 0.031 -0.218508 0.672498 -0.218508 0.672499 
-0.10197 0.062 0.062 0.062 0.031 -0.0062 0.051 -0.587785 0.809017 -4.9538e-17 -3.59915e-17 
-0.159016 0.062 0.062 0.062 -0.0062 0.031 0.051 0.951057 -0.309017 -1.89218e-17 5.82354e-17 
-0.166158 0.062 0.062 0.062 -0.0062 0.031 0.051 0.951057 0.309017 1.89218e-17 5.82354e-17 
-0.166771 0.062 0.062 0.062 -0.051 -0.031 0.031 -0.218508 0.672498 -0.218508 0.672499 
-0.176265 0.062 0.062 0.062 -0.0186 -0.031 0.051 0.587785 0.809017 -4.9538e-17 3.59915e-17 
-0.176593 0.062 0.062 0.062 -0.0062 -0.031 0.051 0.587785 0.809017 -4.9538e-17 3.59915e-17 
-0.237615 0.062 0.062 0.062 0.031 -0.031 0.051 6.12323e-17 1 -6.12323e-17 3.7494e-33 
-0.248668 0.062 0.062 0.062 0.0062 0.031 0.051 0.951057 0.309017 1.89218e-17 5.82354e-17 
-0.308415 0.062 0.062 0.062 0.0186 0.031 0.051 0.951057 0.309017 1.89218e-17 5.82354e-17 
-0.350185 0.062 0.062 0.062 0.031 0.031 0.051 0.951057 0.309017 1.89218e-17 5.82354e-17 
