34.7361 0.062 0.062 0.062 0.0186 -0.031 0.051 -0.587785 0.809017 -4.9538e-17 -3.59915e-17 
34.6344 0.062 0.062 0.062 0.031 -0.031 0.051 -0.587785 0.809017 -4.9538e-17 -3.59915e-17 
34.6101 0.062 0.062 0.062 0.0186 -0.0186 0.051 -0.587785 0.809017 -4.9538e-17 -3.59915e-17 
34.5668 0.062 0.062 0.062 0.031 -0.0186 0.051 -0.587785 0.809017 -4.9538e-17 -3.59915e-17 
34.4263 0.062 0.062 0.062 0.0186 -0.0062 0.051 -0.587785 0.809017 -4.9538e-17 -3.59915e-17 
34.4086 0.062 0.062 0.062 0.031 -0.0062 0.051 -0.587785 0.809017 -4.9538e-17 -3.59915e-17 
34.2318 0.062 0.062 0.062 0.0186 0.0062 0.051 -0.587785 0.809017 -4.9538e-17 -3.59915e-17 
34.1853 0.062 0.062 0.062 0.031 0.0062 0.051 -0.587785 0.809017 -4.9538e-17 -3.59915e-17 
33.9349 0.062 0.062 0.062 0.031 0.0186 0.051 -0.587785 0.809017 -4.9538e-17 -3.59915e-17 
24.1566 0.062 0.062 0.062 -0.0186 0.031 0.051 0.587785 0.809017 -4.9538e-17 3.59915e-17 
24.0667 0.062 0.062 0.062 -0.031 0.031 0.051 0.587785 0.809017 -4.9538e-17 3.59915e-17 
23.8602 0.062 0.062 0.062 -0.0186 0.0186 0.051 0.587785 0.809017 -4.9538e-17 3.59915e-17 
23.7925 0.062 0.062 0.062 -0.031 0.0186 0.051 0.587785 0.809017 -4.9538e-17 3.59915e-17 
23.5698 0.062 0.062 0.062 -0.0186 0.0062 0.051 0.587785 0.809017 -4.9538e-17 3.59915e-17 
23.4928 0.062 0.062 0.062 -0.031 0.0062 0.051 0.587785 0.809017 -4.9538e-17 3.59915e-17 
23.2208 0.062 0.062 0.062 -0.0186 -0.0062 0.051 0.587785 0.809017 -4.9538e-17 3.59915e-17 
23.1208 0.062 0.062 0.062 -0.031 -0.0062 0.051 0.587785 0.809017 -4.9538e-17 3.59915e-17 
22.7965 0.062 0.062 0.062 -0.0186 -0.0186 0.051 0.587785 0.809017 -4.9538e-17 3.59915e-17 
22.6777 0.062 0.062 0.062 -0.031 -0.0186 0.051 0.587785 0.809017 -4.9538e-17 3.59915e-17 
22.3894 0.062 0.062 0.062 -0.0062 -0.031 0.051 0.587785 0.809017 -4.9538e-17 3.59915e-17 
22.3275 0.062 0.062 0.062 -0.0186 -0.031 0.051 0.587785 0.809017 -4.9538e-17 3.59915e-17 
22.2124 0.062 0.062 0.062 -0.031 -0.031 0.051 0.587785 0.809017 -4.9538e-17 3.59915e-17 
5.07323 0.062 0.062 0.062 0.0062 -0.0186 0.051 6.12323e-17 1 -6.12323e-17 3.7494e-33 
5.05719 0.062 0.062 0.062 -0.0062 -0.0186 0.051 6.12323e-17 1 -6.12323e-17 3.7494e-33 
5.0528 0.062 0.062 0.062 0.0062 -0.031 0.051 6.12323e-17 1 -6.12323e-17 3.7494e-33 
5.03959 0.062 0.062 0.062 -0.0062 -0.031 0.051 6.12323e-17 1 -6.12323e-17 3.7494e-33 
5.00385 0.062 0.062 0.062 0.0186 -0.031 0.051 6.12323e-17 1 -6.12323e-17 3.7494e-33 
5.00378 0.062 0.062 0.062 0.0186 -0.0186 0.051 6.12323e-17 1 -6.12323e-17 3.7494e-33 
5.00303 0.062 0.062 0.062 -0.0186 -0.0186 0.051 6.12323e-17 1 -6.12323e-17 3.7494e-33 
4.99353 0.062 0.062 0.062 -0.031 -0.0186 0.051 6.12323e-17 1 -6.12323e-17 3.7494e-33 
4.98522 0.062 0.062 0.062 -0.0186 -0.031 0.051 6.12323e-17 1 -6.12323e-17 3.7494e-33 
4.94588 0.062 0.062 0.062 -0.031 -0.031 0.051 6.12323e-17 1 -6.12323e-17 3.7494e-33 
4.90826 0.062 0.062 0.062 0.031 -0.031 0.051 6.12323e-17 1 -6.12323e-17 3.7494e-33 
-0.00600973 0.062 0.062 0.062 -0.051 -0.0062 0.031 -0.218508 0.672498 -0.218508 0.672499 
-0.0984412 0.062 0.062 0.062 -0.051 -0.0186 0.031 -0.218508 0.672498 -0.218508 0.672499 
-0.162425 0.062 0.062 0.062 -0.051 -0.031 0.031 -0.218508 0.672498 -0.218508 0.672499 
-0.796528 0.062 0.062 0.062 0.0186 0.031 0.051 0.951057 0.309017 1.89218e-17 5.82354e-17 
-0.800498 0.062 0.062 0.062 0.031 0.031 0.051 0.951057 0.309017 1.89218e-17 5.82354e-17 
-0.824842 0.062 0.062 0.062 0.0062 0.031 0.051 0.951057 0.309017 1.89218e-17 5.82354e-17 
-0.895563 0.062 0.062 0.062 -0.0062 0.031 0.051 0.951057 0.309017 1.89218e-17 5.82354e-17 
-0.95035 0.062 0.062 0.062 -0.0186 0.0186 0.051 0.951057 0.309017 1.89218e-17 5.82354e-17 
-0.983415 0.062 0.062 0.062 -0.0186 0.031 0.051 0.951057 0.309017 1.89218e-17 5.82354e-17 
-1.00868 0.062 0.062 0.062 -0.031 0.0062 0.051 0.951057 0.309017 1.89218e-17 5.82354e-17 
-1.01153 0.062 0.062 0.062 -0.031 0.0186 0.051 0.951057 0.309017 1.89218e-17 5.82354e-17 
-1.02842 0.062 0.062 0.062 -0.031 0.031 0.051 0.951057 0.309017 1.89218e-17 5.82354e-17 
-53.5589 0.062 0.062 0.062 -0.0062 0.031 0.051 0.951057 -0.309017 -1.89218e-17 5.82354e-17 
-53.564 0.062 0.062 0.062 0.0062 0.0186 0.051 0.951057 -0.309017 -1.89218e-17 5.82354e-17 
-53.6038 0.062 0.062 0.062 0.0186 0.0186 0.051 0.951057 -0.309017 -1.89218e-17 5.82354e-17 
-53.6079 0.062 0.062 0.062 0.031 0.0186 0.051 0.951057 -0.309017 -1.89218e-17 5.82354e-17 
-53.7911 0.062 0.062 0.062 0.0062 0.031 0.051 0.951057 -0.309017 -1.89218e-17 5.82354e-17 
-53.8046 0.062 0.062 0.062 0.031 0.031 0.051 0.951057 -0.309017 -1.89218e-17 5.82354e-17 
-53.8385 0.062 0.062 0.062 0.0186 0.031 0.051 0.951057 -0.309017 -1.89218e-17 5.82354e-17 
