0.41621 0.062 0.062 0.1 0.031 0.031 0.07 0.951057 -0.309017 -1.89218e-17 5.82354e-17 
0.352082 0.062 0.062 0.1 0.0062 0.0186 0.07 0.951057 -0.309017 -1.89218e-17 5.82354e-17 
0.342746 0.062 0.062 0.1 0.0062 0.031 0.07 0.951057 -0.309017 -1.89218e-17 5.82354e-17 
0.318184 0.062 0.062 0.1 0.0186 0.031 0.07 0.951057 -0.309017 -1.89218e-17 5.82354e-17 
0.294443 0.062 0.062 0.1 0.031 0.0186 0.07 0.951057 -0.309017 -1.89218e-17 5.82354e-17 
0.258485 0.062 0.062 0.1 0.0186 0.0186 0.07 0.951057 -0.309017 -1.89218e-17 5.82354e-17 
0.232112 0.062 0.062 0.1 -0.031 0.031 0.07 0.587785 0.809017 -4.9538e-17 3.59915e-17 
0.191995 0.062 0.062 0.1 0.0186 -0.0062 0.07 -0.587785 0.809017 -4.9538e-17 -3.59915e-17 
0.179328 0.062 0.062 0.1 0.0186 0.0062 0.07 -0.587785 0.809017 -4.9538e-17 -3.59915e-17 
0.159883 0.062 0.062 0.1 -0.031 -0.0186 0.07 0.587785 0.809017 -4.9538e-17 3.59915e-17 
0.152866 0.062 0.062 0.1 -0.031 -0.0062 0.07 0.587785 0.809017 -4.9538e-17 3.59915e-17 
0.146589 0.062 0.062 0.1 0.031 -0.031 0.07 -0.587785 0.809017 -4.9538e-17 -3.59915e-17 
0.115562 0.062 0.062 0.1 -0.031 0.0062 0.07 0.587785 0.809017 -4.9538e-17 3.59915e-17 
0.112388 0.062 0.062 0.1 -0.031 -0.031 0.07 0.587785 0.809017 -4.9538e-17 3.59915e-17 
0.111229 0.062 0.062 0.1 0.0186 -0.0186 0.07 -0.587785 0.809017 -4.9538e-17 -3.59915e-17 
0.109434 0.062 0.062 0.1 -0.031 0.0186 0.07 0.587785 0.809017 -4.9538e-17 3.59915e-17 
0.099221 0.062 0.062 0.1 -0.0186 -0.0062 0.07 0.587785 0.809017 -4.9538e-17 3.59915e-17 
0.0938142 0.062 0.062 0.1 0.0062 -0.0186 0.07 6.12323e-17 1 -6.12323e-17 3.7494e-33 
0.0782395 0.062 0.062 0.1 -0.0186 0.0186 0.07 0.951057 0.309017 1.89218e-17 5.82354e-17 
0.0693361 0.062 0.062 0.1 0.0186 0.051 0.05 -4.32978e-17 0.707107 -0.707107 4.32978e-17 
0.067957 0.062 0.062 0.1 0.0186 -0.0186 0.07 6.12323e-17 1 -6.12323e-17 3.7494e-33 
0.0661638 0.062 0.062 0.1 -0.031 0.0186 0.07 0.951057 0.309017 1.89218e-17 5.82354e-17 
0.0633444 0.062 0.062 0.1 0.031 0.051 0.05 -4.32978e-17 0.707107 -0.707107 4.32978e-17 
0.0566863 0.062 0.062 0.1 -0.0186 0.0062 0.07 0.587785 0.809017 -4.9538e-17 3.59915e-17 
0.0544265 0.062 0.062 0.1 -0.0062 -0.0186 0.07 6.12323e-17 1 -6.12323e-17 3.7494e-33 
0.04573 0.062 0.062 0.1 -0.031 -0.051 0.05 -0.415627 -0.572061 -0.572061 0.415629 
0.0447524 0.062 0.062 0.1 -0.031 -0.0186 0.07 6.12323e-17 1 -6.12323e-17 3.7494e-33 
0.0425448 0.062 0.062 0.1 -0.031 0.051 0.05 0.415627 0.572061 -0.572061 0.415629 
0.0424679 0.062 0.062 0.1 -0.031 0.051 0.03 0.415627 0.572061 -0.572061 0.415629 
0.0411301 0.062 0.062 0.1 0.031 -0.051 0.03 -0.672499 0.218508 0.218508 0.672498 
0.0410747 0.062 0.062 0.1 0.031 -0.051 0.05 -0.672499 0.218508 0.218508 0.672498 
0.0371871 0.062 0.062 0.1 -0.031 0.0062 0.07 0.951057 0.309017 1.89218e-17 5.82354e-17 
0.0365285 0.062 0.062 0.1 -0.0186 -0.0186 0.07 0.587785 0.809017 -4.9538e-17 3.59915e-17 
0.0360314 0.062 0.062 0.1 0.051 0.031 0.05 -0.572061 -0.415627 0.572061 0.415629 
0.0331831 0.062 0.062 0.1 0.0062 0.051 0.05 -4.32978e-17 0.707107 -0.707107 4.32978e-17 
0.0256186 0.062 0.062 0.1 -0.031 0.031 0.07 0.951057 0.309017 1.89218e-17 5.82354e-17 
0.0213819 0.062 0.062 0.1 -0.0186 -0.051 0.05 -0.415627 -0.572061 -0.572061 0.415629 
0.0183711 0.062 0.062 0.1 -0.0186 -0.0186 0.07 6.12323e-17 1 -6.12323e-17 3.7494e-33 
0.0172259 0.062 0.062 0.1 0.051 -0.0186 0.05 -0.572061 -0.415627 0.572061 0.415629 
0.00711123 0.062 0.062 0.1 0.051 0.031 0.05 0.707107 -4.32978e-17 -0.707107 4.32978e-17 
0.00639408 0.062 0.062 0.1 0.031 0.051 0.05 0.415627 -0.572061 0.572061 0.415629 
0.00440523 0.062 0.062 0.1 0.051 0.0186 0.05 -0.572061 -0.415627 0.572061 0.415629 
0.00357415 0.062 0.062 0.1 0.0186 -0.051 0.05 -0.672499 0.218508 0.218508 0.672498 
-0.00582407 0.062 0.062 0.1 0.051 -0.0062 0.05 -0.572061 -0.415627 0.572061 0.415629 
-0.00962015 0.062 0.062 0.1 0.051 0.0062 0.05 -0.572061 -0.415627 0.572061 0.415629 
-0.0166978 0.062 0.062 0.1 -0.0186 0.031 0.07 0.587785 0.809017 -4.9538e-17 3.59915e-17 
-0.0184367 0.062 0.062 0.1 -0.0186 0.0186 0.07 0.587785 0.809017 -4.9538e-17 3.59915e-17 
-0.0214456 0.062 0.062 0.1 -0.031 -0.031 0.07 6.12323e-17 1 -6.12323e-17 3.7494e-33 
-0.0215125 0.062 0.062 0.1 0.0186 -0.031 0.07 -0.587785 0.809017 -4.9538e-17 -3.59915e-17 
-0.0233291 0.062 0.062 0.1 0.031 0.0186 0.07 -0.587785 0.809017 -4.9538e-17 -3.59915e-17 
-0.0267073 0.062 0.062 0.1 -0.0062 0.051 0.05 -4.32978e-17 0.707107 -0.707107 4.32978e-17 
-0.027769 0.062 0.062 0.1 -0.0186 0.051 0.05 0.415627 0.572061 -0.572061 0.415629 
-0.0285044 0.062 0.062 0.1 -0.0186 0.051 0.03 0.415627 0.572061 -0.572061 0.415629 
-0.0288209 0.062 0.062 0.1 0.0062 -0.051 0.05 -0.672499 0.218508 0.218508 0.672498 
-0.0381863 0.062 0.062 0.1 0.031 -0.0186 0.07 -0.587785 0.809017 -4.9538e-17 -3.59915e-17 
-0.0403341 0.062 0.062 0.1 0.0062 -0.031 0.07 6.12323e-17 1 -6.12323e-17 3.7494e-33 
-0.0415513 0.062 0.062 0.1 -0.051 -0.0062 0.05 -0.218508 0.672498 -0.218508 0.672499 
-0.0420765 0.062 0.062 0.1 -0.051 -0.0186 0.05 -0.218508 0.672498 -0.218508 0.672499 
-0.0535008 0.062 0.062 0.1 -0.0062 -0.031 0.07 6.12323e-17 1 -6.12323e-17 3.7494e-33 
-0.0627008 0.062 0.062 0.1 -0.0186 -0.031 0.07 6.12323e-17 1 -6.12323e-17 3.7494e-33 
-0.0636375 0.062 0.062 0.1 -0.051 0.0062 0.05 -0.572061 0.415627 -0.572061 0.415629 
-0.0674846 0.062 0.062 0.1 0.0186 0.051 0.05 0.415627 -0.572061 0.572061 0.415629 
-0.069114 0.062 0.062 0.1 -0.0186 0.031 0.07 0.951057 0.309017 1.89218e-17 5.82354e-17 
-0.0744681 0.062 0.062 0.1 -0.051 -0.0062 0.05 -0.572061 0.415627 -0.572061 0.415629 
-0.0764905 0.062 0.062 0.1 -0.051 -0.031 0.01 -0.218508 0.672498 -0.218508 0.672499 
-0.0766179 0.062 0.062 0.1 -0.051 -0.031 0.05 -0.218508 0.672498 -0.218508 0.672499 
-0.0767059 0.062 0.062 0.1 -0.051 -0.031 0.03 -0.218508 0.672498 -0.218508 0.672499 
-0.0790328 0.062 0.062 0.1 0.0186 -0.031 0.07 6.12323e-17 1 -6.12323e-17 3.7494e-33 
-0.0808668 0.062 0.062 0.1 -0.0062 0.051 0.05 0.415627 0.572061 -0.572061 0.415629 
-0.082032 0.062 0.062 0.1 -0.0062 -0.051 0.05 -0.672499 0.218508 0.218508 0.672498 
-0.0921642 0.062 0.062 0.1 -0.0186 0.051 0.05 -4.32978e-17 0.707107 -0.707107 4.32978e-17 
-0.0933179 0.062 0.062 0.1 -0.051 0.0186 0.05 -0.572061 0.415627 -0.572061 0.415629 
-0.10174 0.062 0.062 0.1 0.031 0.0062 0.07 -0.587785 0.809017 -4.9538e-17 -3.59915e-17 
-0.113422 0.062 0.062 0.1 0.031 -0.0062 0.07 -0.587785 0.809017 -4.9538e-17 -3.59915e-17 
-0.117373 0.062 0.062 0.1 -0.051 -0.0186 0.05 -0.572061 0.415627 -0.572061 0.415629 
-0.123474 0.062 0.062 0.1 -0.0062 0.031 0.07 0.951057 -0.309017 -1.89218e-17 5.82354e-17 
-0.145529 0.062 0.062 0.1 -0.031 0.051 0.05 -4.32978e-17 0.707107 -0.707107 4.32978e-17 
-0.15945 0.062 0.062 0.1 -0.0062 0.031 0.07 0.951057 0.309017 1.89218e-17 5.82354e-17 
-0.166062 0.062 0.062 0.1 -0.0186 -0.031 0.07 0.587785 0.809017 -4.9538e-17 3.59915e-17 
-0.168829 0.062 0.062 0.1 -0.0062 -0.031 0.07 0.587785 0.809017 -4.9538e-17 3.59915e-17 
-0.169508 0.062 0.062 0.1 -0.051 0.031 0.05 -0.572061 0.415627 -0.572061 0.415629 
-0.176892 0.062 0.062 0.1 -0.051 0.0186 0.03 0.707107 -4.32978e-17 0.707107 -4.32978e-17 
-0.177881 0.062 0.062 0.1 -0.051 0.0186 0.05 0.707107 -4.32978e-17 0.707107 -4.32978e-17 
-0.181612 0.062 0.062 0.1 -0.051 -0.031 0.05 -0.572061 0.415627 -0.572061 0.415629 
-0.190719 0.062 0.062 0.1 -0.051 0.031 0.03 0.707107 -4.32978e-17 0.707107 -4.32978e-17 
-0.191519 0.062 0.062 0.1 -0.051 0.031 0.05 0.707107 -4.32978e-17 0.707107 -4.32978e-17 
-0.228157 0.062 0.062 0.1 0.0062 0.031 0.07 0.951057 0.309017 1.89218e-17 5.82354e-17 
-0.23397 0.062 0.062 0.1 0.031 -0.031 0.07 6.12323e-17 1 -6.12323e-17 3.7494e-33 
-0.272527 0.062 0.062 0.1 0.0186 0.031 0.07 0.951057 0.309017 1.89218e-17 5.82354e-17 
-0.30442 0.062 0.062 0.1 0.031 0.031 0.07 0.951057 0.309017 1.89218e-17 5.82354e-17 
