1.49922 0.05 0.05 0.05 -0.025 0.01 0.045 1 0 0 6.12323e-17 
1.43588 0.05 0.05 0.05 -0.025 -0.01 0.045 0.951057 0.309017 1.89218e-17 5.82354e-17 
1.33512 0.05 0.05 0.05 -0.02 -0.02 0.045 0.809017 0.587785 3.59914e-17 4.9538e-17 
1.33424 0.05 0.05 0.05 0.02 0.02 0.045 -0.587785 0.809017 -4.9538e-17 -3.59915e-17 
1.32399 0.05 0.05 0.05 -0.025 -0.005 0.045 0.309017 0.951057 -5.82354e-17 1.89218e-17 
1.28252 0.05 0.05 0.05 0.015 0.015 0.045 -0.587785 0.809017 -4.9538e-17 -3.59915e-17 
1.28122 0.05 0.05 0.05 -0.015 -0.015 0.045 0.809017 0.587785 3.59914e-17 4.9538e-17 
1.13281 0.05 0.05 0.05 -0.025 -0.025 0.045 0.809017 0.587785 3.59914e-17 4.9538e-17 
1.0785 0.05 0.05 0.05 -0.015 -0.01 0.045 0.309017 0.951057 -5.82354e-17 1.89218e-17 
1.07846 0.05 0.05 0.05 0.015 0.01 0.045 0.951057 -0.309017 -1.89218e-17 5.82354e-17 
1.07122 0.05 0.05 0.05 -0.01 -0.01 0.045 0.309017 0.951057 -5.82354e-17 1.89218e-17 
1.07117 0.05 0.05 0.05 0.01 0.01 0.045 0.951057 -0.309017 -1.89218e-17 5.82354e-17 
0.961434 0.05 0.05 0.05 -0.02 -0.005 0.045 0.951057 0.309017 1.89218e-17 5.82354e-17 
0.961122 0.05 0.05 0.05 0.02 0.005 0.045 -0.309017 0.951057 -5.82354e-17 -1.89218e-17 
0.954681 0.05 0.05 0.05 0.01 0.01 0.045 -0.587785 0.809017 -4.9538e-17 -3.59915e-17 
0.952134 0.05 0.05 0.05 -0.01 -0.01 0.045 0.809017 0.587785 3.59914e-17 4.9538e-17 
0.929532 0.05 0.05 0.05 -0.02 -0.01 0.045 0.309017 0.951057 -5.82354e-17 1.89218e-17 
0.929498 0.05 0.05 0.05 0.02 0.01 0.045 0.951057 -0.309017 -1.89218e-17 5.82354e-17 
0.872345 0.05 0.05 0.05 -0.025 0.015 0.045 1 0 0 6.12323e-17 
0.840713 0.05 0.05 0.05 -0.02 -0.015 0.045 0.809017 0.587785 3.59914e-17 4.9538e-17 
0.840653 0.05 0.05 0.05 0.02 0.015 0.045 -0.587785 0.809017 -4.9538e-17 -3.59915e-17 
0.740199 0.05 0.05 0.05 -0.025 -0.02 0.045 0.809017 0.587785 3.59914e-17 4.9538e-17 
0.716013 0.05 0.05 0.05 0.015 0.01 0.045 -0.587785 0.809017 -4.9538e-17 -3.59915e-17 
0.714873 0.05 0.05 0.05 -0.015 -0.01 0.045 0.809017 0.587785 3.59914e-17 4.9538e-17 
0.707211 0.05 0.05 0.05 -0.025 -0.005 0.045 0.951057 0.309017 1.89218e-17 5.82354e-17 
0.686191 0.05 0.05 0.05 -0.02 0.01 0.045 1 0 0 6.12323e-17 
0.686163 0.05 0.05 0.05 0.02 -0.01 0.045 6.12323e-17 1 -6.12323e-17 3.7494e-33 
0.686022 0.05 0.05 0.05 -0.025 -0.01 0.045 0.309017 0.951057 -5.82354e-17 1.89218e-17 
0.56995 0.05 0.05 0.05 -0.015 -0.015 0.045 0.309017 0.951057 -5.82354e-17 1.89218e-17 
0.569935 0.05 0.05 0.05 0.015 0.015 0.045 0.951057 -0.309017 -1.89218e-17 5.82354e-17 
0.56869 0.05 0.05 0.05 -0.01 -0.015 0.045 0.309017 0.951057 -5.82354e-17 1.89218e-17 
0.568673 0.05 0.05 0.05 0.01 0.015 0.045 0.951057 -0.309017 -1.89218e-17 5.82354e-17 
0.534149 0.05 0.05 0.05 0.005 -0.025 0.045 0.587785 0.809017 -4.9538e-17 3.59915e-17 
0.496407 0.05 0.05 0.05 0.02 0.01 0.045 -0.587785 0.809017 -4.9538e-17 -3.59915e-17 
0.496162 0.05 0.05 0.05 -0.02 -0.01 0.045 0.809017 0.587785 3.59914e-17 4.9538e-17 
0.473981 0.05 0.05 0.05 -0.025 -0.015 0.045 0.809017 0.587785 3.59914e-17 4.9538e-17 
0.47066 0.05 0.05 0.05 -0.02 -0.015 0.045 0.309017 0.951057 -5.82354e-17 1.89218e-17 
0.470642 0.05 0.05 0.05 0.02 0.015 0.045 0.951057 -0.309017 -1.89218e-17 5.82354e-17 
0.432151 0.05 0.05 0.05 -0.005 -0.015 0.045 0.309017 0.951057 -5.82354e-17 1.89218e-17 
0.432132 0.05 0.05 0.05 0.005 0.015 0.045 0.951057 -0.309017 -1.89218e-17 5.82354e-17 
0.425976 0.05 0.05 0.05 0.02 -0.015 0.045 6.12323e-17 1 -6.12323e-17 3.7494e-33 
0.425944 0.05 0.05 0.05 -0.02 0.015 0.045 1 0 0 6.12323e-17 
0.407972 0.05 0.05 0.05 -0.025 0.02 0.045 1 0 0 6.12323e-17 
0.404494 0.05 0.05 0.05 -0.02 1.73472e-18 0.045 0.951057 0.309017 1.89218e-17 5.82354e-17 
0.404254 0.05 0.05 0.05 0.02 1.73472e-18 0.045 -0.309017 0.951057 -5.82354e-17 -1.89218e-17 
0.398896 0.05 0.05 0.05 1.73472e-18 -0.025 0.045 0.587785 0.809017 -4.9538e-17 3.59915e-17 
0.375889 0.05 0.05 0.05 0.01 0.005 0.045 -0.587785 0.809017 -4.9538e-17 -3.59915e-17 
0.374263 0.05 0.05 0.05 -0.01 -0.005 0.045 0.809017 0.587785 3.59914e-17 4.9538e-17 
0.331264 0.05 0.05 0.05 0.015 0.005 0.045 -0.587785 0.809017 -4.9538e-17 -3.59915e-17 
0.330501 0.05 0.05 0.05 -0.015 -0.005 0.045 0.809017 0.587785 3.59914e-17 4.9538e-17 
0.311919 0.05 0.05 0.05 -0.025 -0.015 0.045 0.309017 0.951057 -5.82354e-17 1.89218e-17 
0.30184 0.05 0.05 0.05 -0.025 1.73472e-18 0.045 0.951057 0.309017 1.89218e-17 5.82354e-17 
0.30045 0.05 0.05 0.05 -0.025 -0.01 0.045 0.809017 0.587785 3.59914e-17 4.9538e-17 
0.294943 0.05 0.05 0.05 -0.005 -0.025 0.045 0.587785 0.809017 -4.9538e-17 3.59915e-17 
0.277343 0.05 0.05 0.05 -0.01 -0.02 0.045 0.309017 0.951057 -5.82354e-17 1.89218e-17 
0.277343 0.05 0.05 0.05 0.01 0.02 0.045 0.951057 -0.309017 -1.89218e-17 5.82354e-17 
0.277318 0.05 0.05 0.05 -0.015 -0.02 0.045 0.309017 0.951057 -5.82354e-17 1.89218e-17 
0.277318 0.05 0.05 0.05 0.015 0.02 0.045 0.951057 -0.309017 -1.89218e-17 5.82354e-17 
0.269414 0.05 0.05 0.05 0.02 0.005 0.045 -0.587785 0.809017 -4.9538e-17 -3.59915e-17 
0.269192 0.05 0.05 0.05 -0.02 -0.005 0.045 0.809017 0.587785 3.59914e-17 4.9538e-17 
0.231034 0.05 0.05 0.05 0.02 -0.02 0.045 6.12323e-17 1 -6.12323e-17 3.7494e-33 
0.231008 0.05 0.05 0.05 -0.02 0.02 0.045 1 0 0 6.12323e-17 
0.22225 0.05 0.05 0.05 -0.02 -0.02 0.045 0.309017 0.951057 -5.82354e-17 1.89218e-17 
0.222245 0.05 0.05 0.05 0.02 0.02 0.045 0.951057 -0.309017 -1.89218e-17 5.82354e-17 
0.210321 0.05 0.05 0.05 -0.01 -0.025 0.045 0.587785 0.809017 -4.9538e-17 3.59915e-17 
0.201275 0.05 0.05 0.05 -0.005 -0.02 0.045 0.309017 0.951057 -5.82354e-17 1.89218e-17 
0.201273 0.05 0.05 0.05 0.005 0.02 0.045 0.951057 -0.309017 -1.89218e-17 5.82354e-17 
0.193089 0.05 0.05 0.05 -0.025 -0.005 0.045 0.809017 0.587785 3.59914e-17 4.9538e-17 
0.166809 0.05 0.05 0.05 -0.005 -0.025 0.045 6.12323e-17 1 -6.12323e-17 3.7494e-33 
0.166638 0.05 0.05 0.05 -0.01 -0.025 0.045 6.12323e-17 1 -6.12323e-17 3.7494e-33 
0.157401 0.05 0.05 0.05 1.73472e-18 -0.025 0.045 6.12323e-17 1 -6.12323e-17 3.7494e-33 
0.15222 0.05 0.05 0.05 -0.015 -0.025 0.045 6.12323e-17 1 -6.12323e-17 3.7494e-33 
0.14264 0.05 0.05 0.05 0.005 -0.025 0.045 6.12323e-17 1 -6.12323e-17 3.7494e-33 
0.137314 0.05 0.05 0.05 -0.015 -0.025 0.045 0.587785 0.809017 -4.9538e-17 3.59915e-17 
0.134407 0.05 0.05 0.05 -0.025 -0.02 0.045 0.309017 0.951057 -5.82354e-17 1.89218e-17 
0.133083 0.05 0.05 0.05 0.02 1.73472e-18 0.045 -0.587785 0.809017 -4.9538e-17 -3.59915e-17 
0.133002 0.05 0.05 0.05 -0.02 1.73472e-18 0.045 0.809017 0.587785 3.59914e-17 4.9538e-17 
0.131967 0.05 0.05 0.05 -0.015 -0.025 0.045 0.309017 0.951057 -5.82354e-17 1.89218e-17 
0.131875 0.05 0.05 0.05 -0.025 1.73472e-18 0.045 0.809017 0.587785 3.59914e-17 4.9538e-17 
0.129182 0.05 0.05 0.05 -0.01 -0.025 0.045 0.309017 0.951057 -5.82354e-17 1.89218e-17 
0.128388 0.05 0.05 0.05 1.73472e-18 -0.015 0.045 0.309017 0.951057 -5.82354e-17 1.89218e-17 
0.128364 0.05 0.05 0.05 1.73472e-18 0.015 0.045 0.951057 -0.309017 -1.89218e-17 5.82354e-17 
0.125817 0.05 0.05 0.05 0.01 -0.025 0.045 6.12323e-17 1 -6.12323e-17 3.7494e-33 
0.12043 0.05 0.05 0.05 -0.02 0.005 0.045 0.951057 0.309017 1.89218e-17 5.82354e-17 
0.120327 0.05 0.05 0.05 -0.02 -0.025 0.045 6.12323e-17 1 -6.12323e-17 3.7494e-33 
0.120258 0.05 0.05 0.05 0.02 -0.005 0.045 -0.309017 0.951057 -5.82354e-17 -1.89218e-17 
0.119316 0.05 0.05 0.05 -0.015 0.02 0.045 1 0 0 6.12323e-17 
0.119285 0.05 0.05 0.05 0.015 -0.02 0.045 6.12323e-17 1 -6.12323e-17 3.7494e-33 
0.116759 0.05 0.05 0.05 -0.015 0.015 0.045 1 0 0 6.12323e-17 
0.116749 0.05 0.05 0.05 0.015 -0.015 0.045 6.12323e-17 1 -6.12323e-17 3.7494e-33 
0.114748 0.05 0.05 0.05 -0.02 -0.025 0.045 0.309017 0.951057 -5.82354e-17 1.89218e-17 
0.110295 0.05 0.05 0.05 0.015 -0.025 0.045 6.12323e-17 1 -6.12323e-17 3.7494e-33 
0.10925 0.05 0.05 0.05 -0.025 0.005 0.045 0.951057 0.309017 1.89218e-17 5.82354e-17 
0.10574 0.05 0.05 0.05 0.02 -0.025 0.045 -0.587785 0.809017 -4.9538e-17 -3.59915e-17 
0.105182 0.05 0.05 0.05 0.015 -0.01 0.045 6.12323e-17 1 -6.12323e-17 3.7494e-33 
0.105172 0.05 0.05 0.05 -0.015 0.01 0.045 1 0 0 6.12323e-17 
0.102671 0.05 0.05 0.05 -0.025 0.02 0.045 0.809017 0.587785 3.59914e-17 4.9538e-17 
0.102176 0.05 0.05 0.05 -0.025 0.005 0.045 0.809017 0.587785 3.59914e-17 4.9538e-17 
0.101266 0.05 0.05 0.05 0.02 -0.025 0.045 6.12323e-17 1 -6.12323e-17 3.7494e-33 
0.0971799 0.05 0.05 0.05 -0.005 -0.025 0.045 0.309017 0.951057 -5.82354e-17 1.89218e-17 
0.0964074 0.05 0.05 0.05 -0.025 0.015 0.045 0.809017 0.587785 3.59914e-17 4.9538e-17 
0.0940056 0.05 0.05 0.05 0.015 1.73472e-18 0.045 -0.587785 0.809017 -4.9538e-17 -3.59915e-17 
0.0936379 0.05 0.05 0.05 -0.015 1.73472e-18 0.045 0.809017 0.587785 3.59914e-17 4.9538e-17 
0.0932674 0.05 0.05 0.05 -0.025 0.01 0.045 0.809017 0.587785 3.59914e-17 4.9538e-17 
0.0869316 0.05 0.05 0.05 0.02 -0.02 0.045 -0.587785 0.809017 -4.9538e-17 -3.59915e-17 
0.0868476 0.05 0.05 0.05 -0.02 0.02 0.045 0.809017 0.587785 3.59914e-17 4.9538e-17 
0.0829158 0.05 0.05 0.05 -0.025 -0.025 0.045 0.309017 0.951057 -5.82354e-17 1.89218e-17 
0.0797919 0.05 0.05 0.05 0.015 -0.025 0.045 -0.587785 0.809017 -4.9538e-17 -3.59915e-17 
0.0728669 0.05 0.05 0.05 -0.02 -0.025 0.045 0.587785 0.809017 -4.9538e-17 3.59915e-17 
0.071566 0.05 0.05 0.05 -0.025 -0.025 0.045 6.12323e-17 1 -6.12323e-17 3.7494e-33 
0.0713704 0.05 0.05 0.05 -0.025 -0.015 0.045 0.587785 0.809017 -4.9538e-17 3.59915e-17 
0.0653195 0.05 0.05 0.05 -0.02 0.005 0.045 0.809017 0.587785 3.59914e-17 4.9538e-17 
0.0652733 0.05 0.05 0.05 0.02 -0.005 0.045 -0.587785 0.809017 -4.9538e-17 -3.59915e-17 
0.0643722 0.05 0.05 0.05 0.02 -0.025 0.045 -0.309017 0.951057 -5.82354e-17 -1.89218e-17 
0.063091 0.05 0.05 0.05 -0.02 -0.02 0.045 0.587785 0.809017 -4.9538e-17 3.59915e-17 
0.0630086 0.05 0.05 0.05 0.02 0.02 0.045 0.809017 -0.587785 -3.59914e-17 4.9538e-17 
0.061602 0.05 0.05 0.05 0.015 0.02 0.045 1 0 0 6.12323e-17 
0.061578 0.05 0.05 0.05 -0.015 -0.02 0.045 6.12323e-17 1 -6.12323e-17 3.7494e-33 
0.0606359 0.05 0.05 0.05 -0.025 -0.01 0.045 0.587785 0.809017 -4.9538e-17 3.59915e-17 
0.0602723 0.05 0.05 0.05 0.02 -0.015 0.045 -0.587785 0.809017 -4.9538e-17 -3.59915e-17 
0.0602689 0.05 0.05 0.05 -0.02 0.015 0.045 0.809017 0.587785 3.59914e-17 4.9538e-17 
0.0597477 0.05 0.05 0.05 0.02 0.02 0.045 1 0 0 6.12323e-17 
0.0597382 0.05 0.05 0.05 -0.02 -0.02 0.045 6.12323e-17 1 -6.12323e-17 3.7494e-33 
0.0554955 0.05 0.05 0.05 -0.01 0.02 0.045 1 0 0 6.12323e-17 
0.0554943 0.05 0.05 0.05 0.01 -0.02 0.045 6.12323e-17 1 -6.12323e-17 3.7494e-33 
0.0528884 0.05 0.05 0.05 -0.015 -0.02 0.045 0.587785 0.809017 -4.9538e-17 3.59915e-17 
0.0528744 0.05 0.05 0.05 0.015 0.02 0.045 0.809017 -0.587785 -3.59914e-17 4.9538e-17 
0.051212 0.05 0.05 0.05 -0.025 -0.02 0.045 0.587785 0.809017 -4.9538e-17 3.59915e-17 
0.0508884 0.05 0.05 0.05 0.01 0.02 0.045 1 0 0 6.12323e-17 
0.0508751 0.05 0.05 0.05 -0.01 -0.02 0.045 6.12323e-17 1 -6.12323e-17 3.7494e-33 
0.0482337 0.05 0.05 0.05 -0.025 0.02 0.045 0.951057 0.309017 1.89218e-17 5.82354e-17 
0.046987 0.05 0.05 0.05 -0.02 0.01 0.045 0.809017 0.587785 3.59914e-17 4.9538e-17 
0.0469288 0.05 0.05 0.05 0.02 -0.01 0.045 -0.587785 0.809017 -4.9538e-17 -3.59915e-17 
0.0433188 0.05 0.05 0.05 -0.025 -0.02 0.045 6.12323e-17 1 -6.12323e-17 3.7494e-33 
0.0420974 0.05 0.05 0.05 -0.025 0.01 0.045 0.951057 0.309017 1.89218e-17 5.82354e-17 
0.0359422 0.05 0.05 0.05 -0.025 0.015 0.045 0.951057 0.309017 1.89218e-17 5.82354e-17 
0.0349625 0.05 0.05 0.05 -0.005 -0.02 0.045 6.12323e-17 1 -6.12323e-17 3.7494e-33 
0.0349625 0.05 0.05 0.05 0.005 0.02 0.045 1 0 0 6.12323e-17 
0.029423 0.05 0.05 0.05 -0.02 0.02 0.045 0.951057 0.309017 1.89218e-17 5.82354e-17 
0.0293914 0.05 0.05 0.05 0.02 -0.02 0.045 -0.309017 0.951057 -5.82354e-17 -1.89218e-17 
0.0270931 0.05 0.05 0.05 0.005 -0.02 0.045 6.12323e-17 1 -6.12323e-17 3.7494e-33 
0.0270725 0.05 0.05 0.05 -0.005 0.02 0.045 1 0 0 6.12323e-17 
0.0253992 0.05 0.05 0.05 1.73472e-18 -0.02 0.045 0.309017 0.951057 -5.82354e-17 1.89218e-17 
0.0253954 0.05 0.05 0.05 1.73472e-18 0.02 0.045 0.951057 -0.309017 -1.89218e-17 5.82354e-17 
0.0247122 0.05 0.05 0.05 0.015 -0.02 0.045 -0.587785 0.809017 -4.9538e-17 -3.59915e-17 
0.0243122 0.05 0.05 0.05 -0.015 0.02 0.045 0.809017 0.587785 3.59914e-17 4.9538e-17 
0.0236078 0.05 0.05 0.05 1.73472e-18 -0.02 0.045 6.12323e-17 1 -6.12323e-17 3.7494e-33 
0.0236066 0.05 0.05 0.05 1.73472e-18 0.02 0.045 1 0 0 6.12323e-17 
0.0226365 0.05 0.05 0.05 0.01 -0.025 0.045 -0.587785 0.809017 -4.9538e-17 -3.59915e-17 
0.0194151 0.05 0.05 0.05 0.01 0.02 0.045 0.809017 -0.587785 -3.59914e-17 4.9538e-17 
0.0193046 0.05 0.05 0.05 -0.01 -0.02 0.045 0.587785 0.809017 -4.9538e-17 3.59915e-17 
0.0188116 0.05 0.05 0.05 -0.025 -0.025 0.045 0.587785 0.809017 -4.9538e-17 3.59915e-17 
0.0188074 0.05 0.05 0.05 1.73472e-18 -0.025 0.045 0.309017 0.951057 -5.82354e-17 1.89218e-17 
0.0131468 0.05 0.05 0.05 0.01 1.73472e-18 0.045 -0.587785 0.809017 -4.9538e-17 -3.59915e-17 
0.0122389 0.05 0.05 0.05 -0.01 1.73472e-18 0.045 0.809017 0.587785 3.59914e-17 4.9538e-17 
0.0109747 0.05 0.05 0.05 -0.02 0.01 0.045 0.951057 0.309017 1.89218e-17 5.82354e-17 
0.0108605 0.05 0.05 0.05 0.02 -0.01 0.045 -0.309017 0.951057 -5.82354e-17 -1.89218e-17 
0.00711567 0.05 0.05 0.05 -0.025 -0.005 0.045 0.587785 0.809017 -4.9538e-17 3.59915e-17 
0.000120673 0.05 0.05 0.05 0.015 -0.025 0.045 -0.309017 0.951057 -5.82354e-17 -1.89218e-17 
-0.000664666 0.05 0.05 0.05 -0.02 0.015 0.045 0.951057 0.309017 1.89218e-17 5.82354e-17 
-0.000728518 0.05 0.05 0.05 0.02 -0.015 0.045 -0.309017 0.951057 -5.82354e-17 -1.89218e-17 
-0.00258978 0.05 0.05 0.05 -0.025 -0.015 0.045 6.12323e-17 1 -6.12323e-17 3.7494e-33 
-0.00930309 0.05 0.05 0.05 -0.02 -0.015 0.045 0.587785 0.809017 -4.9538e-17 3.59915e-17 
-0.00979968 0.05 0.05 0.05 0.02 0.015 0.045 0.809017 -0.587785 -3.59914e-17 4.9538e-17 
-0.0266152 0.05 0.05 0.05 0.015 -0.005 0.045 -0.587785 0.809017 -4.9538e-17 -3.59915e-17 
-0.0267539 0.05 0.05 0.05 -0.015 0.005 0.045 0.809017 0.587785 3.59914e-17 4.9538e-17 
-0.0324847 0.05 0.05 0.05 0.015 -0.015 0.045 -0.587785 0.809017 -4.9538e-17 -3.59915e-17 
-0.0327232 0.05 0.05 0.05 -0.015 0.015 0.045 0.809017 0.587785 3.59914e-17 4.9538e-17 
-0.0334415 0.05 0.05 0.05 0.005 0.02 0.045 0.809017 -0.587785 -3.59914e-17 4.9538e-17 
-0.0336724 0.05 0.05 0.05 -0.005 -0.02 0.045 0.587785 0.809017 -4.9538e-17 3.59915e-17 
-0.0523613 0.05 0.05 0.05 -0.02 -0.015 0.045 6.12323e-17 1 -6.12323e-17 3.7494e-33 
-0.0523884 0.05 0.05 0.05 0.02 0.015 0.045 1 0 0 6.12323e-17 
-0.0593777 0.05 0.05 0.05 0.015 -0.01 0.045 -0.587785 0.809017 -4.9538e-17 -3.59915e-17 
-0.0594903 0.05 0.05 0.05 -0.015 0.01 0.045 0.809017 0.587785 3.59914e-17 4.9538e-17 
-0.06129 0.05 0.05 0.05 -0.025 -0.01 0.045 6.12323e-17 1 -6.12323e-17 3.7494e-33 
-0.0810044 0.05 0.05 0.05 0.01 -0.015 0.045 6.12323e-17 1 -6.12323e-17 3.7494e-33 
-0.0810093 0.05 0.05 0.05 -0.01 0.015 0.045 1 0 0 6.12323e-17 
-0.0840219 0.05 0.05 0.05 0.01 -0.02 0.045 -0.587785 0.809017 -4.9538e-17 -3.59915e-17 
-0.0850029 0.05 0.05 0.05 -0.01 0.02 0.045 0.809017 0.587785 3.59914e-17 4.9538e-17 
-0.0863895 0.05 0.05 0.05 -0.015 0.02 0.045 0.951057 0.309017 1.89218e-17 5.82354e-17 
-0.0864513 0.05 0.05 0.05 0.015 -0.02 0.045 -0.309017 0.951057 -5.82354e-17 -1.89218e-17 
-0.0921761 0.05 0.05 0.05 -0.025 1.73472e-18 0.045 0.587785 0.809017 -4.9538e-17 3.59915e-17 
-0.110454 0.05 0.05 0.05 0.015 0.015 0.045 1 0 0 6.12323e-17 
-0.110463 0.05 0.05 0.05 -0.015 -0.015 0.045 6.12323e-17 1 -6.12323e-17 3.7494e-33 
-0.134819 0.05 0.05 0.05 0.005 -0.025 0.045 0.309017 0.951057 -5.82354e-17 1.89218e-17 
-0.158297 0.05 0.05 0.05 -0.015 0.015 0.045 0.951057 0.309017 1.89218e-17 5.82354e-17 
-0.158433 0.05 0.05 0.05 0.015 -0.015 0.045 -0.309017 0.951057 -5.82354e-17 -1.89218e-17 
-0.164312 0.05 0.05 0.05 -0.015 0.01 0.045 0.951057 0.309017 1.89218e-17 5.82354e-17 
-0.164435 0.05 0.05 0.05 -0.02 -0.01 0.045 0.587785 0.809017 -4.9538e-17 3.59915e-17 
-0.164553 0.05 0.05 0.05 0.015 -0.01 0.045 -0.309017 0.951057 -5.82354e-17 -1.89218e-17 
-0.165544 0.05 0.05 0.05 0.02 0.01 0.045 0.809017 -0.587785 -3.59914e-17 4.9538e-17 
-0.168961 0.05 0.05 0.05 0.01 -0.025 0.045 -0.309017 0.951057 -5.82354e-17 -1.89218e-17 
-0.169048 0.05 0.05 0.05 0.01 0.015 0.045 1 0 0 6.12323e-17 
-0.169091 0.05 0.05 0.05 -0.01 -0.015 0.045 6.12323e-17 1 -6.12323e-17 3.7494e-33 
-0.170114 0.05 0.05 0.05 -0.015 -0.015 0.045 0.587785 0.809017 -4.9538e-17 3.59915e-17 
-0.171054 0.05 0.05 0.05 0.015 0.015 0.045 0.809017 -0.587785 -3.59914e-17 4.9538e-17 
-0.174246 0.05 0.05 0.05 0.01 -0.005 0.045 -0.587785 0.809017 -4.9538e-17 -3.59915e-17 
-0.174771 0.05 0.05 0.05 -0.01 0.005 0.045 0.809017 0.587785 3.59914e-17 4.9538e-17 
-0.181953 0.05 0.05 0.05 0.01 -0.015 0.045 -0.587785 0.809017 -4.9538e-17 -3.59915e-17 
-0.182656 0.05 0.05 0.05 -0.01 0.015 0.045 0.809017 0.587785 3.59914e-17 4.9538e-17 
-0.188907 0.05 0.05 0.05 0.005 -0.015 0.045 6.12323e-17 1 -6.12323e-17 3.7494e-33 
-0.188912 0.05 0.05 0.05 -0.005 0.015 0.045 1 0 0 6.12323e-17 
-0.210496 0.05 0.05 0.05 0.02 0.01 0.045 1 0 0 6.12323e-17 
-0.210534 0.05 0.05 0.05 -0.02 -0.01 0.045 6.12323e-17 1 -6.12323e-17 3.7494e-33 
-0.213726 0.05 0.05 0.05 0.005 0.015 0.045 1 0 0 6.12323e-17 
-0.213729 0.05 0.05 0.05 -0.005 -0.015 0.045 6.12323e-17 1 -6.12323e-17 3.7494e-33 
-0.225951 0.05 0.05 0.05 0.01 -0.01 0.045 -0.587785 0.809017 -4.9538e-17 -3.59915e-17 
-0.226442 0.05 0.05 0.05 -0.01 0.01 0.045 0.809017 0.587785 3.59914e-17 4.9538e-17 
-0.226682 0.05 0.05 0.05 1.73472e-18 -0.015 0.045 6.12323e-17 1 -6.12323e-17 3.7494e-33 
-0.226695 0.05 0.05 0.05 1.73472e-18 0.015 0.045 1 0 0 6.12323e-17 
-0.230928 0.05 0.05 0.05 -0.025 0.005 0.045 0.587785 0.809017 -4.9538e-17 3.59915e-17 
-0.279364 0.05 0.05 0.05 0.01 -0.01 0.045 6.12323e-17 1 -6.12323e-17 3.7494e-33 
-0.279367 0.05 0.05 0.05 -0.01 0.01 0.045 1 0 0 6.12323e-17 
-0.280362 0.05 0.05 0.05 0.005 -0.02 0.045 0.309017 0.951057 -5.82354e-17 1.89218e-17 
-0.280364 0.05 0.05 0.05 -0.005 0.02 0.045 0.951057 -0.309017 -1.89218e-17 5.82354e-17 
-0.34813 0.05 0.05 0.05 -0.01 0.02 0.045 0.951057 0.309017 1.89218e-17 5.82354e-17 
-0.348235 0.05 0.05 0.05 0.01 -0.02 0.045 -0.309017 0.951057 -5.82354e-17 -1.89218e-17 
-0.357896 0.05 0.05 0.05 0.015 0.01 0.045 1 0 0 6.12323e-17 
-0.357913 0.05 0.05 0.05 -0.015 -0.01 0.045 6.12323e-17 1 -6.12323e-17 3.7494e-33 
-0.375388 0.05 0.05 0.05 0.005 -0.015 0.045 0.309017 0.951057 -5.82354e-17 1.89218e-17 
-0.375414 0.05 0.05 0.05 -0.005 0.015 0.045 0.951057 -0.309017 -1.89218e-17 5.82354e-17 
-0.39492 0.05 0.05 0.05 -0.025 0.01 0.045 0.587785 0.809017 -4.9538e-17 3.59915e-17 
-0.407695 0.05 0.05 0.05 0.01 -0.025 0.045 0.309017 0.951057 -5.82354e-17 1.89218e-17 
-0.411097 0.05 0.05 0.05 -0.01 -0.015 0.045 0.587785 0.809017 -4.9538e-17 3.59915e-17 
-0.412604 0.05 0.05 0.05 0.01 0.015 0.045 0.809017 -0.587785 -3.59914e-17 4.9538e-17 
-0.413707 0.05 0.05 0.05 -0.02 -0.005 0.045 0.587785 0.809017 -4.9538e-17 3.59915e-17 
-0.415577 0.05 0.05 0.05 0.02 0.005 0.045 0.809017 -0.587785 -3.59914e-17 4.9538e-17 
-0.468207 0.05 0.05 0.05 0.005 -0.025 0.045 -0.309017 0.951057 -5.82354e-17 -1.89218e-17 
-0.486854 0.05 0.05 0.05 -0.01 -0.01 0.045 6.12323e-17 1 -6.12323e-17 3.7494e-33 
-0.486863 0.05 0.05 0.05 0.01 0.01 0.045 1 0 0 6.12323e-17 
-0.499816 0.05 0.05 0.05 -0.005 0.01 0.045 1 0 0 6.12323e-17 
-0.499822 0.05 0.05 0.05 0.005 -0.01 0.045 6.12323e-17 1 -6.12323e-17 3.7494e-33 
-0.501893 0.05 0.05 0.05 -0.01 0.015 0.045 0.951057 0.309017 1.89218e-17 5.82354e-17 
-0.502127 0.05 0.05 0.05 0.01 -0.015 0.045 -0.309017 0.951057 -5.82354e-17 -1.89218e-17 
-0.552549 0.05 0.05 0.05 -0.015 -0.01 0.045 0.587785 0.809017 -4.9538e-17 3.59915e-17 
-0.554827 0.05 0.05 0.05 0.015 0.01 0.045 0.809017 -0.587785 -3.59914e-17 4.9538e-17 
-0.565123 0.05 0.05 0.05 -0.025 0.015 0.045 0.587785 0.809017 -4.9538e-17 3.59915e-17 
-0.57289 0.05 0.05 0.05 0.005 0.01 0.045 1 0 0 6.12323e-17 
-0.572917 0.05 0.05 0.05 -0.005 -0.01 0.045 6.12323e-17 1 -6.12323e-17 3.7494e-33 
-0.587372 0.05 0.05 0.05 1.73472e-18 -0.01 0.045 6.12323e-17 1 -6.12323e-17 3.7494e-33 
-0.587389 0.05 0.05 0.05 1.73472e-18 0.01 0.045 1 0 0 6.12323e-17 
-0.722482 0.05 0.05 0.05 -0.025 0.02 0.045 0.587785 0.809017 -4.9538e-17 3.59915e-17 
-0.755939 0.05 0.05 0.05 -0.01 0.02 0.045 0.951057 -0.309017 -1.89218e-17 5.82354e-17 
-0.755939 0.05 0.05 0.05 0.01 -0.02 0.045 0.309017 0.951057 -5.82354e-17 1.89218e-17 
-0.757749 0.05 0.05 0.05 -0.02 1.73472e-18 0.045 0.587785 0.809017 -4.9538e-17 3.59915e-17 
-0.760468 0.05 0.05 0.05 0.02 1.73472e-18 0.045 0.809017 -0.587785 -3.59914e-17 4.9538e-17 
-0.79659 0.05 0.05 0.05 -0.005 0.02 0.045 0.951057 0.309017 1.89218e-17 5.82354e-17 
-0.796746 0.05 0.05 0.05 0.005 -0.02 0.045 -0.309017 0.951057 -5.82354e-17 -1.89218e-17 
-0.861729 0.05 0.05 0.05 0.015 -0.025 0.045 0.309017 0.951057 -5.82354e-17 1.89218e-17 
-0.917865 0.05 0.05 0.05 1.73472e-18 -0.025 0.045 -0.309017 0.951057 -5.82354e-17 -1.89218e-17 
-1.10435 0.05 0.05 0.05 -0.015 -0.005 0.045 0.587785 0.809017 -4.9538e-17 3.59915e-17 
-1.10827 0.05 0.05 0.05 0.015 0.005 0.045 0.809017 -0.587785 -3.59914e-17 4.9538e-17 
-1.18615 0.05 0.05 0.05 -0.02 0.005 0.045 0.587785 0.809017 -4.9538e-17 3.59915e-17 
-1.18975 0.05 0.05 0.05 0.02 -0.005 0.045 0.809017 -0.587785 -3.59914e-17 4.9538e-17 
-1.45411 0.05 0.05 0.05 -0.015 0.02 0.045 0.951057 -0.309017 -1.89218e-17 5.82354e-17 
-1.45411 0.05 0.05 0.05 0.015 -0.02 0.045 0.309017 0.951057 -5.82354e-17 1.89218e-17 
-1.46642 0.05 0.05 0.05 1.73472e-18 0.02 0.045 0.951057 0.309017 1.89218e-17 5.82354e-17 
-1.46664 0.05 0.05 0.05 1.73472e-18 -0.02 0.045 -0.309017 0.951057 -5.82354e-17 -1.89218e-17 
-1.53519 0.05 0.05 0.05 -0.005 -0.025 0.045 -0.309017 0.951057 -5.82354e-17 -1.89218e-17 
-1.67906 0.05 0.05 0.05 -0.02 0.01 0.045 0.587785 0.809017 -4.9538e-17 3.59915e-17 
-1.68352 0.05 0.05 0.05 0.02 -0.01 0.045 0.809017 -0.587785 -3.59914e-17 4.9538e-17 
-1.82254 0.05 0.05 0.05 -0.015 1.73472e-18 0.045 0.587785 0.809017 -4.9538e-17 3.59915e-17 
-1.8283 0.05 0.05 0.05 0.015 1.73472e-18 0.045 0.809017 -0.587785 -3.59914e-17 4.9538e-17 
-2.21047 0.05 0.05 0.05 -0.02 0.015 0.045 0.587785 0.809017 -4.9538e-17 3.59915e-17 
-2.21571 0.05 0.05 0.05 0.02 -0.015 0.045 0.809017 -0.587785 -3.59914e-17 4.9538e-17 
-2.33623 0.05 0.05 0.05 -0.01 -0.025 0.045 -0.309017 0.951057 -5.82354e-17 -1.89218e-17 
-2.38793 0.05 0.05 0.05 0.005 0.02 0.045 0.951057 0.309017 1.89218e-17 5.82354e-17 
-2.38822 0.05 0.05 0.05 -0.005 -0.02 0.045 -0.309017 0.951057 -5.82354e-17 -1.89218e-17 
-2.69117 0.05 0.05 0.05 -0.015 0.005 0.045 0.587785 0.809017 -4.9538e-17 3.59915e-17 
-2.69883 0.05 0.05 0.05 0.015 -0.005 0.045 0.809017 -0.587785 -3.59914e-17 4.9538e-17 
-2.75326 0.05 0.05 0.05 -0.02 0.02 0.045 0.587785 0.809017 -4.9538e-17 3.59915e-17 
-2.75914 0.05 0.05 0.05 0.02 -0.02 0.045 0.809017 -0.587785 -3.59914e-17 4.9538e-17 
-3.29181 0.05 0.05 0.05 0.02 -0.025 0.045 0.809017 -0.587785 -3.59914e-17 4.9538e-17 
-3.33718 0.05 0.05 0.05 -0.015 -0.025 0.045 -0.309017 0.951057 -5.82354e-17 -1.89218e-17 
-3.68304 0.05 0.05 0.05 -0.015 0.01 0.045 0.587785 0.809017 -4.9538e-17 3.59915e-17 
-3.69256 0.05 0.05 0.05 0.015 -0.01 0.045 0.809017 -0.587785 -3.59914e-17 4.9538e-17 
-4.5553 0.05 0.05 0.05 -0.02 -0.025 0.045 -0.309017 0.951057 -5.82354e-17 -1.89218e-17 
-4.76333 0.05 0.05 0.05 -0.015 0.015 0.045 0.587785 0.809017 -4.9538e-17 3.59915e-17 
-4.77454 0.05 0.05 0.05 0.015 -0.015 0.045 0.809017 -0.587785 -3.59914e-17 4.9538e-17 
-5.89477 0.05 0.05 0.05 -0.015 0.02 0.045 0.587785 0.809017 -4.9538e-17 3.59915e-17 
-5.90735 0.05 0.05 0.05 0.015 -0.02 0.045 0.809017 -0.587785 -3.59914e-17 4.9538e-17 
-6.00925 0.05 0.05 0.05 -0.025 -0.025 0.045 -0.309017 0.951057 -5.82354e-17 -1.89218e-17 
-7.05782 0.05 0.05 0.05 0.015 -0.025 0.045 0.809017 -0.587785 -3.59914e-17 4.9538e-17 
