0.0410473 
0.0501531 
0.0307717 
0.112888 
0.035962 
0.108188 
0.0368507 
0.0301234 
0.0720813 
0.0585266 
0.239368 
0.139955 
0.0482407 
0.0724156 
0.109951 
0.0595911 
0.0742159 
0.0714038 
0.0920414 
0.297061 
0.0831573 
0.0325778 
0.106347 
0.123522 
0.0196288 
0.336521 
0.159768 
0.107422 
0.513693 
0.160332 
0.282943 
0.187533 
0.04163 
0.177644 
0.153822 
0.0239997 
0.0936981 
0.190729 
0.181708 
0.249119 
0.0456694 
0.193658 
0.0646184 
0.037566 
0.0577726 
0.134793 
0.133729 
0.232464 
0.095184 
0.188147 
0.00145043 
0.291316 
0.00625684 
0.106397 
0.317774 
0.25579 
0.199794 
0.0211136 
0.383656 
0.0495113 
0.221959 
0.0271557 
0.153213 
0.0245025 
0.347472 
0.119081 
0.0632655 
0.0858455 
0.0509505 
0.912788 
0.0261534 
0.0608653 
0.0745324 
0.0379655 
0.282972 
0.0410704 
0.0646905 
0.0409279 
