0.000585669 0.007 0.071 0.144 -0.0035 -0.0555 0.0144 -0.572061 0.415627 0.415627 0.572062
0.000585669 0.007 0.071 0.144 0.0035 0.0555 0.0144 -0.415627 -0.572061 0.572062 -0.415627
0.000585669 0.007 0.071 0.144 -0.0035 0.0555 -0.0144 0.572062 -0.415627 0.415627 0.572061
0.000585669 0.007 0.071 0.144 0.0035 -0.0555 -0.0144 0.415627 0.572062 0.572061 -0.415627
0.000901876 0.007 0.071 0.144 -0.0035 0.0555 0.0288 0.572061 -0.415627 0.415627 0.572062
0.000901876 0.007 0.071 0.144 0.0035 -0.0555 0.0288 0.415627 0.572061 0.572062 -0.415627
0.000901876 0.007 0.071 0.144 -0.0035 -0.0555 -0.0288 -0.572062 0.415627 0.415627 0.572061
0.000901876 0.007 0.071 0.144 0.0035 0.0555 -0.0288 0.415627 0.572062 -0.572061 0.415627
0.015393 0.007 0.071 0.144 -0.0035 0.0555 0.0432 0.572061 -0.415627 0.415627 0.572062
0.015393 0.007 0.071 0.144 0.0035 -0.0555 0.0432 0.415627 0.572061 0.572062 -0.415627
0.015393 0.007 0.071 0.144 -0.0035 -0.0555 -0.0432 -0.572062 0.415627 0.415627 0.572061
0.015393 0.007 0.071 0.144 0.0035 0.0555 -0.0432 0.415627 0.572062 -0.572061 0.415627
0.0372451 0.007 0.071 0.144 -0.0035 0.0555 0.0576 -8.65956e-17 0.707107 -0.707107 4.32978e-17
0.0372451 0.007 0.071 0.144 0.0035 -0.0555 0.0576 -0.707107 -1.29893e-16 8.65956e-17 0.707107
0.0372451 0.007 0.071 0.144 -0.0035 -0.0555 -0.0576 4.32978e-17 0.707107 0.707107 8.65956e-17
0.0372451 0.007 0.071 0.144 0.0035 0.0555 -0.0576 0.707107 -8.65956e-17 -4.32978e-17 0.707107
0.0286594 0.007 0.071 0.144 -0.0035 -0.0555 0.0576 -0.415627 -0.572061 -0.572061 0.415629
0.0286594 0.007 0.071 0.144 0.0035 0.0555 0.0576 0.572061 -0.415627 0.415629 0.572061
0.0286594 0.007 0.071 0.144 -0.0035 0.0555 -0.0576 0.415629 0.572061 -0.572061 0.415627
0.0286594 0.007 0.071 0.144 0.0035 -0.0555 -0.0576 -0.572061 0.415629 0.415627 0.572061
0.00138896 0.007 0.071 0.144 -0.0028 -0.0555 0.0144 -0.572061 0.415627 0.415627 0.572062
0.00138896 0.007 0.071 0.144 0.0028 0.0555 0.0144 -0.415627 -0.572061 0.572062 -0.415627
0.00138896 0.007 0.071 0.144 -0.0028 0.0555 -0.0144 0.572062 -0.415627 0.415627 0.572061
0.00138896 0.007 0.071 0.144 0.0028 -0.0555 -0.0144 0.415627 0.572062 0.572061 -0.415627
0.00382163 0.007 0.071 0.144 -0.0028 0.0555 0.0288 0.572061 -0.415627 0.415627 0.572062
0.00382163 0.007 0.071 0.144 0.0028 -0.0555 0.0288 0.415627 0.572061 0.572062 -0.415627
0.00382163 0.007 0.071 0.144 -0.0028 -0.0555 -0.0288 -0.572062 0.415627 0.415627 0.572061
0.00382163 0.007 0.071 0.144 0.0028 0.0555 -0.0288 0.415627 0.572062 -0.572061 0.415627
0.0220499 0.007 0.071 0.144 -0.0028 0.0555 0.0432 0.572061 -0.415627 0.415627 0.572062
0.0220499 0.007 0.071 0.144 0.0028 -0.0555 0.0432 0.415627 0.572061 0.572062 -0.415627
0.0220499 0.007 0.071 0.144 -0.0028 -0.0555 -0.0432 -0.572062 0.415627 0.415627 0.572061
0.0220499 0.007 0.071 0.144 0.0028 0.0555 -0.0432 0.415627 0.572062 -0.572061 0.415627
0.00436914 0.007 0.071 0.144 -0.0021 -0.0555 0.0144 -0.572061 0.415627 0.415627 0.572062
0.00436914 0.007 0.071 0.144 0.0021 0.0555 0.0144 -0.415627 -0.572061 0.572062 -0.415627
0.00436914 0.007 0.071 0.144 -0.0021 0.0555 -0.0144 0.572062 -0.415627 0.415627 0.572061
0.00436914 0.007 0.071 0.144 0.0021 -0.0555 -0.0144 0.415627 0.572062 0.572061 -0.415627
0.00758209 0.007 0.071 0.144 -0.0021 0.0555 0.0288 0.572061 -0.415627 0.415627 0.572062
0.00758209 0.007 0.071 0.144 0.0021 -0.0555 0.0288 0.415627 0.572061 0.572062 -0.415627
0.00758209 0.007 0.071 0.144 -0.0021 -0.0555 -0.0288 -0.572062 0.415627 0.415627 0.572061
0.00758209 0.007 0.071 0.144 0.0021 0.0555 -0.0288 0.415627 0.572062 -0.572061 0.415627
0.000878108 0.007 0.071 0.144 -0.0021 0.0555 0.0432 0.415627 0.572061 -0.572061 0.415629
0.000878108 0.007 0.071 0.144 0.0021 -0.0555 0.0432 -0.572061 0.415627 0.415629 0.572061
0.000878108 0.007 0.071 0.144 -0.0021 -0.0555 -0.0432 0.415629 0.572061 0.572061 -0.415627
0.000878108 0.007 0.071 0.144 0.0021 0.0555 -0.0432 0.572061 -0.415629 0.415627 0.572061
0.0243684 0.007 0.071 0.144 -0.0021 0.0555 0.0432 0.572061 -0.415627 0.415627 0.572062
0.0243684 0.007 0.071 0.144 0.0021 -0.0555 0.0432 0.415627 0.572061 0.572062 -0.415627
0.0243684 0.007 0.071 0.144 -0.0021 -0.0555 -0.0432 -0.572062 0.415627 0.415627 0.572061
0.0243684 0.007 0.071 0.144 0.0021 0.0555 -0.0432 0.415627 0.572062 -0.572061 0.415627
0.000698021 0.007 0.071 0.144 -0.0014 -0.0555 0.0144 -0.572061 0.415627 0.415627 0.572062
0.000698021 0.007 0.071 0.144 0.0014 0.0555 0.0144 -0.415627 -0.572061 0.572062 -0.415627
0.000698021 0.007 0.071 0.144 -0.0014 0.0555 -0.0144 0.572062 -0.415627 0.415627 0.572061
0.000698021 0.007 0.071 0.144 0.0014 -0.0555 -0.0144 0.415627 0.572062 0.572061 -0.415627
0.00259637 0.007 0.071 0.144 -0.0014 0.0555 0.0288 0.572061 -0.415627 0.415627 0.572062
0.00259637 0.007 0.071 0.144 0.0014 -0.0555 0.0288 0.415627 0.572061 0.572062 -0.415627
0.00259637 0.007 0.071 0.144 -0.0014 -0.0555 -0.0288 -0.572062 0.415627 0.415627 0.572061
0.00259637 0.007 0.071 0.144 0.0014 0.0555 -0.0288 0.415627 0.572062 -0.572061 0.415627
0.0154427 0.007 0.071 0.144 -0.0014 0.0555 0.0432 0.572061 -0.415627 0.415627 0.572062
0.0154427 0.007 0.071 0.144 0.0014 -0.0555 0.0432 0.415627 0.572061 0.572062 -0.415627
0.0154427 0.007 0.071 0.144 -0.0014 -0.0555 -0.0432 -0.572062 0.415627 0.415627 0.572061
0.0154427 0.007 0.071 0.144 0.0014 0.0555 -0.0432 0.415627 0.572062 -0.572061 0.415627
0.00221471 0.007 0.071 0.144 -0.0007 0.0555 0.0288 0.572061 -0.415627 0.415627 0.572062
0.00221471 0.007 0.071 0.144 0.0007 -0.0555 0.0288 0.415627 0.572061 0.572062 -0.415627
0.00221471 0.007 0.071 0.144 -0.0007 -0.0555 -0.0288 -0.572062 0.415627 0.415627 0.572061
0.00221471 0.007 0.071 0.144 0.0007 0.0555 -0.0288 0.415627 0.572062 -0.572061 0.415627
0.00122388 0.007 0.071 0.144 -0.0007 0.0555 0.0432 0.415627 0.572061 -0.572061 0.415629
0.00122388 0.007 0.071 0.144 0.0007 -0.0555 0.0432 -0.572061 0.415627 0.415629 0.572061
0.00122388 0.007 0.071 0.144 -0.0007 -0.0555 -0.0432 0.415629 0.572061 0.572061 -0.415627
0.00122388 0.007 0.071 0.144 0.0007 0.0555 -0.0432 0.572061 -0.415629 0.415627 0.572061
0.0244916 0.007 0.071 0.144 -0.0007 0.0555 0.0432 0.572061 -0.415627 0.415627 0.572062
0.0244916 0.007 0.071 0.144 0.0007 -0.0555 0.0432 0.415627 0.572061 0.572062 -0.415627
0.0244916 0.007 0.071 0.144 -0.0007 -0.0555 -0.0432 -0.572062 0.415627 0.415627 0.572061
0.0244916 0.007 0.071 0.144 0.0007 0.0555 -0.0432 0.415627 0.572062 -0.572061 0.415627
0.001636 0.007 0.071 0.144 2.1684e-19 -0.0555 0.0144 -0.572061 0.415627 0.415627 0.572062
0.001636 0.007 0.071 0.144 -7.01363e-18 0.0555 0.0144 -0.415627 -0.572061 0.572062 -0.415627
0.001636 0.007 0.071 0.144 2.1684e-19 0.0555 -0.0144 0.572062 -0.415627 0.415627 0.572061
0.001636 0.007 0.071 0.144 1.54665e-18 -0.0555 -0.0144 0.415627 0.572062 0.572061 -0.415627
0.00112817 0.007 0.071 0.144 2.1684e-19 0.0555 0.0288 0.415627 0.572061 -0.572061 0.415629
0.00112817 0.007 0.071 0.144 6.57995e-18 -0.0555 0.0288 -0.572061 0.415627 0.415629 0.572061
0.00112817 0.007 0.071 0.144 2.1684e-19 -0.0555 -0.0288 0.415629 0.572061 0.572061 -0.415627
0.00112817 0.007 0.071 0.144 3.31014e-18 0.0555 -0.0288 0.572061 -0.415629 0.415627 0.572061
0.00211026 0.007 0.071 0.144 2.1684e-19 0.0555 0.0288 0.572061 -0.415627 0.415627 0.572062
0.00211026 0.007 0.071 0.144 6.57995e-18 -0.0555 0.0288 0.415627 0.572061 0.572062 -0.415627
0.00211026 0.007 0.071 0.144 2.1684e-19 -0.0555 -0.0288 -0.572062 0.415627 0.415627 0.572061
0.00211026 0.007 0.071 0.144 3.31014e-18 0.0555 -0.0288 0.415627 0.572062 -0.572061 0.415627
0.0395604 0.007 0.071 0.144 2.1684e-19 0.0555 0.0432 0.572061 -0.415627 0.415627 0.572062
0.0395604 0.007 0.071 0.144 6.57995e-18 -0.0555 0.0432 0.415627 0.572061 0.572062 -0.415627
0.0395604 0.007 0.071 0.144 2.1684e-19 -0.0555 -0.0432 -0.572062 0.415627 0.415627 0.572061
0.0395604 0.007 0.071 0.144 5.07363e-18 0.0555 -0.0432 0.415627 0.572062 -0.572061 0.415627
0.000869236 0.007 0.071 0.144 0.0007 -0.0555 0.0144 -0.572061 0.415627 0.415627 0.572062
0.000869236 0.007 0.071 0.144 -0.0007 0.0555 0.0144 -0.415627 -0.572061 0.572062 -0.415627
0.000869236 0.007 0.071 0.144 0.0007 0.0555 -0.0144 0.572062 -0.415627 0.415627 0.572061
0.000869236 0.007 0.071 0.144 -0.0007 -0.0555 -0.0144 0.415627 0.572062 0.572061 -0.415627
0.00161574 0.007 0.071 0.144 0.0007 0.0555 0.0288 0.415627 0.572061 -0.572061 0.415629
0.00161574 0.007 0.071 0.144 -0.0007 -0.0555 0.0288 -0.572061 0.415627 0.415629 0.572061
0.00161574 0.007 0.071 0.144 0.0007 -0.0555 -0.0288 0.415629 0.572061 0.572061 -0.415627
0.00161574 0.007 0.071 0.144 -0.0007 0.0555 -0.0288 0.572061 -0.415629 0.415627 0.572061
0.0201989 0.007 0.071 0.144 0.0007 0.0555 0.0288 0.572061 -0.415627 0.415627 0.572062
0.0201989 0.007 0.071 0.144 -0.0007 -0.0555 0.0288 0.415627 0.572061 0.572062 -0.415627
0.0201989 0.007 0.071 0.144 0.0007 -0.0555 -0.0288 -0.572062 0.415627 0.415627 0.572061
0.0201989 0.007 0.071 0.144 -0.0007 0.0555 -0.0288 0.415627 0.572062 -0.572061 0.415627
0.000819688 0.007 0.071 0.144 0.0007 0.0555 0.0432 0.415627 0.572061 -0.572061 0.415629
0.000819688 0.007 0.071 0.144 -0.0007 -0.0555 0.0432 -0.572061 0.415627 0.415629 0.572061
0.000819688 0.007 0.071 0.144 0.0007 -0.0555 -0.0432 0.415629 0.572061 0.572061 -0.415627
0.000819688 0.007 0.071 0.144 -0.0007 0.0555 -0.0432 0.572061 -0.415629 0.415627 0.572061
0.0229562 0.007 0.071 0.144 0.0007 0.0555 0.0432 0.572061 -0.415627 0.415627 0.572062
0.0229562 0.007 0.071 0.144 -0.0007 -0.0555 0.0432 0.415627 0.572061 0.572062 -0.415627
0.0229562 0.007 0.071 0.144 0.0007 -0.0555 -0.0432 -0.572062 0.415627 0.415627 0.572061
0.0229562 0.007 0.071 0.144 -0.0007 0.0555 -0.0432 0.415627 0.572062 -0.572061 0.415627
0.0293456 0.007 0.071 0.144 0.0014 -0.0555 0.0144 -0.572061 0.415627 0.415627 0.572062
0.0293456 0.007 0.071 0.144 -0.0014 0.0555 0.0144 -0.415627 -0.572061 0.572062 -0.415627
0.0293456 0.007 0.071 0.144 0.0014 0.0555 -0.0144 0.572062 -0.415627 0.415627 0.572061
0.0293456 0.007 0.071 0.144 -0.0014 -0.0555 -0.0144 0.415627 0.572062 0.572061 -0.415627
0.00291981 0.007 0.071 0.144 0.0014 0.0555 0.0288 0.572061 -0.415627 0.415627 0.572062
0.00291981 0.007 0.071 0.144 -0.0014 -0.0555 0.0288 0.415627 0.572061 0.572062 -0.415627
0.00291981 0.007 0.071 0.144 0.0014 -0.0555 -0.0288 -0.572062 0.415627 0.415627 0.572061
0.00291981 0.007 0.071 0.144 -0.0014 0.0555 -0.0288 0.415627 0.572062 -0.572061 0.415627
0.00941886 0.007 0.071 0.144 0.0021 -0.0555 0.0144 -0.572061 0.415627 0.415627 0.572062
0.00941886 0.007 0.071 0.144 -0.0021 0.0555 0.0144 -0.415627 -0.572061 0.572062 -0.415627
0.00941886 0.007 0.071 0.144 0.0021 0.0555 -0.0144 0.572062 -0.415627 0.415627 0.572061
0.00941886 0.007 0.071 0.144 -0.0021 -0.0555 -0.0144 0.415627 0.572062 0.572061 -0.415627
0.0010025 0.007 0.071 0.144 0.0021 0.0555 0.0288 0.415627 0.572061 -0.572061 0.415629
0.0010025 0.007 0.071 0.144 -0.0021 -0.0555 0.0288 -0.572061 0.415627 0.415629 0.572061
0.0010025 0.007 0.071 0.144 0.0021 -0.0555 -0.0288 0.415629 0.572061 0.572061 -0.415627
0.0010025 0.007 0.071 0.144 -0.0021 0.0555 -0.0288 0.572061 -0.415629 0.415627 0.572061
0.00298377 0.007 0.071 0.144 0.0021 0.0555 0.0288 0.572061 -0.415627 0.415627 0.572062
0.00298377 0.007 0.071 0.144 -0.0021 -0.0555 0.0288 0.415627 0.572061 0.572062 -0.415627
0.00298377 0.007 0.071 0.144 0.0021 -0.0555 -0.0288 -0.572062 0.415627 0.415627 0.572061
0.00298377 0.007 0.071 0.144 -0.0021 0.0555 -0.0288 0.415627 0.572062 -0.572061 0.415627
0.00112607 0.007 0.071 0.144 0.0021 0.0555 0.0432 0.415627 0.572061 -0.572061 0.415629
0.00112607 0.007 0.071 0.144 -0.0021 -0.0555 0.0432 -0.572061 0.415627 0.415629 0.572061
0.00112607 0.007 0.071 0.144 0.0021 -0.0555 -0.0432 0.415629 0.572061 0.572061 -0.415627
0.00112607 0.007 0.071 0.144 -0.0021 0.0555 -0.0432 0.572061 -0.415629 0.415627 0.572061
0.0384677 0.007 0.071 0.144 0.0021 0.0555 0.0432 0.572061 -0.415627 0.415627 0.572062
0.0384677 0.007 0.071 0.144 -0.0021 -0.0555 0.0432 0.415627 0.572061 0.572062 -0.415627
0.0384677 0.007 0.071 0.144 0.0021 -0.0555 -0.0432 -0.572062 0.415627 0.415627 0.572061
0.0384677 0.007 0.071 0.144 -0.0021 0.0555 -0.0432 0.415627 0.572062 -0.572061 0.415627
0.00116244 0.007 0.071 0.144 0.0028 -0.0555 0.0144 -0.572061 0.415627 0.415627 0.572062
0.00116244 0.007 0.071 0.144 -0.0028 0.0555 0.0144 -0.415627 -0.572061 0.572062 -0.415627
0.00116244 0.007 0.071 0.144 0.0028 0.0555 -0.0144 0.572062 -0.415627 0.415627 0.572061
0.00116244 0.007 0.071 0.144 -0.0028 -0.0555 -0.0144 0.415627 0.572062 0.572061 -0.415627
0.0270155 0.007 0.071 0.144 0.0028 0.0555 0.0288 0.572061 -0.415627 0.415627 0.572062
0.0270155 0.007 0.071 0.144 -0.0028 -0.0555 0.0288 0.415627 0.572061 0.572062 -0.415627
0.0270155 0.007 0.071 0.144 0.0028 -0.0555 -0.0288 -0.572062 0.415627 0.415627 0.572061
0.0270155 0.007 0.071 0.144 -0.0028 0.0555 -0.0288 0.415627 0.572062 -0.572061 0.415627
0.00031993 0.007 0.071 0.144 0.0028 0.0555 0.0432 0.415627 0.572061 -0.572061 0.415629
0.00031993 0.007 0.071 0.144 -0.0028 -0.0555 0.0432 -0.572061 0.415627 0.415629 0.572061
0.00031993 0.007 0.071 0.144 0.0028 -0.0555 -0.0432 0.415629 0.572061 0.572061 -0.415627
0.00031993 0.007 0.071 0.144 -0.0028 0.0555 -0.0432 0.572061 -0.415629 0.415627 0.572061
0.0397929 0.007 0.071 0.144 0.0028 0.0555 0.0432 0.572061 -0.415627 0.415627 0.572062
0.0397929 0.007 0.071 0.144 -0.0028 -0.0555 0.0432 0.415627 0.572061 0.572062 -0.415627
0.0397929 0.007 0.071 0.144 0.0028 -0.0555 -0.0432 -0.572062 0.415627 0.415627 0.572061
0.0397929 0.007 0.071 0.144 -0.0028 0.0555 -0.0432 0.415627 0.572062 -0.572061 0.415627
0.00460281 0.007 0.071 0.144 -0.0035 -0.0142 0.092 0.309017 0.951057 -5.82354e-17 1.89218e-17
0.00460281 0.007 0.071 0.144 0.0035 0.0142 0.092 0.951057 -0.309017 -1.89218e-17 -5.82354e-17
0.00460281 0.007 0.071 0.144 -0.0035 0.0142 -0.092 3.78436e-17 1.16471e-16 0.951057 -0.309017
0.00460281 0.007 0.071 0.144 0.0035 -0.0142 -0.092 3.93136e-17 -7.71573e-17 0.309017 0.951057
0.011051 0.007 0.071 0.144 -0.0035 -1.73472e-18 0.092 0.587785 0.809017 -4.9538e-17 3.59915e-17
0.011051 0.007 0.071 0.144 0.0035 2.16335e-18 0.092 0.809017 -0.587785 -3.59915e-17 -4.9538e-17
0.011051 0.007 0.071 0.144 -0.0035 -9.53203e-18 -0.092 -7.19829e-17 -9.9076e-17 -0.809017 0.587785
0.011051 0.007 0.071 0.144 0.0035 -1.73472e-18 -0.092 1.35465e-17 -8.55295e-17 0.587785 0.809017
0.00984836 0.007 0.071 0.144 -0.0035 0.0213 0.092 1 0 0 6.12323e-17
0.00984836 0.007 0.071 0.144 0.0035 -0.0213 0.092 -6.12323e-17 1 6.12323e-17 -3.7494e-33
0.00984836 0.007 0.071 0.144 -0.0035 -0.0213 -0.092 -1.22465e-16 0 0 1
0.00984836 0.007 0.071 0.144 0.0035 0.0213 -0.092 -6.12323e-17 -6.12323e-17 1 -3.7494e-33
0.00518903 0.007 0.071 0.144 -0.0035 0.0284 0.092 1 0 0 6.12323e-17
0.00518903 0.007 0.071 0.144 0.0035 -0.0284 0.092 -6.12323e-17 1 6.12323e-17 -3.7494e-33
0.00518903 0.007 0.071 0.144 -0.0035 -0.0284 -0.092 -1.22465e-16 0 0 1
0.00518903 0.007 0.071 0.144 0.0035 0.0284 -0.092 -6.12323e-17 -6.12323e-17 1 -3.7494e-33
0.000360908 0.007 0.071 0.144 -0.0028 -0.0213 0.092 0.309017 0.951057 -5.82354e-17 1.89218e-17
0.000360908 0.007 0.071 0.144 0.0028 0.0213 0.092 0.951057 -0.309017 -1.89218e-17 -5.82354e-17
0.000360908 0.007 0.071 0.144 -0.0028 0.0213 -0.092 3.78436e-17 1.16471e-16 0.951057 -0.309017
0.000360908 0.007 0.071 0.144 0.0028 -0.0213 -0.092 3.93136e-17 -7.71573e-17 0.309017 0.951057
0.00582726 0.007 0.071 0.144 -0.0028 -0.0142 0.092 0.309017 0.951057 -5.82354e-17 1.89218e-17
0.00582726 0.007 0.071 0.144 0.0028 0.0142 0.092 0.951057 -0.309017 -1.89218e-17 -5.82354e-17
0.00582726 0.007 0.071 0.144 -0.0028 0.0142 -0.092 3.78436e-17 1.16471e-16 0.951057 -0.309017
0.00582726 0.007 0.071 0.144 0.0028 -0.0142 -0.092 3.93136e-17 -7.71573e-17 0.309017 0.951057
0.0129858 0.007 0.071 0.144 -0.0028 0.0213 0.092 1 0 0 6.12323e-17
0.0129858 0.007 0.071 0.144 0.0028 -0.0213 0.092 -6.12323e-17 1 6.12323e-17 -3.7494e-33
0.0129858 0.007 0.071 0.144 -0.0028 -0.0213 -0.092 -1.22465e-16 0 0 1
0.0129858 0.007 0.071 0.144 0.0028 0.0213 -0.092 -6.12323e-17 -6.12323e-17 1 -3.7494e-33
0.000557353 0.007 0.071 0.144 -0.0021 -0.0213 0.092 6.12323e-17 1 -6.12323e-17 3.7494e-33
0.000557353 0.007 0.071 0.144 0.0021 0.0213 0.092 1 3.99574e-23 -7.4988e-33 -6.12323e-17
0.000557353 0.007 0.071 0.144 -0.0021 0.0213 -0.092 7.4988e-33 1.22465e-16 1 -6.12323e-17
0.000557353 0.007 0.071 0.144 0.0021 -0.0213 -0.092 6.12323e-17 -6.12323e-17 6.12323e-17 1
0.00362024 0.007 0.071 0.144 -0.0021 -0.0142 0.092 0.309017 0.951057 -5.82354e-17 1.89218e-17
0.00362024 0.007 0.071 0.144 0.0021 0.0142 0.092 0.951057 -0.309017 -1.89218e-17 -5.82354e-17
0.00362024 0.007 0.071 0.144 -0.0021 0.0142 -0.092 3.78436e-17 1.16471e-16 0.951057 -0.309017
0.00362024 0.007 0.071 0.144 0.0021 -0.0142 -0.092 3.93136e-17 -7.71573e-17 0.309017 0.951057
0.00248333 0.007 0.071 0.144 -0.0021 0.0213 0.092 1 0 0 6.12323e-17
0.00248333 0.007 0.071 0.144 0.0021 -0.0213 0.092 -6.12323e-17 1 6.12323e-17 -3.7494e-33
0.00248333 0.007 0.071 0.144 -0.0021 -0.0213 -0.092 -1.22465e-16 0 0 1
0.00248333 0.007 0.071 0.144 0.0021 0.0213 -0.092 -6.12323e-17 -6.12323e-17 1 -3.7494e-33
0.00620541 0.007 0.071 0.144 -0.0021 0.0284 0.092 1 0 0 6.12323e-17
0.00620541 0.007 0.071 0.144 0.0021 -0.0284 0.092 -6.12323e-17 1 6.12323e-17 -3.7494e-33
0.00620541 0.007 0.071 0.144 -0.0021 -0.0284 -0.092 -1.22465e-16 0 0 1
0.00620541 0.007 0.071 0.144 0.0021 0.0284 -0.092 -6.12323e-17 -6.12323e-17 1 -3.7494e-33
0.0031489 0.007 0.071 0.144 -0.0014 -0.0213 0.092 6.12323e-17 1 -6.12323e-17 3.7494e-33
0.0031489 0.007 0.071 0.144 0.0014 0.0213 0.092 1 3.99574e-23 -7.4988e-33 -6.12323e-17
0.0031489 0.007 0.071 0.144 -0.0014 0.0213 -0.092 7.4988e-33 1.22465e-16 1 -6.12323e-17
0.0031489 0.007 0.071 0.144 0.0014 -0.0213 -0.092 6.12323e-17 -6.12323e-17 6.12323e-17 1
0.00302309 0.007 0.071 0.144 -0.0014 -0.0142 0.092 -0.309017 0.951057 -5.82354e-17 -1.89218e-17
0.00302309 0.007 0.071 0.144 0.0014 0.0142 0.092 0.951057 0.309017 1.89218e-17 -5.82354e-17
0.00302309 0.007 0.071 0.144 -0.0014 0.0142 -0.092 -3.78436e-17 1.16471e-16 0.951057 0.309017
0.00302309 0.007 0.071 0.144 0.0014 -0.0142 -0.092 7.71572e-17 -3.93136e-17 -0.309017 0.951057
0.00344304 0.007 0.071 0.144 -0.0014 0.0213 0.092 1 0 0 6.12323e-17
0.00344304 0.007 0.071 0.144 0.0014 -0.0213 0.092 -6.12323e-17 1 6.12323e-17 -3.7494e-33
0.00344304 0.007 0.071 0.144 -0.0014 -0.0213 -0.092 -1.22465e-16 0 0 1
0.00344304 0.007 0.071 0.144 0.0014 0.0213 -0.092 -6.12323e-17 -6.12323e-17 1 -3.7494e-33
0.00437216 0.007 0.071 0.144 -0.0014 0.0284 0.092 1 0 0 6.12323e-17
0.00437216 0.007 0.071 0.144 0.0014 -0.0284 0.092 -6.12323e-17 1 6.12323e-17 -3.7494e-33
0.00437216 0.007 0.071 0.144 -0.0014 -0.0284 -0.092 -1.22465e-16 0 0 1
0.00437216 0.007 0.071 0.144 0.0014 0.0284 -0.092 -6.12323e-17 -6.12323e-17 1 -3.7494e-33
0.00479341 0.007 0.071 0.144 -0.0007 -0.0213 0.092 6.12323e-17 1 -6.12323e-17 3.7494e-33
0.00479341 0.007 0.071 0.144 0.0007 0.0213 0.092 1 3.99574e-23 -7.4988e-33 -6.12323e-17
0.00479341 0.007 0.071 0.144 -0.0007 0.0213 -0.092 7.4988e-33 1.22465e-16 1 -6.12323e-17
0.00479341 0.007 0.071 0.144 0.0007 -0.0213 -0.092 6.12323e-17 -6.12323e-17 6.12323e-17 1
0.00221208 0.007 0.071 0.144 -0.0007 -0.0071 0.092 0.587785 0.809017 -4.9538e-17 3.59915e-17
0.00221208 0.007 0.071 0.144 0.0007 0.0071 0.092 0.809017 -0.587785 -3.59915e-17 -4.9538e-17
0.00221208 0.007 0.071 0.144 -0.0007 0.0071 -0.092 -7.19829e-17 -9.9076e-17 -0.809017 0.587785
0.00221208 0.007 0.071 0.144 0.0007 -0.0071 -0.092 1.35465e-17 -8.55295e-17 0.587785 0.809017
0.00237293 0.007 0.071 0.144 -0.0007 0.0213 0.092 1 0 0 6.12323e-17
0.00237293 0.007 0.071 0.144 0.0007 -0.0213 0.092 -6.12323e-17 1 6.12323e-17 -3.7494e-33
0.00237293 0.007 0.071 0.144 -0.0007 -0.0213 -0.092 -1.22465e-16 0 0 1
0.00237293 0.007 0.071 0.144 0.0007 0.0213 -0.092 -6.12323e-17 -6.12323e-17 1 -3.7494e-33
0.00957379 0.007 0.071 0.144 -0.0007 0.0284 0.092 1 0 0 6.12323e-17
0.00957379 0.007 0.071 0.144 0.0007 -0.0284 0.092 -6.12323e-17 1 6.12323e-17 -3.7494e-33
0.00957379 0.007 0.071 0.144 -0.0007 -0.0284 -0.092 -1.22465e-16 0 0 1
0.00957379 0.007 0.071 0.144 0.0007 0.0284 -0.092 -6.12323e-17 -6.12323e-17 1 -3.7494e-33
0.0325077 0.007 0.071 0.144 -0.0007 0.0355 0.092 1 0 0 6.12323e-17
0.0325077 0.007 0.071 0.144 0.0007 -0.0355 0.092 -6.12323e-17 1 6.12323e-17 -3.7494e-33
0.0325077 0.007 0.071 0.144 -0.0007 -0.0355 -0.092 -1.22465e-16 0 0 1
0.0325077 0.007 0.071 0.144 0.0007 0.0355 -0.092 -6.12323e-17 -6.12323e-17 1 -3.7494e-33
0.00643776 0.007 0.071 0.144 2.1684e-19 -0.0213 0.092 6.12323e-17 1 -6.12323e-17 3.7494e-33
0.00643776 0.007 0.071 0.144 -2.82534e-18 0.0213 0.092 1 3.99574e-23 -7.4988e-33 -6.12323e-17
0.00643776 0.007 0.071 0.144 2.1684e-19 0.0213 -0.092 7.4988e-33 1.22465e-16 1 -6.12323e-17
0.00643776 0.007 0.071 0.144 1.10499e-17 -0.0213 -0.092 6.12323e-17 -6.12323e-17 6.12323e-17 1
0.00543903 0.007 0.071 0.144 2.1684e-19 -0.0213 0.092 0.309017 0.951057 -5.82354e-17 1.89218e-17
0.00543903 0.007 0.071 0.144 -2.82534e-18 0.0213 0.092 0.951057 -0.309017 -1.89218e-17 -5.82354e-17
0.00543903 0.007 0.071 0.144 2.1684e-19 0.0213 -0.092 3.78436e-17 1.16471e-16 0.951057 -0.309017
0.00543903 0.007 0.071 0.144 1.10499e-17 -0.0213 -0.092 3.93136e-17 -7.71573e-17 0.309017 0.951057
0.00172762 0.007 0.071 0.144 2.1684e-19 -0.0142 0.092 0.587785 0.809017 -4.9538e-17 3.59915e-17
0.00172762 0.007 0.071 0.144 -1.95584e-18 0.0142 0.092 0.809017 -0.587785 -3.59915e-17 -4.9538e-17
0.00172762 0.007 0.071 0.144 2.1684e-19 0.0142 -0.092 -7.19829e-17 -9.9076e-17 -0.809017 0.587785
0.00172762 0.007 0.071 0.144 1.10499e-17 -0.0142 -0.092 1.35465e-17 -8.55295e-17 0.587785 0.809017
0.00668983 0.007 0.071 0.144 2.1684e-19 -0.0142 0.092 0.809017 -0.587785 -7.19829e-17 4.9538e-17
0.00668983 0.007 0.071 0.144 -1.95584e-18 0.0142 0.092 0.587785 0.809017 4.9538e-17 7.19829e-17
0.00668983 0.007 0.071 0.144 2.1684e-19 0.0142 -0.092 -9.9076e-17 -3.59914e-17 0.587785 0.809017
0.00668983 0.007 0.071 0.144 1.10499e-17 -0.0142 -0.092 -2.24449e-17 1.35465e-17 -0.809017 0.587785
0.0114043 0.007 0.071 0.144 2.1684e-19 -0.0142 0.092 -0.309017 0.951057 -5.82354e-17 -1.89218e-17
0.0114043 0.007 0.071 0.144 -1.95584e-18 0.0142 0.092 0.951057 0.309017 1.89218e-17 -5.82354e-17
0.0114043 0.007 0.071 0.144 2.1684e-19 0.0142 -0.092 -3.78436e-17 1.16471e-16 0.951057 0.309017
0.0114043 0.007 0.071 0.144 1.10499e-17 -0.0142 -0.092 7.71572e-17 -3.93136e-17 -0.309017 0.951057
0.00350354 0.007 0.071 0.144 2.1684e-19 -0.0071 0.092 0.587785 0.809017 -4.9538e-17 3.59915e-17
0.00350354 0.007 0.071 0.144 -1.08634e-18 0.0071 0.092 0.809017 -0.587785 -3.59915e-17 -4.9538e-17
0.00350354 0.007 0.071 0.144 2.1684e-19 0.0071 -0.092 -7.19829e-17 -9.9076e-17 -0.809017 0.587785
0.00350354 0.007 0.071 0.144 1.10499e-17 -0.0071 -0.092 1.35465e-17 -8.55295e-17 0.587785 0.809017
0.00446259 0.007 0.071 0.144 2.1684e-19 0.0213 0.092 1 0 0 6.12323e-17
0.00446259 0.007 0.071 0.144 2.39166e-18 -0.0213 0.092 -6.12323e-17 1 6.12323e-17 -3.7494e-33
0.00446259 0.007 0.071 0.144 2.1684e-19 -0.0213 -0.092 -1.22465e-16 0 0 1
0.00446259 0.007 0.071 0.144 1.10499e-17 0.0213 -0.092 -6.12323e-17 -6.12323e-17 1 -3.7494e-33
0.000155377 0.007 0.071 0.144 2.1684e-19 0.0284 0.092 1 0 0 6.12323e-17
0.000155377 0.007 0.071 0.144 3.26116e-18 -0.0284 0.092 -6.12323e-17 1 6.12323e-17 -3.7494e-33
0.000155377 0.007 0.071 0.144 2.1684e-19 -0.0284 -0.092 -1.22465e-16 0 0 1
0.000155377 0.007 0.071 0.144 1.10499e-17 0.0284 -0.092 -6.12323e-17 -6.12323e-17 1 -3.7494e-33
0.00425445 0.007 0.071 0.144 0.0007 -0.0213 0.092 6.12323e-17 1 -6.12323e-17 3.7494e-33
0.00425445 0.007 0.071 0.144 -0.0007 0.0213 0.092 1 3.99574e-23 -7.4988e-33 -6.12323e-17
0.00425445 0.007 0.071 0.144 0.0007 0.0213 -0.092 7.4988e-33 1.22465e-16 1 -6.12323e-17
0.00425445 0.007 0.071 0.144 -0.0007 -0.0213 -0.092 6.12323e-17 -6.12323e-17 6.12323e-17 1
0.0161176 0.007 0.071 0.144 0.0007 -0.0142 0.092 0.809017 -0.587785 -7.19829e-17 4.9538e-17
0.0161176 0.007 0.071 0.144 -0.0007 0.0142 0.092 0.587785 0.809017 4.9538e-17 7.19829e-17
0.0161176 0.007 0.071 0.144 0.0007 0.0142 -0.092 -9.9076e-17 -3.59914e-17 0.587785 0.809017
0.0161176 0.007 0.071 0.144 -0.0007 -0.0142 -0.092 -2.24449e-17 1.35465e-17 -0.809017 0.587785
0.0663478 0.007 0.071 0.144 0.0007 -0.0142 0.092 -0.309017 0.951057 -5.82354e-17 -1.89218e-17
0.0663478 0.007 0.071 0.144 -0.0007 0.0142 0.092 0.951057 0.309017 1.89218e-17 -5.82354e-17
0.0663478 0.007 0.071 0.144 0.0007 0.0142 -0.092 -3.78436e-17 1.16471e-16 0.951057 0.309017
0.0663478 0.007 0.071 0.144 -0.0007 -0.0142 -0.092 7.71572e-17 -3.93136e-17 -0.309017 0.951057
0.00995779 0.007 0.071 0.144 0.0007 -0.0071 0.092 0.587785 0.809017 -4.9538e-17 3.59915e-17
0.00995779 0.007 0.071 0.144 -0.0007 0.0071 0.092 0.809017 -0.587785 -3.59915e-17 -4.9538e-17
0.00995779 0.007 0.071 0.144 0.0007 0.0071 -0.092 -7.19829e-17 -9.9076e-17 -0.809017 0.587785
0.00995779 0.007 0.071 0.144 -0.0007 -0.0071 -0.092 1.35465e-17 -8.55295e-17 0.587785 0.809017
0.00687026 0.007 0.071 0.144 0.0007 0.0213 0.092 1 0 0 6.12323e-17
0.00687026 0.007 0.071 0.144 -0.0007 -0.0213 0.092 -6.12323e-17 1 6.12323e-17 -3.7494e-33
0.00687026 0.007 0.071 0.144 0.0007 -0.0213 -0.092 -1.22465e-16 0 0 1
0.00687026 0.007 0.071 0.144 -0.0007 0.0213 -0.092 -6.12323e-17 -6.12323e-17 1 -3.7494e-33
0.00360095 0.007 0.071 0.144 0.0007 0.0284 0.092 1 0 0 6.12323e-17
0.00360095 0.007 0.071 0.144 -0.0007 -0.0284 0.092 -6.12323e-17 1 6.12323e-17 -3.7494e-33
0.00360095 0.007 0.071 0.144 0.0007 -0.0284 -0.092 -1.22465e-16 0 0 1
0.00360095 0.007 0.071 0.144 -0.0007 0.0284 -0.092 -6.12323e-17 -6.12323e-17 1 -3.7494e-33
0.00308158 0.007 0.071 0.144 0.0014 -0.0213 0.092 6.12323e-17 1 -6.12323e-17 3.7494e-33
0.00308158 0.007 0.071 0.144 -0.0014 0.0213 0.092 1 3.99574e-23 -7.4988e-33 -6.12323e-17
0.00308158 0.007 0.071 0.144 0.0014 0.0213 -0.092 7.4988e-33 1.22465e-16 1 -6.12323e-17
0.00308158 0.007 0.071 0.144 -0.0014 -0.0213 -0.092 6.12323e-17 -6.12323e-17 6.12323e-17 1
0.00320681 0.007 0.071 0.144 0.0014 -0.0142 0.092 0.809017 -0.587785 -7.19829e-17 4.9538e-17
0.00320681 0.007 0.071 0.144 -0.0014 0.0142 0.092 0.587785 0.809017 4.9538e-17 7.19829e-17
0.00320681 0.007 0.071 0.144 0.0014 0.0142 -0.092 -9.9076e-17 -3.59914e-17 0.587785 0.809017
0.00320681 0.007 0.071 0.144 -0.0014 -0.0142 -0.092 -2.24449e-17 1.35465e-17 -0.809017 0.587785
0.00441768 0.007 0.071 0.144 0.0014 -0.0142 0.092 -0.309017 0.951057 -5.82354e-17 -1.89218e-17
0.00441768 0.007 0.071 0.144 -0.0014 0.0142 0.092 0.951057 0.309017 1.89218e-17 -5.82354e-17
0.00441768 0.007 0.071 0.144 0.0014 0.0142 -0.092 -3.78436e-17 1.16471e-16 0.951057 0.309017
0.00441768 0.007 0.071 0.144 -0.0014 -0.0142 -0.092 7.71572e-17 -3.93136e-17 -0.309017 0.951057
0.00869651 0.007 0.071 0.144 0.0014 0.0213 0.092 1 0 0 6.12323e-17
0.00869651 0.007 0.071 0.144 -0.0014 -0.0213 0.092 -6.12323e-17 1 6.12323e-17 -3.7494e-33
0.00869651 0.007 0.071 0.144 0.0014 -0.0213 -0.092 -1.22465e-16 0 0 1
0.00869651 0.007 0.071 0.144 -0.0014 0.0213 -0.092 -6.12323e-17 -6.12323e-17 1 -3.7494e-33
0.010793 0.007 0.071 0.144 0.0014 0.0284 0.092 1 0 0 6.12323e-17
0.010793 0.007 0.071 0.144 -0.0014 -0.0284 0.092 -6.12323e-17 1 6.12323e-17 -3.7494e-33
0.010793 0.007 0.071 0.144 0.0014 -0.0284 -0.092 -1.22465e-16 0 0 1
0.010793 0.007 0.071 0.144 -0.0014 0.0284 -0.092 -6.12323e-17 -6.12323e-17 1 -3.7494e-33
0.00865092 0.007 0.071 0.144 0.0021 -0.0213 0.092 6.12323e-17 1 -6.12323e-17 3.7494e-33
0.00865092 0.007 0.071 0.144 -0.0021 0.0213 0.092 1 3.99574e-23 -7.4988e-33 -6.12323e-17
0.00865092 0.007 0.071 0.144 0.0021 0.0213 -0.092 7.4988e-33 1.22465e-16 1 -6.12323e-17
0.00865092 0.007 0.071 0.144 -0.0021 -0.0213 -0.092 6.12323e-17 -6.12323e-17 6.12323e-17 1
0.0106731 0.007 0.071 0.144 0.0021 -0.0142 0.092 0.809017 -0.587785 -7.19829e-17 4.9538e-17
0.0106731 0.007 0.071 0.144 -0.0021 0.0142 0.092 0.587785 0.809017 4.9538e-17 7.19829e-17
0.0106731 0.007 0.071 0.144 0.0021 0.0142 -0.092 -9.9076e-17 -3.59914e-17 0.587785 0.809017
0.0106731 0.007 0.071 0.144 -0.0021 -0.0142 -0.092 -2.24449e-17 1.35465e-17 -0.809017 0.587785
0.00667731 0.007 0.071 0.144 0.0021 -0.0142 0.092 -0.309017 0.951057 -5.82354e-17 -1.89218e-17
0.00667731 0.007 0.071 0.144 -0.0021 0.0142 0.092 0.951057 0.309017 1.89218e-17 -5.82354e-17
0.00667731 0.007 0.071 0.144 0.0021 0.0142 -0.092 -3.78436e-17 1.16471e-16 0.951057 0.309017
0.00667731 0.007 0.071 0.144 -0.0021 -0.0142 -0.092 7.71572e-17 -3.93136e-17 -0.309017 0.951057
0.0104137 0.007 0.071 0.144 0.0021 0.0213 0.092 1 0 0 6.12323e-17
0.0104137 0.007 0.071 0.144 -0.0021 -0.0213 0.092 -6.12323e-17 1 6.12323e-17 -3.7494e-33
0.0104137 0.007 0.071 0.144 0.0021 -0.0213 -0.092 -1.22465e-16 0 0 1
0.0104137 0.007 0.071 0.144 -0.0021 0.0213 -0.092 -6.12323e-17 -6.12323e-17 1 -3.7494e-33
0.0064906 0.007 0.071 0.144 0.0028 -0.0355 0.092 6.12323e-17 1 -6.12323e-17 3.7494e-33
0.0064906 0.007 0.071 0.144 -0.0028 0.0355 0.092 1 3.99574e-23 -7.4988e-33 -6.12323e-17
0.0064906 0.007 0.071 0.144 0.0028 0.0355 -0.092 7.4988e-33 1.22465e-16 1 -6.12323e-17
0.0064906 0.007 0.071 0.144 -0.0028 -0.0355 -0.092 6.12323e-17 -6.12323e-17 6.12323e-17 1
0.0100961 0.007 0.071 0.144 0.0028 -0.0213 0.092 6.12323e-17 1 -6.12323e-17 3.7494e-33
0.0100961 0.007 0.071 0.144 -0.0028 0.0213 0.092 1 3.99574e-23 -7.4988e-33 -6.12323e-17
0.0100961 0.007 0.071 0.144 0.0028 0.0213 -0.092 7.4988e-33 1.22465e-16 1 -6.12323e-17
0.0100961 0.007 0.071 0.144 -0.0028 -0.0213 -0.092 6.12323e-17 -6.12323e-17 6.12323e-17 1
0.00235091 0.007 0.071 0.144 0.0028 -0.0213 0.092 0.309017 0.951057 -5.82354e-17 1.89218e-17
0.00235091 0.007 0.071 0.144 -0.0028 0.0213 0.092 0.951057 -0.309017 -1.89218e-17 -5.82354e-17
0.00235091 0.007 0.071 0.144 0.0028 0.0213 -0.092 3.78436e-17 1.16471e-16 0.951057 -0.309017
0.00235091 0.007 0.071 0.144 -0.0028 -0.0213 -0.092 3.93136e-17 -7.71573e-17 0.309017 0.951057
0.00351757 0.007 0.071 0.144 0.0028 -0.0142 0.092 0.809017 -0.587785 -7.19829e-17 4.9538e-17
0.00351757 0.007 0.071 0.144 -0.0028 0.0142 0.092 0.587785 0.809017 4.9538e-17 7.19829e-17
0.00351757 0.007 0.071 0.144 0.0028 0.0142 -0.092 -9.9076e-17 -3.59914e-17 0.587785 0.809017
0.00351757 0.007 0.071 0.144 -0.0028 -0.0142 -0.092 -2.24449e-17 1.35465e-17 -0.809017 0.587785
0.00402841 0.007 0.071 0.144 0.0028 -0.0142 0.092 -0.309017 0.951057 -5.82354e-17 -1.89218e-17
0.00402841 0.007 0.071 0.144 -0.0028 0.0142 0.092 0.951057 0.309017 1.89218e-17 -5.82354e-17
0.00402841 0.007 0.071 0.144 0.0028 0.0142 -0.092 -3.78436e-17 1.16471e-16 0.951057 0.309017
0.00402841 0.007 0.071 0.144 -0.0028 -0.0142 -0.092 7.71572e-17 -3.93136e-17 -0.309017 0.951057
0.00680442 0.007 0.071 0.144 0.0028 0.0213 0.092 1 0 0 6.12323e-17
0.00680442 0.007 0.071 0.144 -0.0028 -0.0213 0.092 -6.12323e-17 1 6.12323e-17 -3.7494e-33
0.00680442 0.007 0.071 0.144 0.0028 -0.0213 -0.092 -1.22465e-16 0 0 1
0.00680442 0.007 0.071 0.144 -0.0028 0.0213 -0.092 -6.12323e-17 -6.12323e-17 1 -3.7494e-33
