1.38058 0.04 0.04 0.2 0.02 0 0.12 0.951057 -0.309017 -1.89218e-17 5.82354e-17 
1.32633 0.04 0.04 0.2 -0.02 0 0.12 0.309017 0.951057 -5.82354e-17 1.89218e-17 
1.26397 0.04 0.04 0.2 0.008 0.004 0.12 0.951057 -0.309017 -1.89218e-17 5.82354e-17 
1.21799 0.04 0.04 0.2 -0.008 -0.004 0.12 0.309017 0.951057 -5.82354e-17 1.89218e-17 
1.1903 0.04 0.04 0.2 0.012 0.004 0.12 0.951057 -0.309017 -1.89218e-17 5.82354e-17 
1.14872 0.04 0.04 0.2 -0.012 -0.004 0.12 0.309017 0.951057 -5.82354e-17 1.89218e-17 
1.099 0.04 0.04 0.2 0.016 0.004 0.12 0.951057 -0.309017 -1.89218e-17 5.82354e-17 
1.06158 0.04 0.04 0.2 -0.016 -0.004 0.12 0.309017 0.951057 -5.82354e-17 1.89218e-17 
0.988973 0.04 0.04 0.2 0.02 0.004 0.12 0.951057 -0.309017 -1.89218e-17 5.82354e-17 
0.955562 0.04 0.04 0.2 -0.02 -0.004 0.12 0.309017 0.951057 -5.82354e-17 1.89218e-17 
0.949586 0.04 0.04 0.2 -0.004 0.008 0.12 0.951057 -0.309017 -1.89218e-17 5.82354e-17 
0.945594 0.04 0.04 0.2 -0.008 0.008 0.12 0.951057 -0.309017 -1.89218e-17 5.82354e-17 
0.94179 0.04 0.04 0.2 0 0.008 0.12 0.951057 -0.309017 -1.89218e-17 5.82354e-17 
0.93073 0.04 0.04 0.2 -0.012 0.008 0.12 0.951057 -0.309017 -1.89218e-17 5.82354e-17 
0.921153 0.04 0.04 0.2 0.004 0.008 0.12 0.951057 -0.309017 -1.89218e-17 5.82354e-17 
0.912133 0.04 0.04 0.2 0.004 -0.008 0.12 0.309017 0.951057 -5.82354e-17 1.89218e-17 
0.908124 0.04 0.04 0.2 0 -0.008 0.12 0.309017 0.951057 -5.82354e-17 1.89218e-17 
0.903962 0.04 0.04 0.2 0.008 -0.008 0.12 0.309017 0.951057 -5.82354e-17 1.89218e-17 
0.891055 0.04 0.04 0.2 -0.004 -0.008 0.12 0.309017 0.951057 -5.82354e-17 1.89218e-17 
0.886577 0.04 0.04 0.2 0.008 0.008 0.12 0.951057 -0.309017 -1.89218e-17 5.82354e-17 
0.884704 0.04 0.04 0.2 0.012 -0.008 0.12 0.309017 0.951057 -5.82354e-17 1.89218e-17 
0.859718 0.04 0.04 0.2 -0.008 -0.008 0.12 0.309017 0.951057 -5.82354e-17 1.89218e-17 
0.836963 0.04 0.04 0.2 0.012 0.008 0.12 0.951057 -0.309017 -1.89218e-17 5.82354e-17 
0.813288 0.04 0.04 0.2 -0.012 -0.008 0.12 0.309017 0.951057 -5.82354e-17 1.89218e-17 
0.771412 0.04 0.04 0.2 0.016 0.008 0.12 0.951057 -0.309017 -1.89218e-17 5.82354e-17 
0.7505 0.04 0.04 0.2 -0.016 -0.008 0.12 0.309017 0.951057 -5.82354e-17 1.89218e-17 
0.742971 0.04 0.04 0.2 -0.02 0 0.12 1 0 0 6.12323e-17 
0.690084 0.04 0.04 0.2 0.02 0 0.12 6.12323e-17 1 -6.12323e-17 3.7494e-33 
0.688719 0.04 0.04 0.2 0.02 0.008 0.12 0.951057 -0.309017 -1.89218e-17 5.82354e-17 
0.670513 0.04 0.04 0.2 -0.02 -0.008 0.12 0.309017 0.951057 -5.82354e-17 1.89218e-17 
0.619869 0.04 0.04 0.2 0 0.012 0.12 0.951057 -0.309017 -1.89218e-17 5.82354e-17 
0.615139 0.04 0.04 0.2 0.004 0.012 0.12 0.951057 -0.309017 -1.89218e-17 5.82354e-17 
0.613975 0.04 0.04 0.2 -0.004 0.012 0.12 0.951057 -0.309017 -1.89218e-17 5.82354e-17 
0.601875 0.04 0.04 0.2 0 -0.012 0.12 0.309017 0.951057 -5.82354e-17 1.89218e-17 
0.599587 0.04 0.04 0.2 -0.004 -0.012 0.12 0.309017 0.951057 -5.82354e-17 1.89218e-17 
0.598481 0.04 0.04 0.2 -0.008 0.012 0.12 0.951057 -0.309017 -1.89218e-17 5.82354e-17 
0.598459 0.04 0.04 0.2 0.008 0.012 0.12 0.951057 -0.309017 -1.89218e-17 5.82354e-17 
0.593242 0.04 0.04 0.2 0.004 -0.012 0.12 0.309017 0.951057 -5.82354e-17 1.89218e-17 
0.585144 0.04 0.04 0.2 -0.008 -0.012 0.12 0.309017 0.951057 -5.82354e-17 1.89218e-17 
0.574717 0.04 0.04 0.2 0.008 -0.012 0.12 0.309017 0.951057 -5.82354e-17 1.89218e-17 
0.574384 0.04 0.04 0.2 -0.012 0.012 0.12 0.951057 -0.309017 -1.89218e-17 5.82354e-17 
0.568812 0.04 0.04 0.2 0.012 0.012 0.12 0.951057 -0.309017 -1.89218e-17 5.82354e-17 
0.55746 0.04 0.04 0.2 -0.012 -0.012 0.12 0.309017 0.951057 -5.82354e-17 1.89218e-17 
0.547333 0.04 0.04 0.2 0.012 -0.012 0.12 0.309017 0.951057 -5.82354e-17 1.89218e-17 
0.543013 0.04 0.04 0.2 -0.016 0.012 0.12 0.951057 -0.309017 -1.89218e-17 5.82354e-17 
0.541385 0.04 0.04 0.2 0.02 0.04 0.08 -4.32978e-17 0.707107 -0.707107 4.32978e-17 
0.531431 0.04 0.04 0.2 -0.02 0.004 0.12 1 0 0 6.12323e-17 
0.524997 0.04 0.04 0.2 0.016 0.012 0.12 0.951057 -0.309017 -1.89218e-17 5.82354e-17 
0.515444 0.04 0.04 0.2 -0.016 -0.012 0.12 0.309017 0.951057 -5.82354e-17 1.89218e-17 
0.512252 0.04 0.04 0.2 0.016 -0.012 0.12 0.309017 0.951057 -5.82354e-17 1.89218e-17 
0.497388 0.04 0.04 0.2 0.02 -0.004 0.12 6.12323e-17 1 -6.12323e-17 3.7494e-33 
0.465769 0.04 0.04 0.2 0.02 0.012 0.12 0.951057 -0.309017 -1.89218e-17 5.82354e-17 
0.457937 0.04 0.04 0.2 -0.02 -0.012 0.12 0.309017 0.951057 -5.82354e-17 1.89218e-17 
0.450817 0.04 0.04 0.2 -0.02 0.04 0.08 0.218508 0.672499 -0.672499 0.218502 
0.436502 0.04 0.04 0.2 -0.016 0.004 0.12 1 0 0 6.12323e-17 
0.402894 0.04 0.04 0.2 0.016 -0.004 0.12 6.12323e-17 1 -6.12323e-17 3.7494e-33 
0.389028 0.04 0.04 0.2 0.004 0.016 0.12 0.951057 -0.309017 -1.89218e-17 5.82354e-17 
0.385936 0.04 0.04 0.2 0.008 0.016 0.12 0.951057 -0.309017 -1.89218e-17 5.82354e-17 
0.382852 0.04 0.04 0.2 -0.004 -0.016 0.12 0.309017 0.951057 -5.82354e-17 1.89218e-17 
0.382476 0.04 0.04 0.2 0 0.016 0.12 0.951057 -0.309017 -1.89218e-17 5.82354e-17 
0.381196 0.04 0.04 0.2 -0.008 -0.016 0.12 0.309017 0.951057 -5.82354e-17 1.89218e-17 
0.374717 0.04 0.04 0.2 0 -0.016 0.12 0.309017 0.951057 -5.82354e-17 1.89218e-17 
0.372855 0.04 0.04 0.2 -0.02 0.008 0.12 1 0 0 6.12323e-17 
0.372079 0.04 0.04 0.2 0.012 0.016 0.12 0.951057 -0.309017 -1.89218e-17 5.82354e-17 
0.368477 0.04 0.04 0.2 -0.012 -0.016 0.12 0.309017 0.951057 -5.82354e-17 1.89218e-17 
0.367627 0.04 0.04 0.2 -0.004 0.016 0.12 0.951057 -0.309017 -1.89218e-17 5.82354e-17 
0.359703 0.04 0.04 0.2 0.008 0.04 0.08 0.572061 -0.415627 0.415627 0.572062 
0.358045 0.04 0.04 0.2 0.004 -0.016 0.12 0.309017 0.951057 -5.82354e-17 1.89218e-17 
0.353806 0.04 0.04 0.2 0.012 0.04 0.08 0.572061 -0.415627 0.415627 0.572062 
0.353226 0.04 0.04 0.2 0.02 -0.008 0.12 6.12323e-17 1 -6.12323e-17 3.7494e-33 
0.347444 0.04 0.04 0.2 0.016 0.04 0.08 0.572061 -0.415627 0.415627 0.572062 
0.346789 0.04 0.04 0.2 -0.012 0.004 0.12 1 0 0 6.12323e-17 
0.346156 0.04 0.04 0.2 0.016 0.016 0.12 0.951057 -0.309017 -1.89218e-17 5.82354e-17 
0.345565 0.04 0.04 0.2 -0.008 0.016 0.12 0.951057 -0.309017 -1.89218e-17 5.82354e-17 
0.343558 0.04 0.04 0.2 -0.016 -0.016 0.12 0.309017 0.951057 -5.82354e-17 1.89218e-17 
0.340782 0.04 0.04 0.2 0.02 0.04 0.08 0.572061 -0.415627 0.415627 0.572062 
0.334049 0.04 0.04 0.2 0.008 0.04 0.06 0.572061 -0.415627 0.415627 0.572062 
0.333908 0.04 0.04 0.2 0.008 -0.016 0.12 0.309017 0.951057 -5.82354e-17 1.89218e-17 
0.327944 0.04 0.04 0.2 0.012 0.04 0.06 0.572061 -0.415627 0.415627 0.572062 
0.321362 0.04 0.04 0.2 0.016 0.04 0.06 0.572061 -0.415627 0.415627 0.572062 
0.317572 0.04 0.04 0.2 -0.012 0.016 0.12 0.951057 -0.309017 -1.89218e-17 5.82354e-17 
0.314485 0.04 0.04 0.2 0.02 0.04 0.06 0.572061 -0.415627 0.415627 0.572062 
0.313681 0.04 0.04 0.2 0.012 -0.004 0.12 6.12323e-17 1 -6.12323e-17 3.7494e-33 
0.307153 0.04 0.04 0.2 -0.016 0.008 0.12 1 0 0 6.12323e-17 
0.30691 0.04 0.04 0.2 0.02 0.016 0.12 0.951057 -0.309017 -1.89218e-17 5.82354e-17 
0.305976 0.04 0.04 0.2 0.008 0.04 0.04 0.572061 -0.415627 0.415627 0.572062 
0.305133 0.04 0.04 0.2 -0.02 -0.016 0.12 0.309017 0.951057 -5.82354e-17 1.89218e-17 
0.303482 0.04 0.04 0.2 0.012 -0.016 0.12 0.309017 0.951057 -5.82354e-17 1.89218e-17 
0.29967 0.04 0.04 0.2 0.012 0.04 0.04 0.572061 -0.415627 0.415627 0.572062 
0.2929 0.04 0.04 0.2 0.016 0.04 0.04 0.572061 -0.415627 0.415627 0.572062 
0.28798 0.04 0.04 0.2 0.016 -0.008 0.12 6.12323e-17 1 -6.12323e-17 3.7494e-33 
0.286049 0.04 0.04 0.2 -0.04 0.004 0.08 0.707107 -4.32978e-17 0.707107 -4.32978e-17 
0.285828 0.04 0.04 0.2 0.02 0.04 0.04 0.572061 -0.415627 0.415627 0.572062 
0.284799 0.04 0.04 0.2 -0.016 0.016 0.12 0.951057 -0.309017 -1.89218e-17 5.82354e-17 
0.275791 0.04 0.04 0.2 0.008 0.04 0.02 0.572061 -0.415627 0.415627 0.572062 
0.269316 0.04 0.04 0.2 0.012 0.04 0.02 0.572061 -0.415627 0.415627 0.572062 
0.267952 0.04 0.04 0.2 0.016 -0.016 0.12 0.309017 0.951057 -5.82354e-17 1.89218e-17 
0.265219 0.04 0.04 0.2 -0.008 0.04 -0.02 0.415627 0.572061 -0.572061 0.415629 
0.262841 0.04 0.04 0.2 -0.008 0.004 0.12 1 0 0 6.12323e-17 
0.262373 0.04 0.04 0.2 0.016 0.04 0.02 0.572061 -0.415627 0.415627 0.572062 
0.258613 0.04 0.04 0.2 -0.012 0.04 -0.02 0.415627 0.572061 -0.572061 0.415629 
0.258525 0.04 0.04 0.2 -0.02 0.012 0.12 1 0 0 6.12323e-17 
0.257216 0.04 0.04 0.2 -0.04 0.004 0.06 0.707107 -4.32978e-17 0.707107 -4.32978e-17 
0.25513 0.04 0.04 0.2 0.02 0.04 0.02 0.572061 -0.415627 0.415627 0.572062 
0.251179 0.04 0.04 0.2 -0.016 0.04 -0.02 0.415627 0.572061 -0.572061 0.415629 
0.249388 0.04 0.04 0.2 0.02 -0.012 0.12 6.12323e-17 1 -6.12323e-17 3.7494e-33 
0.248401 0.04 0.04 0.2 -0.02 0.016 0.12 0.951057 -0.309017 -1.89218e-17 5.82354e-17 
0.244775 0.04 0.04 0.2 -0.012 0.008 0.12 1 0 0 6.12323e-17 
0.243829 0.04 0.04 0.2 0.008 0.04 6.93889e-18 0.572061 -0.415627 0.415627 0.572062 
0.243043 0.04 0.04 0.2 -0.02 0.04 -0.02 0.415627 0.572061 -0.572061 0.415629 
0.242298 0.04 0.04 0.2 0.04 -0.004 0.08 0 -0.707107 0 0.707106 
0.237215 0.04 0.04 0.2 0.012 0.04 6.93889e-18 0.572061 -0.415627 0.415627 0.572062 
0.236352 0.04 0.04 0.2 -0.02 -0.02 0.12 0.809017 0.587785 3.59914e-17 4.9538e-17 
0.235663 0.04 0.04 0.2 0.008 0.02 0.12 0.951057 -0.309017 -1.89218e-17 5.82354e-17 
0.235462 0.04 0.04 0.2 -0.008 -0.02 0.12 0.309017 0.951057 -5.82354e-17 1.89218e-17 
0.234873 0.04 0.04 0.2 -0.008 0.04 6.93889e-18 0.415627 0.572061 -0.572061 0.415629 
0.233876 0.04 0.04 0.2 -0.012 -0.02 0.12 0.309017 0.951057 -5.82354e-17 1.89218e-17 
0.233578 0.04 0.04 0.2 0.012 0.02 0.12 0.951057 -0.309017 -1.89218e-17 5.82354e-17 
0.230119 0.04 0.04 0.2 0.016 0.04 6.93889e-18 0.572061 -0.415627 0.415627 0.572062 
0.230021 0.04 0.04 0.2 0.008 -0.004 0.12 6.12323e-17 1 -6.12323e-17 3.7494e-33 
0.229388 0.04 0.04 0.2 0.004 0.02 0.12 0.951057 -0.309017 -1.89218e-17 5.82354e-17 
0.228469 0.04 0.04 0.2 0.02 -0.016 0.12 0.309017 0.951057 -5.82354e-17 1.89218e-17 
0.228467 0.04 0.04 0.2 -0.004 -0.02 0.12 0.309017 0.951057 -5.82354e-17 1.89218e-17 
0.228118 0.04 0.04 0.2 -0.012 0.04 6.93889e-18 0.415627 0.572061 -0.572061 0.415629 
0.225867 0.04 0.04 0.2 0.012 -0.008 0.12 6.12323e-17 1 -6.12323e-17 3.7494e-33 
0.222739 0.04 0.04 0.2 0.02 0.04 6.93889e-18 0.572061 -0.415627 0.415627 0.572062 
0.222453 0.04 0.04 0.2 -0.016 -0.02 0.12 0.309017 0.951057 -5.82354e-17 1.89218e-17 
0.221728 0.04 0.04 0.2 0.016 0.02 0.12 0.951057 -0.309017 -1.89218e-17 5.82354e-17 
0.220537 0.04 0.04 0.2 -0.016 0.04 6.93889e-18 0.415627 0.572061 -0.572061 0.415629 
0.217626 0.04 0.04 0.2 -0.016 0.012 0.12 1 0 0 6.12323e-17 
0.216103 0.04 0.04 0.2 0 0.02 0.12 0.951057 -0.309017 -1.89218e-17 5.82354e-17 
0.214188 0.04 0.04 0.2 0 -0.02 0.12 0.309017 0.951057 -5.82354e-17 1.89218e-17 
0.213323 0.04 0.04 0.2 0.04 -0.004 0.06 0 -0.707107 0 0.707106 
0.212262 0.04 0.04 0.2 -0.02 0.04 6.93889e-18 0.415627 0.572061 -0.572061 0.415629 
0.208822 0.04 0.04 0.2 0.016 -0.012 0.12 6.12323e-17 1 -6.12323e-17 3.7494e-33 
0.203196 0.04 0.04 0.2 -0.008 0.04 0.02 0.415627 0.572061 -0.572061 0.415629 
0.199902 0.04 0.04 0.2 -0.02 -0.02 0.12 0.309017 0.951057 -5.82354e-17 1.89218e-17 
0.198933 0.04 0.04 0.2 0.02 0.02 0.12 0.951057 -0.309017 -1.89218e-17 5.82354e-17 
0.19695 0.04 0.04 0.2 -0.004 0.02 0.12 0.951057 -0.309017 -1.89218e-17 5.82354e-17 
0.196318 0.04 0.04 0.2 -0.012 0.04 0.02 0.415627 0.572061 -0.572061 0.415629 
0.196103 0.04 0.04 0.2 0.02 0.02 0.12 -0.587785 0.809017 -4.9538e-17 -3.59915e-17 
0.195496 0.04 0.04 0.2 -0.02 -0.016 0.12 0.809017 0.587785 3.59914e-17 4.9538e-17 
0.193922 0.04 0.04 0.2 0.004 -0.02 0.12 0.309017 0.951057 -5.82354e-17 1.89218e-17 
0.188617 0.04 0.04 0.2 -0.016 0.04 0.02 0.415627 0.572061 -0.572061 0.415629 
0.185997 0.04 0.04 0.2 -0.008 0.008 0.12 1 0 0 6.12323e-17 
0.185005 0.04 0.04 0.2 -0.004 0.004 0.12 1 0 0 6.12323e-17 
0.18303 0.04 0.04 0.2 -0.04 0.008 0.08 0.707107 -4.32978e-17 0.707107 -4.32978e-17 
0.180231 0.04 0.04 0.2 -0.02 0.04 0.02 0.415627 0.572061 -0.572061 0.415629 
0.179931 0.04 0.04 0.2 -0.02 0.016 0.12 1 0 0 6.12323e-17 
0.178353 0.04 0.04 0.2 -0.012 0.012 0.12 1 0 0 6.12323e-17 
0.177776 0.04 0.04 0.2 0.02 -0.016 0.12 6.12323e-17 1 -6.12323e-17 3.7494e-33 
0.173311 0.04 0.04 0.2 -0.008 0.02 0.12 0.951057 -0.309017 -1.89218e-17 5.82354e-17 
0.170556 0.04 0.04 0.2 -0.008 0.04 0.04 0.415627 0.572061 -0.572061 0.415629 
0.169753 0.04 0.04 0.2 0.012 -0.012 0.12 6.12323e-17 1 -6.12323e-17 3.7494e-33 
0.168898 0.04 0.04 0.2 0.008 -0.02 0.12 0.309017 0.951057 -5.82354e-17 1.89218e-17 
0.167287 0.04 0.04 0.2 0.008 -0.008 0.12 6.12323e-17 1 -6.12323e-17 3.7494e-33 
0.16701 0.04 0.04 0.2 -0.04 0.008 0.06 0.707107 -4.32978e-17 0.707107 -4.32978e-17 
0.16464 0.04 0.04 0.2 0.02 0.016 0.12 -0.587785 0.809017 -4.9538e-17 -3.59915e-17 
0.163582 0.04 0.04 0.2 -0.012 0.04 0.04 0.415627 0.572061 -0.572061 0.415629 
0.163466 0.04 0.04 0.2 -0.02 -0.012 0.12 0.809017 0.587785 3.59914e-17 4.9538e-17 
0.159296 0.04 0.04 0.2 -0.016 0.016 0.12 1 0 0 6.12323e-17 
0.158029 0.04 0.04 0.2 0.04 -0.008 0.08 0 -0.707107 0 0.707106 
0.157277 0.04 0.04 0.2 0.016 -0.016 0.12 6.12323e-17 1 -6.12323e-17 3.7494e-33 
0.155794 0.04 0.04 0.2 -0.016 0.04 0.04 0.415627 0.572061 -0.572061 0.415629 
0.153183 0.04 0.04 0.2 -0.016 -0.02 0.12 0.809017 0.587785 3.59914e-17 4.9538e-17 
0.152569 0.04 0.04 0.2 -0.008 -0.008 0.12 0.587785 0.809017 -4.9538e-17 3.59915e-17 
0.152517 0.04 0.04 0.2 0.004 -0.004 0.12 6.12323e-17 1 -6.12323e-17 3.7494e-33 
0.151534 0.04 0.04 0.2 -0.012 -0.008 0.12 0.587785 0.809017 -4.9538e-17 3.59915e-17 
0.149196 0.04 0.04 0.2 -0.008 -0.012 0.12 0.587785 0.809017 -4.9538e-17 3.59915e-17 
0.147341 0.04 0.04 0.2 -0.02 0.04 0.04 0.415627 0.572061 -0.572061 0.415629 
0.147269 0.04 0.04 0.2 -0.012 -0.004 0.12 0.587785 0.809017 -4.9538e-17 3.59915e-17 
0.147032 0.04 0.04 0.2 -0.012 -0.012 0.12 0.587785 0.809017 -4.9538e-17 3.59915e-17 
0.146763 0.04 0.04 0.2 -0.008 -0.004 0.12 0.587785 0.809017 -4.9538e-17 3.59915e-17 
0.146494 0.04 0.04 0.2 -0.012 0.02 0.12 0.951057 -0.309017 -1.89218e-17 5.82354e-17 
0.143765 0.04 0.04 0.2 -0.016 -0.008 0.12 0.587785 0.809017 -4.9538e-17 3.59915e-17 
0.143582 0.04 0.04 0.2 -0.004 -0.012 0.12 0.587785 0.809017 -4.9538e-17 3.59915e-17 
0.142024 0.04 0.04 0.2 0.04 -0.008 0.06 0 -0.707107 0 0.707106 
0.141044 0.04 0.04 0.2 -0.008 0.012 0.12 1 0 0 6.12323e-17 
0.140811 0.04 0.04 0.2 -0.016 -0.004 0.12 0.587785 0.809017 -4.9538e-17 3.59915e-17 
0.140465 0.04 0.04 0.2 0.012 -0.02 0.12 0.309017 0.951057 -5.82354e-17 1.89218e-17 
0.138943 0.04 0.04 0.2 -0.012 0.016 0.12 1 0 0 6.12323e-17 
0.138793 0.04 0.04 0.2 -0.02 -0.008 0.12 0.809017 0.587785 3.59914e-17 4.9538e-17 
0.138397 0.04 0.04 0.2 -0.016 -0.012 0.12 0.587785 0.809017 -4.9538e-17 3.59915e-17 
0.137906 0.04 0.04 0.2 0.02 0.012 0.12 -0.587785 0.809017 -4.9538e-17 -3.59915e-17 
0.137358 0.04 0.04 0.2 -0.008 0.04 0.06 0.415627 0.572061 -0.572061 0.415629 
0.137179 0.04 0.04 0.2 -0.008 -0.016 0.12 0.587785 0.809017 -4.9538e-17 3.59915e-17 
0.137088 0.04 0.04 0.2 0.012 -0.016 0.12 6.12323e-17 1 -6.12323e-17 3.7494e-33 
0.134408 0.04 0.04 0.2 -0.012 -0.016 0.12 0.587785 0.809017 -4.9538e-17 3.59915e-17 
0.134178 0.04 0.04 0.2 -0.012 0 0.12 0.587785 0.809017 -4.9538e-17 3.59915e-17 
0.132642 0.04 0.04 0.2 -0.004 -0.016 0.12 0.587785 0.809017 -4.9538e-17 3.59915e-17 
0.132576 0.04 0.04 0.2 0.008 -0.012 0.12 6.12323e-17 1 -6.12323e-17 3.7494e-33 
0.131875 0.04 0.04 0.2 -0.008 0 0.12 0.587785 0.809017 -4.9538e-17 3.59915e-17 
0.131147 0.04 0.04 0.2 -0.004 0.008 0.12 1 0 0 6.12323e-17 
0.130497 0.04 0.04 0.2 -0.02 -0.008 0.12 0.587785 0.809017 -4.9538e-17 3.59915e-17 
0.130306 0.04 0.04 0.2 -0.012 0.04 0.06 0.415627 0.572061 -0.572061 0.415629 
0.129967 0.04 0.04 0.2 0.02 -0.02 0.12 6.12323e-17 1 -6.12323e-17 3.7494e-33 
0.129404 0.04 0.04 0.2 -0.016 0 0.12 0.587785 0.809017 -4.9538e-17 3.59915e-17 
0.128738 0.04 0.04 0.2 -0.02 -0.004 0.12 0.587785 0.809017 -4.9538e-17 3.59915e-17 
0.128376 0.04 0.04 0.2 -0.02 0.02 0.12 1 0 0 6.12323e-17 
0.125442 0.04 0.04 0.2 -0.016 -0.016 0.12 0.587785 0.809017 -4.9538e-17 3.59915e-17 
0.125093 0.04 0.04 0.2 0.016 -0.02 0.12 6.12323e-17 1 -6.12323e-17 3.7494e-33 
0.124861 0.04 0.04 0.2 0.016 0.02 0.12 -0.587785 0.809017 -4.9538e-17 -3.59915e-17 
0.124769 0.04 0.04 0.2 0.012 0.04 0.08 0.415627 -0.572061 0.572061 0.415629 
0.124761 0.04 0.04 0.2 0.008 0.04 0.08 0.415627 -0.572061 0.572061 0.415629 
0.124389 0.04 0.04 0.2 -0.02 -0.012 0.12 0.587785 0.809017 -4.9538e-17 3.59915e-17 
0.124279 0.04 0.04 0.2 0.016 0.04 0.08 0.415627 -0.572061 0.572061 0.415629 
0.124117 0.04 0.04 0.2 0.004 0.04 0.08 0.415627 -0.572061 0.572061 0.415629 
0.123466 0.04 0.04 0.2 0.02 0.04 0.08 0.415627 -0.572061 0.572061 0.415629 
0.123389 0.04 0.04 0.2 -0.016 0.02 0.12 1 0 0 6.12323e-17 
0.12247 0.04 0.04 0.2 -0.016 0.04 0.06 0.415627 0.572061 -0.572061 0.415629 
0.120058 0.04 0.04 0.2 -0.02 -0.004 0.12 0.809017 0.587785 3.59914e-17 4.9538e-17 
0.119653 0.04 0.04 0.2 0 -0.016 0.12 0.587785 0.809017 -4.9538e-17 3.59915e-17 
0.119519 0.04 0.04 0.2 0.012 -0.02 0.12 6.12323e-17 1 -6.12323e-17 3.7494e-33 
0.119165 0.04 0.04 0.2 -0.008 0.016 0.12 1 0 0 6.12323e-17 
0.119001 0.04 0.04 0.2 -0.02 0 0.12 0.587785 0.809017 -4.9538e-17 3.59915e-17 
0.117898 0.04 0.04 0.2 -0.008 -0.02 0.12 0.587785 0.809017 -4.9538e-17 3.59915e-17 
0.117736 0.04 0.04 0.2 -0.012 0.02 0.12 1 0 0 6.12323e-17 
0.117725 0.04 0.04 0.2 -0.016 0.02 0.12 0.951057 -0.309017 -1.89218e-17 5.82354e-17 
0.117394 0.04 0.04 0.2 0.008 -0.016 0.12 6.12323e-17 1 -6.12323e-17 3.7494e-33 
0.116236 0.04 0.04 0.2 0.02 0.008 0.12 -0.587785 0.809017 -4.9538e-17 -3.59915e-17 
0.115017 0.04 0.04 0.2 -0.012 -0.02 0.12 0.587785 0.809017 -4.9538e-17 3.59915e-17 
0.113979 0.04 0.04 0.2 -0.004 -0.02 0.12 0.587785 0.809017 -4.9538e-17 3.59915e-17 
0.113969 0.04 0.04 0.2 -0.02 0.04 0.06 0.415627 0.572061 -0.572061 0.415629 
0.113499 0.04 0.04 0.2 0.008 -0.02 0.12 6.12323e-17 1 -6.12323e-17 3.7494e-33 
0.113461 0.04 0.04 0.2 0 0.004 0.12 1 0 0 6.12323e-17 
0.113213 0.04 0.04 0.2 -0.016 -0.016 0.12 0.809017 0.587785 3.59914e-17 4.9538e-17 
0.112988 0.04 0.04 0.2 -0.012 0.004 0.12 0.587785 0.809017 -4.9538e-17 3.59915e-17 
0.112714 0.04 0.04 0.2 0.004 -0.008 0.12 6.12323e-17 1 -6.12323e-17 3.7494e-33 
0.111669 0.04 0.04 0.2 -0.008 0.02 0.12 1 0 0 6.12323e-17 
0.111431 0.04 0.04 0.2 -0.02 -0.016 0.12 0.587785 0.809017 -4.9538e-17 3.59915e-17 
0.11057 0.04 0.04 0.2 0.04 0.02 6.93889e-18 0.707107 -4.32978e-17 -0.707107 4.32978e-17 
0.110131 0.04 0.04 0.2 -0.016 0.004 0.12 0.587785 0.809017 -4.9538e-17 3.59915e-17 
0.109873 0.04 0.04 0.2 0.008 0.04 0.06 0.415627 -0.572061 0.572061 0.415629 
0.109833 0.04 0.04 0.2 0.012 0.04 0.06 0.415627 -0.572061 0.572061 0.415629 
0.109649 0.04 0.04 0.2 0.016 -0.02 0.12 0.309017 0.951057 -5.82354e-17 1.89218e-17 
0.109309 0.04 0.04 0.2 0.016 0.04 0.06 0.415627 -0.572061 0.572061 0.415629 
0.109263 0.04 0.04 0.2 0.04 0.02 0.02 0.707107 -4.32978e-17 -0.707107 4.32978e-17 
0.108676 0.04 0.04 0.2 -0.008 0.004 0.12 0.587785 0.809017 -4.9538e-17 3.59915e-17 
0.108452 0.04 0.04 0.2 0.02 0.04 0.06 0.415627 -0.572061 0.572061 0.415629 
0.107542 0.04 0.04 0.2 0.04 0.02 0.04 0.707107 -4.32978e-17 -0.707107 4.32978e-17 
0.107167 0.04 0.04 0.2 0.02 0.012 0.12 0.809017 -0.587785 -3.59914e-17 4.9538e-17 
0.107027 0.04 0.04 0.2 0.004 -0.02 0.12 6.12323e-17 1 -6.12323e-17 3.7494e-33 
0.106384 0.04 0.04 0.2 -0.016 -0.02 0.12 0.587785 0.809017 -4.9538e-17 3.59915e-17 
0.106038 0.04 0.04 0.2 0.02 0.008 0.12 0.809017 -0.587785 -3.59914e-17 4.9538e-17 
0.106005 0.04 0.04 0.2 -0.02 0 0.12 0.809017 0.587785 3.59914e-17 4.9538e-17 
0.10583 0.04 0.04 0.2 -0.004 0.012 0.12 1 0 0 6.12323e-17 
0.105423 0.04 0.04 0.2 0.04 0.02 0.06 0.707107 -4.32978e-17 -0.707107 4.32978e-17 
0.105222 0.04 0.04 0.2 -0.004 0.02 0.12 1 0 0 6.12323e-17 
0.103984 0.04 0.04 0.2 -0.008 0.04 0.08 0.415627 0.572061 -0.572061 0.415629 
0.103881 0.04 0.04 0.2 0.02 -0.04 -0.02 -0.572061 0.415627 0.415627 0.572062 
0.102934 0.04 0.04 0.2 0.04 0.02 0.08 0.707107 -4.32978e-17 -0.707107 4.32978e-17 
0.102631 0.04 0.04 0.2 -0.04 0.012 0.08 0.707107 -4.32978e-17 0.707107 -4.32978e-17 
0.10212 0.04 0.04 0.2 0 -0.02 0.12 0.587785 0.809017 -4.9538e-17 3.59915e-17 
0.101703 0.04 0.04 0.2 -0.02 0.004 0.12 0.587785 0.809017 -4.9538e-17 3.59915e-17 
0.100905 0.04 0.04 0.2 0.016 -0.04 -0.02 -0.572061 0.415627 0.415627 0.572062 
0.100148 0.04 0.04 0.2 0.02 0.016 0.12 0.809017 -0.587785 -3.59914e-17 4.9538e-17 
0.100121 0.04 0.04 0.2 -0.004 0.016 0.12 1 0 0 6.12323e-17 
0.100104 0.04 0.04 0.2 0 -0.02 0.12 6.12323e-17 1 -6.12323e-17 3.7494e-33 
0.0996687 0.04 0.04 0.2 0.02 0.004 0.12 -0.587785 0.809017 -4.9538e-17 -3.59915e-17 
0.0983551 0.04 0.04 0.2 0.004 -0.016 0.12 6.12323e-17 1 -6.12323e-17 3.7494e-33 
0.0982912 0.04 0.04 0.2 0 0.02 0.12 1 0 0 6.12323e-17 
0.0975747 0.04 0.04 0.2 0.04 0.016 6.93889e-18 0.707107 -4.32978e-17 -0.707107 4.32978e-17 
0.0975241 0.04 0.04 0.2 0.012 -0.04 -0.02 -0.572061 0.415627 0.415627 0.572062 
0.0974362 0.04 0.04 0.2 0.004 -0.012 0.12 6.12323e-17 1 -6.12323e-17 3.7494e-33 
0.0968953 0.04 0.04 0.2 -0.012 0.04 0.08 0.415627 0.572061 -0.572061 0.415629 
0.0965801 0.04 0.04 0.2 -0.04 0.012 0.06 0.707107 -4.32978e-17 0.707107 -4.32978e-17 
0.0965685 0.04 0.04 0.2 0.016 0.012 0.12 0.809017 -0.587785 -3.59914e-17 4.9538e-17 
0.0963506 0.04 0.04 0.2 0.04 0.016 0.02 0.707107 -4.32978e-17 -0.707107 4.32978e-17 
0.0961492 0.04 0.04 0.2 0.02 0.004 0.12 0.809017 -0.587785 -3.59914e-17 4.9538e-17 
0.0957644 0.04 0.04 0.2 0.016 0.016 0.12 0.809017 -0.587785 -3.59914e-17 4.9538e-17 
0.0954087 0.04 0.04 0.2 -0.02 0.004 0.12 0.809017 0.587785 3.59914e-17 4.9538e-17 
0.0947621 0.04 0.04 0.2 0.04 0.016 0.04 0.707107 -4.32978e-17 -0.707107 4.32978e-17 
0.0937487 0.04 0.04 0.2 0.008 -0.04 -0.02 -0.572061 0.415627 0.415627 0.572062 
0.0931125 0.04 0.04 0.2 -0.02 -0.02 0.12 0.587785 0.809017 -4.9538e-17 3.59915e-17 
0.0928211 0.04 0.04 0.2 0.04 0.016 0.06 0.707107 -4.32978e-17 -0.707107 4.32978e-17 
0.0925988 0.04 0.04 0.2 0.04 -0.012 0.08 0 -0.707107 0 0.707106 
0.092537 0.04 0.04 0.2 -0.004 -0.02 0.12 6.12323e-17 1 -6.12323e-17 3.7494e-33 
0.0917463 0.04 0.04 0.2 0.016 0.016 0.12 -0.587785 0.809017 -4.9538e-17 -3.59915e-17 
0.0906937 0.04 0.04 0.2 0.004 0.02 0.12 1 0 0 6.12323e-17 
0.0905545 0.04 0.04 0.2 0.04 0.016 0.08 0.707107 -4.32978e-17 -0.707107 4.32978e-17 
0.0898848 0.04 0.04 0.2 -0.04 0.012 0.04 0.707107 -4.32978e-17 0.707107 -4.32978e-17 
0.0890281 0.04 0.04 0.2 -0.016 0.04 0.08 0.415627 0.572061 -0.572061 0.415629 
0.0882788 0.04 0.04 0.2 -0.02 0.02 0.12 0.951057 -0.309017 -1.89218e-17 5.82354e-17 
0.0881602 0.04 0.04 0.2 0.016 0.008 0.12 0.809017 -0.587785 -3.59914e-17 4.9538e-17 
0.0880287 0.04 0.04 0.2 0.02 0 0.12 -0.587785 0.809017 -4.9538e-17 -3.59915e-17 
0.0872197 0.04 0.04 0.2 -0.02 0.008 0.12 0.809017 0.587785 3.59914e-17 4.9538e-17 
0.0870885 0.04 0.04 0.2 0.016 0.02 0.12 0.809017 -0.587785 -3.59914e-17 4.9538e-17 
0.0867061 0.04 0.04 0.2 0.04 -0.012 0.06 0 -0.707107 0 0.707106 
0.0865937 0.04 0.04 0.2 0.02 0.02 0.12 0.809017 -0.587785 -3.59914e-17 4.9538e-17 
0.0850117 0.04 0.04 0.2 -0.012 0.008 0.12 0.587785 0.809017 -4.9538e-17 3.59915e-17 
0.0843524 0.04 0.04 0.2 -0.016 0.008 0.12 0.587785 0.809017 -4.9538e-17 3.59915e-17 
0.0839957 0.04 0.04 0.2 -0.008 -0.02 0.12 6.12323e-17 1 -6.12323e-17 3.7494e-33 
0.0831308 0.04 0.04 0.2 -0.016 -0.012 0.12 0.809017 0.587785 3.59914e-17 4.9538e-17 
0.0821974 0.04 0.04 0.2 0.008 0.02 0.12 1 0 0 6.12323e-17 
0.081644 0.04 0.04 0.2 0 0.016 0.12 1 0 0 6.12323e-17 
0.0812677 0.04 0.04 0.2 0 -0.004 0.12 6.12323e-17 1 -6.12323e-17 3.7494e-33 
0.0811789 0.04 0.04 0.2 0.004 -0.02 0.12 0.587785 0.809017 -4.9538e-17 3.59915e-17 
0.0807295 0.04 0.04 0.2 0.02 -0.004 0.12 -0.587785 0.809017 -4.9538e-17 -3.59915e-17 
0.0805212 0.04 0.04 0.2 -0.02 0.04 0.08 0.415627 0.572061 -0.572061 0.415629 
0.0804555 0.04 0.04 0.2 -0.02 0.012 0.12 0.809017 0.587785 3.59914e-17 4.9538e-17 
0.0803629 0.04 0.04 0.2 0 0.008 0.12 1 0 0 6.12323e-17 
0.0802032 0.04 0.04 0.2 0.04 -0.012 0.04 0 -0.707107 0 0.707106 
0.0799418 0.04 0.04 0.2 0 -0.016 0.12 6.12323e-17 1 -6.12323e-17 3.7494e-33 
0.0788384 0.04 0.04 0.2 -0.008 0.008 0.12 0.587785 0.809017 -4.9538e-17 3.59915e-17 
0.0782386 0.04 0.04 0.2 -0.02 0.008 0.12 0.587785 0.809017 -4.9538e-17 3.59915e-17 
0.0778595 0.04 0.04 0.2 0.02 -0.02 0.12 0.309017 0.951057 -5.82354e-17 1.89218e-17 
0.0774164 0.04 0.04 0.2 0.02 0 0.12 0.809017 -0.587785 -3.59914e-17 4.9538e-17 
0.0769572 0.04 0.04 0.2 0.012 0.016 0.12 0.809017 -0.587785 -3.59914e-17 4.9538e-17 
0.0769465 0.04 0.04 0.2 0.02 -0.008 0.12 -0.587785 0.809017 -4.9538e-17 -3.59915e-17 
0.0755823 0.04 0.04 0.2 0.02 -0.012 0.12 -0.587785 0.809017 -4.9538e-17 -3.59915e-17 
0.0753517 0.04 0.04 0.2 0.012 0.02 0.12 0.809017 -0.587785 -3.59914e-17 4.9538e-17 
0.0751858 0.04 0.04 0.2 0.02 -0.016 0.12 -0.587785 0.809017 -4.9538e-17 -3.59915e-17 
0.0743098 0.04 0.04 0.2 -0.02 0.016 0.12 0.809017 0.587785 3.59914e-17 4.9538e-17 
0.0742047 0.04 0.04 0.2 -0.012 -0.02 0.12 6.12323e-17 1 -6.12323e-17 3.7494e-33 
0.0740709 0.04 0.04 0.2 0.02 -0.02 0.12 -0.587785 0.809017 -4.9538e-17 -3.59915e-17 
0.0727363 0.04 0.04 0.2 0 0.012 0.12 1 0 0 6.12323e-17 
0.0723912 0.04 0.04 0.2 0.012 0.02 0.12 1 0 0 6.12323e-17 
0.0700172 0.04 0.04 0.2 0.016 0.004 0.12 0.809017 -0.587785 -3.59914e-17 4.9538e-17 
0.0698964 0.04 0.04 0.2 0.02 -0.04 6.93889e-18 -0.572061 0.415627 0.415627 0.572062 
0.0694209 0.04 0.04 0.2 0.012 0.012 0.12 0.809017 -0.587785 -3.59914e-17 4.9538e-17 
0.0678948 0.04 0.04 0.2 -0.02 0.02 0.12 0.809017 0.587785 3.59914e-17 4.9538e-17 
0.0669575 0.04 0.04 0.2 0.016 -0.04 6.93889e-18 -0.572061 0.415627 0.415627 0.572062 
0.0651342 0.04 0.04 0.2 0.016 0.012 0.12 -0.587785 0.809017 -4.9538e-17 -3.59915e-17 
0.06453 0.04 0.04 0.2 0 -0.012 0.12 6.12323e-17 1 -6.12323e-17 3.7494e-33 
0.0638983 0.04 0.04 0.2 0.004 0.016 0.12 1 0 0 6.12323e-17 
0.0636314 0.04 0.04 0.2 0.012 -0.04 6.93889e-18 -0.572061 0.415627 0.415627 0.572062 
0.0625811 0.04 0.04 0.2 -0.016 -0.02 0.12 6.12323e-17 1 -6.12323e-17 3.7494e-33 
0.0621692 0.04 0.04 0.2 -0.004 -0.016 0.12 6.12323e-17 1 -6.12323e-17 3.7494e-33 
0.0621287 0.04 0.04 0.2 0 -0.008 0.12 6.12323e-17 1 -6.12323e-17 3.7494e-33 
0.0613978 0.04 0.04 0.2 -0.016 -0.008 0.12 0.809017 0.587785 3.59914e-17 4.9538e-17 
0.0607503 0.04 0.04 0.2 0.016 0.02 0.12 1 0 0 6.12323e-17 
0.0599335 0.04 0.04 0.2 0.008 -0.04 6.93889e-18 -0.572061 0.415627 0.415627 0.572062 
0.0541014 0.04 0.04 0.2 -0.016 0.012 0.12 0.587785 0.809017 -4.9538e-17 3.59915e-17 
0.0525574 0.04 0.04 0.2 -0.012 0.012 0.12 0.587785 0.809017 -4.9538e-17 3.59915e-17 
0.0516949 0.04 0.04 0.2 0.012 0.008 0.12 0.809017 -0.587785 -3.59914e-17 4.9538e-17 
0.0510649 0.04 0.04 0.2 0.012 0.04 0.08 0.218508 -0.672499 0.672499 0.218502 
0.0507905 0.04 0.04 0.2 0.04 -0.016 -0.02 0 -0.707107 0 0.707106 
0.0507303 0.04 0.04 0.2 0.016 0.04 0.08 0.218508 -0.672499 0.672499 0.218502 
0.0506296 0.04 0.04 0.2 0.02 -0.004 0.12 0.809017 -0.587785 -3.59914e-17 4.9538e-17 
0.0503237 0.04 0.04 0.2 -0.02 0.012 0.12 0.587785 0.809017 -4.9538e-17 3.59915e-17 
0.0502237 0.04 0.04 0.2 0.008 -0.02 0.12 0.587785 0.809017 -4.9538e-17 3.59915e-17 
0.0501866 0.04 0.04 0.2 0.04 -0.016 6.93889e-18 0 -0.707107 0 0.707106 
0.0500178 0.04 0.04 0.2 0.02 0.04 0.08 0.218508 -0.672499 0.672499 0.218502 
0.0493833 0.04 0.04 0.2 0.04 -0.016 0.02 0 -0.707107 0 0.707106 
0.048914 0.04 0.04 0.2 0.008 0.02 0.12 0.809017 -0.587785 -3.59914e-17 4.9538e-17 
0.0484768 0.04 0.04 0.2 -0.02 -0.02 0.12 6.12323e-17 1 -6.12323e-17 3.7494e-33 
0.0483798 0.04 0.04 0.2 0.04 -0.016 0.04 0 -0.707107 0 0.707106 
0.0483292 0.04 0.04 0.2 0.004 0.004 0.12 1 0 0 6.12323e-17 
0.0477701 0.04 0.04 0.2 -0.04 0.016 -0.02 0.707107 -4.32978e-17 0.707107 -4.32978e-17 
0.0473866 0.04 0.04 0.2 -0.04 0.016 6.93889e-18 0.707107 -4.32978e-17 0.707107 -4.32978e-17 
0.0471954 0.04 0.04 0.2 0.04 -0.016 0.06 0 -0.707107 0 0.707106 
0.046816 0.04 0.04 0.2 -0.04 0.016 0.02 0.707107 -4.32978e-17 0.707107 -4.32978e-17 
0.0466277 0.04 0.04 0.2 0.02 0.02 0.12 1 0 0 6.12323e-17 
0.0466175 0.04 0.04 0.2 -0.016 -0.004 0.12 0.809017 0.587785 3.59914e-17 4.9538e-17 
0.0465633 0.04 0.04 0.2 0.04 -0.02 -0.02 0 -0.707107 0 0.707106 
0.0465558 0.04 0.04 0.2 0.016 -0.02 0.12 -0.587785 0.809017 -4.9538e-17 -3.59915e-17 
0.0463538 0.04 0.04 0.2 0.008 0.016 0.12 1 0 0 6.12323e-17 
0.0460694 0.04 0.04 0.2 -0.04 0.016 0.04 0.707107 -4.32978e-17 0.707107 -4.32978e-17 
0.0458403 0.04 0.04 0.2 0.04 -0.016 0.08 0 -0.707107 0 0.707106 
0.0451875 0.04 0.04 0.2 0.016 0.008 0.12 -0.587785 0.809017 -4.9538e-17 -3.59915e-17 
0.0451619 0.04 0.04 0.2 -0.04 0.016 0.06 0.707107 -4.32978e-17 0.707107 -4.32978e-17 
0.0448127 0.04 0.04 0.2 -0.008 -0.016 0.12 6.12323e-17 1 -6.12323e-17 3.7494e-33 
0.0444173 0.04 0.04 0.2 -0.008 0.012 0.12 0.587785 0.809017 -4.9538e-17 3.59915e-17 
0.0440891 0.04 0.04 0.2 -0.04 0.016 0.08 0.707107 -4.32978e-17 0.707107 -4.32978e-17 
0.0424292 0.04 0.04 0.2 0.016 0 0.12 0.809017 -0.587785 -3.59914e-17 4.9538e-17 
0.0418907 0.04 0.04 0.2 0.004 0.012 0.12 1 0 0 6.12323e-17 
0.041831 0.04 0.04 0.2 -0.04 -0.02 0.08 -0.218508 0.672498 -0.218508 0.672499 
0.0412212 0.04 0.04 0.2 0.008 0.016 0.12 0.809017 -0.587785 -3.59914e-17 4.9538e-17 
0.0408386 0.04 0.04 0.2 0.04 -0.02 6.93889e-18 0 -0.707107 0 0.707106 
0.03927 0.04 0.04 0.2 0.016 -0.016 0.12 -0.587785 0.809017 -4.9538e-17 -3.59915e-17 
0.039154 0.04 0.04 0.2 0.04 0.02 0.08 -0.672498 -0.218508 0.672499 0.218508 
0.0373254 0.04 0.04 0.2 -0.016 0 0.12 0.809017 0.587785 3.59914e-17 4.9538e-17 
0.035196 0.04 0.04 0.2 0.02 -0.04 0.02 -0.572061 0.415627 0.415627 0.572062 
0.0350046 0.04 0.04 0.2 0.04 -0.02 0.02 0 -0.707107 0 0.707106 
0.0341879 0.04 0.04 0.2 -0.04 0.02 -0.02 0.707107 -4.32978e-17 0.707107 -4.32978e-17 
0.0340221 0.04 0.04 0.2 -0.016 0.02 0.12 0.809017 0.587785 3.59914e-17 4.9538e-17 
0.0337815 0.04 0.04 0.2 -0.004 -0.012 0.12 6.12323e-17 1 -6.12323e-17 3.7494e-33 
0.03378 0.04 0.04 0.2 0.004 0.008 0.12 1 0 0 6.12323e-17 
0.0336331 0.04 0.04 0.2 -0.04 -0.02 0.08 0 0.707107 0 0.707106 
0.0334007 0.04 0.04 0.2 -0.04 -0.02 0.06 -0.218508 0.672498 -0.218508 0.672499 
0.0323407 0.04 0.04 0.2 -0.016 0.004 0.12 0.809017 0.587785 3.59914e-17 4.9538e-17 
0.0323034 0.04 0.04 0.2 0.016 -0.04 0.02 -0.572061 0.415627 0.415627 0.572062 
0.0322061 0.04 0.04 0.2 -0.016 0.016 0.12 0.809017 0.587785 3.59914e-17 4.9538e-17 
0.0318229 0.04 0.04 0.2 0.016 0.004 0.12 -0.587785 0.809017 -4.9538e-17 -3.59915e-17 
0.0317073 0.04 0.04 0.2 0.016 -0.012 0.12 -0.587785 0.809017 -4.9538e-17 -3.59915e-17 
0.0307915 0.04 0.04 0.2 -0.016 0.012 0.12 0.809017 0.587785 3.59914e-17 4.9538e-17 
0.0307585 0.04 0.04 0.2 0.04 -0.008 0.08 -0.218508 -0.672498 0.218508 0.672499 
0.0307559 0.04 0.04 0.2 0.04 0.02 0.06 -0.672498 -0.218508 0.672499 0.218508 
0.0304759 0.04 0.04 0.2 -0.016 0.008 0.12 0.809017 0.587785 3.59914e-17 4.9538e-17 
0.0294412 0.04 0.04 0.2 -0.04 -0.016 0.08 0 0.707107 0 0.707106 
0.0292558 0.04 0.04 0.2 -0.04 -0.016 0.06 0 0.707107 0 0.707106 
0.0291335 0.04 0.04 0.2 0.04 -0.02 0.04 0 -0.707107 0 0.707106 
0.029052 0.04 0.04 0.2 0.012 -0.04 0.02 -0.572061 0.415627 0.415627 0.572062 
0.0289645 0.04 0.04 0.2 -0.04 -0.016 0.04 0 0.707107 0 0.707106 
0.0289539 0.04 0.04 0.2 0.012 0.016 0.12 1 0 0 6.12323e-17 
0.0286323 0.04 0.04 0.2 -0.04 0.02 6.93889e-18 0.707107 -4.32978e-17 0.707107 -4.32978e-17 
0.0285394 0.04 0.04 0.2 -0.04 -0.016 0.02 0 0.707107 0 0.707106 
0.0282096 0.04 0.04 0.2 -0.04 -0.02 0.06 0 0.707107 0 0.707106 
0.0280025 0.04 0.04 0.2 -0.04 -0.016 6.93889e-18 0 0.707107 0 0.707106 
0.0276344 0.04 0.04 0.2 0.02 -0.02 0.12 -0.309017 0.951057 -5.82354e-17 -1.89218e-17 
0.0273539 0.04 0.04 0.2 -0.012 -0.016 0.12 6.12323e-17 1 -6.12323e-17 3.7494e-33 
0.0257554 0.04 0.04 0.2 0.016 -0.008 0.12 -0.587785 0.809017 -4.9538e-17 -3.59915e-17 
0.025611 0.04 0.04 0.2 -0.04 -0.016 0.08 -0.218508 0.672498 -0.218508 0.672499 
0.0254437 0.04 0.04 0.2 0.008 -0.04 0.02 -0.572061 0.415627 0.415627 0.572062 
0.0247439 0.04 0.04 0.2 -0.04 -0.02 0.04 -0.218508 0.672498 -0.218508 0.672499 
0.0246528 0.04 0.04 0.2 0.016 0 0.12 -0.587785 0.809017 -4.9538e-17 -3.59915e-17 
0.0239226 0.04 0.04 0.2 -0.02 0.02 0.12 0.951057 0.309017 1.89218e-17 5.82354e-17 
0.0234137 0.04 0.04 0.2 0.012 0.004 0.12 0.809017 -0.587785 -3.59914e-17 4.9538e-17 
0.0232874 0.04 0.04 0.2 0.04 -0.02 0.06 0 -0.707107 0 0.707106 
0.0232597 0.04 0.04 0.2 0.008 0.012 0.12 0.809017 -0.587785 -3.59914e-17 4.9538e-17 
0.0230389 0.04 0.04 0.2 -0.04 0.02 0.02 0.707107 -4.32978e-17 0.707107 -4.32978e-17 
0.0229721 0.04 0.04 0.2 0.016 -0.004 0.12 -0.587785 0.809017 -4.9538e-17 -3.59915e-17 
0.0226032 0.04 0.04 0.2 -0.04 -0.02 0.04 0 0.707107 0 0.707106 
0.0225696 0.04 0.04 0.2 0.04 0.016 0.08 -0.672498 -0.218508 0.672499 0.218508 
0.022137 0.04 0.04 0.2 0.04 0.02 0.04 -0.672498 -0.218508 0.672499 0.218508 
0.0220288 0.04 0.04 0.2 -0.016 0.016 0.12 0.587785 0.809017 -4.9538e-17 3.59915e-17 
0.0207313 0.04 0.04 0.2 -0.02 0.016 0.12 0.587785 0.809017 -4.9538e-17 3.59915e-17 
0.0184134 0.04 0.04 0.2 -0.012 0.016 0.12 0.587785 0.809017 -4.9538e-17 3.59915e-17 
0.0175427 0.04 0.04 0.2 0.04 -0.02 0.08 0 -0.707107 0 0.707106 
0.0174623 0.04 0.04 0.2 -0.04 0.02 0.04 0.707107 -4.32978e-17 0.707107 -4.32978e-17 
0.0173802 0.04 0.04 0.2 0.02 -0.008 0.12 0.809017 -0.587785 -3.59914e-17 4.9538e-17 
0.0171765 0.04 0.04 0.2 0.02 -0.016 0.12 -0.309017 0.951057 -5.82354e-17 -1.89218e-17 
0.0168837 0.04 0.04 0.2 -0.04 -0.02 0.02 0 0.707107 0 0.707106 
0.0164015 0.04 0.04 0.2 -0.004 -0.004 0.12 6.12323e-17 1 -6.12323e-17 3.7494e-33 
0.0159616 0.04 0.04 0.2 -0.04 -0.02 0.02 -0.218508 0.672498 -0.218508 0.672499 
0.015716 0.04 0.04 0.2 -0.004 -0.008 0.12 6.12323e-17 1 -6.12323e-17 3.7494e-33 
0.0151029 0.04 0.04 0.2 -0.02 0.016 0.12 0.951057 0.309017 1.89218e-17 5.82354e-17 
0.0133939 0.04 0.04 0.2 0.04 0.02 0.02 -0.672498 -0.218508 0.672499 0.218508 
0.0130243 0.04 0.04 0.2 0.008 0.012 0.12 1 0 0 6.12323e-17 
0.0125768 0.04 0.04 0.2 -0.02 -0.04 0.08 -0.415627 -0.572061 -0.572061 0.415629 
0.0121199 0.04 0.04 0.2 -0.012 -0.02 0.12 0.809017 0.587785 3.59914e-17 4.9538e-17 
0.0120259 0.04 0.04 0.2 -0.04 0.02 0.02 0.672498 0.218508 0.672499 0.218508 
0.0119669 0.04 0.04 0.2 -0.04 0.02 0.06 0.707107 -4.32978e-17 0.707107 -4.32978e-17 
0.0114462 0.04 0.04 0.2 -0.02 -0.04 0.06 -0.415627 -0.572061 -0.572061 0.415629 
0.0114087 0.04 0.04 0.2 0.04 -0.012 0.08 -0.218508 -0.672498 0.218508 0.672499 
0.0111359 0.04 0.04 0.2 0.016 0.016 0.12 1 0 0 6.12323e-17 
0.0111054 0.04 0.04 0.2 -0.04 -0.02 6.93889e-18 0 0.707107 0 0.707106 
0.0109427 0.04 0.04 0.2 -0.016 -0.04 0.08 -0.415627 -0.572061 -0.572061 0.415629 
0.0102558 0.04 0.04 0.2 0.016 -0.02 0.12 -0.309017 0.951057 -5.82354e-17 -1.89218e-17 
0.0102159 0.04 0.04 0.2 -0.02 -0.04 0.04 -0.415627 -0.572061 -0.572061 0.415629 
0.00976356 0.04 0.04 0.2 -0.016 -0.04 0.06 -0.415627 -0.572061 -0.572061 0.415629 
0.00959421 0.04 0.04 0.2 -0.016 -0.016 0.12 6.12323e-17 1 -6.12323e-17 3.7494e-33 
0.00890585 0.04 0.04 0.2 -0.02 -0.04 0.02 -0.415627 -0.572061 -0.572061 0.415629 
0.0087714 0.04 0.04 0.2 -0.012 -0.04 0.08 -0.415627 -0.572061 -0.572061 0.415629 
0.00849586 0.04 0.04 0.2 -0.016 -0.04 0.04 -0.415627 -0.572061 -0.572061 0.415629 
0.00840393 0.04 0.04 0.2 -0.008 0.016 0.12 0.587785 0.809017 -4.9538e-17 3.59915e-17 
0.00753098 0.04 0.04 0.2 -0.012 -0.04 0.06 -0.415627 -0.572061 -0.572061 0.415629 
0.00753004 0.04 0.04 0.2 -0.02 -0.04 6.93889e-18 -0.415627 -0.572061 -0.572061 0.415629 
0.0071495 0.04 0.04 0.2 -0.016 -0.04 0.02 -0.415627 -0.572061 -0.572061 0.415629 
0.00714605 0.04 0.04 0.2 -0.04 -0.02 6.93889e-18 -0.218508 0.672498 -0.218508 0.672499 
0.00670032 0.04 0.04 0.2 -0.012 -0.04 0.06 -0.572061 -0.415627 -0.415627 0.572062 
0.00667296 0.04 0.04 0.2 -0.016 -0.04 0.06 -0.572061 -0.415627 -0.415627 0.572062 
0.00661831 0.04 0.04 0.2 -0.04 0.02 0.08 0.707107 -4.32978e-17 0.707107 -4.32978e-17 
0.00660445 0.04 0.04 0.2 -0.008 -0.04 0.06 -0.572061 -0.415627 -0.415627 0.572062 
0.00651277 0.04 0.04 0.2 -0.02 -0.04 0.06 -0.572061 -0.415627 -0.415627 0.572062 
0.00651178 0.04 0.04 0.2 -0.012 -0.04 0.08 -0.572061 -0.415627 -0.415627 0.572062 
0.00648272 0.04 0.04 0.2 -0.016 -0.04 0.08 -0.572061 -0.415627 -0.415627 0.572062 
0.0064175 0.04 0.04 0.2 -0.008 -0.04 0.08 -0.572061 -0.415627 -0.415627 0.572062 
0.0063462 0.04 0.04 0.2 -0.02 0.012 0.12 0.951057 0.309017 1.89218e-17 5.82354e-17 
0.00632657 0.04 0.04 0.2 -0.02 -0.04 0.08 -0.572061 -0.415627 -0.415627 0.572062 
0.00631662 0.04 0.04 0.2 0.016 -0.004 0.12 0.809017 -0.587785 -3.59914e-17 4.9538e-17 
0.00621426 0.04 0.04 0.2 -0.004 -0.04 0.08 -0.572061 -0.415627 -0.415627 0.572062 
0.00621101 0.04 0.04 0.2 -0.012 -0.04 0.04 -0.415627 -0.572061 -0.572061 0.415629 
0.00600711 0.04 0.04 0.2 -0.008 -0.04 0.08 -0.415627 -0.572061 -0.572061 0.415629 
0.00574389 0.04 0.04 0.2 -0.016 -0.04 6.93889e-18 -0.415627 -0.572061 -0.572061 0.415629 
0.0054179 0.04 0.04 0.2 0.004 0.02 0.12 0.809017 -0.587785 -3.59914e-17 4.9538e-17 
0.00534666 0.04 0.04 0.2 0.02 -0.012 0.12 -0.309017 0.951057 -5.82354e-17 -1.89218e-17 
0.00503109 0.04 0.04 0.2 -0.008 -0.012 0.12 6.12323e-17 1 -6.12323e-17 3.7494e-33 
0.00482099 0.04 0.04 0.2 -0.012 -0.04 0.02 -0.415627 -0.572061 -0.572061 0.415629 
0.00469416 0.04 0.04 0.2 -0.008 -0.04 0.06 -0.415627 -0.572061 -0.572061 0.415629 
0.00469071 0.04 0.04 0.2 -0.016 0.02 0.12 0.951057 0.309017 1.89218e-17 5.82354e-17 
0.00464254 0.04 0.04 0.2 0.04 0.02 6.93889e-18 -0.672498 -0.218508 0.672499 0.218508 
0.00337898 0.04 0.04 0.2 -0.012 -0.04 6.93889e-18 -0.415627 -0.572061 -0.572061 0.415629 
0.00330767 0.04 0.04 0.2 -0.008 -0.04 0.04 -0.415627 -0.572061 -0.572061 0.415629 
0.00328013 0.04 0.04 0.2 -0.04 0.02 0.04 0.672498 0.218508 0.672499 0.218508 
0.00325281 0.04 0.04 0.2 0.012 -0.02 0.12 -0.587785 0.809017 -4.9538e-17 -3.59915e-17 
0.00206363 0.04 0.04 0.2 0.04 -0.016 0.06 -0.218508 -0.672498 0.218508 0.672499 
0.00186337 0.04 0.04 0.2 -0.008 -0.04 0.02 -0.415627 -0.572061 -0.572061 0.415629 
0.000379046 0.04 0.04 0.2 -0.008 -0.04 6.93889e-18 -0.415627 -0.572061 -0.572061 0.415629 
0.00019066 0.04 0.04 0.2 0.02 -0.04 0.04 -0.572061 0.415627 0.415627 0.572062 
7.51833e-05 0.04 0.04 0.2 0.012 0.02 0.12 -0.587785 0.809017 -4.9538e-17 -3.59915e-17 
-0.00157194 0.04 0.04 0.2 -0.04 -0.02 -0.02 -0.218508 0.672498 -0.218508 0.672499 
-0.00224489 0.04 0.04 0.2 0.04 -0.016 0.08 -0.218508 -0.672498 0.218508 0.672499 
-0.00263767 0.04 0.04 0.2 0.016 -0.04 0.04 -0.572061 0.415627 0.415627 0.572062 
-0.00287921 0.04 0.04 0.2 0.016 -0.016 0.12 -0.309017 0.951057 -5.82354e-17 -1.89218e-17 
-0.0031547 0.04 0.04 0.2 -0.04 -0.012 0.08 -0.218508 0.672498 -0.218508 0.672499 
-0.00364734 0.04 0.04 0.2 -0.02 0.008 0.12 0.951057 0.309017 1.89218e-17 5.82354e-17 
-0.00401738 0.04 0.04 0.2 0.04 0.02 -0.02 -0.672498 -0.218508 0.672499 0.218508 
-0.00437409 0.04 0.04 0.2 0.04 -0.02 0.06 -0.218508 -0.672498 0.218508 0.672499 
-0.00524335 0.04 0.04 0.2 -0.04 0.02 0.06 0.672498 0.218508 0.672499 0.218508 
-0.00528637 0.04 0.04 0.2 -0.012 -0.04 0.08 -0.672499 -0.218508 -0.218508 0.672498 
-0.00542848 0.04 0.04 0.2 -0.016 -0.04 0.08 -0.672499 -0.218508 -0.218508 0.672498 
-0.00572427 0.04 0.04 0.2 -0.02 -0.04 0.08 -0.672499 -0.218508 -0.218508 0.672498 
-0.00576749 0.04 0.04 0.2 0.04 0.012 0.08 -0.672498 -0.218508 0.672499 0.218508 
-0.00580779 0.04 0.04 0.2 0.012 -0.04 0.04 -0.572061 0.415627 0.415627 0.572062 
-0.00588869 0.04 0.04 0.2 0.008 0.008 0.12 0.809017 -0.587785 -3.59914e-17 4.9538e-17 
-0.00736513 0.04 0.04 0.2 -0.02 0.02 0.12 0.587785 0.809017 -4.9538e-17 3.59915e-17 
-0.00755352 0.04 0.04 0.2 -0.016 0.016 0.12 0.951057 0.309017 1.89218e-17 5.82354e-17 
-0.00779341 0.04 0.04 0.2 0.02 0.016 0.12 1 0 0 6.12323e-17 
-0.00840163 0.04 0.04 0.2 -0.016 0.02 0.12 0.587785 0.809017 -4.9538e-17 3.59915e-17 
-0.00890241 0.04 0.04 0.2 0.008 0.008 0.12 1 0 0 6.12323e-17 
-0.00899546 0.04 0.04 0.2 0.02 -0.008 0.12 -0.309017 0.951057 -5.82354e-17 -1.89218e-17 
-0.00921115 0.04 0.04 0.2 -0.02 -0.016 0.12 6.12323e-17 1 -6.12323e-17 3.7494e-33 
-0.0093098 0.04 0.04 0.2 0.008 -0.04 0.04 -0.572061 0.415627 0.415627 0.572062 
-0.0101117 0.04 0.04 0.2 -0.04 -0.02 -0.04 -0.218508 0.672498 -0.218508 0.672499 
-0.0103443 0.04 0.04 0.2 0.008 0.004 0.12 1 0 0 6.12323e-17 
-0.0105622 0.04 0.04 0.2 0.012 -0.02 0.12 -0.309017 0.951057 -5.82354e-17 -1.89218e-17 
-0.0106524 0.04 0.04 0.2 0.04 -0.02 0.08 -0.218508 -0.672498 0.218508 0.672499 
-0.012483 0.04 0.04 0.2 0.04 0.02 -0.04 -0.672498 -0.218508 0.672499 0.218508 
-0.0134308 0.04 0.04 0.2 -0.04 0.02 0.08 0.672498 0.218508 0.672499 0.218508 
-0.0138392 0.04 0.04 0.2 0.004 0.016 0.12 0.809017 -0.587785 -3.59914e-17 4.9538e-17 
-0.0140376 0.04 0.04 0.2 0.012 0.012 0.12 1 0 0 6.12323e-17 
-0.0140558 0.04 0.04 0.2 -0.012 0.02 0.12 0.587785 0.809017 -4.9538e-17 3.59915e-17 
-0.014959 0.04 0.04 0.2 0.012 0 0.12 0.809017 -0.587785 -3.59914e-17 4.9538e-17 
-0.0161968 0.04 0.04 0.2 0.016 -0.012 0.12 -0.309017 0.951057 -5.82354e-17 -1.89218e-17 
-0.0164396 0.04 0.04 0.2 0.012 -0.016 0.12 -0.587785 0.809017 -4.9538e-17 -3.59915e-17 
-0.0164778 0.04 0.04 0.2 -0.02 0.004 0.12 0.951057 0.309017 1.89218e-17 5.82354e-17 
-0.0187201 0.04 0.04 0.2 0.04 -0.02 0.02 0.218508 -0.672498 -0.218508 0.672499 
-0.0187476 0.04 0.04 0.2 -0.016 0.012 0.12 0.951057 0.309017 1.89218e-17 5.82354e-17 
-0.0188729 0.04 0.04 0.2 -0.012 0.02 0.12 0.951057 0.309017 1.89218e-17 5.82354e-17 
-0.0200124 0.04 0.04 0.2 0.02 -0.012 0.12 0.809017 -0.587785 -3.59914e-17 4.9538e-17 
-0.0210297 0.04 0.04 0.2 -0.012 0.02 0.12 0.809017 0.587785 3.59914e-17 4.9538e-17 
-0.0220173 0.04 0.04 0.2 -0.012 -0.012 0.12 6.12323e-17 1 -6.12323e-17 3.7494e-33 
-0.0236169 0.04 0.04 0.2 -0.012 -0.016 0.12 0.809017 0.587785 3.59914e-17 4.9538e-17 
-0.0253634 0.04 0.04 0.2 0.012 -0.016 0.12 -0.309017 0.951057 -5.82354e-17 -1.89218e-17 
-0.0256405 0.04 0.04 0.2 -0.008 0.02 0.12 0.587785 0.809017 -4.9538e-17 3.59915e-17 
-0.0268176 0.04 0.04 0.2 -0.008 -0.008 0.12 6.12323e-17 1 -6.12323e-17 3.7494e-33 
-0.0274489 0.04 0.04 0.2 0.02 -0.004 0.12 -0.309017 0.951057 -5.82354e-17 -1.89218e-17 
-0.0276512 0.04 0.04 0.2 0.04 -0.02 0.04 0.218508 -0.672498 -0.218508 0.672499 
-0.0300159 0.04 0.04 0.2 -0.016 0.008 0.12 0.951057 0.309017 1.89218e-17 5.82354e-17 
-0.0309849 0.04 0.04 0.2 0.016 -0.008 0.12 -0.309017 0.951057 -5.82354e-17 -1.89218e-17 
-0.0312239 0.04 0.04 0.2 0.012 0.016 0.12 -0.587785 0.809017 -4.9538e-17 -3.59915e-17 
-0.0332241 0.04 0.04 0.2 0.008 -0.02 0.12 -0.309017 0.951057 -5.82354e-17 -1.89218e-17 
-0.0336235 0.04 0.04 0.2 -0.012 0.016 0.12 0.951057 0.309017 1.89218e-17 5.82354e-17 
-0.0338493 0.04 0.04 0.2 -0.02 0 0.12 0.951057 0.309017 1.89218e-17 5.82354e-17 
-0.0346955 0.04 0.04 0.2 0.02 -0.04 0.06 -0.572061 0.415627 0.415627 0.572062 
-0.0349201 0.04 0.04 0.2 -0.012 0.016 0.12 0.809017 0.587785 3.59914e-17 4.9538e-17 
-0.0359372 0.04 0.04 0.2 0.012 -0.012 0.12 -0.587785 0.809017 -4.9538e-17 -3.59915e-17 
-0.0362493 0.04 0.04 0.2 0.04 -0.02 0.06 0.218508 -0.672498 -0.218508 0.672499 
-0.0365538 0.04 0.04 0.2 0.016 -0.008 0.12 0.809017 -0.587785 -3.59914e-17 4.9538e-17 
-0.0374519 0.04 0.04 0.2 0.016 -0.04 0.06 -0.572061 0.415627 0.415627 0.572062 
-0.0389004 0.04 0.04 0.2 0.012 -0.012 0.12 -0.309017 0.951057 -5.82354e-17 -1.89218e-17 
-0.0393689 0.04 0.04 0.2 -0.02 -0.04 0.08 -0.707107 0 0 0.707106 
-0.039813 0.04 0.04 0.2 0.016 0.012 0.12 1 0 0 6.12323e-17 
-0.0405267 0.04 0.04 0.2 0.012 -0.04 0.06 -0.572061 0.415627 0.415627 0.572062 
-0.0420151 0.04 0.04 0.2 -0.008 -0.004 0.12 6.12323e-17 1 -6.12323e-17 3.7494e-33 
-0.0428925 0.04 0.04 0.2 -0.016 0.004 0.12 0.951057 0.309017 1.89218e-17 5.82354e-17 
-0.0439116 0.04 0.04 0.2 0.008 -0.04 0.06 -0.572061 0.415627 0.415627 0.572062 
-0.0444088 0.04 0.04 0.2 0.04 -0.02 0.08 0.218508 -0.672498 -0.218508 0.672499 
-0.0444382 0.04 0.04 0.2 0.004 0.012 0.12 0.809017 -0.587785 -3.59914e-17 4.9538e-17 
-0.0450081 0.04 0.04 0.2 -0.008 0.02 0.12 0.951057 0.309017 1.89218e-17 5.82354e-17 
-0.0460345 0.04 0.04 0.2 -0.012 0.012 0.12 0.951057 0.309017 1.89218e-17 5.82354e-17 
-0.0463204 0.04 0.04 0.2 0.008 0.004 0.12 0.809017 -0.587785 -3.59914e-17 4.9538e-17 
-0.0476193 0.04 0.04 0.2 -0.016 -0.012 0.12 6.12323e-17 1 -6.12323e-17 3.7494e-33 
-0.0476895 0.04 0.04 0.2 0.012 0.008 0.12 1 0 0 6.12323e-17 
-0.0479611 0.04 0.04 0.2 -0.012 0.012 0.12 0.809017 0.587785 3.59914e-17 4.9538e-17 
-0.0483069 0.04 0.04 0.2 -0.012 -0.012 0.12 0.809017 0.587785 3.59914e-17 4.9538e-17 
-0.048316 0.04 0.04 0.2 0.008 -0.016 0.12 -0.309017 0.951057 -5.82354e-17 -1.89218e-17 
-0.0484038 0.04 0.04 0.2 0.016 -0.004 0.12 -0.309017 0.951057 -5.82354e-17 -1.89218e-17 
-0.0515528 0.04 0.04 0.2 0.02 0 0.12 -0.309017 0.951057 -5.82354e-17 -1.89218e-17 
-0.0523739 0.04 0.04 0.2 0.012 -0.008 0.12 -0.309017 0.951057 -5.82354e-17 -1.89218e-17 
-0.0531692 0.04 0.04 0.2 0.012 -0.008 0.12 -0.587785 0.809017 -4.9538e-17 -3.59915e-17 
-0.0541629 0.04 0.04 0.2 0.012 0.012 0.12 -0.587785 0.809017 -4.9538e-17 -3.59915e-17 
-0.0547843 0.04 0.04 0.2 0.008 -0.02 0.12 -0.587785 0.809017 -4.9538e-17 -3.59915e-17 
-0.0559427 0.04 0.04 0.2 0.004 -0.02 0.12 -0.309017 0.951057 -5.82354e-17 -1.89218e-17 
-0.0572668 0.04 0.04 0.2 -0.012 0.008 0.12 0.951057 0.309017 1.89218e-17 5.82354e-17 
-0.0574956 0.04 0.04 0.2 -0.02 -0.004 0.12 0.951057 0.309017 1.89218e-17 5.82354e-17 
-0.0575774 0.04 0.04 0.2 0 0.02 0.12 0.809017 -0.587785 -3.59914e-17 4.9538e-17 
-0.0584935 0.04 0.04 0.2 0.02 -0.016 0.12 0.809017 -0.587785 -3.59914e-17 4.9538e-17 
-0.0588348 0.04 0.04 0.2 -0.016 0 0.12 0.951057 0.309017 1.89218e-17 5.82354e-17 
-0.0590956 0.04 0.04 0.2 -0.012 0.008 0.12 0.809017 0.587785 3.59914e-17 4.9538e-17 
-0.0606398 0.04 0.04 0.2 0.008 -0.012 0.12 -0.309017 0.951057 -5.82354e-17 -1.89218e-17 
-0.0612795 0.04 0.04 0.2 -0.008 0.016 0.12 0.951057 0.309017 1.89218e-17 5.82354e-17 
-0.0622485 0.04 0.04 0.2 0.012 -0.004 0.12 0.809017 -0.587785 -3.59914e-17 4.9538e-17 
-0.0628593 0.04 0.04 0.2 0.012 0.004 0.12 1 0 0 6.12323e-17 
-0.0635537 0.04 0.04 0.2 -0.012 -0.008 0.12 0.809017 0.587785 3.59914e-17 4.9538e-17 
-0.0647916 0.04 0.04 0.2 0.02 0.012 0.12 1 0 0 6.12323e-17 
-0.0653659 0.04 0.04 0.2 -0.012 -0.008 0.12 6.12323e-17 1 -6.12323e-17 3.7494e-33 
-0.0663898 0.04 0.04 0.2 0.012 -0.004 0.12 -0.587785 0.809017 -4.9538e-17 -3.59915e-17 
-0.0669923 0.04 0.04 0.2 0.012 -0.004 0.12 -0.309017 0.951057 -5.82354e-17 -1.89218e-17 
-0.0673944 0.04 0.04 0.2 -0.012 0.004 0.12 0.809017 0.587785 3.59914e-17 4.9538e-17 
-0.0685751 0.04 0.04 0.2 -0.012 0.004 0.12 0.951057 0.309017 1.89218e-17 5.82354e-17 
-0.0687298 0.04 0.04 0.2 0.012 0.008 0.12 -0.587785 0.809017 -4.9538e-17 -3.59915e-17 
-0.0690469 0.04 0.04 0.2 0.02 -0.04 0.08 -0.572061 0.415627 0.415627 0.572062 
-0.0700183 0.04 0.04 0.2 0.016 0 0.12 -0.309017 0.951057 -5.82354e-17 -1.89218e-17 
-0.0701064 0.04 0.04 0.2 0.004 -0.016 0.12 -0.309017 0.951057 -5.82354e-17 -1.89218e-17 
-0.070857 0.04 0.04 0.2 -0.012 -0.004 0.12 0.809017 0.587785 3.59914e-17 4.9538e-17 
-0.0712686 0.04 0.04 0.2 0.008 -0.008 0.12 -0.309017 0.951057 -5.82354e-17 -1.89218e-17 
-0.0717179 0.04 0.04 0.2 -0.012 0 0.12 0.809017 0.587785 3.59914e-17 4.9538e-17 
-0.0717214 0.04 0.04 0.2 0.016 -0.04 0.08 -0.572061 0.415627 0.415627 0.572062 
-0.0720824 0.04 0.04 0.2 -0.004 0.02 0.12 0.951057 0.309017 1.89218e-17 5.82354e-17 
-0.0723605 0.04 0.04 0.2 -0.02 -0.012 0.12 6.12323e-17 1 -6.12323e-17 3.7494e-33 
-0.0736997 0.04 0.04 0.2 -0.008 0.012 0.12 0.951057 0.309017 1.89218e-17 5.82354e-17 
-0.0741251 0.04 0.04 0.2 0.012 0 0.12 -0.587785 0.809017 -4.9538e-17 -3.59915e-17 
-0.074693 0.04 0.04 0.2 0.012 -0.04 0.08 -0.572061 0.415627 0.415627 0.572062 
-0.0752031 0.04 0.04 0.2 0.012 0.004 0.12 -0.587785 0.809017 -4.9538e-17 -3.59915e-17 
-0.0771812 0.04 0.04 0.2 0 -0.02 0.12 -0.309017 0.951057 -5.82354e-17 -1.89218e-17 
-0.0779412 0.04 0.04 0.2 0.008 -0.04 0.08 -0.572061 0.415627 0.415627 0.572062 
-0.0796197 0.04 0.04 0.2 -0.016 -0.004 0.12 0.951057 0.309017 1.89218e-17 5.82354e-17 
-0.0796399 0.04 0.04 0.2 0.02 -0.04 0.08 -0.672499 0.218508 0.218508 0.672498 
-0.0798582 0.04 0.04 0.2 0.004 -0.012 0.12 -0.309017 0.951057 -5.82354e-17 -1.89218e-17 
-0.0811704 0.04 0.04 0.2 0.008 -0.004 0.12 -0.309017 0.951057 -5.82354e-17 -1.89218e-17 
-0.0813328 0.04 0.04 0.2 -0.012 0 0.12 0.951057 0.309017 1.89218e-17 5.82354e-17 
-0.082931 0.04 0.04 0.2 0.016 0.008 0.12 1 0 0 6.12323e-17 
-0.0831431 0.04 0.04 0.2 0.02 0.004 0.12 -0.309017 0.951057 -5.82354e-17 -1.89218e-17 
-0.0834025 0.04 0.04 0.2 -0.008 0.008 0.12 0.951057 0.309017 1.89218e-17 5.82354e-17 
-0.0836172 0.04 0.04 0.2 0.016 -0.012 0.12 0.809017 -0.587785 -3.59914e-17 4.9538e-17 
-0.0839796 0.04 0.04 0.2 0.012 0 0.12 -0.309017 0.951057 -5.82354e-17 -1.89218e-17 
-0.0888486 0.04 0.04 0.2 -0.004 0.016 0.12 0.951057 0.309017 1.89218e-17 5.82354e-17 
-0.0893146 0.04 0.04 0.2 0 -0.016 0.12 -0.309017 0.951057 -5.82354e-17 -1.89218e-17 
-0.0893636 0.04 0.04 0.2 -0.02 -0.008 0.12 0.951057 0.309017 1.89218e-17 5.82354e-17 
-0.0906129 0.04 0.04 0.2 0 0.016 0.12 0.809017 -0.587785 -3.59914e-17 4.9538e-17 
-0.0909337 0.04 0.04 0.2 0.008 -0.016 0.12 -0.587785 0.809017 -4.9538e-17 -3.59915e-17 
-0.0912915 0.04 0.04 0.2 0.04 -0.016 0.08 -0.415627 -0.572061 0.415627 0.572062 
-0.0915347 0.04 0.04 0.2 -0.008 0.004 0.12 0.951057 0.309017 1.89218e-17 5.82354e-17 
-0.0942305 0.04 0.04 0.2 -0.012 -0.004 0.12 6.12323e-17 1 -6.12323e-17 3.7494e-33 
-0.0942524 0.04 0.04 0.2 0.02 -0.02 0.12 0.809017 -0.587785 -3.59914e-17 4.9538e-17 
-0.094909 0.04 0.04 0.2 0 -0.012 0.12 -0.309017 0.951057 -5.82354e-17 -1.89218e-17 
-0.095611 0.04 0.04 0.2 -0.004 -0.02 0.12 -0.309017 0.951057 -5.82354e-17 -1.89218e-17 
-0.0972546 0.04 0.04 0.2 -0.012 -0.004 0.12 0.951057 0.309017 1.89218e-17 5.82354e-17 
-0.0973766 0.04 0.04 0.2 0.008 0 0.12 0.809017 -0.587785 -3.59914e-17 4.9538e-17 
-0.0973997 0.04 0.04 0.2 0.016 0.004 0.12 -0.309017 0.951057 -5.82354e-17 -1.89218e-17 
-0.0975046 0.04 0.04 0.2 -0.008 0.02 0.12 0.809017 0.587785 3.59914e-17 4.9538e-17 
-0.0986008 0.04 0.04 0.2 0 0.02 0.12 0.951057 0.309017 1.89218e-17 5.82354e-17 
-0.100149 0.04 0.04 0.2 -0.004 0.012 0.12 0.951057 0.309017 1.89218e-17 5.82354e-17 
-0.100453 0.04 0.04 0.2 -0.016 -0.008 0.12 6.12323e-17 1 -6.12323e-17 3.7494e-33 
-0.104341 0.04 0.04 0.2 -0.004 -0.016 0.12 -0.309017 0.951057 -5.82354e-17 -1.89218e-17 
-0.105056 0.04 0.04 0.2 0.012 0.004 0.12 -0.309017 0.951057 -5.82354e-17 -1.89218e-17 
-0.107142 0.04 0.04 0.2 -0.016 -0.008 0.12 0.951057 0.309017 1.89218e-17 5.82354e-17 
-0.109232 0.04 0.04 0.2 0.016 0.004 0.12 1 0 0 6.12323e-17 
-0.110104 0.04 0.04 0.2 -0.008 -0.02 0.12 -0.309017 0.951057 -5.82354e-17 -1.89218e-17 
-0.113606 0.04 0.04 0.2 0.04 -0.02 0.08 -0.415627 -0.572061 0.415627 0.572062 
-0.114059 0.04 0.04 0.2 -0.008 -0.016 0.12 -0.309017 0.951057 -5.82354e-17 -1.89218e-17 
-0.114914 0.04 0.04 0.2 0 0.016 0.12 0.951057 0.309017 1.89218e-17 5.82354e-17 
-0.115177 0.04 0.04 0.2 0.02 0.008 0.12 1 0 0 6.12323e-17 
-0.11647 0.04 0.04 0.2 0.012 -0.008 0.12 0.809017 -0.587785 -3.59914e-17 4.9538e-17 
-0.117419 0.04 0.04 0.2 -0.012 -0.016 0.12 -0.309017 0.951057 -5.82354e-17 -1.89218e-17 
-0.117974 0.04 0.04 0.2 -0.012 -0.008 0.12 0.951057 0.309017 1.89218e-17 5.82354e-17 
-0.119312 0.04 0.04 0.2 -0.02 -0.02 0.12 -0.309017 0.951057 -5.82354e-17 -1.89218e-17 
-0.119354 0.04 0.04 0.2 -0.012 -0.02 0.12 -0.309017 0.951057 -5.82354e-17 -1.89218e-17 
-0.122694 0.04 0.04 0.2 -0.016 -0.02 0.12 -0.309017 0.951057 -5.82354e-17 -1.89218e-17 
-0.12321 0.04 0.04 0.2 0.004 0.02 0.12 0.951057 0.309017 1.89218e-17 5.82354e-17 
-0.123832 0.04 0.04 0.2 0 0.012 0.12 0.951057 0.309017 1.89218e-17 5.82354e-17 
-0.123975 0.04 0.04 0.2 0.02 0.008 0.12 -0.309017 0.951057 -5.82354e-17 -1.89218e-17 
-0.126309 0.04 0.04 0.2 0.008 -0.012 0.12 -0.587785 0.809017 -4.9538e-17 -3.59915e-17 
-0.126625 0.04 0.04 0.2 0.004 -0.02 0.12 -0.587785 0.809017 -4.9538e-17 -3.59915e-17 
-0.127622 0.04 0.04 0.2 -0.008 0.016 0.12 0.809017 0.587785 3.59914e-17 4.9538e-17 
-0.131623 0.04 0.04 0.2 0.016 -0.016 0.12 0.809017 -0.587785 -3.59914e-17 4.9538e-17 
-0.131657 0.04 0.04 0.2 -0.02 -0.012 0.12 0.951057 0.309017 1.89218e-17 5.82354e-17 
-0.131765 0.04 0.04 0.2 0.012 0.008 0.12 -0.309017 0.951057 -5.82354e-17 -1.89218e-17 
-0.132418 0.04 0.04 0.2 0.016 0.008 0.12 -0.309017 0.951057 -5.82354e-17 -1.89218e-17 
-0.132501 0.04 0.04 0.2 -0.02 -0.008 0.12 6.12323e-17 1 -6.12323e-17 3.7494e-33 
-0.13787 0.04 0.04 0.2 0.004 0.016 0.12 0.951057 0.309017 1.89218e-17 5.82354e-17 
-0.140274 0.04 0.04 0.2 -0.016 -0.004 0.12 6.12323e-17 1 -6.12323e-17 3.7494e-33 
-0.14231 0.04 0.04 0.2 -0.004 0.02 0.12 0.809017 -0.587785 -3.59914e-17 4.9538e-17 
-0.143244 0.04 0.04 0.2 -0.016 -0.012 0.12 0.951057 0.309017 1.89218e-17 5.82354e-17 
-0.144563 0.04 0.04 0.2 0.008 0.02 0.12 0.951057 0.309017 1.89218e-17 5.82354e-17 
-0.145571 0.04 0.04 0.2 -0.012 -0.012 0.12 0.951057 0.309017 1.89218e-17 5.82354e-17 
-0.150068 0.04 0.04 0.2 0.02 0.004 0.12 1 0 0 6.12323e-17 
-0.15533 0.04 0.04 0.2 -0.04 0.008 0.08 -0.672498 0.218508 -0.672499 0.218508 
-0.156059 0.04 0.04 0.2 -0.008 0.012 0.12 0.809017 0.587785 3.59914e-17 4.9538e-17 
-0.156671 0.04 0.04 0.2 0.008 0.016 0.12 0.951057 0.309017 1.89218e-17 5.82354e-17 
-0.157737 0.04 0.04 0.2 0.008 -0.004 0.12 0.809017 -0.587785 -3.59914e-17 4.9538e-17 
-0.158731 0.04 0.04 0.2 0.008 -0.008 0.12 -0.587785 0.809017 -4.9538e-17 -3.59915e-17 
-0.161759 0.04 0.04 0.2 0.012 0.02 0.12 0.951057 0.309017 1.89218e-17 5.82354e-17 
-0.165886 0.04 0.04 0.2 0.012 0.012 0.12 -0.309017 0.951057 -5.82354e-17 -1.89218e-17 
-0.1701 0.04 0.04 0.2 0.012 0.016 0.12 0.951057 0.309017 1.89218e-17 5.82354e-17 
-0.172998 0.04 0.04 0.2 -0.04 0.012 0.08 -0.672498 0.218508 -0.672499 0.218508 
-0.17377 0.04 0.04 0.2 0.016 0.02 0.12 0.951057 0.309017 1.89218e-17 5.82354e-17 
-0.1749 0.04 0.04 0.2 0.012 -0.012 0.12 0.809017 -0.587785 -3.59914e-17 4.9538e-17 
-0.176263 0.04 0.04 0.2 0.02 0.012 0.12 -0.309017 0.951057 -5.82354e-17 -1.89218e-17 
-0.17655 0.04 0.04 0.2 0.016 -0.02 0.12 0.809017 -0.587785 -3.59914e-17 4.9538e-17 
-0.176914 0.04 0.04 0.2 0.016 0.012 0.12 -0.309017 0.951057 -5.82354e-17 -1.89218e-17 
-0.177095 0.04 0.04 0.2 0.008 0.02 0.12 -0.587785 0.809017 -4.9538e-17 -3.59915e-17 
-0.179819 0.04 0.04 0.2 0.02 0.02 0.12 0.951057 0.309017 1.89218e-17 5.82354e-17 
-0.180786 0.04 0.04 0.2 -0.02 -0.004 0.12 6.12323e-17 1 -6.12323e-17 3.7494e-33 
-0.181953 0.04 0.04 0.2 -0.008 0.008 0.12 0.809017 0.587785 3.59914e-17 4.9538e-17 
-0.183186 0.04 0.04 0.2 0.004 -0.016 0.12 -0.587785 0.809017 -4.9538e-17 -3.59915e-17 
-0.186275 0.04 0.04 0.2 0.008 -0.004 0.12 -0.587785 0.809017 -4.9538e-17 -3.59915e-17 
-0.187021 0.04 0.04 0.2 -0.008 -0.02 0.12 0.809017 0.587785 3.59914e-17 4.9538e-17 
-0.18763 0.04 0.04 0.2 -0.04 0.016 0.06 -0.672498 0.218508 -0.672499 0.218508 
-0.191234 0.04 0.04 0.2 -0.04 0.016 0.08 -0.672498 0.218508 -0.672499 0.218508 
-0.19609 0.04 0.04 0.2 -0.004 0.02 0.12 0.809017 0.587785 3.59914e-17 4.9538e-17 
-0.203066 0.04 0.04 0.2 0.008 0.016 0.12 -0.587785 0.809017 -4.9538e-17 -3.59915e-17 
-0.204191 0.04 0.04 0.2 -0.008 0.004 0.12 0.809017 0.587785 3.59914e-17 4.9538e-17 
-0.205456 0.04 0.04 0.2 -0.04 0.02 0.06 -0.672498 0.218508 -0.672499 0.218508 
-0.207194 0.04 0.04 0.2 0.008 0 0.12 -0.587785 0.809017 -4.9538e-17 -3.59915e-17 
-0.209935 0.04 0.04 0.2 -0.04 0.02 0.08 -0.672498 0.218508 -0.672499 0.218508 
-0.215221 0.04 0.04 0.2 -0.008 -0.016 0.12 0.809017 0.587785 3.59914e-17 4.9538e-17 
-0.218783 0.04 0.04 0.2 0.008 0.012 0.12 -0.587785 0.809017 -4.9538e-17 -3.59915e-17 
-0.220252 0.04 0.04 0.2 0.008 0.004 0.12 -0.587785 0.809017 -4.9538e-17 -3.59915e-17 
-0.221479 0.04 0.04 0.2 -0.008 0 0.12 0.809017 0.587785 3.59914e-17 4.9538e-17 
-0.224373 0.04 0.04 0.2 0.008 0.008 0.12 -0.587785 0.809017 -4.9538e-17 -3.59915e-17 
-0.225068 0.04 0.04 0.2 0.008 -0.008 0.12 0.809017 -0.587785 -3.59914e-17 4.9538e-17 
-0.231103 0.04 0.04 0.2 -0.008 -0.012 0.12 0.809017 0.587785 3.59914e-17 4.9538e-17 
-0.232719 0.04 0.04 0.2 -0.008 -0.004 0.12 0.809017 0.587785 3.59914e-17 4.9538e-17 
-0.234071 0.04 0.04 0.2 0.012 -0.016 0.12 0.809017 -0.587785 -3.59914e-17 4.9538e-17 
-0.236419 0.04 0.04 0.2 -0.008 -0.008 0.12 0.809017 0.587785 3.59914e-17 4.9538e-17 
-0.238431 0.04 0.04 0.2 0.004 -0.012 0.12 -0.587785 0.809017 -4.9538e-17 -3.59915e-17 
-0.246301 0.04 0.04 0.2 -0.004 0.016 0.12 0.809017 0.587785 3.59914e-17 4.9538e-17 
-0.251062 0.04 0.04 0.2 -0.008 0.02 0.12 0.809017 -0.587785 -3.59914e-17 4.9538e-17 
-0.289692 0.04 0.04 0.2 0.012 -0.02 0.12 0.809017 -0.587785 -3.59914e-17 4.9538e-17 
-0.289931 0.04 0.04 0.2 0.004 -0.008 0.12 -0.587785 0.809017 -4.9538e-17 -3.59915e-17 
-0.294133 0.04 0.04 0.2 -0.004 0.012 0.12 0.809017 0.587785 3.59914e-17 4.9538e-17 
-0.296585 0.04 0.04 0.2 0.008 -0.012 0.12 0.809017 -0.587785 -3.59914e-17 4.9538e-17 
-0.335552 0.04 0.04 0.2 0.004 -0.004 0.12 -0.587785 0.809017 -4.9538e-17 -3.59915e-17 
-0.338594 0.04 0.04 0.2 -0.004 0.008 0.12 0.809017 0.587785 3.59914e-17 4.9538e-17 
-0.368545 0.04 0.04 0.2 0.008 -0.016 0.12 0.809017 -0.587785 -3.59914e-17 4.9538e-17 
-0.373524 0.04 0.04 0.2 0.004 0 0.12 -0.587785 0.809017 -4.9538e-17 -3.59915e-17 
-0.378433 0.04 0.04 0.2 -0.004 0.004 0.12 0.809017 0.587785 3.59914e-17 4.9538e-17 
-0.402263 0.04 0.04 0.2 0.004 0.004 0.12 -0.587785 0.809017 -4.9538e-17 -3.59915e-17 
-0.412441 0.04 0.04 0.2 -0.004 0 0.12 0.809017 0.587785 3.59914e-17 4.9538e-17 
-0.420613 0.04 0.04 0.2 0.004 0.008 0.12 -0.587785 0.809017 -4.9538e-17 -3.59915e-17 
-0.422695 0.04 0.04 0.2 0.004 0.016 0.12 -0.587785 0.809017 -4.9538e-17 -3.59915e-17 
-0.427621 0.04 0.04 0.2 0.004 0.012 0.12 -0.587785 0.809017 -4.9538e-17 -3.59915e-17 
-0.436479 0.04 0.04 0.2 0.008 -0.02 0.12 0.809017 -0.587785 -3.59914e-17 4.9538e-17 
-0.439369 0.04 0.04 0.2 -0.004 -0.004 0.12 0.809017 0.587785 3.59914e-17 4.9538e-17 
-0.457601 0.04 0.04 0.2 -0.004 -0.008 0.12 0.809017 0.587785 3.59914e-17 4.9538e-17 
-0.461918 0.04 0.04 0.2 -0.004 -0.016 0.12 0.809017 0.587785 3.59914e-17 4.9538e-17 
-0.46561 0.04 0.04 0.2 -0.004 -0.012 0.12 0.809017 0.587785 3.59914e-17 4.9538e-17 
-0.480773 0.04 0.04 0.2 -0.04 0.016 0.08 -0.572061 0.415627 -0.572061 0.415629 
-0.537545 0.04 0.04 0.2 -0.04 0.02 0.08 -0.572061 0.415627 -0.572061 0.415629 
