0.422977 0.08 0.065 0.065 -0.04 0.0065 0.0525 0.587785 0.809017 -4.9538e-17 3.59915e-17
0.422977 0.08 0.065 0.065 0.04 -0.0065 0.0525 0.809017 -0.587785 -3.59915e-17 -4.9538e-17
0.422977 0.08 0.065 0.065 -0.04 -0.0065 -0.0525 -7.19829e-17 -9.9076e-17 -0.809017 0.587785
0.422977 0.08 0.065 0.065 0.04 0.0065 -0.0525 1.35465e-17 -8.55295e-17 0.587785 0.809017
0.140503 0.08 0.065 0.065 -0.04 0.0065 0.0525 0.951057 0.309017 3.78436e-17 5.82354e-17
0.140503 0.08 0.065 0.065 0.04 -0.0065 0.0525 -0.309017 0.951057 5.82354e-17 -3.78436e-17
0.140503 0.08 0.065 0.065 -0.04 -0.0065 -0.0525 -1.16471e-16 1.89218e-17 -0.309017 0.951057
0.140503 0.08 0.065 0.065 0.04 0.0065 -0.0525 -9.60791e-17 -7.71572e-17 0.951057 0.309017
0.276617 0.08 0.065 0.065 -0.024 -0.0325 0.0525 6.12323e-17 1 -6.12323e-17 3.7494e-33
0.276617 0.08 0.065 0.065 0.024 0.0325 0.0525 1 3.99574e-23 -7.4988e-33 -6.12323e-17
0.276617 0.08 0.065 0.065 -0.024 0.0325 -0.0525 7.4988e-33 1.22465e-16 1 -6.12323e-17
0.276617 0.08 0.065 0.065 0.024 -0.0325 -0.0525 6.12323e-17 -6.12323e-17 6.12323e-17 1
0.0838868 0.08 0.065 0.065 -0.008 -0.0195 0.0525 6.12323e-17 1 -6.12323e-17 3.7494e-33
0.0838868 0.08 0.065 0.065 0.008 0.0195 0.0525 1 3.99574e-23 -7.4988e-33 -6.12323e-17
0.0838868 0.08 0.065 0.065 -0.008 0.0195 -0.0525 7.4988e-33 1.22465e-16 1 -6.12323e-17
0.0838868 0.08 0.065 0.065 0.008 -0.0195 -0.0525 6.12323e-17 -6.12323e-17 6.12323e-17 1
0.0902709 0.08 0.065 0.065 -0.008 0.0325 0.0525 0.951057 0.309017 3.78436e-17 5.82354e-17
0.0902709 0.08 0.065 0.065 0.008 -0.0325 0.0525 -0.309017 0.951057 5.82354e-17 -3.78436e-17
0.0902709 0.08 0.065 0.065 -0.008 -0.0325 -0.0525 -1.16471e-16 1.89218e-17 -0.309017 0.951057
0.0902709 0.08 0.065 0.065 0.008 0.0325 -0.0525 -9.60791e-17 -7.71572e-17 0.951057 0.309017
0.26073 0.08 0.065 0.065 0.008 -0.0325 0.0525 6.12323e-17 1 -6.12323e-17 3.7494e-33
0.26073 0.08 0.065 0.065 -0.008 0.0325 0.0525 1 3.99574e-23 -7.4988e-33 -6.12323e-17
0.26073 0.08 0.065 0.065 0.008 0.0325 -0.0525 7.4988e-33 1.22465e-16 1 -6.12323e-17
0.26073 0.08 0.065 0.065 -0.008 -0.0325 -0.0525 6.12323e-17 -6.12323e-17 6.12323e-17 1
0.306821 0.08 0.065 0.065 0.008 0.0195 0.0525 0.951057 -0.309017 -3.78436e-17 5.82354e-17
0.306821 0.08 0.065 0.065 -0.008 -0.0195 0.0525 0.309017 0.951057 5.82354e-17 3.78436e-17
0.306821 0.08 0.065 0.065 0.008 -0.0195 -0.0525 -1.16471e-16 -1.89218e-17 0.309017 0.951057
0.306821 0.08 0.065 0.065 -0.008 0.0195 -0.0525 -2.03919e-17 -3.93136e-17 0.951057 -0.309017
0.0816688 0.08 0.065 0.065 0.008 0.0325 0.0525 0.951057 0.309017 3.78436e-17 5.82354e-17
0.0816688 0.08 0.065 0.065 -0.008 -0.0325 0.0525 -0.309017 0.951057 5.82354e-17 -3.78436e-17
0.0816688 0.08 0.065 0.065 0.008 -0.0325 -0.0525 -1.16471e-16 1.89218e-17 -0.309017 0.951057
0.0816688 0.08 0.065 0.065 -0.008 0.0325 -0.0525 -9.60791e-17 -7.71572e-17 0.951057 0.309017
0.131771 0.08 0.065 0.065 0.024 -0.0195 0.0525 -0.587785 0.809017 -4.9538e-17 -3.59915e-17
0.131771 0.08 0.065 0.065 -0.024 0.0195 0.0525 0.809017 0.587785 3.59915e-17 -4.9538e-17
0.131771 0.08 0.065 0.065 0.024 0.0195 -0.0525 -7.19829e-17 9.9076e-17 0.809017 0.587785
0.131771 0.08 0.065 0.065 -0.024 -0.0195 -0.0525 8.55294e-17 -1.35465e-17 -0.587785 0.809017
0.245988 0.08 0.065 0.065 0.024 -0.0065 0.0525 -0.587785 0.809017 -4.9538e-17 -3.59915e-17
0.245988 0.08 0.065 0.065 -0.024 0.0065 0.0525 0.809017 0.587785 3.59915e-17 -4.9538e-17
0.245988 0.08 0.065 0.065 0.024 0.0065 -0.0525 -7.19829e-17 9.9076e-17 0.809017 0.587785
0.245988 0.08 0.065 0.065 -0.024 -0.0065 -0.0525 8.55294e-17 -1.35465e-17 -0.587785 0.809017
0.46693 0.08 0.065 0.065 0.024 0.0195 0.0525 0.951057 -0.309017 -3.78436e-17 5.82354e-17
0.46693 0.08 0.065 0.065 -0.024 -0.0195 0.0525 0.309017 0.951057 5.82354e-17 3.78436e-17
0.46693 0.08 0.065 0.065 0.024 -0.0195 -0.0525 -1.16471e-16 -1.89218e-17 0.309017 0.951057
0.46693 0.08 0.065 0.065 -0.024 0.0195 -0.0525 -2.03919e-17 -3.93136e-17 0.951057 -0.309017
0.0114276 0.08 0.065 0.065 0.024 0.0325 0.0525 0.951057 0.309017 3.78436e-17 5.82354e-17
0.0114276 0.08 0.065 0.065 -0.024 -0.0325 0.0525 -0.309017 0.951057 5.82354e-17 -3.78436e-17
0.0114276 0.08 0.065 0.065 0.024 -0.0325 -0.0525 -1.16471e-16 1.89218e-17 -0.309017 0.951057
0.0114276 0.08 0.065 0.065 -0.024 0.0325 -0.0525 -9.60791e-17 -7.71572e-17 0.951057 0.309017
0.20269 0.08 0.065 0.065 0.04 -0.0065 0.0525 -0.587785 0.809017 -4.9538e-17 -3.59915e-17
0.20269 0.08 0.065 0.065 -0.04 0.0065 0.0525 0.809017 0.587785 3.59915e-17 -4.9538e-17
0.20269 0.08 0.065 0.065 0.04 0.0065 -0.0525 -7.19829e-17 9.9076e-17 0.809017 0.587785
0.20269 0.08 0.065 0.065 -0.04 -0.0065 -0.0525 8.55294e-17 -1.35465e-17 -0.587785 0.809017
0.43622 0.08 0.065 0.065 0.04 0.0195 0.0525 0.951057 -0.309017 -3.78436e-17 5.82354e-17
0.43622 0.08 0.065 0.065 -0.04 -0.0195 0.0525 0.309017 0.951057 5.82354e-17 3.78436e-17
0.43622 0.08 0.065 0.065 0.04 -0.0195 -0.0525 -1.16471e-16 -1.89218e-17 0.309017 0.951057
0.43622 0.08 0.065 0.065 -0.04 0.0195 -0.0525 -2.03919e-17 -3.93136e-17 0.951057 -0.309017
