3.10549 0.04 0.04 0.04 0.008 0.02 0.04 -0.587785 0.809017 -4.9538e-17 -3.59915e-17 
3.10018 0.04 0.04 0.04 -0.008 -0.02 0.04 0.809017 0.587785 3.59914e-17 4.9538e-17 
2.63205 0.04 0.04 0.04 -0.012 -0.012 0.04 0.951057 0.309017 1.89218e-17 5.82354e-17 
2.63078 0.04 0.04 0.04 0.012 0.012 0.04 -0.309017 0.951057 -5.82354e-17 -1.89218e-17 
2.60184 0.04 0.04 0.04 0.004 0.016 0.04 -0.587785 0.809017 -4.9538e-17 -3.59915e-17 
2.59491 0.04 0.04 0.04 -0.004 -0.016 0.04 0.809017 0.587785 3.59914e-17 4.9538e-17 
2.56598 0.04 0.04 0.04 -0.02 0 0.04 0.309017 0.951057 -5.82354e-17 1.89218e-17 
2.56589 0.04 0.04 0.04 0.02 0 0.04 0.951057 -0.309017 -1.89218e-17 5.82354e-17 
2.56279 0.04 0.04 0.04 -0.016 -0.012 0.04 0.951057 0.309017 1.89218e-17 5.82354e-17 
2.56204 0.04 0.04 0.04 0.016 0.012 0.04 -0.309017 0.951057 -5.82354e-17 -1.89218e-17 
2.41134 0.04 0.04 0.04 0.012 0.02 0.04 -0.587785 0.809017 -4.9538e-17 -3.59915e-17 
2.40876 0.04 0.04 0.04 -0.012 -0.02 0.04 0.809017 0.587785 3.59914e-17 4.9538e-17 
2.27859 0.04 0.04 0.04 -0.02 -0.012 0.04 0.951057 0.309017 1.89218e-17 5.82354e-17 
2.27823 0.04 0.04 0.04 0.02 0.012 0.04 -0.309017 0.951057 -5.82354e-17 -1.89218e-17 
2.10346 0.04 0.04 0.04 0.008 0.016 0.04 -0.587785 0.809017 -4.9538e-17 -3.59915e-17 
2.09898 0.04 0.04 0.04 -0.008 -0.016 0.04 0.809017 0.587785 3.59914e-17 4.9538e-17 
1.95425 0.04 0.04 0.04 -0.012 -0.004 0.04 0.309017 0.951057 -5.82354e-17 1.89218e-17 
1.95415 0.04 0.04 0.04 0.012 0.004 0.04 0.951057 -0.309017 -1.89218e-17 5.82354e-17 
1.91034 0.04 0.04 0.04 -0.016 -0.004 0.04 0.309017 0.951057 -5.82354e-17 1.89218e-17 
1.91026 0.04 0.04 0.04 0.016 0.004 0.04 0.951057 -0.309017 -1.89218e-17 5.82354e-17 
1.82972 0.04 0.04 0.04 -0.008 -0.004 0.04 0.309017 0.951057 -5.82354e-17 1.89218e-17 
1.8296 0.04 0.04 0.04 0.008 0.004 0.04 0.951057 -0.309017 -1.89218e-17 5.82354e-17 
1.79124 0.04 0.04 0.04 0.016 0.02 0.04 -0.587785 0.809017 -4.9538e-17 -3.59915e-17 
1.79074 0.04 0.04 0.04 -0.016 -0.02 0.04 0.809017 0.587785 3.59914e-17 4.9538e-17 
1.73426 0.04 0.04 0.04 -0.02 -0.004 0.04 0.309017 0.951057 -5.82354e-17 1.89218e-17 
1.7342 0.04 0.04 0.04 0.02 0.004 0.04 0.951057 -0.309017 -1.89218e-17 5.82354e-17 
1.64572 0.04 0.04 0.04 0.012 0.016 0.04 -0.587785 0.809017 -4.9538e-17 -3.59915e-17 
1.64329 0.04 0.04 0.04 -0.012 -0.016 0.04 0.809017 0.587785 3.59914e-17 4.9538e-17 
1.59497 0.04 0.04 0.04 0.004 0.012 0.04 -0.587785 0.809017 -4.9538e-17 -3.59915e-17 
1.58971 0.04 0.04 0.04 -0.004 -0.012 0.04 0.809017 0.587785 3.59914e-17 4.9538e-17 
1.52258 0.04 0.04 0.04 -0.016 -0.008 0.04 0.951057 0.309017 1.89218e-17 5.82354e-17 
1.52193 0.04 0.04 0.04 0.016 0.008 0.04 -0.309017 0.951057 -5.82354e-17 -1.89218e-17 
1.46327 0.04 0.04 0.04 -0.012 -0.008 0.04 0.951057 0.309017 1.89218e-17 5.82354e-17 
1.4622 0.04 0.04 0.04 0.012 0.008 0.04 -0.309017 0.951057 -5.82354e-17 -1.89218e-17 
1.38267 0.04 0.04 0.04 -0.02 -0.008 0.04 0.951057 0.309017 1.89218e-17 5.82354e-17 
1.38234 0.04 0.04 0.04 0.02 0.008 0.04 -0.309017 0.951057 -5.82354e-17 -1.89218e-17 
1.3124 0.04 0.04 0.04 0.02 0 0.04 6.12323e-17 1 -6.12323e-17 3.7494e-33 
1.31239 0.04 0.04 0.04 -0.02 0 0.04 1 0 0 6.12323e-17 
1.31215 0.04 0.04 0.04 0.008 0.012 0.04 -0.587785 0.809017 -4.9538e-17 -3.59915e-17 
1.30863 0.04 0.04 0.04 -0.008 -0.012 0.04 0.809017 0.587785 3.59914e-17 4.9538e-17 
1.28949 0.04 0.04 0.04 -0.012 -0.008 0.04 0.309017 0.951057 -5.82354e-17 1.89218e-17 
1.28943 0.04 0.04 0.04 0.012 0.008 0.04 0.951057 -0.309017 -1.89218e-17 5.82354e-17 
1.25151 0.04 0.04 0.04 -0.016 -0.008 0.04 0.309017 0.951057 -5.82354e-17 1.89218e-17 
1.25146 0.04 0.04 0.04 0.016 0.008 0.04 0.951057 -0.309017 -1.89218e-17 5.82354e-17 
1.25111 0.04 0.04 0.04 -0.02 -0.02 0.04 0.809017 0.587785 3.59914e-17 4.9538e-17 
1.25027 0.04 0.04 0.04 0.02 0.02 0.04 -0.587785 0.809017 -4.9538e-17 -3.59915e-17 
1.23265 0.04 0.04 0.04 0.016 0.016 0.04 -0.587785 0.809017 -4.9538e-17 -3.59915e-17 
1.23179 0.04 0.04 0.04 -0.016 -0.016 0.04 0.809017 0.587785 3.59914e-17 4.9538e-17 
1.19724 0.04 0.04 0.04 -0.008 -0.008 0.04 0.309017 0.951057 -5.82354e-17 1.89218e-17 
1.19717 0.04 0.04 0.04 0.008 0.008 0.04 0.951057 -0.309017 -1.89218e-17 5.82354e-17 
1.11226 0.04 0.04 0.04 -0.02 -0.008 0.04 0.309017 0.951057 -5.82354e-17 1.89218e-17 
1.11223 0.04 0.04 0.04 0.02 0.008 0.04 0.951057 -0.309017 -1.89218e-17 5.82354e-17 
1.04681 0.04 0.04 0.04 0.012 0.012 0.04 -0.587785 0.809017 -4.9538e-17 -3.59915e-17 
1.04477 0.04 0.04 0.04 -0.012 -0.012 0.04 0.809017 0.587785 3.59914e-17 4.9538e-17 
1.0158 0.04 0.04 0.04 -0.02 0.004 0.04 1 0 0 6.12323e-17 
1.01578 0.04 0.04 0.04 0.02 -0.004 0.04 6.12323e-17 1 -6.12323e-17 3.7494e-33 
0.950343 0.04 0.04 0.04 -0.004 -0.008 0.04 0.309017 0.951057 -5.82354e-17 1.89218e-17 
0.950262 0.04 0.04 0.04 0.004 0.008 0.04 0.951057 -0.309017 -1.89218e-17 5.82354e-17 
0.868165 0.04 0.04 0.04 -0.02 -0.016 0.04 0.809017 0.587785 3.59914e-17 4.9538e-17 
0.867996 0.04 0.04 0.04 0.02 0.016 0.04 -0.587785 0.809017 -4.9538e-17 -3.59915e-17 
0.821119 0.04 0.04 0.04 0.004 0.008 0.04 -0.587785 0.809017 -4.9538e-17 -3.59915e-17 
0.817373 0.04 0.04 0.04 -0.004 -0.008 0.04 0.809017 0.587785 3.59914e-17 4.9538e-17 
0.80705 0.04 0.04 0.04 -0.012 -0.012 0.04 0.309017 0.951057 -5.82354e-17 1.89218e-17 
0.807023 0.04 0.04 0.04 0.012 0.012 0.04 0.951057 -0.309017 -1.89218e-17 5.82354e-17 
0.802231 0.04 0.04 0.04 -0.016 -0.004 0.04 0.951057 0.309017 1.89218e-17 5.82354e-17 
0.801705 0.04 0.04 0.04 0.016 0.012 0.04 -0.587785 0.809017 -4.9538e-17 -3.59915e-17 
0.801693 0.04 0.04 0.04 0.016 0.004 0.04 -0.309017 0.951057 -5.82354e-17 -1.89218e-17 
0.800788 0.04 0.04 0.04 -0.016 -0.012 0.04 0.809017 0.587785 3.59914e-17 4.9538e-17 
0.776158 0.04 0.04 0.04 -0.016 -0.012 0.04 0.309017 0.951057 -5.82354e-17 1.89218e-17 
0.776129 0.04 0.04 0.04 0.016 0.012 0.04 0.951057 -0.309017 -1.89218e-17 5.82354e-17 
0.770993 0.04 0.04 0.04 -0.02 -0.004 0.04 0.951057 0.309017 1.89218e-17 5.82354e-17 
0.770712 0.04 0.04 0.04 0.02 0.004 0.04 -0.309017 0.951057 -5.82354e-17 -1.89218e-17 
0.757565 0.04 0.04 0.04 -0.02 0.008 0.04 1 0 0 6.12323e-17 
0.757547 0.04 0.04 0.04 0.02 -0.008 0.04 6.12323e-17 1 -6.12323e-17 3.7494e-33 
0.741882 0.04 0.04 0.04 -0.008 -0.012 0.04 0.309017 0.951057 -5.82354e-17 1.89218e-17 
0.741847 0.04 0.04 0.04 0.008 0.012 0.04 0.951057 -0.309017 -1.89218e-17 5.82354e-17 
0.707968 0.04 0.04 0.04 0.008 0.008 0.04 -0.587785 0.809017 -4.9538e-17 -3.59915e-17 
0.705407 0.04 0.04 0.04 -0.008 -0.008 0.04 0.809017 0.587785 3.59914e-17 4.9538e-17 
0.671316 0.04 0.04 0.04 -0.02 -0.012 0.04 0.309017 0.951057 -5.82354e-17 1.89218e-17 
0.671298 0.04 0.04 0.04 0.02 0.012 0.04 0.951057 -0.309017 -1.89218e-17 5.82354e-17 
0.650107 0.04 0.04 0.04 -0.012 -0.004 0.04 0.951057 0.309017 1.89218e-17 5.82354e-17 
0.649232 0.04 0.04 0.04 0.012 0.004 0.04 -0.309017 0.951057 -5.82354e-17 -1.89218e-17 
0.593656 0.04 0.04 0.04 0.012 0.008 0.04 -0.587785 0.809017 -4.9538e-17 -3.59915e-17 
0.592106 0.04 0.04 0.04 -0.012 -0.008 0.04 0.809017 0.587785 3.59914e-17 4.9538e-17 
0.57946 0.04 0.04 0.04 0.02 0.012 0.04 -0.587785 0.809017 -4.9538e-17 -3.59915e-17 
0.579291 0.04 0.04 0.04 -0.02 -0.012 0.04 0.809017 0.587785 3.59914e-17 4.9538e-17 
0.561397 0.04 0.04 0.04 -0.004 -0.012 0.04 0.309017 0.951057 -5.82354e-17 1.89218e-17 
0.561357 0.04 0.04 0.04 0.004 0.012 0.04 0.951057 -0.309017 -1.89218e-17 5.82354e-17 
0.538108 0.04 0.04 0.04 -0.02 0.012 0.04 1 0 0 6.12323e-17 
0.5381 0.04 0.04 0.04 0.02 -0.012 0.04 6.12323e-17 1 -6.12323e-17 3.7494e-33 
0.527913 0.04 0.04 0.04 0 -0.008 0.04 0.309017 0.951057 -5.82354e-17 1.89218e-17 
0.52782 0.04 0.04 0.04 0 0.008 0.04 0.951057 -0.309017 -1.89218e-17 5.82354e-17 
0.479884 0.04 0.04 0.04 0.016 0.008 0.04 -0.587785 0.809017 -4.9538e-17 -3.59915e-17 
0.47912 0.04 0.04 0.04 -0.016 -0.008 0.04 0.809017 0.587785 3.59914e-17 4.9538e-17 
0.476884 0.04 0.04 0.04 -0.012 -0.016 0.04 0.309017 0.951057 -5.82354e-17 1.89218e-17 
0.476871 0.04 0.04 0.04 0.012 0.016 0.04 0.951057 -0.309017 -1.89218e-17 5.82354e-17 
0.453978 0.04 0.04 0.04 -0.016 -0.016 0.04 0.309017 0.951057 -5.82354e-17 1.89218e-17 
0.453969 0.04 0.04 0.04 0.016 0.016 0.04 0.951057 -0.309017 -1.89218e-17 5.82354e-17 
0.433673 0.04 0.04 0.04 -0.008 -0.016 0.04 0.309017 0.951057 -5.82354e-17 1.89218e-17 
0.43366 0.04 0.04 0.04 0.008 0.016 0.04 0.951057 -0.309017 -1.89218e-17 5.82354e-17 
0.380753 0.04 0.04 0.04 -0.02 -0.016 0.04 0.309017 0.951057 -5.82354e-17 1.89218e-17 
0.380745 0.04 0.04 0.04 0.02 0.016 0.04 0.951057 -0.309017 -1.89218e-17 5.82354e-17 
0.379039 0.04 0.04 0.04 -0.02 0 0.04 0.951057 0.309017 1.89218e-17 5.82354e-17 
0.378814 0.04 0.04 0.04 0.02 0 0.04 -0.309017 0.951057 -5.82354e-17 -1.89218e-17 
0.368405 0.04 0.04 0.04 0.02 0.008 0.04 -0.587785 0.809017 -4.9538e-17 -3.59915e-17 
0.368152 0.04 0.04 0.04 -0.02 -0.008 0.04 0.809017 0.587785 3.59914e-17 4.9538e-17 
0.357721 0.04 0.04 0.04 -0.02 0.016 0.04 1 0 0 6.12323e-17 
0.357713 0.04 0.04 0.04 0.02 -0.016 0.04 6.12323e-17 1 -6.12323e-17 3.7494e-33 
0.334224 0.04 0.04 0.04 -0.016 0 0.04 0.951057 0.309017 1.89218e-17 5.82354e-17 
0.333793 0.04 0.04 0.04 0.016 0 0.04 -0.309017 0.951057 -5.82354e-17 -1.89218e-17 
0.309776 0.04 0.04 0.04 -0.004 -0.016 0.04 0.309017 0.951057 -5.82354e-17 1.89218e-17 
0.309761 0.04 0.04 0.04 0.004 0.016 0.04 0.951057 -0.309017 -1.89218e-17 5.82354e-17 
0.268189 0.04 0.04 0.04 0.008 0.004 0.04 -0.587785 0.809017 -4.9538e-17 -3.59915e-17 
0.267319 0.04 0.04 0.04 0.012 0.02 0.04 0.951057 -0.309017 -1.89218e-17 5.82354e-17 
0.267319 0.04 0.04 0.04 -0.012 -0.02 0.04 0.309017 0.951057 -5.82354e-17 1.89218e-17 
0.266645 0.04 0.04 0.04 0.012 0.004 0.04 -0.587785 0.809017 -4.9538e-17 -3.59915e-17 
0.266456 0.04 0.04 0.04 -0.008 -0.004 0.04 0.809017 0.587785 3.59914e-17 4.9538e-17 
0.265595 0.04 0.04 0.04 -0.012 -0.004 0.04 0.809017 0.587785 3.59914e-17 4.9538e-17 
0.254257 0.04 0.04 0.04 0.004 0.004 0.04 -0.587785 0.809017 -4.9538e-17 -3.59915e-17 
0.253045 0.04 0.04 0.04 0.016 0.02 0.04 0.951057 -0.309017 -1.89218e-17 5.82354e-17 
0.253042 0.04 0.04 0.04 -0.016 -0.02 0.04 0.309017 0.951057 -5.82354e-17 1.89218e-17 
0.251734 0.04 0.04 0.04 -0.004 -0.004 0.04 0.809017 0.587785 3.59914e-17 4.9538e-17 
0.250508 0.04 0.04 0.04 0.016 0.004 0.04 -0.587785 0.809017 -4.9538e-17 -3.59915e-17 
0.249991 0.04 0.04 0.04 -0.016 -0.004 0.04 0.809017 0.587785 3.59914e-17 4.9538e-17 
0.248145 0.04 0.04 0.04 0 -0.012 0.04 0.309017 0.951057 -5.82354e-17 1.89218e-17 
0.248102 0.04 0.04 0.04 0 0.012 0.04 0.951057 -0.309017 -1.89218e-17 5.82354e-17 
0.241085 0.04 0.04 0.04 -0.008 -0.02 0.04 0.309017 0.951057 -5.82354e-17 1.89218e-17 
0.241083 0.04 0.04 0.04 0.008 0.02 0.04 0.951057 -0.309017 -1.89218e-17 5.82354e-17 
0.239926 0.04 0.04 0.04 0.016 -0.004 0.04 6.12323e-17 1 -6.12323e-17 3.7494e-33 
0.239914 0.04 0.04 0.04 -0.016 0.004 0.04 1 0 0 6.12323e-17 
0.220832 0.04 0.04 0.04 0.02 0.004 0.04 -0.587785 0.809017 -4.9538e-17 -3.59915e-17 
0.220645 0.04 0.04 0.04 -0.02 -0.004 0.04 0.809017 0.587785 3.59914e-17 4.9538e-17 
0.216485 0.04 0.04 0.04 -0.02 0.02 0.04 1 0 0 6.12323e-17 
0.216469 0.04 0.04 0.04 0.02 -0.02 0.04 6.12323e-17 1 -6.12323e-17 3.7494e-33 
0.20826 0.04 0.04 0.04 -0.02 -0.02 0.04 0.309017 0.951057 -5.82354e-17 1.89218e-17 
0.208258 0.04 0.04 0.04 0.02 0.02 0.04 0.951057 -0.309017 -1.89218e-17 5.82354e-17 
0.206612 0.04 0.04 0.04 0.016 -0.008 0.04 6.12323e-17 1 -6.12323e-17 3.7494e-33 
0.206587 0.04 0.04 0.04 -0.016 0.008 0.04 1 0 0 6.12323e-17 
0.177774 0.04 0.04 0.04 -0.016 0.012 0.04 1 0 0 6.12323e-17 
0.177737 0.04 0.04 0.04 0.016 -0.012 0.04 6.12323e-17 1 -6.12323e-17 3.7494e-33 
0.16392 0.04 0.04 0.04 -0.004 -0.02 0.04 0.309017 0.951057 -5.82354e-17 1.89218e-17 
0.163918 0.04 0.04 0.04 0.004 0.02 0.04 0.951057 -0.309017 -1.89218e-17 5.82354e-17 
0.152148 0.04 0.04 0.04 -0.016 0.016 0.04 1 0 0 6.12323e-17 
0.15214 0.04 0.04 0.04 0.016 -0.016 0.04 6.12323e-17 1 -6.12323e-17 3.7494e-33 
0.150347 0.04 0.04 0.04 -0.02 0.004 0.04 0.951057 0.309017 1.89218e-17 5.82354e-17 
0.150171 0.04 0.04 0.04 0.02 -0.004 0.04 -0.309017 0.951057 -5.82354e-17 -1.89218e-17 
0.128696 0.04 0.04 0.04 0.016 -0.02 0.04 6.12323e-17 1 -6.12323e-17 3.7494e-33 
0.128695 0.04 0.04 0.04 -0.016 0.02 0.04 1 0 0 6.12323e-17 
0.124707 0.04 0.04 0.04 0.02 0 0.04 -0.587785 0.809017 -4.9538e-17 -3.59915e-17 
0.124632 0.04 0.04 0.04 -0.02 0 0.04 0.809017 0.587785 3.59914e-17 4.9538e-17 
0.122112 0.04 0.04 0.04 -0.012 0 0.04 0.951057 0.309017 1.89218e-17 5.82354e-17 
0.121421 0.04 0.04 0.04 0.012 0 0.04 -0.309017 0.951057 -5.82354e-17 -1.89218e-17 
0.0985114 0.04 0.04 0.04 0.016 0 0.04 -0.587785 0.809017 -4.9538e-17 -3.59915e-17 
0.0982387 0.04 0.04 0.04 -0.016 0 0.04 0.809017 0.587785 3.59914e-17 4.9538e-17 
0.0906949 0.04 0.04 0.04 0 -0.016 0.04 0.309017 0.951057 -5.82354e-17 1.89218e-17 
0.0906796 0.04 0.04 0.04 0 0.016 0.04 0.951057 -0.309017 -1.89218e-17 5.82354e-17 
0.081461 0.04 0.04 0.04 0.02 -0.02 0.04 -0.587785 0.809017 -4.9538e-17 -3.59915e-17 
0.0813804 0.04 0.04 0.04 -0.02 0.02 0.04 0.809017 0.587785 3.59914e-17 4.9538e-17 
0.071353 0.04 0.04 0.04 -0.012 0.02 0.04 1 0 0 6.12323e-17 
0.0713517 0.04 0.04 0.04 0.012 -0.02 0.04 6.12323e-17 1 -6.12323e-17 3.7494e-33 
0.0696479 0.04 0.04 0.04 -0.02 0.004 0.04 0.809017 0.587785 3.59914e-17 4.9538e-17 
0.0696256 0.04 0.04 0.04 0.02 -0.004 0.04 -0.587785 0.809017 -4.9538e-17 -3.59915e-17 
0.0610676 0.04 0.04 0.04 0.02 -0.016 0.04 -0.587785 0.809017 -4.9538e-17 -3.59915e-17 
0.061041 0.04 0.04 0.04 -0.02 0.016 0.04 0.809017 0.587785 3.59914e-17 4.9538e-17 
0.0591209 0.04 0.04 0.04 -0.02 -0.02 0.04 0.587785 0.809017 -4.9538e-17 3.59915e-17 
0.0590437 0.04 0.04 0.04 0.02 0.02 0.04 0.809017 -0.587785 -3.59914e-17 4.9538e-17 
0.0585448 0.04 0.04 0.04 -0.016 0.004 0.04 0.951057 0.309017 1.89218e-17 5.82354e-17 
0.0584854 0.04 0.04 0.04 -0.016 -0.02 0.04 6.12323e-17 1 -6.12323e-17 3.7494e-33 
0.0584568 0.04 0.04 0.04 0.016 0.02 0.04 1 0 0 6.12323e-17 
0.0582127 0.04 0.04 0.04 0.016 -0.004 0.04 -0.309017 0.951057 -5.82354e-17 -1.89218e-17 
0.0559884 0.04 0.04 0.04 0.02 0.02 0.04 1 0 0 6.12323e-17 
0.0559773 0.04 0.04 0.04 -0.02 -0.02 0.04 6.12323e-17 1 -6.12323e-17 3.7494e-33 
0.0532553 0.04 0.04 0.04 -0.016 -0.02 0.04 0.587785 0.809017 -4.9538e-17 3.59915e-17 
0.0532284 0.04 0.04 0.04 0.016 0.02 0.04 0.809017 -0.587785 -3.59914e-17 4.9538e-17 
0.0527412 0.04 0.04 0.04 0.012 0.02 0.04 1 0 0 6.12323e-17 
0.0527319 0.04 0.04 0.04 -0.012 -0.02 0.04 6.12323e-17 1 -6.12323e-17 3.7494e-33 
0.0473921 0.04 0.04 0.04 0.012 0 0.04 -0.587785 0.809017 -4.9538e-17 -3.59915e-17 
0.0467689 0.04 0.04 0.04 -0.012 0 0.04 0.809017 0.587785 3.59914e-17 4.9538e-17 
0.0464239 0.04 0.04 0.04 -0.02 0.008 0.04 0.809017 0.587785 3.59914e-17 4.9538e-17 
0.0463844 0.04 0.04 0.04 -0.02 0.012 0.04 0.809017 0.587785 3.59914e-17 4.9538e-17 
0.0463627 0.04 0.04 0.04 0.02 -0.008 0.04 -0.587785 0.809017 -4.9538e-17 -3.59915e-17 
0.0463491 0.04 0.04 0.04 0.02 -0.012 0.04 -0.587785 0.809017 -4.9538e-17 -3.59915e-17 
0.041818 0.04 0.04 0.04 0.008 0.02 0.04 1 0 0 6.12323e-17 
0.0418081 0.04 0.04 0.04 -0.008 -0.02 0.04 6.12323e-17 1 -6.12323e-17 3.7494e-33 
0.0383125 0.04 0.04 0.04 0.016 -0.02 0.04 -0.587785 0.809017 -4.9538e-17 -3.59915e-17 
0.038014 0.04 0.04 0.04 -0.016 0.02 0.04 0.809017 0.587785 3.59914e-17 4.9538e-17 
0.0379761 0.04 0.04 0.04 0.008 -0.02 0.04 6.12323e-17 1 -6.12323e-17 3.7494e-33 
0.0379071 0.04 0.04 0.04 -0.008 0.02 0.04 1 0 0 6.12323e-17 
0.036726 0.04 0.04 0.04 -0.02 0.008 0.04 0.951057 0.309017 1.89218e-17 5.82354e-17 
0.0366003 0.04 0.04 0.04 0.02 -0.008 0.04 -0.309017 0.951057 -5.82354e-17 -1.89218e-17 
0.0332408 0.04 0.04 0.04 0.012 0.02 0.04 0.809017 -0.587785 -3.59914e-17 4.9538e-17 
0.0331755 0.04 0.04 0.04 -0.012 -0.02 0.04 0.587785 0.809017 -4.9538e-17 3.59915e-17 
0.0299898 0.04 0.04 0.04 0.004 0.02 0.04 1 0 0 6.12323e-17 
0.0299594 0.04 0.04 0.04 -0.004 -0.02 0.04 6.12323e-17 1 -6.12323e-17 3.7494e-33 
0.0275705 0.04 0.04 0.04 -0.02 0.02 0.04 0.951057 0.309017 1.89218e-17 5.82354e-17 
0.0275422 0.04 0.04 0.04 0.02 -0.02 0.04 -0.309017 0.951057 -5.82354e-17 -1.89218e-17 
0.0237999 0.04 0.04 0.04 0 -0.02 0.04 0.309017 0.951057 -5.82354e-17 1.89218e-17 
0.0237999 0.04 0.04 0.04 0 0.02 0.04 0.951057 -0.309017 -1.89218e-17 5.82354e-17 
0.0231585 0.04 0.04 0.04 -0.004 0.02 0.04 1 0 0 6.12323e-17 
0.0231432 0.04 0.04 0.04 0.004 -0.02 0.04 6.12323e-17 1 -6.12323e-17 3.7494e-33 
0.0221623 0.04 0.04 0.04 0 -0.02 0.04 6.12323e-17 1 -6.12323e-17 3.7494e-33 
0.0221405 0.04 0.04 0.04 0 0.02 0.04 1 0 0 6.12323e-17 
0.0105465 0.04 0.04 0.04 -0.02 -0.016 0.04 0.587785 0.809017 -4.9538e-17 3.59915e-17 
0.0101755 0.04 0.04 0.04 0.02 0.016 0.04 0.809017 -0.587785 -3.59914e-17 4.9538e-17 
0.0101253 0.04 0.04 0.04 0.016 -0.004 0.04 -0.587785 0.809017 -4.9538e-17 -3.59915e-17 
0.010023 0.04 0.04 0.04 -0.016 0.004 0.04 0.809017 0.587785 3.59914e-17 4.9538e-17 
0.0072751 0.04 0.04 0.04 0.012 -0.016 0.04 6.12323e-17 1 -6.12323e-17 3.7494e-33 
0.00726323 0.04 0.04 0.04 -0.012 0.016 0.04 1 0 0 6.12323e-17 
0.00324382 0.04 0.04 0.04 -0.02 0.016 0.04 0.951057 0.309017 1.89218e-17 5.82354e-17 
0.00318776 0.04 0.04 0.04 0.02 -0.016 0.04 -0.309017 0.951057 -5.82354e-17 -1.89218e-17 
0.000197001 0.04 0.04 0.04 0.008 0.02 0.04 0.809017 -0.587785 -3.59914e-17 4.9538e-17 
2.96533e-05 0.04 0.04 0.04 -0.008 -0.02 0.04 0.587785 0.809017 -4.9538e-17 3.59915e-17 
-0.000497514 0.04 0.04 0.04 0.016 -0.016 0.04 -0.587785 0.809017 -4.9538e-17 -3.59915e-17 
-0.000690284 0.04 0.04 0.04 -0.016 0.016 0.04 0.809017 0.587785 3.59914e-17 4.9538e-17 
-0.00171408 0.04 0.04 0.04 -0.02 0.012 0.04 0.951057 0.309017 1.89218e-17 5.82354e-17 
-0.00179823 0.04 0.04 0.04 0.02 -0.012 0.04 -0.309017 0.951057 -5.82354e-17 -1.89218e-17 
-0.0244472 0.04 0.04 0.04 -0.02 -0.016 0.04 6.12323e-17 1 -6.12323e-17 3.7494e-33 
-0.0244499 0.04 0.04 0.04 0.02 0.016 0.04 1 0 0 6.12323e-17 
-0.0268655 0.04 0.04 0.04 0.016 -0.012 0.04 -0.587785 0.809017 -4.9538e-17 -3.59915e-17 
-0.0269569 0.04 0.04 0.04 -0.016 0.012 0.04 0.809017 0.587785 3.59914e-17 4.9538e-17 
-0.0275086 0.04 0.04 0.04 0.016 -0.008 0.04 -0.587785 0.809017 -4.9538e-17 -3.59915e-17 
-0.0275625 0.04 0.04 0.04 -0.016 0.008 0.04 0.809017 0.587785 3.59914e-17 4.9538e-17 
-0.0291617 0.04 0.04 0.04 0.008 0 0.04 -0.587785 0.809017 -4.9538e-17 -3.59915e-17 
-0.0302632 0.04 0.04 0.04 -0.008 0 0.04 0.809017 0.587785 3.59914e-17 4.9538e-17 
-0.0327675 0.04 0.04 0.04 0.012 -0.02 0.04 -0.587785 0.809017 -4.9538e-17 -3.59915e-17 
-0.0334459 0.04 0.04 0.04 -0.012 0.02 0.04 0.809017 0.587785 3.59914e-17 4.9538e-17 
-0.0427821 0.04 0.04 0.04 0.004 0.02 0.04 0.809017 -0.587785 -3.59914e-17 4.9538e-17 
-0.0429793 0.04 0.04 0.04 -0.004 -0.02 0.04 0.587785 0.809017 -4.9538e-17 3.59915e-17 
-0.0496529 0.04 0.04 0.04 -0.016 0.02 0.04 0.951057 0.309017 1.89218e-17 5.82354e-17 
-0.0497047 0.04 0.04 0.04 0.016 -0.02 0.04 -0.309017 0.951057 -5.82354e-17 -1.89218e-17 
-0.0566572 0.04 0.04 0.04 -0.016 -0.016 0.04 6.12323e-17 1 -6.12323e-17 3.7494e-33 
-0.0566575 0.04 0.04 0.04 0.016 0.016 0.04 1 0 0 6.12323e-17 
-0.0770706 0.04 0.04 0.04 -0.016 0.008 0.04 0.951057 0.309017 1.89218e-17 5.82354e-17 
-0.077311 0.04 0.04 0.04 0.016 -0.008 0.04 -0.309017 0.951057 -5.82354e-17 -1.89218e-17 
-0.0777308 0.04 0.04 0.04 -0.016 -0.016 0.04 0.587785 0.809017 -4.9538e-17 3.59915e-17 
-0.0783428 0.04 0.04 0.04 0.016 0.016 0.04 0.809017 -0.587785 -3.59914e-17 4.9538e-17 
-0.0815496 0.04 0.04 0.04 0.012 -0.004 0.04 -0.587785 0.809017 -4.9538e-17 -3.59915e-17 
-0.0819169 0.04 0.04 0.04 -0.012 0.004 0.04 0.809017 0.587785 3.59914e-17 4.9538e-17 
-0.0832307 0.04 0.04 0.04 0.012 -0.012 0.04 6.12323e-17 1 -6.12323e-17 3.7494e-33 
-0.0832412 0.04 0.04 0.04 -0.012 0.012 0.04 1 0 0 6.12323e-17 
-0.0857444 0.04 0.04 0.04 -0.02 -0.012 0.04 0.587785 0.809017 -4.9538e-17 3.59915e-17 
-0.0865296 0.04 0.04 0.04 0.02 0.012 0.04 0.809017 -0.587785 -3.59914e-17 4.9538e-17 
-0.0867535 0.04 0.04 0.04 -0.008 0.016 0.04 1 0 0 6.12323e-17 
-0.0867733 0.04 0.04 0.04 0.008 -0.016 0.04 6.12323e-17 1 -6.12323e-17 3.7494e-33 
-0.0884433 0.04 0.04 0.04 0.004 -0.008 0.04 0.309017 0.951057 -5.82354e-17 1.89218e-17 
-0.0885425 0.04 0.04 0.04 -0.004 0.008 0.04 0.951057 -0.309017 -1.89218e-17 5.82354e-17 
-0.0907182 0.04 0.04 0.04 0 0.02 0.04 0.809017 -0.587785 -3.59914e-17 4.9538e-17 
-0.0907932 0.04 0.04 0.04 0 -0.02 0.04 0.587785 0.809017 -4.9538e-17 3.59915e-17 
-0.0922421 0.04 0.04 0.04 -0.012 -0.016 0.04 6.12323e-17 1 -6.12323e-17 3.7494e-33 
-0.092247 0.04 0.04 0.04 0.012 0.016 0.04 1 0 0 6.12323e-17 
-0.0951886 0.04 0.04 0.04 0.012 -0.016 0.04 -0.587785 0.809017 -4.9538e-17 -3.59915e-17 
-0.0956947 0.04 0.04 0.04 -0.012 0.016 0.04 0.809017 0.587785 3.59914e-17 4.9538e-17 
-0.0981453 0.04 0.04 0.04 -0.016 0.016 0.04 0.951057 0.309017 1.89218e-17 5.82354e-17 
-0.0982421 0.04 0.04 0.04 0.016 -0.016 0.04 -0.309017 0.951057 -5.82354e-17 -1.89218e-17 
-0.117058 0.04 0.04 0.04 -0.016 0.012 0.04 0.951057 0.309017 1.89218e-17 5.82354e-17 
-0.117216 0.04 0.04 0.04 0.016 -0.012 0.04 -0.309017 0.951057 -5.82354e-17 -1.89218e-17 
-0.125692 0.04 0.04 0.04 -0.008 -0.016 0.04 6.12323e-17 1 -6.12323e-17 3.7494e-33 
-0.125704 0.04 0.04 0.04 0.008 0.016 0.04 1 0 0 6.12323e-17 
-0.131454 0.04 0.04 0.04 0.004 0 0.04 -0.587785 0.809017 -4.9538e-17 -3.59915e-17 
-0.13159 0.04 0.04 0.04 0.008 -0.02 0.04 -0.587785 0.809017 -4.9538e-17 -3.59915e-17 
-0.132788 0.04 0.04 0.04 -0.008 0.02 0.04 0.809017 0.587785 3.59914e-17 4.9538e-17 
-0.133084 0.04 0.04 0.04 -0.004 0 0.04 0.809017 0.587785 3.59914e-17 4.9538e-17 
-0.133143 0.04 0.04 0.04 0.02 0.012 0.04 1 0 0 6.12323e-17 
-0.133204 0.04 0.04 0.04 -0.02 -0.012 0.04 6.12323e-17 1 -6.12323e-17 3.7494e-33 
-0.135935 0.04 0.04 0.04 0.012 -0.012 0.04 -0.587785 0.809017 -4.9538e-17 -3.59915e-17 
-0.136283 0.04 0.04 0.04 -0.012 0.012 0.04 0.809017 0.587785 3.59914e-17 4.9538e-17 
-0.136554 0.04 0.04 0.04 0.004 -0.02 0.04 0.587785 0.809017 -4.9538e-17 3.59915e-17 
-0.136889 0.04 0.04 0.04 -0.004 0.02 0.04 0.809017 -0.587785 -3.59914e-17 4.9538e-17 
-0.137081 0.04 0.04 0.04 0.012 -0.008 0.04 -0.587785 0.809017 -4.9538e-17 -3.59915e-17 
-0.137359 0.04 0.04 0.04 -0.012 0.008 0.04 0.809017 0.587785 3.59914e-17 4.9538e-17 
-0.138731 0.04 0.04 0.04 -0.004 0.016 0.04 1 0 0 6.12323e-17 
-0.138737 0.04 0.04 0.04 0.004 -0.016 0.04 6.12323e-17 1 -6.12323e-17 3.7494e-33 
-0.149945 0.04 0.04 0.04 -0.004 -0.016 0.04 6.12323e-17 1 -6.12323e-17 3.7494e-33 
-0.149953 0.04 0.04 0.04 0.004 0.016 0.04 1 0 0 6.12323e-17 
-0.157069 0.04 0.04 0.04 0 0.016 0.04 1 0 0 6.12323e-17 
-0.157073 0.04 0.04 0.04 0 -0.016 0.04 6.12323e-17 1 -6.12323e-17 3.7494e-33 
-0.171827 0.04 0.04 0.04 0.008 -0.02 0.04 0.587785 0.809017 -4.9538e-17 3.59915e-17 
-0.173011 0.04 0.04 0.04 -0.008 0.02 0.04 0.809017 -0.587785 -3.59914e-17 4.9538e-17 
-0.184228 0.04 0.04 0.04 -0.012 0.004 0.04 0.951057 0.309017 1.89218e-17 5.82354e-17 
-0.184755 0.04 0.04 0.04 0.012 -0.004 0.04 -0.309017 0.951057 -5.82354e-17 -1.89218e-17 
-0.194041 0.04 0.04 0.04 0.004 -0.02 0.04 0.309017 0.951057 -5.82354e-17 1.89218e-17 
-0.194041 0.04 0.04 0.04 -0.004 0.02 0.04 0.951057 -0.309017 -1.89218e-17 5.82354e-17 
-0.19809 0.04 0.04 0.04 0.012 -0.008 0.04 6.12323e-17 1 -6.12323e-17 3.7494e-33 
-0.198126 0.04 0.04 0.04 -0.012 0.008 0.04 1 0 0 6.12323e-17 
-0.205558 0.04 0.04 0.04 0.008 -0.004 0.04 -0.587785 0.809017 -4.9538e-17 -3.59915e-17 
-0.206279 0.04 0.04 0.04 -0.008 0.004 0.04 0.809017 0.587785 3.59914e-17 4.9538e-17 
-0.206456 0.04 0.04 0.04 -0.012 -0.016 0.04 0.587785 0.809017 -4.9538e-17 3.59915e-17 
-0.207349 0.04 0.04 0.04 0.012 0.016 0.04 0.809017 -0.587785 -3.59914e-17 4.9538e-17 
-0.209109 0.04 0.04 0.04 -0.012 0.02 0.04 0.951057 0.309017 1.89218e-17 5.82354e-17 
-0.209189 0.04 0.04 0.04 0.012 -0.02 0.04 -0.309017 0.951057 -5.82354e-17 -1.89218e-17 
-0.214527 0.04 0.04 0.04 0.016 0.012 0.04 1 0 0 6.12323e-17 
-0.214562 0.04 0.04 0.04 -0.016 -0.012 0.04 6.12323e-17 1 -6.12323e-17 3.7494e-33 
-0.21462 0.04 0.04 0.04 0.004 -0.012 0.04 0.309017 0.951057 -5.82354e-17 1.89218e-17 
-0.214666 0.04 0.04 0.04 -0.004 0.012 0.04 0.951057 -0.309017 -1.89218e-17 5.82354e-17 
-0.222763 0.04 0.04 0.04 0.008 -0.016 0.04 -0.587785 0.809017 -4.9538e-17 -3.59915e-17 
-0.22371 0.04 0.04 0.04 -0.008 0.016 0.04 0.809017 0.587785 3.59914e-17 4.9538e-17 
-0.236669 0.04 0.04 0.04 -0.02 -0.008 0.04 0.587785 0.809017 -4.9538e-17 3.59915e-17 
-0.237976 0.04 0.04 0.04 0.02 0.008 0.04 0.809017 -0.587785 -3.59914e-17 4.9538e-17 
-0.2391 0.04 0.04 0.04 0.004 -0.016 0.04 0.309017 0.951057 -5.82354e-17 1.89218e-17 
-0.239116 0.04 0.04 0.04 -0.004 0.016 0.04 0.951057 -0.309017 -1.89218e-17 5.82354e-17 
-0.257689 0.04 0.04 0.04 0.004 -0.02 0.04 -0.587785 0.809017 -4.9538e-17 -3.59915e-17 
-0.258523 0.04 0.04 0.04 0.008 -0.012 0.04 6.12323e-17 1 -6.12323e-17 3.7494e-33 
-0.258528 0.04 0.04 0.04 -0.008 0.012 0.04 1 0 0 6.12323e-17 
-0.259485 0.04 0.04 0.04 -0.004 0.02 0.04 0.809017 0.587785 3.59914e-17 4.9538e-17 
-0.267278 0.04 0.04 0.04 0.02 0.008 0.04 1 0 0 6.12323e-17 
-0.26729 0.04 0.04 0.04 -0.02 -0.008 0.04 6.12323e-17 1 -6.12323e-17 3.7494e-33 
-0.280654 0.04 0.04 0.04 0.008 -0.012 0.04 -0.587785 0.809017 -4.9538e-17 -3.59915e-17 
-0.281375 0.04 0.04 0.04 -0.008 0.012 0.04 0.809017 0.587785 3.59914e-17 4.9538e-17 
-0.282256 0.04 0.04 0.04 0.008 -0.008 0.04 -0.587785 0.809017 -4.9538e-17 -3.59915e-17 
-0.282865 0.04 0.04 0.04 -0.008 0.008 0.04 0.809017 0.587785 3.59914e-17 4.9538e-17 
-0.29198 0.04 0.04 0.04 -0.012 -0.012 0.04 6.12323e-17 1 -6.12323e-17 3.7494e-33 
-0.291991 0.04 0.04 0.04 0.012 0.012 0.04 1 0 0 6.12323e-17 
-0.292103 0.04 0.04 0.04 -0.016 -0.012 0.04 0.587785 0.809017 -4.9538e-17 3.59915e-17 
-0.29352 0.04 0.04 0.04 0.016 0.012 0.04 0.809017 -0.587785 -3.59914e-17 4.9538e-17 
-0.299517 0.04 0.04 0.04 -0.012 0.016 0.04 0.951057 0.309017 1.89218e-17 5.82354e-17 
-0.299673 0.04 0.04 0.04 0.012 -0.016 0.04 -0.309017 0.951057 -5.82354e-17 -1.89218e-17 
-0.325199 0.04 0.04 0.04 -0.012 0.008 0.04 0.951057 0.309017 1.89218e-17 5.82354e-17 
-0.325581 0.04 0.04 0.04 0.012 -0.008 0.04 -0.309017 0.951057 -5.82354e-17 -1.89218e-17 
-0.334976 0.04 0.04 0.04 -0.012 0.004 0.04 1 0 0 6.12323e-17 
-0.33498 0.04 0.04 0.04 0.012 -0.004 0.04 6.12323e-17 1 -6.12323e-17 3.7494e-33 
-0.349744 0.04 0.04 0.04 -0.012 0.012 0.04 0.951057 0.309017 1.89218e-17 5.82354e-17 
-0.350001 0.04 0.04 0.04 0.012 -0.012 0.04 -0.309017 0.951057 -5.82354e-17 -1.89218e-17 
-0.356617 0.04 0.04 0.04 -0.008 -0.012 0.04 6.12323e-17 1 -6.12323e-17 3.7494e-33 
-0.356619 0.04 0.04 0.04 0.008 0.012 0.04 1 0 0 6.12323e-17 
-0.361014 0.04 0.04 0.04 0.004 -0.012 0.04 6.12323e-17 1 -6.12323e-17 3.7494e-33 
-0.361039 0.04 0.04 0.04 -0.004 0.012 0.04 1 0 0 6.12323e-17 
-0.361765 0.04 0.04 0.04 0.004 -0.004 0.04 -0.587785 0.809017 -4.9538e-17 -3.59915e-17 
-0.3629 0.04 0.04 0.04 -0.004 0.004 0.04 0.809017 0.587785 3.59914e-17 4.9538e-17 
-0.373818 0.04 0.04 0.04 -0.008 -0.016 0.04 0.587785 0.809017 -4.9538e-17 3.59915e-17 
-0.375061 0.04 0.04 0.04 0.008 0.016 0.04 0.809017 -0.587785 -3.59914e-17 4.9538e-17 
-0.382689 0.04 0.04 0.04 0.004 -0.016 0.04 -0.587785 0.809017 -4.9538e-17 -3.59915e-17 
-0.38415 0.04 0.04 0.04 -0.004 0.016 0.04 0.809017 0.587785 3.59914e-17 4.9538e-17 
-0.397667 0.04 0.04 0.04 0.004 0.012 0.04 1 0 0 6.12323e-17 
-0.397674 0.04 0.04 0.04 -0.004 -0.012 0.04 6.12323e-17 1 -6.12323e-17 3.7494e-33 
-0.403224 0.04 0.04 0.04 0 0.012 0.04 1 0 0 6.12323e-17 
-0.403264 0.04 0.04 0.04 0 -0.012 0.04 6.12323e-17 1 -6.12323e-17 3.7494e-33 
-0.411932 0.04 0.04 0.04 0.016 0.008 0.04 1 0 0 6.12323e-17 
-0.411955 0.04 0.04 0.04 -0.016 -0.008 0.04 6.12323e-17 1 -6.12323e-17 3.7494e-33 
-0.423617 0.04 0.04 0.04 0.02 0.004 0.04 1 0 0 6.12323e-17 
-0.423647 0.04 0.04 0.04 -0.02 -0.004 0.04 6.12323e-17 1 -6.12323e-17 3.7494e-33 
-0.445215 0.04 0.04 0.04 -0.02 -0.004 0.04 0.587785 0.809017 -4.9538e-17 3.59915e-17 
-0.447118 0.04 0.04 0.04 0.02 0.004 0.04 0.809017 -0.587785 -3.59914e-17 4.9538e-17 
-0.460511 0.04 0.04 0.04 0.004 -0.012 0.04 -0.587785 0.809017 -4.9538e-17 -3.59915e-17 
-0.461651 0.04 0.04 0.04 -0.004 0.012 0.04 0.809017 0.587785 3.59914e-17 4.9538e-17 
-0.462634 0.04 0.04 0.04 0.004 -0.008 0.04 -0.587785 0.809017 -4.9538e-17 -3.59915e-17 
-0.463625 0.04 0.04 0.04 -0.004 0.008 0.04 0.809017 0.587785 3.59914e-17 4.9538e-17 
-0.471392 0.04 0.04 0.04 -0.008 0.02 0.04 0.951057 0.309017 1.89218e-17 5.82354e-17 
-0.471508 0.04 0.04 0.04 0.008 -0.02 0.04 -0.309017 0.951057 -5.82354e-17 -1.89218e-17 
-0.474597 0.04 0.04 0.04 -0.008 0.008 0.04 1 0 0 6.12323e-17 
-0.474618 0.04 0.04 0.04 0.008 -0.008 0.04 6.12323e-17 1 -6.12323e-17 3.7494e-33 
-0.508147 0.04 0.04 0.04 0.008 -0.02 0.04 0.309017 0.951057 -5.82354e-17 1.89218e-17 
-0.508148 0.04 0.04 0.04 -0.008 0.02 0.04 0.951057 -0.309017 -1.89218e-17 5.82354e-17 
-0.543009 0.04 0.04 0.04 0.012 0.008 0.04 1 0 0 6.12323e-17 
-0.54301 0.04 0.04 0.04 -0.012 -0.008 0.04 6.12323e-17 1 -6.12323e-17 3.7494e-33 
-0.574531 0.04 0.04 0.04 -0.012 -0.012 0.04 0.587785 0.809017 -4.9538e-17 3.59915e-17 
-0.575784 0.04 0.04 0.04 -0.004 -0.016 0.04 0.587785 0.809017 -4.9538e-17 3.59915e-17 
-0.576731 0.04 0.04 0.04 0.012 0.012 0.04 0.809017 -0.587785 -3.59914e-17 4.9538e-17 
-0.577517 0.04 0.04 0.04 0.004 0.016 0.04 0.809017 -0.587785 -3.59914e-17 4.9538e-17 
-0.596507 0.04 0.04 0.04 -0.016 -0.008 0.04 0.587785 0.809017 -4.9538e-17 3.59915e-17 
-0.598907 0.04 0.04 0.04 0.016 0.008 0.04 0.809017 -0.587785 -3.59914e-17 4.9538e-17 
-0.622238 0.04 0.04 0.04 -0.008 0.004 0.04 0.951057 0.309017 1.89218e-17 5.82354e-17 
-0.623012 0.04 0.04 0.04 0.008 -0.004 0.04 -0.309017 0.951057 -5.82354e-17 -1.89218e-17 
-0.627454 0.04 0.04 0.04 -0.008 0.016 0.04 0.951057 0.309017 1.89218e-17 5.82354e-17 
-0.627682 0.04 0.04 0.04 0.008 -0.016 0.04 -0.309017 0.951057 -5.82354e-17 -1.89218e-17 
-0.640432 0.04 0.04 0.04 0.004 -0.008 0.04 6.12323e-17 1 -6.12323e-17 3.7494e-33 
-0.640445 0.04 0.04 0.04 -0.004 0.008 0.04 1 0 0 6.12323e-17 
-0.645268 0.04 0.04 0.04 0.016 0.004 0.04 1 0 0 6.12323e-17 
-0.645299 0.04 0.04 0.04 -0.016 -0.004 0.04 6.12323e-17 1 -6.12323e-17 3.7494e-33 
-0.6473 0.04 0.04 0.04 0.008 0.008 0.04 1 0 0 6.12323e-17 
-0.647308 0.04 0.04 0.04 -0.008 -0.008 0.04 6.12323e-17 1 -6.12323e-17 3.7494e-33 
-0.697237 0.04 0.04 0.04 0.008 -0.016 0.04 0.309017 0.951057 -5.82354e-17 1.89218e-17 
-0.697255 0.04 0.04 0.04 -0.008 0.016 0.04 0.951057 -0.309017 -1.89218e-17 5.82354e-17 
-0.709486 0.04 0.04 0.04 -0.004 -0.008 0.04 6.12323e-17 1 -6.12323e-17 3.7494e-33 
-0.709508 0.04 0.04 0.04 0.004 0.008 0.04 1 0 0 6.12323e-17 
-0.710064 0.04 0.04 0.04 -0.02 0 0.04 0.587785 0.809017 -4.9538e-17 3.59915e-17 
-0.712612 0.04 0.04 0.04 0.02 0 0.04 0.809017 -0.587785 -3.59914e-17 4.9538e-17 
-0.712957 0.04 0.04 0.04 0 -0.008 0.04 6.12323e-17 1 -6.12323e-17 3.7494e-33 
-0.712984 0.04 0.04 0.04 0 0.008 0.04 1 0 0 6.12323e-17 
-0.731788 0.04 0.04 0.04 0.008 -0.004 0.04 6.12323e-17 1 -6.12323e-17 3.7494e-33 
-0.731802 0.04 0.04 0.04 -0.008 0.004 0.04 1 0 0 6.12323e-17 
-0.732304 0.04 0.04 0.04 -0.008 0.012 0.04 0.951057 0.309017 1.89218e-17 5.82354e-17 
-0.732679 0.04 0.04 0.04 0.008 -0.012 0.04 -0.309017 0.951057 -5.82354e-17 -1.89218e-17 
-0.74608 0.04 0.04 0.04 -0.008 0.008 0.04 0.951057 0.309017 1.89218e-17 5.82354e-17 
-0.746638 0.04 0.04 0.04 0.008 -0.008 0.04 -0.309017 0.951057 -5.82354e-17 -1.89218e-17 
-0.806186 0.04 0.04 0.04 0 -0.016 0.04 0.587785 0.809017 -4.9538e-17 3.59915e-17 
-0.808658 0.04 0.04 0.04 0 0.016 0.04 0.809017 -0.587785 -3.59914e-17 4.9538e-17 
-0.841375 0.04 0.04 0.04 0.012 0.004 0.04 1 0 0 6.12323e-17 
-0.841382 0.04 0.04 0.04 -0.012 -0.004 0.04 6.12323e-17 1 -6.12323e-17 3.7494e-33 
-0.844006 0.04 0.04 0.04 0.008 -0.012 0.04 0.309017 0.951057 -5.82354e-17 1.89218e-17 
-0.844059 0.04 0.04 0.04 -0.008 0.012 0.04 0.951057 -0.309017 -1.89218e-17 5.82354e-17 
-0.854442 0.04 0.04 0.04 -0.004 0.02 0.04 0.951057 0.309017 1.89218e-17 5.82354e-17 
-0.8546 0.04 0.04 0.04 0.004 -0.02 0.04 -0.309017 0.951057 -5.82354e-17 -1.89218e-17 
-0.915714 0.04 0.04 0.04 0.008 -0.008 0.04 0.309017 0.951057 -5.82354e-17 1.89218e-17 
-0.915817 0.04 0.04 0.04 -0.008 0.008 0.04 0.951057 -0.309017 -1.89218e-17 5.82354e-17 
-0.930278 0.04 0.04 0.04 -0.008 -0.012 0.04 0.587785 0.809017 -4.9538e-17 3.59915e-17 
-0.933429 0.04 0.04 0.04 0.008 0.012 0.04 0.809017 -0.587785 -3.59914e-17 4.9538e-17 
-0.9418 0.04 0.04 0.04 -0.012 0.02 0.04 0.951057 -0.309017 -1.89218e-17 5.82354e-17 
-0.9418 0.04 0.04 0.04 0.012 -0.02 0.04 0.309017 0.951057 -5.82354e-17 1.89218e-17 
-0.973233 0.04 0.04 0.04 0.004 -0.004 0.04 6.12323e-17 1 -6.12323e-17 3.7494e-33 
-0.973247 0.04 0.04 0.04 -0.004 0.004 0.04 1 0 0 6.12323e-17 
-0.992963 0.04 0.04 0.04 -0.016 -0.004 0.04 0.587785 0.809017 -4.9538e-17 3.59915e-17 
-0.993612 0.04 0.04 0.04 -0.008 -0.004 0.04 6.12323e-17 1 -6.12323e-17 3.7494e-33 
-0.993615 0.04 0.04 0.04 0.008 0.004 0.04 1 0 0 6.12323e-17 
-0.996485 0.04 0.04 0.04 0.016 0.004 0.04 0.809017 -0.587785 -3.59914e-17 4.9538e-17 
-1.02568 0.04 0.04 0.04 -0.02 0.004 0.04 0.587785 0.809017 -4.9538e-17 3.59915e-17 
-1.02888 0.04 0.04 0.04 0.02 -0.004 0.04 0.809017 -0.587785 -3.59914e-17 4.9538e-17 
-1.07713 0.04 0.04 0.04 -0.012 -0.008 0.04 0.587785 0.809017 -4.9538e-17 3.59915e-17 
-1.08092 0.04 0.04 0.04 0.012 0.008 0.04 0.809017 -0.587785 -3.59914e-17 4.9538e-17 
-1.08126 0.04 0.04 0.04 0.004 0.004 0.04 1 0 0 6.12323e-17 
-1.08127 0.04 0.04 0.04 -0.004 -0.004 0.04 6.12323e-17 1 -6.12323e-17 3.7494e-33 
-1.08207 0.04 0.04 0.04 0 -0.004 0.04 6.12323e-17 1 -6.12323e-17 3.7494e-33 
-1.08208 0.04 0.04 0.04 0 0.004 0.04 1 0 0 6.12323e-17 
-1.10561 0.04 0.04 0.04 -0.004 0.016 0.04 0.951057 0.309017 1.89218e-17 5.82354e-17 
-1.10592 0.04 0.04 0.04 0.004 -0.016 0.04 -0.309017 0.951057 -5.82354e-17 -1.89218e-17 
-1.29406 0.04 0.04 0.04 -0.004 0.012 0.04 0.951057 0.309017 1.89218e-17 5.82354e-17 
-1.29458 0.04 0.04 0.04 0.004 -0.012 0.04 -0.309017 0.951057 -5.82354e-17 -1.89218e-17 
-1.30444 0.04 0.04 0.04 0.012 -0.016 0.04 0.309017 0.951057 -5.82354e-17 1.89218e-17 
-1.30446 0.04 0.04 0.04 -0.012 0.016 0.04 0.951057 -0.309017 -1.89218e-17 5.82354e-17 
-1.35408 0.04 0.04 0.04 -0.004 -0.012 0.04 0.587785 0.809017 -4.9538e-17 3.59915e-17 
-1.35845 0.04 0.04 0.04 0.004 0.012 0.04 0.809017 -0.587785 -3.59914e-17 4.9538e-17 
-1.37413 0.04 0.04 0.04 0 0.02 0.04 0.951057 0.309017 1.89218e-17 5.82354e-17 
-1.37434 0.04 0.04 0.04 0 -0.02 0.04 -0.309017 0.951057 -5.82354e-17 -1.89218e-17 
-1.38286 0.04 0.04 0.04 -0.02 0.008 0.04 0.587785 0.809017 -4.9538e-17 3.59915e-17 
-1.38672 0.04 0.04 0.04 0.02 -0.008 0.04 0.809017 -0.587785 -3.59914e-17 4.9538e-17 
-1.47859 0.04 0.04 0.04 -0.016 0 0.04 0.587785 0.809017 -4.9538e-17 3.59915e-17 
-1.48334 0.04 0.04 0.04 0.016 0 0.04 0.809017 -0.587785 -3.59914e-17 4.9538e-17 
-1.52382 0.04 0.04 0.04 -0.016 0.02 0.04 0.951057 -0.309017 -1.89218e-17 5.82354e-17 
-1.52382 0.04 0.04 0.04 0.016 -0.02 0.04 0.309017 0.951057 -5.82354e-17 1.89218e-17 
-1.65852 0.04 0.04 0.04 0.012 -0.012 0.04 0.309017 0.951057 -5.82354e-17 1.89218e-17 
-1.65858 0.04 0.04 0.04 -0.012 0.012 0.04 0.951057 -0.309017 -1.89218e-17 5.82354e-17 
-1.67457 0.04 0.04 0.04 -0.008 -0.008 0.04 0.587785 0.809017 -4.9538e-17 3.59915e-17 
-1.68006 0.04 0.04 0.04 0.008 0.008 0.04 0.809017 -0.587785 -3.59914e-17 4.9538e-17 
-1.71499 0.04 0.04 0.04 -0.012 -0.004 0.04 0.587785 0.809017 -4.9538e-17 3.59915e-17 
-1.7206 0.04 0.04 0.04 0.012 0.004 0.04 0.809017 -0.587785 -3.59914e-17 4.9538e-17 
-1.75522 0.04 0.04 0.04 0 0.016 0.04 0.951057 0.309017 1.89218e-17 5.82354e-17 
-1.75563 0.04 0.04 0.04 0 -0.016 0.04 -0.309017 0.951057 -5.82354e-17 -1.89218e-17 
-1.76971 0.04 0.04 0.04 -0.02 0.012 0.04 0.587785 0.809017 -4.9538e-17 3.59915e-17 
-1.77418 0.04 0.04 0.04 0.02 -0.012 0.04 0.809017 -0.587785 -3.59914e-17 4.9538e-17 
-1.97052 0.04 0.04 0.04 0.012 -0.008 0.04 0.309017 0.951057 -5.82354e-17 1.89218e-17 
-1.97063 0.04 0.04 0.04 -0.012 0.008 0.04 0.951057 -0.309017 -1.89218e-17 5.82354e-17 
-2.04481 0.04 0.04 0.04 0.004 0.02 0.04 0.951057 0.309017 1.89218e-17 5.82354e-17 
-2.04508 0.04 0.04 0.04 -0.004 -0.02 0.04 -0.309017 0.951057 -5.82354e-17 -1.89218e-17 
-2.04572 0.04 0.04 0.04 -0.016 0.004 0.04 0.587785 0.809017 -4.9538e-17 3.59915e-17 
-2.05172 0.04 0.04 0.04 0.016 -0.004 0.04 0.809017 -0.587785 -3.59914e-17 4.9538e-17 
-2.0616 0.04 0.04 0.04 0 0.012 0.04 0.951057 0.309017 1.89218e-17 5.82354e-17 
-2.06227 0.04 0.04 0.04 0 -0.012 0.04 -0.309017 0.951057 -5.82354e-17 -1.89218e-17 
-2.0854 0.04 0.04 0.04 0.016 -0.016 0.04 0.309017 0.951057 -5.82354e-17 1.89218e-17 
-2.08541 0.04 0.04 0.04 -0.016 0.016 0.04 0.951057 -0.309017 -1.89218e-17 5.82354e-17 
-2.173 0.04 0.04 0.04 -0.02 0.016 0.04 0.587785 0.809017 -4.9538e-17 3.59915e-17 
-2.17804 0.04 0.04 0.04 0.02 -0.016 0.04 0.809017 -0.587785 -3.59914e-17 4.9538e-17 
-2.28919 0.04 0.04 0.04 -0.02 0.02 0.04 0.951057 -0.309017 -1.89218e-17 5.82354e-17 
-2.28919 0.04 0.04 0.04 0.02 -0.02 0.04 0.309017 0.951057 -5.82354e-17 1.89218e-17 
-2.4833 0.04 0.04 0.04 -0.012 0 0.04 0.587785 0.809017 -4.9538e-17 3.59915e-17 
-2.49087 0.04 0.04 0.04 0.012 0 0.04 0.809017 -0.587785 -3.59914e-17 4.9538e-17 
-2.57999 0.04 0.04 0.04 -0.02 0.02 0.04 0.587785 0.809017 -4.9538e-17 3.59915e-17 
-2.5855 0.04 0.04 0.04 0.02 -0.02 0.04 0.809017 -0.587785 -3.59914e-17 4.9538e-17 
-2.59558 0.04 0.04 0.04 0.004 0.016 0.04 0.951057 0.309017 1.89218e-17 5.82354e-17 
-2.5961 0.04 0.04 0.04 -0.004 -0.016 0.04 -0.309017 0.951057 -5.82354e-17 -1.89218e-17 
-2.60587 0.04 0.04 0.04 -0.008 -0.004 0.04 0.587785 0.809017 -4.9538e-17 3.59915e-17 
-2.61402 0.04 0.04 0.04 0.008 0.004 0.04 0.809017 -0.587785 -3.59914e-17 4.9538e-17 
-2.679 0.04 0.04 0.04 0.016 -0.012 0.04 0.309017 0.951057 -5.82354e-17 1.89218e-17 
-2.67906 0.04 0.04 0.04 -0.016 0.012 0.04 0.951057 -0.309017 -1.89218e-17 5.82354e-17 
-2.68244 0.04 0.04 0.04 -0.016 0.008 0.04 0.587785 0.809017 -4.9538e-17 3.59915e-17 
-2.6897 0.04 0.04 0.04 0.016 -0.008 0.04 0.809017 -0.587785 -3.59914e-17 4.9538e-17 
-2.87976 0.04 0.04 0.04 0.008 0.02 0.04 0.951057 0.309017 1.89218e-17 5.82354e-17 
-2.88008 0.04 0.04 0.04 -0.008 -0.02 0.04 -0.309017 0.951057 -5.82354e-17 -1.89218e-17 
-3.06949 0.04 0.04 0.04 0.02 -0.016 0.04 0.309017 0.951057 -5.82354e-17 1.89218e-17 
-3.0695 0.04 0.04 0.04 -0.02 0.016 0.04 0.951057 -0.309017 -1.89218e-17 5.82354e-17 
-3.37177 0.04 0.04 0.04 -0.012 0.004 0.04 0.587785 0.809017 -4.9538e-17 3.59915e-17 
-3.37371 0.04 0.04 0.04 -0.016 0.012 0.04 0.587785 0.809017 -4.9538e-17 3.59915e-17 
-3.38135 0.04 0.04 0.04 0.012 -0.004 0.04 0.809017 -0.587785 -3.59914e-17 4.9538e-17 
-3.38214 0.04 0.04 0.04 0.016 -0.012 0.04 0.809017 -0.587785 -3.59914e-17 4.9538e-17 
-3.64439 0.04 0.04 0.04 0.008 0.016 0.04 0.951057 0.309017 1.89218e-17 5.82354e-17 
-3.64503 0.04 0.04 0.04 -0.008 -0.016 0.04 -0.309017 0.951057 -5.82354e-17 -1.89218e-17 
-3.71699 0.04 0.04 0.04 -0.008 0 0.04 0.587785 0.809017 -4.9538e-17 3.59915e-17 
-3.728 0.04 0.04 0.04 0.008 0 0.04 0.809017 -0.587785 -3.59914e-17 4.9538e-17 
-3.89151 0.04 0.04 0.04 0.012 0.02 0.04 0.951057 0.309017 1.89218e-17 5.82354e-17 
-3.8919 0.04 0.04 0.04 -0.012 -0.02 0.04 -0.309017 0.951057 -5.82354e-17 -1.89218e-17 
-4.10271 0.04 0.04 0.04 -0.016 0.016 0.04 0.587785 0.809017 -4.9538e-17 3.59915e-17 
-4.11219 0.04 0.04 0.04 0.016 -0.016 0.04 0.809017 -0.587785 -3.59914e-17 4.9538e-17 
-4.36532 0.04 0.04 0.04 -0.012 0.008 0.04 0.587785 0.809017 -4.9538e-17 3.59915e-17 
-4.3769 0.04 0.04 0.04 0.012 -0.008 0.04 0.809017 -0.587785 -3.59914e-17 4.9538e-17 
-4.85275 0.04 0.04 0.04 -0.016 0.02 0.04 0.587785 0.809017 -4.9538e-17 3.59915e-17 
-4.86312 0.04 0.04 0.04 0.016 -0.02 0.04 0.809017 -0.587785 -3.59914e-17 4.9538e-17 
-4.91809 0.04 0.04 0.04 0.012 0.016 0.04 0.951057 0.309017 1.89218e-17 5.82354e-17 
-4.91887 0.04 0.04 0.04 -0.012 -0.016 0.04 -0.309017 0.951057 -5.82354e-17 -1.89218e-17 
-4.99462 0.04 0.04 0.04 -0.008 0.004 0.04 0.587785 0.809017 -4.9538e-17 3.59915e-17 
-5.00859 0.04 0.04 0.04 0.008 -0.004 0.04 0.809017 -0.587785 -3.59914e-17 4.9538e-17 
-5.09215 0.04 0.04 0.04 0.016 0.02 0.04 0.951057 0.309017 1.89218e-17 5.82354e-17 
-5.09262 0.04 0.04 0.04 -0.016 -0.02 0.04 -0.309017 0.951057 -5.82354e-17 -1.89218e-17 
-5.44518 0.04 0.04 0.04 -0.012 0.012 0.04 0.587785 0.809017 -4.9538e-17 3.59915e-17 
-5.45866 0.04 0.04 0.04 0.012 -0.012 0.04 0.809017 -0.587785 -3.59914e-17 4.9538e-17 
-6.42004 0.04 0.04 0.04 -0.008 0.008 0.04 0.587785 0.809017 -4.9538e-17 3.59915e-17 
-6.43693 0.04 0.04 0.04 0.008 -0.008 0.04 0.809017 -0.587785 -3.59914e-17 4.9538e-17 
-6.49345 0.04 0.04 0.04 0.02 0.02 0.04 0.951057 0.309017 1.89218e-17 5.82354e-17 
-6.49401 0.04 0.04 0.04 -0.02 -0.02 0.04 -0.309017 0.951057 -5.82354e-17 -1.89218e-17 
-6.5904 0.04 0.04 0.04 -0.012 0.016 0.04 0.587785 0.809017 -4.9538e-17 3.59915e-17 
-6.60557 0.04 0.04 0.04 0.012 -0.016 0.04 0.809017 -0.587785 -3.59914e-17 4.9538e-17 
-7.77969 0.04 0.04 0.04 -0.012 0.02 0.04 0.587785 0.809017 -4.9538e-17 3.59915e-17 
-7.79627 0.04 0.04 0.04 0.012 -0.02 0.04 0.809017 -0.587785 -3.59914e-17 4.9538e-17 
-7.97026 0.04 0.04 0.04 -0.008 0.012 0.04 0.587785 0.809017 -4.9538e-17 3.59915e-17 
-7.98989 0.04 0.04 0.04 0.008 -0.012 0.04 0.809017 -0.587785 -3.59914e-17 4.9538e-17 
-9.61956 0.04 0.04 0.04 -0.008 0.016 0.04 0.587785 0.809017 -4.9538e-17 3.59915e-17 
-9.64166 0.04 0.04 0.04 0.008 -0.016 0.04 0.809017 -0.587785 -3.59914e-17 4.9538e-17 
-11.3415 0.04 0.04 0.04 -0.008 0.02 0.04 0.587785 0.809017 -4.9538e-17 3.59915e-17 
-11.3657 0.04 0.04 0.04 0.008 -0.02 0.04 0.809017 -0.587785 -3.59914e-17 4.9538e-17 
