20.4054 0.05 0.1 0.2 -0.045 -0.05 0.1 -0.572061 0.415627 -0.572061 0.415629 
20.3371 0.05 0.1 0.2 -0.045 -0.03 0.1 -0.572061 0.415627 -0.572061 0.415629 
20.2672 0.05 0.1 0.2 -0.045 -0.01 0.1 -0.572061 0.415627 -0.572061 0.415629 
20.173 0.05 0.1 0.2 -0.045 0.01 0.1 -0.572061 0.415627 -0.572061 0.415629 
20.0248 0.05 0.1 0.2 -0.045 0.03 0.1 -0.572061 0.415627 -0.572061 0.415629 
19.7872 0.05 0.1 0.2 -0.045 0.05 0.1 -0.572061 0.415627 -0.572061 0.415629 
10.501 0.05 0.1 0.2 -0.015 -0.07 0.1 -0.672499 0.218508 0.218508 0.672498 
9.70455 0.05 0.1 0.2 -0.005 -0.07 0.1 -0.672499 0.218508 0.218508 0.672498 
8.80871 0.05 0.1 0.2 0.005 -0.07 0.1 -0.672499 0.218508 0.218508 0.672498 
7.88084 0.05 0.1 0.2 0.015 -0.07 0.1 -0.672499 0.218508 0.218508 0.672498 
6.98863 0.05 0.1 0.2 0.025 -0.07 0.1 -0.672499 0.218508 0.218508 0.672498 
1.28107 0.05 0.1 0.2 0.005 -0.07 0.1 -0.672499 -0.218508 -0.218508 0.672498 
1.28068 0.05 0.1 0.2 -0.005 -0.07 0.1 -0.672499 -0.218508 -0.218508 0.672498 
1.272 0.05 0.1 0.2 -0.015 -0.07 0.1 -0.672499 -0.218508 -0.218508 0.672498 
1.27034 0.05 0.1 0.2 0.015 -0.07 0.1 -0.672499 -0.218508 -0.218508 0.672498 
1.2579 0.05 0.1 0.2 -0.025 -0.07 0.1 -0.672499 -0.218508 -0.218508 0.672498 
1.24575 0.05 0.1 0.2 0.025 -0.07 0.1 -0.672499 -0.218508 -0.218508 0.672498 
0.427738 0.05 0.1 0.2 -0.045 -0.05 0.1 -0.218508 0.672498 -0.218508 0.672499 
0.327614 0.05 0.1 0.2 -0.045 -0.05 0.06 -0.218508 0.672498 -0.218508 0.672499 
0.269319 0.05 0.1 0.2 0.045 -0.05 0.1 0.218508 -0.672498 -0.218508 0.672499 
0.24774 0.05 0.1 0.2 -0.045 -0.05 0.02 -0.218508 0.672498 -0.218508 0.672499 
0.241203 0.05 0.1 0.2 -0.025 -0.07 0.06 -0.415627 -0.572061 -0.572061 0.415629 
0.204865 0.05 0.1 0.2 0.025 0.07 0.1 0.415627 -0.572061 0.572061 0.415629 
0.193281 0.05 0.1 0.2 0.045 -0.05 0.06 0.218508 -0.672498 -0.218508 0.672499 
0.190812 0.05 0.1 0.2 0.015 0.07 0.1 0.415627 -0.572061 0.572061 0.415629 
0.175599 0.05 0.1 0.2 -0.045 -0.05 -0.02 -0.218508 0.672498 -0.218508 0.672499 
0.142084 0.05 0.1 0.2 -0.015 -0.07 0.06 -0.415627 -0.572061 -0.572061 0.415629 
0.11226 0.05 0.1 0.2 0.045 -0.05 0.02 0.218508 -0.672498 -0.218508 0.672499 
0.086946 0.05 0.1 0.2 -0.025 0.07 0.06 0.415627 0.572061 -0.572061 0.415629 
0.0747131 0.05 0.1 0.2 -0.015 -0.07 0.02 -0.415627 -0.572061 -0.572061 0.415629 
0.0649598 0.05 0.1 0.2 -0.025 -0.07 0.02 -0.415627 -0.572061 -0.572061 0.415629 
0.0598056 0.05 0.1 0.2 -0.025 -0.01 0.12 0.587785 0.809017 -4.9538e-17 3.59915e-17 
0.0570533 0.05 0.1 0.2 -0.025 0.07 -0.02 0.415627 0.572061 -0.572061 0.415629 
0.0538722 0.05 0.1 0.2 -0.045 0.05 -0.02 0.707107 -4.32978e-17 0.707107 -4.32978e-17 
0.0521764 0.05 0.1 0.2 -0.025 0.01 0.12 0.587785 0.809017 -4.9538e-17 3.59915e-17 
0.0513777 0.05 0.1 0.2 -0.015 0.07 0.06 0.415627 0.572061 -0.572061 0.415629 
0.0482396 0.05 0.1 0.2 -0.015 -0.01 0.12 0.587785 0.809017 -4.9538e-17 3.59915e-17 
0.0406141 0.05 0.1 0.2 -0.015 0.07 -0.02 0.415627 0.572061 -0.572061 0.415629 
0.0404911 0.05 0.1 0.2 -0.025 0.05 0.12 0.951057 0.309017 1.89218e-17 5.82354e-17 
0.0380418 0.05 0.1 0.2 -0.025 0.07 0.02 0.415627 0.572061 -0.572061 0.415629 
0.0361282 0.05 0.1 0.2 -0.025 -0.03 0.12 0.587785 0.809017 -4.9538e-17 3.59915e-17 
0.0357075 0.05 0.1 0.2 -0.015 0.01 0.12 0.587785 0.809017 -4.9538e-17 3.59915e-17 
0.0353226 0.05 0.1 0.2 -0.015 0.07 0.02 0.415627 0.572061 -0.572061 0.415629 
0.032897 0.05 0.1 0.2 -0.015 -0.03 0.12 0.587785 0.809017 -4.9538e-17 3.59915e-17 
0.0294255 0.05 0.1 0.2 0.025 -0.03 0.12 -0.587785 0.809017 -4.9538e-17 -3.59915e-17 
0.0279243 0.05 0.1 0.2 -0.015 0.05 0.12 0.951057 -0.309017 -1.89218e-17 5.82354e-17 
0.0213461 0.05 0.1 0.2 -0.025 0.03 0.12 0.587785 0.809017 -4.9538e-17 3.59915e-17 
0.0202443 0.05 0.1 0.2 -0.005 0.05 0.12 0.951057 -0.309017 -1.89218e-17 5.82354e-17 
0.0165265 0.05 0.1 0.2 0.025 -0.01 0.12 -0.587785 0.809017 -4.9538e-17 -3.59915e-17 
0.0102982 0.05 0.1 0.2 0.025 -0.05 0.12 -0.587785 0.809017 -4.9538e-17 -3.59915e-17 
0.00905343 0.05 0.1 0.2 0.025 0.07 0.06 0.415627 -0.572061 0.572061 0.415629 
0.00890648 0.05 0.1 0.2 0.005 0.05 0.12 0.951057 -0.309017 -1.89218e-17 5.82354e-17 
0.00882937 0.05 0.1 0.2 0.015 -0.05 0.12 -0.587785 0.809017 -4.9538e-17 -3.59915e-17 
0.00862344 0.05 0.1 0.2 -0.015 0.03 0.12 0.587785 0.809017 -4.9538e-17 3.59915e-17 
0.00498023 0.05 0.1 0.2 -0.025 0.03 0.12 0.951057 0.309017 1.89218e-17 5.82354e-17 
0.00387216 0.05 0.1 0.2 0.015 0.07 0.06 0.415627 -0.572061 0.572061 0.415629 
0.00215624 0.05 0.1 0.2 -0.025 -0.05 0.12 6.12323e-17 1 -6.12323e-17 3.7494e-33 
0.00176527 0.05 0.1 0.2 0.005 -0.05 0.12 6.12323e-17 1 -6.12323e-17 3.7494e-33 
0.00154957 0.05 0.1 0.2 0.015 -0.01 0.12 -0.587785 0.809017 -4.9538e-17 -3.59915e-17 
0.00122905 0.05 0.1 0.2 -0.005 -0.05 0.12 0.587785 0.809017 -4.9538e-17 3.59915e-17 
0.000430286 0.05 0.1 0.2 0.025 0.05 0.12 0.951057 -0.309017 -1.89218e-17 5.82354e-17 
0.000257118 0.05 0.1 0.2 0.015 0.05 0.12 0.951057 -0.309017 -1.89218e-17 5.82354e-17 
0.000180438 0.05 0.1 0.2 0.015 -0.05 0.12 6.12323e-17 1 -6.12323e-17 3.7494e-33 
5.19399e-05 0.05 0.1 0.2 -0.005 -0.05 0.12 6.12323e-17 1 -6.12323e-17 3.7494e-33 
-0.000493541 0.05 0.1 0.2 0.015 -0.03 0.12 -0.587785 0.809017 -4.9538e-17 -3.59915e-17 
-0.000862274 0.05 0.1 0.2 0.025 0.03 0.12 0.951057 -0.309017 -1.89218e-17 5.82354e-17 
-0.00101445 0.05 0.1 0.2 -0.015 -0.05 0.12 6.12323e-17 1 -6.12323e-17 3.7494e-33 
-0.00102761 0.05 0.1 0.2 -0.015 0.05 0.12 0.951057 0.309017 1.89218e-17 5.82354e-17 
-0.00132299 0.05 0.1 0.2 -0.015 0.05 0.12 0.587785 0.809017 -4.9538e-17 3.59915e-17 
-0.00299669 0.05 0.1 0.2 -0.015 -0.05 0.12 0.587785 0.809017 -4.9538e-17 3.59915e-17 
-0.00588688 0.05 0.1 0.2 -0.025 0.05 0.12 0.587785 0.809017 -4.9538e-17 3.59915e-17 
-0.00610571 0.05 0.1 0.2 -0.025 -0.05 0.12 0.587785 0.809017 -4.9538e-17 3.59915e-17 
-0.00895827 0.05 0.1 0.2 0.025 -0.05 0.12 6.12323e-17 1 -6.12323e-17 3.7494e-33 
-0.0109927 0.05 0.1 0.2 0.045 -0.03 0.1 -0.218508 -0.672498 0.218508 0.672499 
-0.0293028 0.05 0.1 0.2 -0.045 0.05 0.02 0.707107 -4.32978e-17 0.707107 -4.32978e-17 
-0.032329 0.05 0.1 0.2 -0.005 0.05 0.12 0.951057 0.309017 1.89218e-17 5.82354e-17 
-0.0765821 0.05 0.1 0.2 0.005 0.05 0.12 0.951057 0.309017 1.89218e-17 5.82354e-17 
-0.0863096 0.05 0.1 0.2 -0.005 0.07 0.1 0.415627 0.572061 -0.572061 0.415629 
-0.0877933 0.05 0.1 0.2 0.045 -0.05 0.1 -0.218508 -0.672498 0.218508 0.672499 
-0.0970581 0.05 0.1 0.2 -0.045 0.05 0.06 0.707107 -4.32978e-17 0.707107 -4.32978e-17 
-0.105121 0.05 0.1 0.2 -0.025 0.07 0.1 0.415627 0.572061 -0.572061 0.415629 
-0.116991 0.05 0.1 0.2 0.045 -0.05 0.06 -0.218508 -0.672498 0.218508 0.672499 
-0.120451 0.05 0.1 0.2 -0.015 0.07 0.1 0.415627 0.572061 -0.572061 0.415629 
-0.156916 0.05 0.1 0.2 0.015 0.05 0.12 0.951057 0.309017 1.89218e-17 5.82354e-17 
-0.160803 0.05 0.1 0.2 -0.045 0.05 0.1 0.707107 -4.32978e-17 0.707107 -4.32978e-17 
-0.296309 0.05 0.1 0.2 0.025 0.05 0.12 0.951057 0.309017 1.89218e-17 5.82354e-17 
-0.62507 0.05 0.1 0.2 0.045 0.05 0.1 0.707107 -4.32978e-17 -0.707107 4.32978e-17 
-0.672458 0.05 0.1 0.2 -0.025 -0.07 0.1 -0.415627 -0.572061 -0.572061 0.415629 
-0.689797 0.05 0.1 0.2 -0.015 -0.07 0.1 -0.415627 -0.572061 -0.572061 0.415629 
-0.718084 0.05 0.1 0.2 0.045 0.05 0.06 0.707107 -4.32978e-17 -0.707107 4.32978e-17 
-0.787052 0.05 0.1 0.2 0.045 0.05 0.02 0.707107 -4.32978e-17 -0.707107 4.32978e-17 
-2.7256 0.05 0.1 0.2 -0.045 -0.03 0.1 -0.218508 0.672498 -0.218508 0.672499 
-8.99418 0.05 0.1 0.2 0.025 0.07 0.1 -4.32978e-17 0.707107 -0.707107 4.32978e-17 
-15.6975 0.05 0.1 0.2 0.015 0.07 0.1 -4.32978e-17 0.707107 -0.707107 4.32978e-17 
-17.1433 0.05 0.1 0.2 0.045 0.05 0.1 -0.572061 -0.415627 0.572061 0.415629 
-18.5907 0.05 0.1 0.2 0.045 0.03 0.1 -0.572061 -0.415627 0.572061 0.415629 
-19.9817 0.05 0.1 0.2 0.045 0.01 0.1 -0.572061 -0.415627 0.572061 0.415629 
-22.4137 0.05 0.1 0.2 0.005 0.07 0.1 -4.32978e-17 0.707107 -0.707107 4.32978e-17 
-29.1191 0.05 0.1 0.2 -0.005 0.07 0.1 -4.32978e-17 0.707107 -0.707107 4.32978e-17 
-35.7899 0.05 0.1 0.2 -0.015 0.07 0.1 -4.32978e-17 0.707107 -0.707107 4.32978e-17 
-42.4023 0.05 0.1 0.2 -0.025 0.07 0.1 -4.32978e-17 0.707107 -0.707107 4.32978e-17 
