0.103264 
0.157688 
0.0106849 
0.111835 
0.066335 
0.0304592 
0.0635923 
0.457753 
0.0527818 
0.123684 
0.327747 
0.0109445 
0.0767297 
0.334316 
0.0476382 
0.26637 
0.351251 
0.0163869 
0.0267311 
0.0136372 
0.0877002 
0.0661616 
0.15994 
0.0490974 
0.108015 
0.125055 
0.334453 
0.0265642 
0.00873864 
0.0467166 
0.0200229 
0.0886362 
0.00268849 
0.118974 
0.393066 
0.123831 
0.267045 
0.0262275 
0.127542 
0.0355499 
0.0166001 
0.164555 
0.178842 
0.0963554 
0.0734029 
0.229571 
0.155929 
0.133956 
0.0182642 
0.0533076 
0.415587 
0.0659999 
1.09346 
0.111689 
0.248682 
1.25046 
0.195877 
0.15363 
0.107163 
0.0222222 
0.0667252 
0.27324 
0.0283943 
0.0440806 
0.482462 
0.0155195 
0.541306 
0.145665 
0.0377695 
0.0507507 
0.313221 
0.446123 
0.00756932 
0.263218 
0.00454098 
0.0500453 
0.215346 
0.0124796 
0.39278 
0.0182291 
0.327434 
0.240737 
0.164394 
0.193694 
0.0852057 
0.363236 
0.0589001 
0.168827 
0.221025 
0.117186 
0.132597 
0.0702344 
0.19293 
0.187555 
0.132652 
0.534337 
0.0310942 
0.0546178 
0.201715 
0.107248 
0.146483 
0.0955437 
0.0674014 
0.00680006 
0.137696 
0.83268 
0.0572883 
0.164686 
0.134982 
0.0907071 
0.00269499 
0.179758 
0.0830152 
0.0405676 
0.040268 
0.150136 
0.0712604 
0.0821332 
0.0373553 
0.00163606 
0.00247004 
0.31571 
0.427587 
0.00330119 
0.0714736 
0.391532 
0.0453487 
0.0870094 
0.115589 
0.0933288 
1.05374 
0.152502 
0.0615332 
0.127382 
0.063234 
0.349918 
0.0887902 
0.0457695 
0.0808344 
0.077869 
0.0676801 
0.0319414 
0.0874312 
0.0199964 
0.0602224 
