0.621203 0.07 0.07 0.073 -0.035 -0.035 0.0565 0.309017 0.951057 -5.82354e-17 1.89218e-17 
0.605128 0.07 0.07 0.073 0.035 0.035 0.0565 0.951057 -0.309017 -1.89218e-17 5.82354e-17 
0.568838 0.07 0.07 0.073 0.035 -0.035 0.0565 0.809017 -0.587785 -3.59914e-17 4.9538e-17 
0.562118 0.07 0.07 0.073 -0.035 -0.028 0.0565 0.309017 0.951057 -5.82354e-17 1.89218e-17 
0.554711 0.07 0.07 0.073 0.035 0.028 0.0565 0.951057 -0.309017 -1.89218e-17 5.82354e-17 
0.545669 0.07 0.07 0.073 -0.035 0.035 0.0565 0.587785 0.809017 -4.9538e-17 3.59915e-17 
0.526102 0.07 0.07 0.073 -0.007 -0.035 0.0565 0.309017 0.951057 -5.82354e-17 1.89218e-17 
0.488022 0.07 0.07 0.073 -0.014 -0.035 0.0565 0.309017 0.951057 -5.82354e-17 1.89218e-17 
0.479718 0.07 0.07 0.073 -0.035 -0.021 0.0565 0.309017 0.951057 -5.82354e-17 1.89218e-17 
0.474203 0.07 0.07 0.073 -0.007 -0.028 0.0565 0.309017 0.951057 -5.82354e-17 1.89218e-17 
0.473964 0.07 0.07 0.073 0.035 0.021 0.0565 0.951057 -0.309017 -1.89218e-17 5.82354e-17 
0.436477 0.07 0.07 0.073 -0.035 0.035 0.0565 0.809017 0.587785 3.59914e-17 4.9538e-17 
0.432365 0.07 0.07 0.073 -0.014 -0.028 0.0565 0.309017 0.951057 -5.82354e-17 1.89218e-17 
0.423886 0.07 0.07 0.073 -0.028 -0.035 0.0565 0.309017 0.951057 -5.82354e-17 1.89218e-17 
0.418379 0.07 0.07 0.073 -1.73472e-18 -0.035 0.0565 0.309017 0.951057 -5.82354e-17 1.89218e-17 
0.416578 0.07 0.07 0.073 -0.021 -0.035 0.0565 0.309017 0.951057 -5.82354e-17 1.89218e-17 
0.402741 0.07 0.07 0.073 -0.007 -0.021 0.0565 0.309017 0.951057 -5.82354e-17 1.89218e-17 
0.390427 0.07 0.07 0.073 0.035 -0.028 0.0565 0.809017 -0.587785 -3.59914e-17 4.9538e-17 
0.382079 0.07 0.07 0.073 -0.035 0.028 0.0565 0.587785 0.809017 -4.9538e-17 3.59915e-17 
0.374017 0.07 0.07 0.073 -0.035 -0.014 0.0565 0.309017 0.951057 -5.82354e-17 1.89218e-17 
0.37087 0.07 0.07 0.073 0.007 0.028 0.0565 0.951057 -0.309017 -1.89218e-17 5.82354e-17 
0.370751 0.07 0.07 0.073 0.007 0.021 0.0565 0.951057 -0.309017 -1.89218e-17 5.82354e-17 
0.369977 0.07 0.07 0.073 -1.73472e-18 -0.028 0.0565 0.309017 0.951057 -5.82354e-17 1.89218e-17 
0.36721 0.07 0.07 0.073 0.035 0.014 0.0565 0.951057 -0.309017 -1.89218e-17 5.82354e-17 
0.363702 0.07 0.07 0.073 -0.028 -0.028 0.0565 0.309017 0.951057 -5.82354e-17 1.89218e-17 
0.361815 0.07 0.07 0.073 0.028 0.035 0.0565 0.951057 -0.309017 -1.89218e-17 5.82354e-17 
0.357846 0.07 0.07 0.073 -0.021 -0.028 0.0565 0.309017 0.951057 -5.82354e-17 1.89218e-17 
0.356219 0.07 0.07 0.073 -0.014 -0.021 0.0565 0.309017 0.951057 -5.82354e-17 1.89218e-17 
0.35539 0.07 0.07 0.073 0.014 0.028 0.0565 0.951057 -0.309017 -1.89218e-17 5.82354e-17 
0.336022 0.07 0.07 0.073 0.028 0.028 0.0565 0.951057 -0.309017 -1.89218e-17 5.82354e-17 
0.333202 0.07 0.07 0.073 0.014 0.021 0.0565 0.951057 -0.309017 -1.89218e-17 5.82354e-17 
0.333043 0.07 0.07 0.073 0.035 0.021 0.0565 0.809017 -0.587785 -3.59914e-17 4.9538e-17 
0.330789 0.07 0.07 0.073 -0.035 -0.028 0.0565 0.587785 0.809017 -4.9538e-17 3.59915e-17 
0.329618 0.07 0.07 0.073 -0.035 -0.021 0.0565 0.587785 0.809017 -4.9538e-17 3.59915e-17 
0.326584 0.07 0.07 0.073 0.035 0.014 0.0565 0.809017 -0.587785 -3.59914e-17 4.9538e-17 
0.325423 0.07 0.07 0.073 -0.035 -0.035 0.0565 0.587785 0.809017 -4.9538e-17 3.59915e-17 
0.325209 0.07 0.07 0.073 0.014 0.035 0.0565 0.951057 -0.309017 -1.89218e-17 5.82354e-17 
0.322823 0.07 0.07 0.073 0.035 0.028 0.0565 0.809017 -0.587785 -3.59914e-17 4.9538e-17 
0.319104 0.07 0.07 0.073 -0.035 -0.014 0.0565 0.587785 0.809017 -4.9538e-17 3.59915e-17 
0.311294 0.07 0.07 0.073 0.007 0.035 0.0565 0.951057 -0.309017 -1.89218e-17 5.82354e-17 
0.306966 0.07 0.07 0.073 0.035 0.007 0.0565 0.809017 -0.587785 -3.59914e-17 4.9538e-17 
0.306536 0.07 0.07 0.073 0.021 0.028 0.0565 0.951057 -0.309017 -1.89218e-17 5.82354e-17 
0.30514 0.07 0.07 0.073 0.021 0.035 0.0565 0.951057 -0.309017 -1.89218e-17 5.82354e-17 
0.30026 0.07 0.07 0.073 -0.035 -0.007 0.0565 0.587785 0.809017 -4.9538e-17 3.59915e-17 
0.296086 0.07 0.07 0.073 0.035 0.035 0.0565 0.809017 -0.587785 -3.59914e-17 4.9538e-17 
0.29554 0.07 0.07 0.073 0.035 -0.021 0.0565 0.809017 -0.587785 -3.59914e-17 4.9538e-17 
0.294896 0.07 0.07 0.073 -0.035 0.021 0.0565 0.587785 0.809017 -4.9538e-17 3.59915e-17 
0.281397 0.07 0.07 0.073 0.035 -1.73472e-18 0.0565 0.809017 -0.587785 -3.59914e-17 4.9538e-17 
0.281208 0.07 0.07 0.073 -0.028 -0.021 0.0565 0.309017 0.951057 -5.82354e-17 1.89218e-17 
0.277918 0.07 0.07 0.073 -0.035 -1.73472e-18 0.0565 0.587785 0.809017 -4.9538e-17 3.59915e-17 
0.277726 0.07 0.07 0.073 -0.021 -0.021 0.0565 0.309017 0.951057 -5.82354e-17 1.89218e-17 
0.272614 0.07 0.07 0.073 0.028 0.021 0.0565 0.951057 -0.309017 -1.89218e-17 5.82354e-17 
0.26295 0.07 0.07 0.073 0.021 0.021 0.0565 0.951057 -0.309017 -1.89218e-17 5.82354e-17 
0.260988 0.07 0.07 0.073 -0.035 0.014 0.0565 0.587785 0.809017 -4.9538e-17 3.59915e-17 
0.260734 0.07 0.07 0.073 0.035 -0.007 0.0565 0.809017 -0.587785 -3.59914e-17 4.9538e-17 
0.260692 0.07 0.07 0.073 -0.035 0.007 0.0565 0.587785 0.809017 -4.9538e-17 3.59915e-17 
0.259449 0.07 0.07 0.073 0.035 -0.014 0.0565 0.809017 -0.587785 -3.59914e-17 4.9538e-17 
0.259201 0.07 0.07 0.073 -0.028 0.035 0.0565 0.809017 0.587785 3.59914e-17 4.9538e-17 
0.240963 0.07 0.07 0.073 -1.73472e-18 0.028 0.0565 0.951057 -0.309017 -1.89218e-17 5.82354e-17 
0.23152 0.07 0.07 0.073 0.035 -0.035 0.0565 -0.587785 0.809017 -4.9538e-17 -3.59915e-17 
0.213518 0.07 0.07 0.073 0.028 -0.035 0.0565 0.809017 -0.587785 -3.59914e-17 4.9538e-17 
0.204162 0.07 0.07 0.073 -0.035 0.028 0.0565 0.809017 0.587785 3.59914e-17 4.9538e-17 
0.203973 0.07 0.07 0.073 0.028 -0.035 0.0565 -0.587785 0.809017 -4.9538e-17 -3.59915e-17 
0.203447 0.07 0.07 0.073 -0.028 0.035 0.0565 0.587785 0.809017 -4.9538e-17 3.59915e-17 
0.174242 0.07 0.07 0.073 0.021 -1.73472e-18 0.0565 -0.587785 0.809017 -4.9538e-17 -3.59915e-17 
0.166593 0.07 0.07 0.073 0.021 -0.007 0.0565 -0.587785 0.809017 -4.9538e-17 -3.59915e-17 
0.154449 0.07 0.07 0.073 -0.021 -1.73472e-18 0.0565 0.809017 0.587785 3.59914e-17 4.9538e-17 
0.152737 0.07 0.07 0.073 -0.028 0.028 0.0565 0.809017 0.587785 3.59914e-17 4.9538e-17 
0.152362 0.07 0.07 0.073 -1.73472e-18 0.035 0.0565 0.951057 -0.309017 -1.89218e-17 5.82354e-17 
0.146092 0.07 0.07 0.073 -0.021 0.007 0.0565 0.809017 0.587785 3.59914e-17 4.9538e-17 
0.140776 0.07 0.07 0.073 0.021 -0.014 0.0565 -0.587785 0.809017 -4.9538e-17 -3.59915e-17 
0.118285 0.07 0.07 0.073 -0.021 0.014 0.0565 0.809017 0.587785 3.59914e-17 4.9538e-17 
0.114524 0.07 0.07 0.073 0.028 -0.028 0.0565 -0.587785 0.809017 -4.9538e-17 -3.59915e-17 
0.103577 0.07 0.07 0.073 0.021 -0.021 0.0565 -0.587785 0.809017 -4.9538e-17 -3.59915e-17 
0.099374 0.07 0.07 0.073 0.028 0.014 0.0565 0.809017 -0.587785 -3.59914e-17 4.9538e-17 
0.0981047 0.07 0.07 0.073 0.028 0.007 0.0565 0.809017 -0.587785 -3.59914e-17 4.9538e-17 
0.0960722 0.07 0.07 0.073 -0.028 -0.014 0.0565 0.587785 0.809017 -4.9538e-17 3.59915e-17 
0.0953217 0.07 0.07 0.073 -0.028 -0.007 0.0565 0.587785 0.809017 -4.9538e-17 3.59915e-17 
0.0890422 0.07 0.07 0.073 0.028 -0.028 0.0565 0.809017 -0.587785 -3.59914e-17 4.9538e-17 
0.0887449 0.07 0.07 0.073 -0.028 0.021 0.0565 0.809017 0.587785 3.59914e-17 4.9538e-17 
0.0877103 0.07 0.07 0.073 -0.007 0.021 0.0565 1 0 0 6.12323e-17 
0.0859745 0.07 0.07 0.073 -0.028 0.028 0.0565 0.587785 0.809017 -4.9538e-17 3.59915e-17 
0.0854469 0.07 0.07 0.073 0.035 0.021 0.0565 1 0 0 6.12323e-17 
0.0839605 0.07 0.07 0.073 -0.035 -0.021 0.0565 6.12323e-17 1 -6.12323e-17 3.7494e-33 
0.0831357 0.07 0.07 0.073 0.007 -0.021 0.0565 6.12323e-17 1 -6.12323e-17 3.7494e-33 
0.0805997 0.07 0.07 0.073 -0.021 0.021 0.0565 0.809017 0.587785 3.59914e-17 4.9538e-17 
0.0801166 0.07 0.07 0.073 -0.035 -0.021 0.0565 0.809017 0.587785 3.59914e-17 4.9538e-17 
0.080099 0.07 0.07 0.073 -0.014 0.021 0.0565 1 0 0 6.12323e-17 
0.0783907 0.07 0.07 0.073 0.028 -1.73472e-18 0.0565 0.809017 -0.587785 -3.59914e-17 4.9538e-17 
0.0774089 0.07 0.07 0.073 -0.028 -1.73472e-18 0.0565 0.587785 0.809017 -4.9538e-17 3.59915e-17 
0.0750159 0.07 0.07 0.073 0.014 -0.021 0.0565 6.12323e-17 1 -6.12323e-17 3.7494e-33 
0.074915 0.07 0.07 0.073 0.028 0.021 0.0565 0.809017 -0.587785 -3.59914e-17 4.9538e-17 
0.073834 0.07 0.07 0.073 -1.73472e-18 0.021 0.0565 1 0 0 6.12323e-17 
0.0737438 0.07 0.07 0.073 -0.028 -0.021 0.0565 0.587785 0.809017 -4.9538e-17 3.59915e-17 
0.0704888 0.07 0.07 0.073 0.028 -0.021 0.0565 -0.309017 0.951057 -5.82354e-17 -1.89218e-17 
0.0701042 0.07 0.07 0.073 -0.028 0.021 0.0565 0.951057 0.309017 1.89218e-17 5.82354e-17 
0.0697712 0.07 0.07 0.073 -1.73472e-18 -0.021 0.0565 6.12323e-17 1 -6.12323e-17 3.7494e-33 
0.0675372 0.07 0.07 0.073 -0.028 0.014 0.0565 0.951057 0.309017 1.89218e-17 5.82354e-17 
0.0674274 0.07 0.07 0.073 0.028 -0.014 0.0565 -0.309017 0.951057 -5.82354e-17 -1.89218e-17 
0.0623275 0.07 0.07 0.073 -0.035 0.028 0.0565 0.951057 0.309017 1.89218e-17 5.82354e-17 
0.0621273 0.07 0.07 0.073 0.021 -0.028 0.0565 -0.587785 0.809017 -4.9538e-17 -3.59915e-17 
0.0615018 0.07 0.07 0.073 0.035 -0.021 0.0565 -0.309017 0.951057 -5.82354e-17 -1.89218e-17 
0.0610569 0.07 0.07 0.073 0.035 -0.028 0.0565 -0.309017 0.951057 -5.82354e-17 -1.89218e-17 
0.0609015 0.07 0.07 0.073 0.035 -0.055 0.0365 -0.672499 0.218508 0.218508 0.672498 
0.0604771 0.07 0.07 0.073 -0.035 0.021 0.0565 0.951057 0.309017 1.89218e-17 5.82354e-17 
0.054956 0.07 0.07 0.073 -0.028 0.014 0.0565 0.809017 0.587785 3.59914e-17 4.9538e-17 
0.0548268 0.07 0.07 0.073 0.028 -0.021 0.0565 -0.587785 0.809017 -4.9538e-17 -3.59915e-17 
0.0526453 0.07 0.07 0.073 0.007 -0.035 0.0565 0.309017 0.951057 -5.82354e-17 1.89218e-17 
0.0520962 0.07 0.07 0.073 -0.028 0.007 0.0565 0.587785 0.809017 -4.9538e-17 3.59915e-17 
0.0513578 0.07 0.07 0.073 -0.035 -0.028 0.0565 6.12323e-17 1 -6.12323e-17 3.7494e-33 
0.0512177 0.07 0.07 0.073 0.028 -0.007 0.0565 0.809017 -0.587785 -3.59914e-17 4.9538e-17 
0.0509334 0.07 0.07 0.073 0.007 0.021 0.0565 1 0 0 6.12323e-17 
0.0488178 0.07 0.07 0.073 0.035 0.028 0.0565 1 0 0 6.12323e-17 
0.0473865 0.07 0.07 0.073 -0.007 -0.021 0.0565 6.12323e-17 1 -6.12323e-17 3.7494e-33 
0.0465551 0.07 0.07 0.073 -0.028 -0.007 0.0565 0.809017 0.587785 3.59914e-17 4.9538e-17 
0.0463821 0.07 0.07 0.073 -0.028 0.007 0.0565 0.951057 0.309017 1.89218e-17 5.82354e-17 
0.0450762 0.07 0.07 0.073 -0.021 0.028 0.0565 0.809017 0.587785 3.59914e-17 4.9538e-17 
0.0448512 0.07 0.07 0.073 0.028 -0.007 0.0565 -0.309017 0.951057 -5.82354e-17 -1.89218e-17 
0.0413778 0.07 0.07 0.073 -0.028 0.007 0.0565 0.809017 0.587785 3.59914e-17 4.9538e-17 
0.040875 0.07 0.07 0.073 -0.035 0.014 0.0565 0.951057 0.309017 1.89218e-17 5.82354e-17 
0.0404445 0.07 0.07 0.073 0.035 -0.014 0.0565 -0.309017 0.951057 -5.82354e-17 -1.89218e-17 
0.040341 0.07 0.07 0.073 -0.028 -1.73472e-18 0.0565 0.809017 0.587785 3.59914e-17 4.9538e-17 
0.0402692 0.07 0.07 0.073 -0.035 0.021 0.0565 0.809017 0.587785 3.59914e-17 4.9538e-17 
0.0387963 0.07 0.07 0.073 0.028 0.021 0.0565 1 0 0 6.12323e-17 
0.0376554 0.07 0.07 0.073 -0.021 0.021 0.0565 1 0 0 6.12323e-17 
0.037272 0.07 0.07 0.073 -0.028 0.021 0.0565 0.587785 0.809017 -4.9538e-17 3.59915e-17 
0.0368155 0.07 0.07 0.073 -0.028 -0.021 0.0565 6.12323e-17 1 -6.12323e-17 3.7494e-33 
0.0366115 0.07 0.07 0.073 0.028 -0.021 0.0565 0.809017 -0.587785 -3.59914e-17 4.9538e-17 
0.0349525 0.07 0.07 0.073 -0.028 0.028 0.0565 0.951057 0.309017 1.89218e-17 5.82354e-17 
0.0343406 0.07 0.07 0.073 0.028 -0.028 0.0565 -0.309017 0.951057 -5.82354e-17 -1.89218e-17 
0.0329533 0.07 0.07 0.073 -0.028 0.014 0.0565 0.587785 0.809017 -4.9538e-17 3.59915e-17 
0.0320746 0.07 0.07 0.073 0.021 -0.021 0.0565 6.12323e-17 1 -6.12323e-17 3.7494e-33 
0.0312264 0.07 0.07 0.073 0.028 -0.014 0.0565 0.809017 -0.587785 -3.59914e-17 4.9538e-17 
0.0305722 0.07 0.07 0.073 0.014 0.021 0.0565 1 0 0 6.12323e-17 
0.0303791 0.07 0.07 0.073 -0.035 -1.73472e-18 0.0565 0.951057 0.309017 1.89218e-17 5.82354e-17 
0.0298458 0.07 0.07 0.073 0.028 -0.055 0.0365 -0.672499 0.218508 0.218508 0.672498 
0.027556 0.07 0.07 0.073 -0.014 -0.021 0.0565 6.12323e-17 1 -6.12323e-17 3.7494e-33 
0.0269531 0.07 0.07 0.073 -0.035 0.035 0.0565 0.951057 0.309017 1.89218e-17 5.82354e-17 
0.0262911 0.07 0.07 0.073 -0.028 -0.028 0.0565 0.587785 0.809017 -4.9538e-17 3.59915e-17 
0.0260695 0.07 0.07 0.073 -0.021 0.035 0.0565 0.809017 0.587785 3.59914e-17 4.9538e-17 
0.023846 0.07 0.07 0.073 0.021 -0.035 0.0565 -0.587785 0.809017 -4.9538e-17 -3.59915e-17 
0.0238336 0.07 0.07 0.073 -0.035 0.007 0.0565 0.951057 0.309017 1.89218e-17 5.82354e-17 
0.0233368 0.07 0.07 0.073 0.021 0.021 0.0565 1 0 0 6.12323e-17 
0.0211634 0.07 0.07 0.073 0.028 0.028 0.0565 0.809017 -0.587785 -3.59914e-17 4.9538e-17 
0.0208456 0.07 0.07 0.073 -0.021 -0.021 0.0565 6.12323e-17 1 -6.12323e-17 3.7494e-33 
0.0195355 0.07 0.07 0.073 0.028 -0.014 0.0565 -0.587785 0.809017 -4.9538e-17 -3.59915e-17 
0.0187594 0.07 0.07 0.073 0.035 -0.007 0.0565 -0.309017 0.951057 -5.82354e-17 -1.89218e-17 
0.0186113 0.07 0.07 0.073 0.035 -0.035 0.0565 -0.309017 0.951057 -5.82354e-17 -1.89218e-17 
0.0175896 0.07 0.07 0.073 0.035 -1.73472e-18 0.0565 -0.309017 0.951057 -5.82354e-17 -1.89218e-17 
0.01359 0.07 0.07 0.073 0.035 -0.028 0.0565 -0.587785 0.809017 -4.9538e-17 -3.59915e-17 
0.0101312 0.07 0.07 0.073 0.028 0.007 0.0565 -0.587785 0.809017 -4.9538e-17 -3.59915e-17 
0.00983842 0.07 0.07 0.073 0.007 -0.028 0.0565 6.12323e-17 1 -6.12323e-17 3.7494e-33 
0.00922192 0.07 0.07 0.073 -1.73472e-18 0.055 0.0365 0.218508 0.672499 -0.672499 0.218502 
0.00843836 0.07 0.07 0.073 0.007 0.055 0.0365 0.218508 0.672499 -0.672499 0.218502 
0.00668196 0.07 0.07 0.073 0.021 -0.055 0.0365 -0.672499 0.218508 0.218508 0.672498 
0.00440562 0.07 0.07 0.073 -1.73472e-18 -0.028 0.0565 6.12323e-17 1 -6.12323e-17 3.7494e-33 
0.00353096 0.07 0.07 0.073 0.028 -0.007 0.0565 -0.587785 0.809017 -4.9538e-17 -3.59915e-17 
0.00313674 0.07 0.07 0.073 -0.021 -0.021 0.0565 0.587785 0.809017 -4.9538e-17 3.59915e-17 
0.00312927 0.07 0.07 0.073 0.021 0.021 0.0565 0.809017 -0.587785 -3.59914e-17 4.9538e-17 
0.00289845 0.07 0.07 0.073 -0.028 -0.028 0.0565 6.12323e-17 1 -6.12323e-17 3.7494e-33 
0.00223197 0.07 0.07 0.073 -0.007 0.028 0.0565 1 0 0 6.12323e-17 
0.00191853 0.07 0.07 0.073 0.028 -1.73472e-18 0.0565 -0.587785 0.809017 -4.9538e-17 -3.59915e-17 
0.000659326 0.07 0.07 0.073 0.021 -0.028 0.0565 -0.309017 0.951057 -5.82354e-17 -1.89218e-17 
0.000474623 0.07 0.07 0.073 -0.021 0.028 0.0565 0.951057 0.309017 1.89218e-17 5.82354e-17 
-0.000500947 0.07 0.07 0.073 0.028 0.028 0.0565 1 0 0 6.12323e-17 
-0.00236029 0.07 0.07 0.073 -1.73472e-18 0.028 0.0565 1 0 0 6.12323e-17 
-0.00358108 0.07 0.07 0.073 -0.007 0.055 0.0365 0.218508 0.672499 -0.672499 0.218502 
-0.00364068 0.07 0.07 0.073 0.014 -0.028 0.0565 6.12323e-17 1 -6.12323e-17 3.7494e-33 
-0.0052609 0.07 0.07 0.073 0.055 0.035 0.0365 -0.672498 -0.218508 0.672499 0.218508 
-0.00530273 0.07 0.07 0.073 0.055 0.035 0.0292 -0.672498 -0.218508 0.672499 0.218508 
-0.00875989 0.07 0.07 0.073 -0.007 -0.028 0.0565 6.12323e-17 1 -6.12323e-17 3.7494e-33 
-0.0120758 0.07 0.07 0.073 -0.014 0.028 0.0565 1 0 0 6.12323e-17 
-0.013239 0.07 0.07 0.073 0.014 -0.055 0.0365 -0.672499 0.218508 0.218508 0.672498 
-0.0146914 0.07 0.07 0.073 0.007 0.028 0.0565 1 0 0 6.12323e-17 
-0.017791 0.07 0.07 0.073 0.055 0.028 0.0365 -0.672498 -0.218508 0.672499 0.218508 
-0.0179033 0.07 0.07 0.073 0.055 0.028 0.0292 -0.672498 -0.218508 0.672499 0.218508 
-0.0182874 0.07 0.07 0.073 -0.021 -0.028 0.0565 6.12323e-17 1 -6.12323e-17 3.7494e-33 
-0.0194212 0.07 0.07 0.073 -0.014 -0.028 0.0565 6.12323e-17 1 -6.12323e-17 3.7494e-33 
-0.0223522 0.07 0.07 0.073 -0.014 0.055 0.0365 0.218508 0.672499 -0.672499 0.218502 
-0.0225341 0.07 0.07 0.073 0.021 0.028 0.0565 1 0 0 6.12323e-17 
-0.0245083 0.07 0.07 0.073 0.014 0.028 0.0565 1 0 0 6.12323e-17 
-0.0284357 0.07 0.07 0.073 0.055 0.021 0.0365 -0.672498 -0.218508 0.672499 0.218508 
-0.0286074 0.07 0.07 0.073 0.055 0.021 0.0292 -0.672498 -0.218508 0.672499 0.218508 
-0.0312432 0.07 0.07 0.073 -0.035 -0.014 0.0565 0.809017 0.587785 3.59914e-17 4.9538e-17 
-0.034089 0.07 0.07 0.073 0.014 -0.028 0.0565 -0.309017 0.951057 -5.82354e-17 -1.89218e-17 
-0.0346171 0.07 0.07 0.073 0.007 -0.055 0.0365 -0.672499 0.218508 0.218508 0.672498 
-0.0351726 0.07 0.07 0.073 -0.014 0.028 0.0565 0.951057 0.309017 1.89218e-17 5.82354e-17 
-0.0361598 0.07 0.07 0.073 0.055 0.014 0.0365 -0.672498 -0.218508 0.672499 0.218508 
-0.0363746 0.07 0.07 0.073 0.055 0.014 0.0292 -0.672498 -0.218508 0.672499 0.218508 
-0.0384622 0.07 0.07 0.073 0.055 -1.73472e-18 0.0365 -0.672498 -0.218508 0.672499 0.218508 
-0.0386195 0.07 0.07 0.073 -0.035 0.055 0.0365 0.218508 0.672499 -0.672499 0.218502 
-0.0394795 0.07 0.07 0.073 -0.021 0.055 0.0365 0.218508 0.672499 -0.672499 0.218502 
-0.0398783 0.07 0.07 0.073 0.055 0.007 0.0365 -0.672498 -0.218508 0.672499 0.218508 
-0.0401142 0.07 0.07 0.073 0.055 0.007 0.0292 -0.672498 -0.218508 0.672499 0.218508 
-0.0444601 0.07 0.07 0.073 -0.028 -0.035 0.0565 0.587785 0.809017 -4.9538e-17 3.59915e-17 
-0.0467899 0.07 0.07 0.073 -0.055 -0.014 0.0365 -0.218508 0.672498 -0.218508 0.672499 
-0.0469933 0.07 0.07 0.073 -0.055 -0.014 0.0292 -0.218508 0.672498 -0.218508 0.672499 
-0.0473972 0.07 0.07 0.073 -0.028 0.055 0.0365 0.218508 0.672499 -0.672499 0.218502 
-0.0480795 0.07 0.07 0.073 0.021 -0.028 0.0565 6.12323e-17 1 -6.12323e-17 3.7494e-33 
-0.0494887 0.07 0.07 0.073 -0.055 -0.007 0.0365 -0.218508 0.672498 -0.218508 0.672499 
-0.0497102 0.07 0.07 0.073 -0.055 -0.007 0.0292 -0.218508 0.672498 -0.218508 0.672499 
-0.0541704 0.07 0.07 0.073 -0.055 -0.021 0.0365 -0.218508 0.672498 -0.218508 0.672499 
-0.0543173 0.07 0.07 0.073 -0.055 -0.021 0.0292 -0.218508 0.672498 -0.218508 0.672499 
-0.0561583 0.07 0.07 0.073 -0.028 0.035 0.0565 0.951057 0.309017 1.89218e-17 5.82354e-17 
-0.0573152 0.07 0.07 0.073 -0.021 0.028 0.0565 1 0 0 6.12323e-17 
-0.0602803 0.07 0.07 0.073 0.028 -0.035 0.0565 -0.309017 0.951057 -5.82354e-17 -1.89218e-17 
-0.0610574 0.07 0.07 0.073 -0.055 -1.73472e-18 0.0365 -0.218508 0.672498 -0.218508 0.672499 
-0.0617242 0.07 0.07 0.073 0.028 0.035 0.0565 0.809017 -0.587785 -3.59914e-17 4.9538e-17 
-0.0621823 0.07 0.07 0.073 -1.73472e-18 -0.055 0.0365 -0.672499 0.218508 0.218508 0.672498 
-0.0653768 0.07 0.07 0.073 -0.035 0.014 0.0565 0.809017 0.587785 3.59914e-17 4.9538e-17 
-0.0727192 0.07 0.07 0.073 -0.055 -0.028 0.0365 -0.218508 0.672498 -0.218508 0.672499 
-0.0727811 0.07 0.07 0.073 -0.055 -0.028 0.0292 -0.218508 0.672498 -0.218508 0.672499 
-0.0764569 0.07 0.07 0.073 -0.035 -0.035 0.0565 6.12323e-17 1 -6.12323e-17 3.7494e-33 
-0.0904717 0.07 0.07 0.073 0.035 0.035 0.0565 1 0 0 6.12323e-17 
-0.0934771 0.07 0.07 0.073 -0.021 -0.028 0.0565 0.587785 0.809017 -4.9538e-17 3.59915e-17 
-0.0948144 0.07 0.07 0.073 0.021 0.028 0.0565 0.809017 -0.587785 -3.59914e-17 4.9538e-17 
-0.10067 0.07 0.07 0.073 -0.007 -0.055 0.0365 -0.672499 0.218508 0.218508 0.672498 
-0.101413 0.07 0.07 0.073 -0.035 -0.007 0.0565 0.809017 0.587785 3.59914e-17 4.9538e-17 
-0.103358 0.07 0.07 0.073 -0.055 -0.035 0.0292 -0.218508 0.672498 -0.218508 0.672499 
-0.103406 0.07 0.07 0.073 -0.055 -0.035 0.0365 -0.218508 0.672498 -0.218508 0.672499 
-0.105371 0.07 0.07 0.073 0.035 0.021 0.0565 -0.587785 0.809017 -4.9538e-17 -3.59915e-17 
-0.120764 0.07 0.07 0.073 -0.035 0.007 0.0565 0.809017 0.587785 3.59914e-17 4.9538e-17 
-0.121575 0.07 0.07 0.073 -0.028 -0.035 0.0565 6.12323e-17 1 -6.12323e-17 3.7494e-33 
-0.129922 0.07 0.07 0.073 0.007 -0.035 0.0565 6.12323e-17 1 -6.12323e-17 3.7494e-33 
-0.131628 0.07 0.07 0.073 -0.035 -1.73472e-18 0.0565 0.809017 0.587785 3.59914e-17 4.9538e-17 
-0.132329 0.07 0.07 0.073 -1.73472e-18 -0.035 0.0565 6.12323e-17 1 -6.12323e-17 3.7494e-33 
-0.136301 0.07 0.07 0.073 0.028 -0.028 0.0565 6.12323e-17 1 -6.12323e-17 3.7494e-33 
-0.139931 0.07 0.07 0.073 0.028 0.035 0.0565 1 0 0 6.12323e-17 
-0.141159 0.07 0.07 0.073 -0.007 -0.035 0.0565 6.12323e-17 1 -6.12323e-17 3.7494e-33 
-0.142501 0.07 0.07 0.073 0.021 -0.035 0.0565 -0.309017 0.951057 -5.82354e-17 -1.89218e-17 
-0.142822 0.07 0.07 0.073 -0.021 0.035 0.0565 0.951057 0.309017 1.89218e-17 5.82354e-17 
-0.14326 0.07 0.07 0.073 -0.021 -0.035 0.0565 6.12323e-17 1 -6.12323e-17 3.7494e-33 
-0.143805 0.07 0.07 0.073 0.014 -0.035 0.0565 6.12323e-17 1 -6.12323e-17 3.7494e-33 
-0.146321 0.07 0.07 0.073 -0.028 0.028 0.0565 1 0 0 6.12323e-17 
-0.147463 0.07 0.07 0.073 -0.014 -0.035 0.0565 6.12323e-17 1 -6.12323e-17 3.7494e-33 
-0.147966 0.07 0.07 0.073 0.035 -0.021 0.0565 -0.587785 0.809017 -4.9538e-17 -3.59915e-17 
-0.165941 0.07 0.07 0.073 0.021 0.035 0.0565 1 0 0 6.12323e-17 
-0.167891 0.07 0.07 0.073 -1.73472e-18 0.035 0.0565 1 0 0 6.12323e-17 
-0.16972 0.07 0.07 0.073 -0.007 0.035 0.0565 1 0 0 6.12323e-17 
-0.172448 0.07 0.07 0.073 0.007 0.035 0.0565 1 0 0 6.12323e-17 
-0.174459 0.07 0.07 0.073 0.014 0.035 0.0565 1 0 0 6.12323e-17 
-0.184734 0.07 0.07 0.073 0.021 -0.035 0.0565 6.12323e-17 1 -6.12323e-17 3.7494e-33 
-0.187794 0.07 0.07 0.073 -0.014 0.035 0.0565 1 0 0 6.12323e-17 
-0.219183 0.07 0.07 0.073 0.035 0.014 0.0565 -0.587785 0.809017 -4.9538e-17 -3.59915e-17 
-0.222801 0.07 0.07 0.073 0.014 -0.035 0.0565 -0.309017 0.951057 -5.82354e-17 -1.89218e-17 
-0.227765 0.07 0.07 0.073 -0.014 0.035 0.0565 0.951057 0.309017 1.89218e-17 5.82354e-17 
-0.230256 0.07 0.07 0.073 -0.021 -0.035 0.0565 0.587785 0.809017 -4.9538e-17 3.59915e-17 
-0.232842 0.07 0.07 0.073 -0.021 0.035 0.0565 1 0 0 6.12323e-17 
-0.234599 0.07 0.07 0.073 0.021 0.035 0.0565 0.809017 -0.587785 -3.59914e-17 4.9538e-17 
-0.256427 0.07 0.07 0.073 0.035 -0.014 0.0565 -0.587785 0.809017 -4.9538e-17 -3.59915e-17 
-0.262363 0.07 0.07 0.073 -0.007 0.035 0.0565 0.951057 -0.309017 -1.89218e-17 5.82354e-17 
-0.26426 0.07 0.07 0.073 0.028 -0.035 0.0565 6.12323e-17 1 -6.12323e-17 3.7494e-33 
-0.281886 0.07 0.07 0.073 0.035 -0.028 0.0565 6.12323e-17 1 -6.12323e-17 3.7494e-33 
-0.292643 0.07 0.07 0.073 -0.035 0.028 0.0565 1 0 0 6.12323e-17 
-0.29363 0.07 0.07 0.073 0.035 0.007 0.0565 -0.587785 0.809017 -4.9538e-17 -3.59915e-17 
-0.294278 0.07 0.07 0.073 0.014 0.035 0.0565 0.809017 -0.587785 -3.59914e-17 4.9538e-17 
-0.297396 0.07 0.07 0.073 0.007 -0.035 0.0565 -0.309017 0.951057 -5.82354e-17 -1.89218e-17 
-0.302801 0.07 0.07 0.073 -0.014 -0.035 0.0565 0.587785 0.809017 -4.9538e-17 3.59915e-17 
-0.307176 0.07 0.07 0.073 -0.007 0.035 0.0565 0.951057 0.309017 1.89218e-17 5.82354e-17 
-0.3131 0.07 0.07 0.073 0.007 0.035 0.0565 0.809017 -0.587785 -3.59914e-17 4.9538e-17 
-0.314911 0.07 0.07 0.073 0.035 -0.007 0.0565 -0.587785 0.809017 -4.9538e-17 -3.59915e-17 
-0.316404 0.07 0.07 0.073 -0.028 0.035 0.0565 1 0 0 6.12323e-17 
-0.326389 0.07 0.07 0.073 0.035 -1.73472e-18 0.0565 -0.587785 0.809017 -4.9538e-17 -3.59915e-17 
-0.333705 0.07 0.07 0.073 -0.007 -0.035 0.0565 0.587785 0.809017 -4.9538e-17 3.59915e-17 
-0.36395 0.07 0.07 0.073 -1.73472e-18 -0.035 0.0565 -0.309017 0.951057 -5.82354e-17 -1.89218e-17 
-0.378707 0.07 0.07 0.073 -1.73472e-18 0.035 0.0565 0.951057 0.309017 1.89218e-17 5.82354e-17 
-0.394698 0.07 0.07 0.073 0.035 -0.035 0.0565 6.12323e-17 1 -6.12323e-17 3.7494e-33 
-0.42164 0.07 0.07 0.073 -0.007 -0.035 0.0565 -0.309017 0.951057 -5.82354e-17 -1.89218e-17 
-0.441519 0.07 0.07 0.073 0.007 0.035 0.0565 0.951057 0.309017 1.89218e-17 5.82354e-17 
-0.45079 0.07 0.07 0.073 -0.035 0.035 0.0565 1 0 0 6.12323e-17 
-0.471117 0.07 0.07 0.073 -0.014 -0.035 0.0565 -0.309017 0.951057 -5.82354e-17 -1.89218e-17 
-0.496263 0.07 0.07 0.073 0.014 0.035 0.0565 0.951057 0.309017 1.89218e-17 5.82354e-17 
-0.514541 0.07 0.07 0.073 -0.021 -0.035 0.0565 -0.309017 0.951057 -5.82354e-17 -1.89218e-17 
-0.545095 0.07 0.07 0.073 0.021 0.035 0.0565 0.951057 0.309017 1.89218e-17 5.82354e-17 
-0.55553 0.07 0.07 0.073 -0.028 -0.035 0.0565 -0.309017 0.951057 -5.82354e-17 -1.89218e-17 
-0.591637 0.07 0.07 0.073 0.028 0.035 0.0565 0.951057 0.309017 1.89218e-17 5.82354e-17 
-0.599169 0.07 0.07 0.073 -0.035 -0.035 0.0565 -0.309017 0.951057 -5.82354e-17 -1.89218e-17 
-0.640963 0.07 0.07 0.073 0.035 0.035 0.0565 0.951057 0.309017 1.89218e-17 5.82354e-17 
