1.06358 0.065 0.065 0.2 -0.0325 -0.0325 0.12 -0.309017 0.951057 -5.82354e-17 -1.89218e-17 
1.06357 0.065 0.065 0.2 0.0325 0.0325 0.12 0.951057 0.309017 1.89218e-17 5.82354e-17 
0.756025 0.065 0.065 0.2 0.026 0.0325 0.12 0.951057 0.309017 1.89218e-17 5.82354e-17 
0.756017 0.065 0.065 0.2 -0.026 -0.0325 0.12 -0.309017 0.951057 -5.82354e-17 -1.89218e-17 
0.580106 0.065 0.065 0.2 -0.0195 -0.0525 6.93889e-18 -0.415627 -0.572061 -0.572061 0.415629 
0.561222 0.065 0.065 0.2 0.0195 0.0325 0.12 0.951057 0.309017 1.89218e-17 5.82354e-17 
0.561218 0.065 0.065 0.2 -0.0195 -0.0325 0.12 -0.309017 0.951057 -5.82354e-17 -1.89218e-17 
0.419397 0.065 0.065 0.2 -0.013 -0.0325 0.12 -0.309017 0.951057 -5.82354e-17 -1.89218e-17 
0.419396 0.065 0.065 0.2 0.013 0.0325 0.12 0.951057 0.309017 1.89218e-17 5.82354e-17 
0.29837 0.065 0.065 0.2 0.0065 0.0325 0.12 0.951057 0.309017 1.89218e-17 5.82354e-17 
0.298368 0.065 0.065 0.2 -0.0065 -0.0325 0.12 -0.309017 0.951057 -5.82354e-17 -1.89218e-17 
0.188315 0.065 0.065 0.2 -1.73472e-18 -0.0325 0.12 -0.309017 0.951057 -5.82354e-17 -1.89218e-17 
0.188313 0.065 0.065 0.2 -1.73472e-18 0.0325 0.12 0.951057 0.309017 1.89218e-17 5.82354e-17 
0.181741 0.065 0.065 0.2 -1.73472e-18 -0.0325 0.12 6.12323e-17 1 -6.12323e-17 3.7494e-33 
0.181716 0.065 0.065 0.2 -1.73472e-18 0.0325 0.12 1 0 0 6.12323e-17 
0.173646 0.065 0.065 0.2 -0.0065 -0.0325 0.12 6.12323e-17 1 -6.12323e-17 3.7494e-33 
0.173637 0.065 0.065 0.2 0.0065 0.0325 0.12 1 0 0 6.12323e-17 
0.171141 0.065 0.065 0.2 -0.0065 0.0325 0.12 1 0 0 6.12323e-17 
0.171107 0.065 0.065 0.2 0.0065 -0.0325 0.12 6.12323e-17 1 -6.12323e-17 3.7494e-33 
0.164594 0.065 0.065 0.2 0.026 0.0525 0.06 0.572061 -0.415627 0.415627 0.572062 
0.159976 0.065 0.065 0.2 -0.013 -0.0325 0.12 6.12323e-17 1 -6.12323e-17 3.7494e-33 
0.159965 0.065 0.065 0.2 0.013 0.0325 0.12 1 0 0 6.12323e-17 
0.156814 0.065 0.065 0.2 -0.0195 0.0525 0.08 0.415627 0.572061 -0.572061 0.415629 
0.154004 0.065 0.065 0.2 0.0195 0.0525 6.93889e-18 0.572061 -0.415627 0.415627 0.572062 
0.146539 0.065 0.065 0.2 -0.026 -0.0065 0.12 0.809017 0.587785 3.59914e-17 4.9538e-17 
0.146535 0.065 0.065 0.2 0.026 0.0065 0.12 -0.587785 0.809017 -4.9538e-17 -3.59915e-17 
0.14599 0.065 0.065 0.2 -0.0195 0.0525 6.93889e-18 0.415627 0.572061 -0.572061 0.415629 
0.14319 0.065 0.065 0.2 0.0065 -0.026 0.12 6.12323e-17 1 -6.12323e-17 3.7494e-33 
0.143184 0.065 0.065 0.2 -0.0065 0.026 0.12 1 0 0 6.12323e-17 
0.142199 0.065 0.065 0.2 0.013 -0.026 0.12 6.12323e-17 1 -6.12323e-17 3.7494e-33 
0.142193 0.065 0.065 0.2 -0.013 0.026 0.12 1 0 0 6.12323e-17 
0.142 0.065 0.065 0.2 -0.0195 -0.0325 0.12 6.12323e-17 1 -6.12323e-17 3.7494e-33 
0.142 0.065 0.065 0.2 0.0195 0.0325 0.12 1 0 0 6.12323e-17 
0.134015 0.065 0.065 0.2 -0.026 -0.0525 0.04 -0.415627 -0.572061 -0.572061 0.415629 
0.12864 0.065 0.065 0.2 0.013 -0.0325 0.12 6.12323e-17 1 -6.12323e-17 3.7494e-33 
0.12863 0.065 0.065 0.2 -0.013 0.0325 0.12 1 0 0 6.12323e-17 
0.126815 0.065 0.065 0.2 -0.0065 0.0195 0.12 1 0 0 6.12323e-17 
0.126795 0.065 0.065 0.2 0.0065 -0.0195 0.12 6.12323e-17 1 -6.12323e-17 3.7494e-33 
0.124463 0.065 0.065 0.2 0.0325 -0.0065 0.12 0.809017 -0.587785 -3.59914e-17 4.9538e-17 
0.124416 0.065 0.065 0.2 -0.0325 0.0065 0.12 0.587785 0.809017 -4.9538e-17 3.59915e-17 
0.120366 0.065 0.065 0.2 0.026 0.0525 0.04 0.572061 -0.415627 0.415627 0.572062 
0.115712 0.065 0.065 0.2 -0.026 -0.0525 6.93889e-18 -0.415627 -0.572061 -0.572061 0.415629 
0.112631 0.065 0.065 0.2 0.0195 -0.0195 0.12 -0.309017 0.951057 -5.82354e-17 -1.89218e-17 
0.112626 0.065 0.065 0.2 -0.0195 0.0195 0.12 0.951057 0.309017 1.89218e-17 5.82354e-17 
0.112318 0.065 0.065 0.2 0.0325 -0.013 0.12 0.809017 -0.587785 -3.59914e-17 4.9538e-17 
0.112288 0.065 0.065 0.2 -0.0325 0.013 0.12 0.587785 0.809017 -4.9538e-17 3.59915e-17 
0.109799 0.065 0.065 0.2 -1.73472e-18 0.026 0.12 1 0 0 6.12323e-17 
0.109787 0.065 0.065 0.2 -1.73472e-18 -0.026 0.12 6.12323e-17 1 -6.12323e-17 3.7494e-33 
0.108549 0.065 0.065 0.2 0.0325 -1.73472e-18 0.12 -0.309017 0.951057 -5.82354e-17 -1.89218e-17 
0.108546 0.065 0.065 0.2 -0.0325 -1.73472e-18 0.12 0.951057 0.309017 1.89218e-17 5.82354e-17 
0.108529 0.065 0.065 0.2 0.0325 -0.0065 0.12 -0.309017 0.951057 -5.82354e-17 -1.89218e-17 
0.108527 0.065 0.065 0.2 -0.0325 0.0065 0.12 0.951057 0.309017 1.89218e-17 5.82354e-17 
0.107334 0.065 0.065 0.2 -1.73472e-18 0.0195 0.12 1 0 0 6.12323e-17 
0.107316 0.065 0.065 0.2 -1.73472e-18 -0.0195 0.12 6.12323e-17 1 -6.12323e-17 3.7494e-33 
0.106583 0.065 0.065 0.2 0.0195 0.0525 0.02 0.572061 -0.415627 0.415627 0.572062 
0.102192 0.065 0.065 0.2 0.0325 -1.73472e-18 0.12 0.809017 -0.587785 -3.59914e-17 4.9538e-17 
0.102121 0.065 0.065 0.2 -0.0325 -1.73472e-18 0.12 0.587785 0.809017 -4.9538e-17 3.59915e-17 
0.100435 0.065 0.065 0.2 -0.0195 0.026 0.12 1 0 0 6.12323e-17 
0.100421 0.065 0.065 0.2 0.0195 -0.026 0.12 6.12323e-17 1 -6.12323e-17 3.7494e-33 
0.0997372 0.065 0.065 0.2 -0.026 -0.0325 0.12 6.12323e-17 1 -6.12323e-17 3.7494e-33 
0.0997297 0.065 0.065 0.2 0.026 0.0325 0.12 1 0 0 6.12323e-17 
0.0974491 0.065 0.065 0.2 -0.026 0.0325 0.12 0.809017 0.587785 3.59914e-17 4.9538e-17 
0.0974375 0.065 0.065 0.2 0.026 -0.0325 0.12 -0.587785 0.809017 -4.9538e-17 -3.59915e-17 
0.0966859 0.065 0.065 0.2 0.0195 -0.0525 6.93889e-18 -0.572061 0.415627 0.415627 0.572062 
0.0966761 0.065 0.065 0.2 0.013 -0.0195 0.12 6.12323e-17 1 -6.12323e-17 3.7494e-33 
0.0966739 0.065 0.065 0.2 -0.013 0.0195 0.12 1 0 0 6.12323e-17 
0.0953159 0.065 0.065 0.2 -0.0195 0.0525 0.02 0.415627 0.572061 -0.572061 0.415629 
0.0943733 0.065 0.065 0.2 0.0065 -0.0325 0.12 -0.309017 0.951057 -5.82354e-17 -1.89218e-17 
0.0943696 0.065 0.065 0.2 -0.0065 0.0325 0.12 0.951057 0.309017 1.89218e-17 5.82354e-17 
0.0913281 0.065 0.065 0.2 -0.0195 0.0525 0.06 0.415627 0.572061 -0.572061 0.415629 
0.0877231 0.065 0.065 0.2 0.026 -1.73472e-18 0.12 -0.587785 0.809017 -4.9538e-17 -3.59915e-17 
0.0877153 0.065 0.065 0.2 -0.026 -1.73472e-18 0.12 0.809017 0.587785 3.59914e-17 4.9538e-17 
0.0871725 0.065 0.065 0.2 0.026 0.0525 0.02 0.572061 -0.415627 0.415627 0.572062 
0.0864925 0.065 0.065 0.2 0.0195 0.0065 0.12 0.809017 -0.587785 -3.59914e-17 4.9538e-17 
0.0864852 0.065 0.065 0.2 -0.0195 -0.0065 0.12 0.587785 0.809017 -4.9538e-17 3.59915e-17 
0.0853767 0.065 0.065 0.2 -0.0325 0.0065 0.12 0.809017 0.587785 3.59914e-17 4.9538e-17 
0.0852481 0.065 0.065 0.2 0.0325 -0.0065 0.12 -0.587785 0.809017 -4.9538e-17 -3.59915e-17 
0.0842425 0.065 0.065 0.2 -0.026 -0.0195 0.12 0.309017 0.951057 -5.82354e-17 1.89218e-17 
0.0842404 0.065 0.065 0.2 0.026 0.0195 0.12 0.951057 -0.309017 -1.89218e-17 5.82354e-17 
0.082064 0.065 0.065 0.2 0.0195 0.013 0.12 0.809017 -0.587785 -3.59914e-17 4.9538e-17 
0.0820404 0.065 0.065 0.2 -0.0195 -0.013 0.12 0.587785 0.809017 -4.9538e-17 3.59915e-17 
0.0812434 0.065 0.065 0.2 -0.0325 0.013 0.12 0.809017 0.587785 3.59914e-17 4.9538e-17 
0.0810024 0.065 0.065 0.2 0.0325 -0.013 0.12 -0.587785 0.809017 -4.9538e-17 -3.59915e-17 
0.0782864 0.065 0.065 0.2 -0.0195 -1.73472e-18 0.12 0.587785 0.809017 -4.9538e-17 3.59915e-17 
0.0782625 0.065 0.065 0.2 0.0195 -1.73472e-18 0.12 0.809017 -0.587785 -3.59914e-17 4.9538e-17 
0.0778179 0.065 0.065 0.2 -0.026 -0.0525 0.02 -0.415627 -0.572061 -0.572061 0.415629 
0.0750952 0.065 0.065 0.2 0.0195 -0.0525 0.08 -0.572061 0.415627 0.415627 0.572062 
0.074955 0.065 0.065 0.2 -0.026 -0.026 0.12 0.309017 0.951057 -5.82354e-17 1.89218e-17 
0.0749465 0.065 0.065 0.2 0.026 0.026 0.12 0.951057 -0.309017 -1.89218e-17 5.82354e-17 
0.0738737 0.065 0.065 0.2 -0.026 0.0065 0.12 0.951057 0.309017 1.89218e-17 5.82354e-17 
0.0738728 0.065 0.065 0.2 0.026 -0.0065 0.12 -0.309017 0.951057 -5.82354e-17 -1.89218e-17 
0.0737519 0.065 0.065 0.2 0.026 0.0525 6.93889e-18 0.572061 -0.415627 0.415627 0.572062 
0.0737453 0.065 0.065 0.2 -1.73472e-18 -0.026 0.12 0.309017 0.951057 -5.82354e-17 1.89218e-17 
0.0737295 0.065 0.065 0.2 -1.73472e-18 0.026 0.12 0.951057 -0.309017 -1.89218e-17 5.82354e-17 
0.0704694 0.065 0.065 0.2 -0.0195 0.0525 -0.02 0.415627 0.572061 -0.572061 0.415629 
0.0702844 0.065 0.065 0.2 0.0195 -0.0525 0.06 -0.572061 0.415627 0.415627 0.572062 
0.0697002 0.065 0.065 0.2 0.026 -0.0065 0.12 -0.587785 0.809017 -4.9538e-17 -3.59915e-17 
0.0696721 0.065 0.065 0.2 -0.026 0.0065 0.12 0.809017 0.587785 3.59914e-17 4.9538e-17 
0.0691359 0.065 0.065 0.2 -0.0195 -0.0195 0.12 0.309017 0.951057 -5.82354e-17 1.89218e-17 
0.0691313 0.065 0.065 0.2 0.0195 0.0195 0.12 0.951057 -0.309017 -1.89218e-17 5.82354e-17 
0.0690847 0.065 0.065 0.2 0.0325 -0.0195 0.12 0.809017 -0.587785 -3.59914e-17 4.9538e-17 
0.069081 0.065 0.065 0.2 -0.0325 0.0195 0.12 0.587785 0.809017 -4.9538e-17 3.59915e-17 
0.0684232 0.065 0.065 0.2 0.0195 0.0195 0.12 0.809017 -0.587785 -3.59914e-17 4.9538e-17 
0.0683782 0.065 0.065 0.2 -0.0195 -0.0195 0.12 0.587785 0.809017 -4.9538e-17 3.59915e-17 
0.0670151 0.065 0.065 0.2 -0.0195 0.013 0.12 0.809017 0.587785 3.59914e-17 4.9538e-17 
0.0669441 0.065 0.065 0.2 0.0195 -0.013 0.12 -0.587785 0.809017 -4.9538e-17 -3.59915e-17 
0.063553 0.065 0.065 0.2 -0.0065 -0.026 0.12 6.12323e-17 1 -6.12323e-17 3.7494e-33 
0.0635529 0.065 0.065 0.2 0.0065 0.026 0.12 1 0 0 6.12323e-17 
0.0625057 0.065 0.065 0.2 0.0065 0.0195 0.12 1 0 0 6.12323e-17 
0.062495 0.065 0.065 0.2 -0.0065 -0.0195 0.12 6.12323e-17 1 -6.12323e-17 3.7494e-33 
0.0578489 0.065 0.065 0.2 -0.026 -0.0525 0.06 -0.415627 -0.572061 -0.572061 0.415629 
0.0565352 0.065 0.065 0.2 0.0325 0.0065 0.12 0.809017 -0.587785 -3.59914e-17 4.9538e-17 
0.056466 0.065 0.065 0.2 -0.0325 -0.0065 0.12 0.587785 0.809017 -4.9538e-17 3.59915e-17 
0.0559218 0.065 0.065 0.2 -0.026 -0.0065 0.12 0.587785 0.809017 -4.9538e-17 3.59915e-17 
0.0559125 0.065 0.065 0.2 0.026 0.0065 0.12 0.809017 -0.587785 -3.59914e-17 4.9538e-17 
0.0556372 0.065 0.065 0.2 -0.0195 0.0065 0.12 0.587785 0.809017 -4.9538e-17 3.59915e-17 
0.055622 0.065 0.065 0.2 0.0195 -0.0065 0.12 0.809017 -0.587785 -3.59914e-17 4.9538e-17 
0.055193 0.065 0.065 0.2 0.026 -0.013 0.12 -0.587785 0.809017 -4.9538e-17 -3.59915e-17 
0.0550803 0.065 0.065 0.2 -0.026 0.013 0.12 0.809017 0.587785 3.59914e-17 4.9538e-17 
0.0546749 0.065 0.065 0.2 0.0195 -0.0325 0.12 6.12323e-17 1 -6.12323e-17 3.7494e-33 
0.0546677 0.065 0.065 0.2 -0.0195 0.0325 0.12 1 0 0 6.12323e-17 
0.0530643 0.065 0.065 0.2 0.0195 -0.0525 0.02 -0.572061 0.415627 0.415627 0.572062 
0.0527055 0.065 0.065 0.2 -0.026 -0.013 0.12 0.587785 0.809017 -4.9538e-17 3.59915e-17 
0.0526815 0.065 0.065 0.2 0.026 0.013 0.12 0.809017 -0.587785 -3.59914e-17 4.9538e-17 
0.0518898 0.065 0.065 0.2 0.013 -0.026 0.12 -0.309017 0.951057 -5.82354e-17 -1.89218e-17 
0.0518894 0.065 0.065 0.2 -0.013 0.026 0.12 0.951057 0.309017 1.89218e-17 5.82354e-17 
0.051579 0.065 0.065 0.2 -0.0195 0.0195 0.12 0.809017 0.587785 3.59914e-17 4.9538e-17 
0.0514779 0.065 0.065 0.2 0.0195 -0.0195 0.12 -0.587785 0.809017 -4.9538e-17 -3.59915e-17 
0.0507943 0.065 0.065 0.2 0.0195 -0.026 0.12 -0.309017 0.951057 -5.82354e-17 -1.89218e-17 
0.0507925 0.065 0.065 0.2 -0.0195 0.026 0.12 0.951057 0.309017 1.89218e-17 5.82354e-17 
0.0507539 0.065 0.065 0.2 0.026 -1.73472e-18 0.12 0.809017 -0.587785 -3.59914e-17 4.9538e-17 
0.050742 0.065 0.065 0.2 -0.026 -1.73472e-18 0.12 0.587785 0.809017 -4.9538e-17 3.59915e-17 
0.050396 0.065 0.065 0.2 0.0195 -0.0525 -0.02 -0.572061 0.415627 0.415627 0.572062 
0.0497047 0.065 0.065 0.2 0.0325 -0.013 0.12 -0.309017 0.951057 -5.82354e-17 -1.89218e-17 
0.049698 0.065 0.065 0.2 -0.0325 0.013 0.12 0.951057 0.309017 1.89218e-17 5.82354e-17 
0.0478795 0.065 0.065 0.2 0.0325 -1.73472e-18 0.12 -0.587785 0.809017 -4.9538e-17 -3.59915e-17 
0.0478603 0.065 0.065 0.2 -0.0325 -1.73472e-18 0.12 0.809017 0.587785 3.59914e-17 4.9538e-17 
0.0475252 0.065 0.065 0.2 -0.026 -0.0195 0.12 0.587785 0.809017 -4.9538e-17 3.59915e-17 
0.0474932 0.065 0.065 0.2 0.026 0.0195 0.12 0.809017 -0.587785 -3.59914e-17 4.9538e-17 
0.0461791 0.065 0.065 0.2 -0.0325 0.026 0.12 0.951057 0.309017 1.89218e-17 5.82354e-17 
0.0461767 0.065 0.065 0.2 0.0325 -0.026 0.12 -0.309017 0.951057 -5.82354e-17 -1.89218e-17 
0.0457788 0.065 0.065 0.2 0.0195 0.0525 0.06 0.572061 -0.415627 0.415627 0.572062 
0.0442062 0.065 0.065 0.2 0.0195 0.026 0.12 0.809017 -0.587785 -3.59914e-17 4.9538e-17 
0.0442042 0.065 0.065 0.2 0.026 0.0525 0.08 0.572061 -0.415627 0.415627 0.572062 
0.0442024 0.065 0.065 0.2 -0.0195 -0.026 0.12 0.587785 0.809017 -4.9538e-17 3.59915e-17 
0.0439916 0.065 0.065 0.2 0.0195 0.0525 0.04 0.572061 -0.415627 0.415627 0.572062 
0.0435303 0.065 0.065 0.2 0.026 -0.013 0.12 -0.309017 0.951057 -5.82354e-17 -1.89218e-17 
0.0435223 0.065 0.065 0.2 -0.026 0.013 0.12 0.951057 0.309017 1.89218e-17 5.82354e-17 
0.0414985 0.065 0.065 0.2 -0.0325 0.0195 0.12 0.809017 0.587785 3.59914e-17 4.9538e-17 
0.041244 0.065 0.065 0.2 0.0325 -0.0195 0.12 -0.587785 0.809017 -4.9538e-17 -3.59915e-17 
0.0409813 0.065 0.065 0.2 -0.026 0.026 0.12 1 0 0 6.12323e-17 
0.0409781 0.065 0.065 0.2 0.026 -0.026 0.12 6.12323e-17 1 -6.12323e-17 3.7494e-33 
0.040168 0.065 0.065 0.2 -0.0195 0.0065 0.12 0.809017 0.587785 3.59914e-17 4.9538e-17 
0.0401483 0.065 0.065 0.2 -0.026 -0.026 0.12 0.587785 0.809017 -4.9538e-17 3.59915e-17 
0.0401397 0.065 0.065 0.2 0.0195 -0.0065 0.12 -0.587785 0.809017 -4.9538e-17 -3.59915e-17 
0.0401247 0.065 0.065 0.2 0.026 0.026 0.12 0.809017 -0.587785 -3.59914e-17 4.9538e-17 
0.0388053 0.065 0.065 0.2 -0.026 0.026 0.12 0.951057 0.309017 1.89218e-17 5.82354e-17 
0.0388023 0.065 0.065 0.2 0.026 -0.026 0.12 -0.309017 0.951057 -5.82354e-17 -1.89218e-17 
0.0386824 0.065 0.065 0.2 -0.0195 -0.0525 0.02 -0.415627 -0.572061 -0.572061 0.415629 
0.0383297 0.065 0.065 0.2 -0.0195 -0.0525 0.04 -0.415627 -0.572061 -0.572061 0.415629 
0.0350013 0.065 0.065 0.2 -0.013 -0.0195 0.12 0.309017 0.951057 -5.82354e-17 1.89218e-17 
0.035001 0.065 0.065 0.2 0.013 0.0195 0.12 0.951057 -0.309017 -1.89218e-17 5.82354e-17 
0.0349138 0.065 0.065 0.2 0.026 -0.0195 0.12 -0.587785 0.809017 -4.9538e-17 -3.59915e-17 
0.0347687 0.065 0.065 0.2 -0.026 0.0195 0.12 0.809017 0.587785 3.59914e-17 4.9538e-17 
0.0342979 0.065 0.065 0.2 -0.026 0.0525 -0.02 0.415627 0.572061 -0.572061 0.415629 
0.0342689 0.065 0.065 0.2 -0.0195 -0.026 0.12 0.309017 0.951057 -5.82354e-17 1.89218e-17 
0.034266 0.065 0.065 0.2 0.0195 0.026 0.12 0.951057 -0.309017 -1.89218e-17 5.82354e-17 
0.0340838 0.065 0.065 0.2 0.0325 0.0525 6.93889e-18 0.572061 -0.415627 0.415627 0.572062 
0.0322714 0.065 0.065 0.2 0.0325 -0.0195 0.12 -0.309017 0.951057 -5.82354e-17 -1.89218e-17 
0.0322701 0.065 0.065 0.2 -0.0325 0.0195 0.12 0.951057 0.309017 1.89218e-17 5.82354e-17 
0.0320204 0.065 0.065 0.2 0.026 -0.0065 0.12 0.809017 -0.587785 -3.59914e-17 4.9538e-17 
0.0320081 0.065 0.065 0.2 -0.026 0.0065 0.12 0.587785 0.809017 -4.9538e-17 3.59915e-17 
0.0311141 0.065 0.065 0.2 0.026 -0.0525 -0.02 -0.572061 0.415627 0.415627 0.572062 
0.0309796 0.065 0.065 0.2 -1.73472e-18 0.0195 0.12 0.951057 -0.309017 -1.89218e-17 5.82354e-17 
0.0309709 0.065 0.065 0.2 -1.73472e-18 -0.0195 0.12 0.309017 0.951057 -5.82354e-17 1.89218e-17 
0.0308966 0.065 0.065 0.2 0.026 -0.026 0.12 -0.587785 0.809017 -4.9538e-17 -3.59915e-17 
0.0307433 0.065 0.065 0.2 -0.026 0.026 0.12 0.809017 0.587785 3.59914e-17 4.9538e-17 
0.0303727 0.065 0.065 0.2 -0.0325 0.026 0.12 1 0 0 6.12323e-17 
0.0303505 0.065 0.065 0.2 0.0325 -0.026 0.12 6.12323e-17 1 -6.12323e-17 3.7494e-33 
0.0300123 0.065 0.065 0.2 -0.026 0.0325 0.12 0.587785 0.809017 -4.9538e-17 3.59915e-17 
0.0299281 0.065 0.065 0.2 0.026 -0.0325 0.12 0.809017 -0.587785 -3.59914e-17 4.9538e-17 
0.0293505 0.065 0.065 0.2 0.0325 0.026 0.12 0.951057 -0.309017 -1.89218e-17 5.82354e-17 
0.029345 0.065 0.065 0.2 -0.0325 -0.026 0.12 0.309017 0.951057 -5.82354e-17 1.89218e-17 
0.0289204 0.065 0.065 0.2 0.0065 0.0195 0.12 0.951057 -0.309017 -1.89218e-17 5.82354e-17 
0.0289179 0.065 0.065 0.2 0.0065 0.026 0.12 0.951057 -0.309017 -1.89218e-17 5.82354e-17 
0.0289169 0.065 0.065 0.2 -0.0065 -0.0195 0.12 0.309017 0.951057 -5.82354e-17 1.89218e-17 
0.0289052 0.065 0.065 0.2 -0.0065 -0.026 0.12 0.309017 0.951057 -5.82354e-17 1.89218e-17 
0.027489 0.065 0.065 0.2 -0.013 -0.026 0.12 6.12323e-17 1 -6.12323e-17 3.7494e-33 
0.0274844 0.065 0.065 0.2 0.013 0.026 0.12 1 0 0 6.12323e-17 
0.0274629 0.065 0.065 0.2 -0.013 0.0325 0.12 0.951057 0.309017 1.89218e-17 5.82354e-17 
0.0274611 0.065 0.065 0.2 0.013 -0.0325 0.12 -0.309017 0.951057 -5.82354e-17 -1.89218e-17 
0.0268245 0.065 0.065 0.2 -0.026 0.0525 6.93889e-18 0.415627 0.572061 -0.572061 0.415629 
0.0268011 0.065 0.065 0.2 -0.0325 0.0525 0.04 0.415627 0.572061 -0.572061 0.415629 
0.0265836 0.065 0.065 0.2 -0.0195 0.0325 0.12 0.587785 0.809017 -4.9538e-17 3.59915e-17 
0.0265684 0.065 0.065 0.2 0.0195 -0.0325 0.12 0.809017 -0.587785 -3.59914e-17 4.9538e-17 
0.0259403 0.065 0.065 0.2 -0.026 0.0195 0.12 0.951057 0.309017 1.89218e-17 5.82354e-17 
0.0259382 0.065 0.065 0.2 0.026 -0.0195 0.12 -0.309017 0.951057 -5.82354e-17 -1.89218e-17 
0.0233932 0.065 0.065 0.2 -0.0325 0.0525 0.06 0.415627 0.572061 -0.572061 0.415629 
0.0231075 0.065 0.065 0.2 -0.026 0.0525 0.08 0.415627 0.572061 -0.572061 0.415629 
0.0229264 0.065 0.065 0.2 0.0195 -0.013 0.12 0.809017 -0.587785 -3.59914e-17 4.9538e-17 
0.0229091 0.065 0.065 0.2 -0.0195 0.013 0.12 0.587785 0.809017 -4.9538e-17 3.59915e-17 
0.0226374 0.065 0.065 0.2 -0.0195 0.0525 0.04 0.415627 0.572061 -0.572061 0.415629 
0.0214388 0.065 0.065 0.2 -0.0325 -0.0525 0.02 -0.415627 -0.572061 -0.572061 0.415629 
0.0211097 0.065 0.065 0.2 0.0065 0.0325 0.12 0.809017 -0.587785 -3.59914e-17 4.9538e-17 
0.0211019 0.065 0.065 0.2 -0.0065 -0.0325 0.12 0.587785 0.809017 -4.9538e-17 3.59915e-17 
0.0200284 0.065 0.065 0.2 -0.013 -0.0195 0.12 6.12323e-17 1 -6.12323e-17 3.7494e-33 
0.0200098 0.065 0.065 0.2 0.013 0.0195 0.12 1 0 0 6.12323e-17 
0.0177407 0.065 0.065 0.2 0.0195 -0.0525 0.04 -0.572061 0.415627 0.415627 0.572062 
0.017263 0.065 0.065 0.2 0.026 0.0525 0.08 0.218508 -0.672499 0.672499 0.218502 
0.0170052 0.065 0.065 0.2 0.0325 0.0525 0.08 0.218508 -0.672499 0.672499 0.218502 
0.0165625 0.065 0.065 0.2 0.026 -0.0525 6.93889e-18 -0.572061 0.415627 0.415627 0.572062 
0.01514 0.065 0.065 0.2 0.0325 -0.026 0.12 0.809017 -0.587785 -3.59914e-17 4.9538e-17 
0.015108 0.065 0.065 0.2 -0.0325 0.026 0.12 0.587785 0.809017 -4.9538e-17 3.59915e-17 
0.0145491 0.065 0.065 0.2 -0.026 -0.026 0.12 6.12323e-17 1 -6.12323e-17 3.7494e-33 
0.014535 0.065 0.065 0.2 -0.0325 0.0525 0.02 0.415627 0.572061 -0.572061 0.415629 
0.0145101 0.065 0.065 0.2 0.026 0.026 0.12 1 0 0 6.12323e-17 
0.0144116 0.065 0.065 0.2 0.026 0.0325 0.12 0.809017 -0.587785 -3.59914e-17 4.9538e-17 
0.0143708 0.065 0.065 0.2 -0.026 -0.0325 0.12 0.587785 0.809017 -4.9538e-17 3.59915e-17 
0.0141035 0.065 0.065 0.2 -0.0325 -0.0525 6.93889e-18 -0.415627 -0.572061 -0.572061 0.415629 
0.0138779 0.065 0.065 0.2 -0.0195 -0.026 0.12 6.12323e-17 1 -6.12323e-17 3.7494e-33 
0.0138273 0.065 0.065 0.2 0.0195 0.026 0.12 1 0 0 6.12323e-17 
0.0129311 0.065 0.065 0.2 -0.0195 0.0325 0.12 0.809017 0.587785 3.59914e-17 4.9538e-17 
0.0128711 0.065 0.065 0.2 0.0195 -0.0325 0.12 -0.587785 0.809017 -4.9538e-17 -3.59915e-17 
0.011998 0.065 0.065 0.2 -0.0195 0.026 0.12 0.809017 0.587785 3.59914e-17 4.9538e-17 
0.0118803 0.065 0.065 0.2 0.0195 -0.026 0.12 -0.587785 0.809017 -4.9538e-17 -3.59915e-17 
0.0117127 0.065 0.065 0.2 -0.0195 -0.0065 0.12 0.809017 0.587785 3.59914e-17 4.9538e-17 
0.0116902 0.065 0.065 0.2 -0.0325 -0.0525 0.08 -0.415627 -0.572061 -0.572061 0.415629 
0.0116344 0.065 0.065 0.2 0.0195 0.0065 0.12 -0.587785 0.809017 -4.9538e-17 -3.59915e-17 
0.011199 0.065 0.065 0.2 0.0325 0.0525 0.06 0.572061 -0.415627 0.415627 0.572062 
0.0104581 0.065 0.065 0.2 -0.026 -0.0525 0.08 -0.415627 -0.572061 -0.572061 0.415629 
0.0104227 0.065 0.065 0.2 -0.026 0.0525 0.06 0.415627 0.572061 -0.572061 0.415629 
0.00980997 0.065 0.065 0.2 0.0195 -0.0195 0.12 6.12323e-17 1 -6.12323e-17 3.7494e-33 
0.00979242 0.065 0.065 0.2 -0.0195 0.0195 0.12 1 0 0 6.12323e-17 
0.00839414 0.065 0.065 0.2 -0.013 -0.026 0.12 0.309017 0.951057 -5.82354e-17 1.89218e-17 
0.00838755 0.065 0.065 0.2 0.013 0.026 0.12 0.951057 -0.309017 -1.89218e-17 5.82354e-17 
0.00747741 0.065 0.065 0.2 0.0325 0.013 0.12 0.809017 -0.587785 -3.59914e-17 4.9538e-17 
0.00745653 0.065 0.065 0.2 -0.0325 -0.013 0.12 0.587785 0.809017 -4.9538e-17 3.59915e-17 
0.00683427 0.065 0.065 0.2 -0.0195 -0.0525 0.06 -0.415627 -0.572061 -0.572061 0.415629 
0.00252312 0.065 0.065 0.2 -1.73472e-18 0.0325 0.12 0.951057 -0.309017 -1.89218e-17 5.82354e-17 
0.0025224 0.065 0.065 0.2 -1.73472e-18 -0.0325 0.12 0.309017 0.951057 -5.82354e-17 1.89218e-17 
0.00216812 0.065 0.065 0.2 0.0525 0.026 0.08 -0.672498 -0.218508 0.672499 0.218508 
0.00216435 0.065 0.065 0.2 -0.0525 -0.026 0.08 -0.218508 0.672498 -0.218508 0.672499 
0.00209723 0.065 0.065 0.2 0.0325 0.0525 0.06 0.415627 -0.572061 0.572061 0.415629 
0.00183644 0.065 0.065 0.2 0.026 -0.013 0.12 0.809017 -0.587785 -3.59914e-17 4.9538e-17 
0.00182475 0.065 0.065 0.2 -0.026 0.013 0.12 0.587785 0.809017 -4.9538e-17 3.59915e-17 
0.00136131 0.065 0.065 0.2 0.026 0.0525 0.06 0.415627 -0.572061 0.572061 0.415629 
0.000847816 0.065 0.065 0.2 0.0325 0.0525 0.02 0.572061 -0.415627 0.415627 0.572062 
0.000691935 0.065 0.065 0.2 0.0195 0.0525 0.06 0.415627 -0.572061 0.572061 0.415629 
0.000208696 0.065 0.065 0.2 -0.0325 -0.0525 0.08 -0.572061 -0.415627 -0.415627 0.572062 
0.000183105 0.065 0.065 0.2 0.0325 -0.0525 0.06 -0.572061 0.415627 0.415627 0.572062 
8.97302e-05 0.065 0.065 0.2 0.0525 -0.0325 0.08 -0.415627 -0.572061 0.415627 0.572062 
7.04871e-05 0.065 0.065 0.2 -0.0195 -0.0525 0.08 -0.572061 -0.415627 -0.415627 0.572062 
6.45325e-05 0.065 0.065 0.2 -0.026 -0.0525 0.08 -0.572061 -0.415627 -0.415627 0.572062 
4.29674e-05 0.065 0.065 0.2 -0.0525 -0.026 0.08 0 0.707107 0 0.707106 
3.71095e-05 0.065 0.065 0.2 -0.0525 -0.026 0.06 0 0.707107 0 0.707106 
3.54932e-05 0.065 0.065 0.2 -0.0195 -0.0525 0.06 -0.572061 -0.415627 -0.415627 0.572062 
3.01969e-05 0.065 0.065 0.2 -0.0525 -0.026 0.04 0 0.707107 0 0.707106 
2.99654e-05 0.065 0.065 0.2 -0.0525 0.0325 0.08 -0.572061 0.415627 -0.572061 0.415629 
2.73447e-05 0.065 0.065 0.2 -0.026 -0.0525 0.06 -0.572061 -0.415627 -0.415627 0.572062 
2.36915e-05 0.065 0.065 0.2 -0.0525 -0.026 0.02 0 0.707107 0 0.707106 
2.36886e-05 0.065 0.065 0.2 -0.0525 0.026 -0.02 0.707107 -4.32978e-17 0.707107 -4.32978e-17 
2.36483e-05 0.065 0.065 0.2 0.0525 -0.026 -0.02 0 -0.707107 0 0.707106 
1.89699e-05 0.065 0.065 0.2 -0.0525 -0.026 6.93889e-18 0 0.707107 0 0.707106 
1.89643e-05 0.065 0.065 0.2 -0.0525 0.026 6.93889e-18 0.707107 -4.32978e-17 0.707107 -4.32978e-17 
1.89284e-05 0.065 0.065 0.2 0.0525 -0.026 6.93889e-18 0 -0.707107 0 0.707106 
1.53185e-05 0.065 0.065 0.2 -0.0525 0.026 0.02 0.707107 -4.32978e-17 0.707107 -4.32978e-17 
1.52829e-05 0.065 0.065 0.2 0.0525 -0.026 0.02 0 -0.707107 0 0.707106 
1.12833e-05 0.065 0.065 0.2 -0.0525 0.026 0.04 0.707107 -4.32978e-17 0.707107 -4.32978e-17 
1.12586e-05 0.065 0.065 0.2 0.0525 -0.026 0.04 0 -0.707107 0 0.707106 
7.66669e-06 0.065 0.065 0.2 -0.0525 0.026 0.06 0.707107 -4.32978e-17 0.707107 -4.32978e-17 
7.63897e-06 0.065 0.065 0.2 0.0525 -0.026 0.06 0 -0.707107 0 0.707106 
6.83251e-06 0.065 0.065 0.2 -0.0525 0.026 0.08 0.707107 -4.32978e-17 0.707107 -4.32978e-17 
6.80327e-06 0.065 0.065 0.2 0.0525 -0.026 0.08 0 -0.707107 0 0.707106 
2.14881e-06 0.065 0.065 0.2 -0.0525 0.026 0.08 -0.672498 0.218508 -0.672499 0.218508 
1.82257e-06 0.065 0.065 0.2 -0.0525 0.0325 0.06 -0.672498 0.218508 -0.672499 0.218508 
9.82324e-07 0.065 0.065 0.2 -0.0525 0.0325 0.08 -0.672498 0.218508 -0.672499 0.218508 
8.63461e-07 0.065 0.065 0.2 0.0525 -0.026 0.08 -0.218508 -0.672498 0.218508 0.672499 
6.94858e-07 0.065 0.065 0.2 0.0525 0.026 6.93889e-18 0.707107 -4.32978e-17 -0.707107 4.32978e-17 
6.83528e-07 0.065 0.065 0.2 0.0525 -0.0325 0.08 -0.218508 -0.672498 0.218508 0.672499 
6.12462e-07 0.065 0.065 0.2 0.0525 0.0325 0.08 0.707107 -4.32978e-17 -0.707107 4.32978e-17 
4.62336e-07 0.065 0.065 0.2 0.0525 0.026 0.02 0.707107 -4.32978e-17 -0.707107 4.32978e-17 
4.26314e-07 0.065 0.065 0.2 0.0525 0.0325 0.06 0.707107 -4.32978e-17 -0.707107 4.32978e-17 
3.68409e-07 0.065 0.065 0.2 -0.0325 -0.0525 0.08 -0.672499 -0.218508 -0.218508 0.672498 
3.0856e-07 0.065 0.065 0.2 -0.0525 0.0195 0.08 -0.672498 0.218508 -0.672499 0.218508 
1.51697e-07 0.065 0.065 0.2 0.0525 0.0325 0.04 0.707107 -4.32978e-17 -0.707107 4.32978e-17 
1.40808e-07 0.065 0.065 0.2 0.0525 0.026 0.04 0.707107 -4.32978e-17 -0.707107 4.32978e-17 
-1.897e-07 0.065 0.065 0.2 0.0525 0.026 0.06 0.707107 -4.32978e-17 -0.707107 4.32978e-17 
-2.53872e-07 0.065 0.065 0.2 0.0525 0.0325 0.02 0.707107 -4.32978e-17 -0.707107 4.32978e-17 
-4.13377e-07 0.065 0.065 0.2 0.0525 0.026 0.08 0.707107 -4.32978e-17 -0.707107 4.32978e-17 
-7.53401e-07 0.065 0.065 0.2 0.0525 0.0325 6.93889e-18 0.707107 -4.32978e-17 -0.707107 4.32978e-17 
-1.14711e-06 0.065 0.065 0.2 0.0525 -0.0325 0.06 -0.218508 -0.672498 0.218508 0.672499 
-1.17701e-06 0.065 0.065 0.2 0.0525 -0.0195 0.08 -0.218508 -0.672498 0.218508 0.672499 
-1.40009e-06 0.065 0.065 0.2 -0.026 -0.0525 0.08 -0.672499 -0.218508 -0.218508 0.672498 
-8.16427e-06 0.065 0.065 0.2 -0.0525 0.0195 0.08 0.707107 -4.32978e-17 0.707107 -4.32978e-17 
-8.17733e-06 0.065 0.065 0.2 0.0525 -0.0195 0.08 0 -0.707107 0 0.707106 
-8.88816e-06 0.065 0.065 0.2 -0.0525 0.0195 0.06 0.707107 -4.32978e-17 0.707107 -4.32978e-17 
-8.91056e-06 0.065 0.065 0.2 0.0525 -0.0195 0.06 0 -0.707107 0 0.707106 
-2.44185e-05 0.065 0.065 0.2 -0.0525 0.0325 0.08 0.707107 -4.32978e-17 0.707107 -4.32978e-17 
-2.44319e-05 0.065 0.065 0.2 0.0525 -0.0325 0.08 0 -0.707107 0 0.707106 
-3.14912e-05 0.065 0.065 0.2 -0.0525 0.0325 0.06 0.707107 -4.32978e-17 0.707107 -4.32978e-17 
-3.1521e-05 0.065 0.065 0.2 0.0525 -0.0325 0.06 0 -0.707107 0 0.707106 
-4.05631e-05 0.065 0.065 0.2 -0.0525 0.0325 0.04 0.707107 -4.32978e-17 0.707107 -4.32978e-17 
-4.05784e-05 0.065 0.065 0.2 0.0525 -0.0325 0.04 0 -0.707107 0 0.707106 
-5.2381e-05 0.065 0.065 0.2 0.0525 -0.0325 0.02 0 -0.707107 0 0.707106 
-5.23835e-05 0.065 0.065 0.2 -0.0525 0.0325 0.02 0.707107 -4.32978e-17 0.707107 -4.32978e-17 
-6.61779e-05 0.065 0.065 0.2 -0.0525 -0.0325 6.93889e-18 0 0.707107 0 0.707106 
-6.62351e-05 0.065 0.065 0.2 0.0525 -0.0325 6.93889e-18 0 -0.707107 0 0.707106 
-6.62423e-05 0.065 0.065 0.2 -0.0525 0.0325 6.93889e-18 0.707107 -4.32978e-17 0.707107 -4.32978e-17 
-8.01255e-05 0.065 0.065 0.2 -0.0525 -0.0325 0.02 0 0.707107 0 0.707106 
-8.01641e-05 0.065 0.065 0.2 -0.0525 0.0325 -0.02 0.707107 -4.32978e-17 0.707107 -4.32978e-17 
-8.01678e-05 0.065 0.065 0.2 0.0525 -0.0325 -0.02 0 -0.707107 0 0.707106 
-9.34506e-05 0.065 0.065 0.2 -0.0525 -0.0325 0.04 0 0.707107 0 0.707106 
-0.000106973 0.065 0.065 0.2 -0.0525 -0.0325 0.06 0 0.707107 0 0.707106 
-0.000119798 0.065 0.065 0.2 -0.0525 -0.0325 0.08 0 0.707107 0 0.707106 
-0.000125121 0.065 0.065 0.2 -0.0325 -0.0525 0.06 -0.572061 -0.415627 -0.415627 0.572062 
-0.000650564 0.065 0.065 0.2 0.0525 -0.0325 0.08 0.218508 -0.672498 -0.218508 0.672499 
-0.000663123 0.065 0.065 0.2 -0.0525 0.0325 0.08 0.672498 0.218508 0.672499 0.218508 
-0.00101492 0.065 0.065 0.2 0.0525 -0.0325 0.06 0.218508 -0.672498 -0.218508 0.672499 
-0.00102921 0.065 0.065 0.2 -0.0525 0.0325 0.06 0.672498 0.218508 0.672499 0.218508 
-0.00119331 0.065 0.065 0.2 -0.026 -0.0195 0.12 6.12323e-17 1 -6.12323e-17 3.7494e-33 
-0.00120272 0.065 0.065 0.2 0.026 0.0195 0.12 1 0 0 6.12323e-17 
-0.00121938 0.065 0.065 0.2 -0.0195 -0.0195 0.12 6.12323e-17 1 -6.12323e-17 3.7494e-33 
-0.00123686 0.065 0.065 0.2 0.0195 0.0195 0.12 1 0 0 6.12323e-17 
-0.00129331 0.065 0.065 0.2 -0.0195 -0.0525 0.08 -0.415627 -0.572061 -0.572061 0.415629 
-0.00142147 0.065 0.065 0.2 -0.0195 -1.73472e-18 0.12 0.809017 0.587785 3.59914e-17 4.9538e-17 
-0.00144628 0.065 0.065 0.2 0.0195 -1.73472e-18 0.12 -0.587785 0.809017 -4.9538e-17 -3.59915e-17 
-0.0014867 0.065 0.065 0.2 0.0525 -0.0325 0.04 0.218508 -0.672498 -0.218508 0.672499 
-0.00149183 0.065 0.065 0.2 -0.0525 -0.0325 -0.04 -0.218508 0.672498 -0.218508 0.672499 
-0.00150245 0.065 0.065 0.2 -0.0525 0.0325 0.04 0.672498 0.218508 0.672499 0.218508 
-0.00158896 0.065 0.065 0.2 0.0525 0.0325 -0.04 -0.672498 -0.218508 0.672499 0.218508 
-0.00201157 0.065 0.065 0.2 0.0195 0.0525 0.08 0.415627 -0.572061 0.572061 0.415629 
-0.00206087 0.065 0.065 0.2 0.0525 -0.0325 0.02 0.218508 -0.672498 -0.218508 0.672499 
-0.0020664 0.065 0.065 0.2 -0.0525 -0.0325 -0.02 -0.218508 0.672498 -0.218508 0.672499 
-0.00207123 0.065 0.065 0.2 0.0525 0.0325 -0.02 -0.672498 -0.218508 0.672499 0.218508 
-0.00207637 0.065 0.065 0.2 -0.0525 0.0325 0.02 0.672498 0.218508 0.672499 0.218508 
-0.00271958 0.065 0.065 0.2 -0.0525 -0.0325 6.93889e-18 -0.218508 0.672498 -0.218508 0.672499 
-0.0027301 0.065 0.065 0.2 0.0525 0.0325 6.93889e-18 -0.672498 -0.218508 0.672499 0.218508 
-0.00279107 0.065 0.065 0.2 0.026 0.0525 0.08 0.415627 -0.572061 0.572061 0.415629 
-0.00327444 0.065 0.065 0.2 0.0325 0.0525 0.04 0.572061 -0.415627 0.415627 0.572062 
-0.00342557 0.065 0.065 0.2 -0.0525 -0.0325 0.02 -0.218508 0.672498 -0.218508 0.672499 
-0.00343379 0.065 0.065 0.2 0.0525 0.0325 0.02 -0.672498 -0.218508 0.672499 0.218508 
-0.00369219 0.065 0.065 0.2 0.0325 0.0525 0.08 0.415627 -0.572061 0.572061 0.415629 
-0.00413816 0.065 0.065 0.2 -0.0525 -0.0325 0.04 -0.218508 0.672498 -0.218508 0.672499 
-0.00414466 0.065 0.065 0.2 0.0525 0.0325 0.04 -0.672498 -0.218508 0.672499 0.218508 
-0.00440917 0.065 0.065 0.2 0.0325 0.0325 0.12 0.809017 -0.587785 -3.59914e-17 4.9538e-17 
-0.00442496 0.065 0.065 0.2 -0.0325 -0.0325 0.12 0.587785 0.809017 -4.9538e-17 3.59915e-17 
-0.0045536 0.065 0.065 0.2 -0.0195 -0.0325 0.12 0.587785 0.809017 -4.9538e-17 3.59915e-17 
-0.00456575 0.065 0.065 0.2 0.0195 0.0325 0.12 0.809017 -0.587785 -3.59914e-17 4.9538e-17 
-0.00478576 0.065 0.065 0.2 -0.0525 -0.0325 0.06 -0.218508 0.672498 -0.218508 0.672499 
-0.00479037 0.065 0.065 0.2 0.0525 0.0325 0.06 -0.672498 -0.218508 0.672499 0.218508 
-0.00535297 0.065 0.065 0.2 0.0325 -0.0525 0.04 -0.572061 0.415627 0.415627 0.572062 
-0.00535495 0.065 0.065 0.2 0.0525 0.0325 0.08 -0.672498 -0.218508 0.672499 0.218508 
-0.00535537 0.065 0.065 0.2 -0.0525 -0.0325 0.08 -0.218508 0.672498 -0.218508 0.672499 
-0.00559662 0.065 0.065 0.2 0.0325 0.0195 0.12 1 0 0 6.12323e-17 
-0.00560217 0.065 0.065 0.2 -0.0325 -0.0195 0.12 6.12323e-17 1 -6.12323e-17 3.7494e-33 
-0.0058432 0.065 0.065 0.2 0.0195 -0.0325 0.12 -0.309017 0.951057 -5.82354e-17 -1.89218e-17 
-0.00585237 0.065 0.065 0.2 -0.0195 0.0325 0.12 0.951057 0.309017 1.89218e-17 5.82354e-17 
-0.00591827 0.065 0.065 0.2 -0.0325 -0.026 0.12 6.12323e-17 1 -6.12323e-17 3.7494e-33 
-0.00592142 0.065 0.065 0.2 0.0325 0.026 0.12 1 0 0 6.12323e-17 
-0.00595873 0.065 0.065 0.2 0.026 0.0325 0.12 0.951057 -0.309017 -1.89218e-17 5.82354e-17 
-0.00596272 0.065 0.065 0.2 -0.026 -0.0325 0.12 0.309017 0.951057 -5.82354e-17 1.89218e-17 
-0.00711155 0.065 0.065 0.2 0.026 -0.0525 0.06 -0.572061 0.415627 0.415627 0.572062 
-0.00725948 0.065 0.065 0.2 0.0195 -0.0195 0.12 0.809017 -0.587785 -3.59914e-17 4.9538e-17 
-0.00732426 0.065 0.065 0.2 -0.0195 0.0195 0.12 0.587785 0.809017 -4.9538e-17 3.59915e-17 
-0.00767225 0.065 0.065 0.2 -0.013 -0.0325 0.12 0.587785 0.809017 -4.9538e-17 3.59915e-17 
-0.00770579 0.065 0.065 0.2 0.013 0.0325 0.12 0.809017 -0.587785 -3.59914e-17 4.9538e-17 
-0.00903654 0.065 0.065 0.2 0.0195 0.0525 0.08 0.572061 -0.415627 0.415627 0.572062 
-0.0094409 0.065 0.065 0.2 -0.0325 0.0525 6.93889e-18 0.415627 0.572061 -0.572061 0.415629 
-0.00966815 0.065 0.065 0.2 -0.0325 0.026 0.12 0.809017 0.587785 3.59914e-17 4.9538e-17 
-0.0099055 0.065 0.065 0.2 0.0325 -0.026 0.12 -0.587785 0.809017 -4.9538e-17 -3.59915e-17 
-0.0115113 0.065 0.065 0.2 -0.0325 -0.0525 0.04 -0.415627 -0.572061 -0.572061 0.415629 
-0.0118625 0.065 0.065 0.2 0.026 -1.73472e-18 0.12 -0.309017 0.951057 -5.82354e-17 -1.89218e-17 
-0.0118659 0.065 0.065 0.2 -0.026 -1.73472e-18 0.12 0.951057 0.309017 1.89218e-17 5.82354e-17 
-0.0123935 0.065 0.065 0.2 0.0325 -0.0525 0.02 -0.572061 0.415627 0.415627 0.572062 
-0.0124887 0.065 0.065 0.2 0.0325 -0.0325 0.12 0.809017 -0.587785 -3.59914e-17 4.9538e-17 
-0.0125322 0.065 0.065 0.2 0.026 -0.0525 0.08 -0.572061 0.415627 0.415627 0.572062 
-0.0126867 0.065 0.065 0.2 -0.0325 0.0325 0.12 0.587785 0.809017 -4.9538e-17 3.59915e-17 
-0.0129362 0.065 0.065 0.2 -0.0065 0.0325 0.12 0.951057 -0.309017 -1.89218e-17 5.82354e-17 
-0.0129438 0.065 0.065 0.2 0.0065 -0.0325 0.12 0.309017 0.951057 -5.82354e-17 1.89218e-17 
-0.0140064 0.065 0.065 0.2 0.026 -0.0325 0.12 -0.309017 0.951057 -5.82354e-17 -1.89218e-17 
-0.0140129 0.065 0.065 0.2 -0.026 0.0325 0.12 0.951057 0.309017 1.89218e-17 5.82354e-17 
-0.0141649 0.065 0.065 0.2 -0.026 0.0525 0.02 0.415627 0.572061 -0.572061 0.415629 
-0.0144153 0.065 0.065 0.2 -0.0325 -0.0325 0.12 6.12323e-17 1 -6.12323e-17 3.7494e-33 
-0.0144218 0.065 0.065 0.2 0.0325 0.0325 0.12 1 0 0 6.12323e-17 
-0.0145361 0.065 0.065 0.2 0.0195 -0.026 0.12 0.809017 -0.587785 -3.59914e-17 4.9538e-17 
-0.0145945 0.065 0.065 0.2 -0.0195 0.026 0.12 0.587785 0.809017 -4.9538e-17 3.59915e-17 
-0.0192048 0.065 0.065 0.2 0.0065 0.0325 0.12 0.951057 -0.309017 -1.89218e-17 5.82354e-17 
-0.0192066 0.065 0.065 0.2 -0.0065 -0.0325 0.12 0.309017 0.951057 -5.82354e-17 1.89218e-17 
-0.0217093 0.065 0.065 0.2 0.0325 0.0065 0.12 -0.587785 0.809017 -4.9538e-17 -3.59915e-17 
-0.0217199 0.065 0.065 0.2 -0.0325 -0.0065 0.12 0.809017 0.587785 3.59914e-17 4.9538e-17 
-0.0227914 0.065 0.065 0.2 0.0325 -0.0525 6.93889e-18 -0.572061 0.415627 0.415627 0.572062 
-0.022847 0.065 0.065 0.2 -0.026 0.0325 0.12 1 0 0 6.12323e-17 
-0.0228601 0.065 0.065 0.2 0.026 -0.0325 0.12 6.12323e-17 1 -6.12323e-17 3.7494e-33 
-0.0239032 0.065 0.065 0.2 0.0325 0.0195 0.12 0.809017 -0.587785 -3.59914e-17 4.9538e-17 
-0.0239263 0.065 0.065 0.2 -0.0325 -0.0195 0.12 0.587785 0.809017 -4.9538e-17 3.59915e-17 
-0.0248504 0.065 0.065 0.2 0.026 -0.0525 0.02 -0.572061 0.415627 0.415627 0.572062 
-0.0250134 0.065 0.065 0.2 0.0195 0.0325 0.12 0.951057 -0.309017 -1.89218e-17 5.82354e-17 
-0.0250163 0.065 0.065 0.2 -0.0195 -0.0325 0.12 0.309017 0.951057 -5.82354e-17 1.89218e-17 
-0.0253592 0.065 0.065 0.2 -0.0325 -0.026 0.12 0.587785 0.809017 -4.9538e-17 3.59915e-17 
-0.0253785 0.065 0.065 0.2 0.0325 0.026 0.12 0.809017 -0.587785 -3.59914e-17 4.9538e-17 
-0.0268134 0.065 0.065 0.2 0.026 -0.0195 0.12 0.809017 -0.587785 -3.59914e-17 4.9538e-17 
-0.0268138 0.065 0.065 0.2 -0.026 0.0195 0.12 0.587785 0.809017 -4.9538e-17 3.59915e-17 
-0.0287205 0.065 0.065 0.2 -0.0325 0.0325 0.12 0.809017 0.587785 3.59914e-17 4.9538e-17 
-0.0289102 0.065 0.065 0.2 0.0325 -0.0325 0.12 -0.587785 0.809017 -4.9538e-17 -3.59915e-17 
-0.0290749 0.065 0.065 0.2 -0.026 0.026 0.12 0.587785 0.809017 -4.9538e-17 3.59915e-17 
-0.029107 0.065 0.065 0.2 0.026 -0.026 0.12 0.809017 -0.587785 -3.59914e-17 4.9538e-17 
-0.0306387 0.065 0.065 0.2 0.0325 -0.0325 0.12 -0.309017 0.951057 -5.82354e-17 -1.89218e-17 
-0.03065 0.065 0.065 0.2 -0.0325 0.0325 0.12 0.951057 0.309017 1.89218e-17 5.82354e-17 
-0.0343997 0.065 0.065 0.2 0.0325 -0.0325 0.12 6.12323e-17 1 -6.12323e-17 3.7494e-33 
-0.0344053 0.065 0.065 0.2 -0.0325 0.0325 0.12 1 0 0 6.12323e-17 
-0.0354989 0.065 0.065 0.2 0.013 0.0325 0.12 0.951057 -0.309017 -1.89218e-17 5.82354e-17 
-0.0355112 0.065 0.065 0.2 -0.013 -0.0325 0.12 0.309017 0.951057 -5.82354e-17 1.89218e-17 
-0.0374775 0.065 0.065 0.2 0.0325 0.013 0.12 0.951057 -0.309017 -1.89218e-17 5.82354e-17 
-0.0374826 0.065 0.065 0.2 -0.0325 -0.013 0.12 0.309017 0.951057 -5.82354e-17 1.89218e-17 
-0.0394621 0.065 0.065 0.2 -0.026 0.0525 0.04 0.415627 0.572061 -0.572061 0.415629 
-0.0419531 0.065 0.065 0.2 0.026 -0.0525 0.04 -0.572061 0.415627 0.415627 0.572062 
-0.0443106 0.065 0.065 0.2 -0.0325 0.0525 0.08 0.415627 0.572061 -0.572061 0.415629 
-0.0476069 0.065 0.065 0.2 -0.0325 0.0525 -0.02 0.415627 0.572061 -0.572061 0.415629 
-0.0479789 0.065 0.065 0.2 0.0325 -0.0525 0.08 -0.572061 0.415627 0.415627 0.572062 
-0.0488308 0.065 0.065 0.2 0.0325 0.0195 0.12 0.951057 -0.309017 -1.89218e-17 5.82354e-17 
-0.0488413 0.065 0.065 0.2 -0.0325 -0.0195 0.12 0.309017 0.951057 -5.82354e-17 1.89218e-17 
-0.0490378 0.065 0.065 0.2 -0.0325 -0.0525 0.06 -0.415627 -0.572061 -0.572061 0.415629 
-0.0523302 0.065 0.065 0.2 -0.0325 -0.0325 0.12 0.309017 0.951057 -5.82354e-17 1.89218e-17 
-0.0523334 0.065 0.065 0.2 0.0325 0.0325 0.12 0.951057 -0.309017 -1.89218e-17 5.82354e-17 
-0.0548911 0.065 0.065 0.2 0.0325 -0.0525 -0.02 -0.572061 0.415627 0.415627 0.572062 
-0.0724149 0.065 0.065 0.2 0.0325 0.0525 0.08 0.572061 -0.415627 0.415627 0.572062 
-0.102228 0.065 0.065 0.2 -0.0325 -0.013 0.12 0.809017 0.587785 3.59914e-17 4.9538e-17 
-0.102322 0.065 0.065 0.2 0.0325 0.013 0.12 -0.587785 0.809017 -4.9538e-17 -3.59915e-17 
-0.16544 0.065 0.065 0.2 -0.0325 -0.0195 0.12 0.809017 0.587785 3.59914e-17 4.9538e-17 
-0.165637 0.065 0.065 0.2 0.0325 0.0195 0.12 -0.587785 0.809017 -4.9538e-17 -3.59915e-17 
-0.409695 0.065 0.065 0.2 -0.0325 0.0525 0.08 0.218508 0.672499 -0.672499 0.218502 
-0.504836 0.065 0.065 0.2 0.0325 -0.0525 0.08 -0.672499 0.218508 0.218508 0.672498 
