0.984702 0.05 0.05 0.1 0.005 0.045 0.04 0.218508 0.672499 -0.672499 0.218502 
0.921253 0.05 0.05 0.1 1.73472e-18 0.045 0.04 0.218508 0.672499 -0.672499 0.218502 
0.860348 0.05 0.05 0.1 -0.005 0.045 0.04 0.218508 0.672499 -0.672499 0.218502 
0.806788 0.05 0.05 0.1 -0.025 -0.005 0.07 0.309017 0.951057 -5.82354e-17 1.89218e-17 
0.802223 0.05 0.05 0.1 -0.01 0.045 0.04 0.218508 0.672499 -0.672499 0.218502 
0.79177 0.05 0.05 0.1 0.01 0.01 0.07 0.951057 -0.309017 -1.89218e-17 5.82354e-17 
0.773113 0.05 0.05 0.1 -0.01 -0.01 0.07 0.309017 0.951057 -5.82354e-17 1.89218e-17 
0.747111 0.05 0.05 0.1 -0.015 0.045 0.04 0.218508 0.672499 -0.672499 0.218502 
0.724546 0.05 0.05 0.1 0.015 0.01 0.07 0.951057 -0.309017 -1.89218e-17 5.82354e-17 
0.70913 0.05 0.05 0.1 -0.015 -0.01 0.07 0.309017 0.951057 -5.82354e-17 1.89218e-17 
0.695225 0.05 0.05 0.1 -0.02 0.045 0.04 0.218508 0.672499 -0.672499 0.218502 
0.666798 0.05 0.05 0.1 -0.025 0.045 0.03 0.218508 0.672499 -0.672499 0.218502 
0.646781 0.05 0.05 0.1 -0.025 0.045 0.04 0.218508 0.672499 -0.672499 0.218502 
0.629568 0.05 0.05 0.1 0.02 0.01 0.07 0.951057 -0.309017 -1.89218e-17 5.82354e-17 
0.617183 0.05 0.05 0.1 -0.02 -0.01 0.07 0.309017 0.951057 -5.82354e-17 1.89218e-17 
0.494821 0.05 0.05 0.1 -0.025 -0.01 0.07 0.309017 0.951057 -5.82354e-17 1.89218e-17 
0.485197 0.05 0.05 0.1 0.005 0.015 0.07 0.951057 -0.309017 -1.89218e-17 5.82354e-17 
0.481183 0.05 0.05 0.1 1.73472e-18 0.015 0.07 0.951057 -0.309017 -1.89218e-17 5.82354e-17 
0.476795 0.05 0.05 0.1 -0.005 -0.015 0.07 0.309017 0.951057 -5.82354e-17 1.89218e-17 
0.470966 0.05 0.05 0.1 0.01 0.015 0.07 0.951057 -0.309017 -1.89218e-17 5.82354e-17 
0.470365 0.05 0.05 0.1 1.73472e-18 -0.015 0.07 0.309017 0.951057 -5.82354e-17 1.89218e-17 
0.464641 0.05 0.05 0.1 -0.01 -0.015 0.07 0.309017 0.951057 -5.82354e-17 1.89218e-17 
0.461588 0.05 0.05 0.1 -0.005 0.015 0.07 0.951057 -0.309017 -1.89218e-17 5.82354e-17 
0.447869 0.05 0.05 0.1 0.005 -0.015 0.07 0.309017 0.951057 -5.82354e-17 1.89218e-17 
0.436005 0.05 0.05 0.1 0.015 0.015 0.07 0.951057 -0.309017 -1.89218e-17 5.82354e-17 
0.431334 0.05 0.05 0.1 -0.015 -0.015 0.07 0.309017 0.951057 -5.82354e-17 1.89218e-17 
0.419324 0.05 0.05 0.1 -0.025 0.01 0.07 1 0 0 6.12323e-17 
0.377574 0.05 0.05 0.1 0.02 0.015 0.07 0.951057 -0.309017 -1.89218e-17 5.82354e-17 
0.374302 0.05 0.05 0.1 -0.02 -0.015 0.07 0.309017 0.951057 -5.82354e-17 1.89218e-17 
0.343243 0.05 0.05 0.1 -0.02 0.01 0.07 1 0 0 6.12323e-17 
0.331721 0.05 0.05 0.1 0.02 -0.01 0.07 6.12323e-17 1 -6.12323e-17 3.7494e-33 
0.320434 0.05 0.05 0.1 -0.025 -0.025 0.07 0.809017 0.587785 3.59914e-17 4.9538e-17 
0.291005 0.05 0.05 0.1 -0.025 -0.015 0.07 0.309017 0.951057 -5.82354e-17 1.89218e-17 
0.270458 0.05 0.05 0.1 -0.015 0.01 0.07 1 0 0 6.12323e-17 
0.260942 0.05 0.05 0.1 -0.025 -0.02 0.07 0.809017 0.587785 3.59914e-17 4.9538e-17 
0.260119 0.05 0.05 0.1 0.01 0.02 0.07 0.951057 -0.309017 -1.89218e-17 5.82354e-17 
0.259541 0.05 0.05 0.1 -0.01 -0.02 0.07 0.309017 0.951057 -5.82354e-17 1.89218e-17 
0.259389 0.05 0.05 0.1 0.015 -0.01 0.07 6.12323e-17 1 -6.12323e-17 3.7494e-33 
0.255584 0.05 0.05 0.1 0.005 0.02 0.07 0.951057 -0.309017 -1.89218e-17 5.82354e-17 
0.254117 0.05 0.05 0.1 -0.005 -0.02 0.07 0.309017 0.951057 -5.82354e-17 1.89218e-17 
0.253678 0.05 0.05 0.1 -0.025 0.015 0.07 1 0 0 6.12323e-17 
0.249186 0.05 0.05 0.1 0.02 0.02 0.07 -0.587785 0.809017 -4.9538e-17 -3.59915e-17 
0.248968 0.05 0.05 0.1 -0.015 -0.02 0.07 0.309017 0.951057 -5.82354e-17 1.89218e-17 
0.248925 0.05 0.05 0.1 0.015 0.02 0.07 0.951057 -0.309017 -1.89218e-17 5.82354e-17 
0.238213 0.05 0.05 0.1 1.73472e-18 0.02 0.07 0.951057 -0.309017 -1.89218e-17 5.82354e-17 
0.235559 0.05 0.05 0.1 1.73472e-18 -0.02 0.07 0.309017 0.951057 -5.82354e-17 1.89218e-17 
0.235345 0.05 0.05 0.1 -0.02 -0.02 0.07 0.809017 0.587785 3.59914e-17 4.9538e-17 
0.233878 0.05 0.05 0.1 -0.015 0.045 0.03 0.415627 0.572061 -0.572061 0.415629 
0.224907 0.05 0.05 0.1 -0.01 0.045 0.04 0.415627 0.572061 -0.572061 0.415629 
0.221142 0.05 0.05 0.1 -0.02 0.045 0.03 0.415627 0.572061 -0.572061 0.415629 
0.219607 0.05 0.05 0.1 -0.02 -0.02 0.07 0.309017 0.951057 -5.82354e-17 1.89218e-17 
0.219114 0.05 0.05 0.1 0.02 0.02 0.07 0.951057 -0.309017 -1.89218e-17 5.82354e-17 
0.218231 0.05 0.05 0.1 -0.02 0.015 0.07 1 0 0 6.12323e-17 
0.216687 0.05 0.05 0.1 -0.025 -0.015 0.07 0.809017 0.587785 3.59914e-17 4.9538e-17 
0.214554 0.05 0.05 0.1 0.02 -0.015 0.07 6.12323e-17 1 -6.12323e-17 3.7494e-33 
0.213018 0.05 0.05 0.1 -0.015 0.045 0.04 0.415627 0.572061 -0.572061 0.415629 
0.210798 0.05 0.05 0.1 -0.005 0.02 0.07 0.951057 -0.309017 -1.89218e-17 5.82354e-17 
0.207776 0.05 0.05 0.1 -0.025 0.045 0.03 0.415627 0.572061 -0.572061 0.415629 
0.206513 0.05 0.05 0.1 0.005 -0.02 0.07 0.309017 0.951057 -5.82354e-17 1.89218e-17 
0.201944 0.05 0.05 0.1 -0.01 0.01 0.07 1 0 0 6.12323e-17 
0.200226 0.05 0.05 0.1 -0.02 0.045 0.04 0.415627 0.572061 -0.572061 0.415629 
0.199358 0.05 0.05 0.1 0.02 0.015 0.07 -0.587785 0.809017 -4.9538e-17 -3.59915e-17 
0.19127 0.05 0.05 0.1 0.01 -0.01 0.07 6.12323e-17 1 -6.12323e-17 3.7494e-33 
0.186807 0.05 0.05 0.1 -0.025 0.045 0.04 0.415627 0.572061 -0.572061 0.415629 
0.186251 0.05 0.05 0.1 -0.02 -0.015 0.07 0.809017 0.587785 3.59914e-17 4.9538e-17 
0.184251 0.05 0.05 0.1 -0.025 -0.01 0.07 0.809017 0.587785 3.59914e-17 4.9538e-17 
0.183255 0.05 0.05 0.1 -0.015 0.015 0.07 1 0 0 6.12323e-17 
0.179836 0.05 0.05 0.1 0.015 -0.015 0.07 6.12323e-17 1 -6.12323e-17 3.7494e-33 
0.176226 0.05 0.05 0.1 -0.01 0.02 0.07 0.951057 -0.309017 -1.89218e-17 5.82354e-17 
0.169873 0.05 0.05 0.1 0.01 -0.02 0.07 0.309017 0.951057 -5.82354e-17 1.89218e-17 
0.168627 0.05 0.05 0.1 -0.025 -0.02 0.07 0.309017 0.951057 -5.82354e-17 1.89218e-17 
0.160793 0.05 0.05 0.1 -0.025 -0.005 0.07 0.809017 0.587785 3.59914e-17 4.9538e-17 
0.158761 0.05 0.05 0.1 0.02 0.01 0.07 -0.587785 0.809017 -4.9538e-17 -3.59915e-17 
0.156961 0.05 0.05 0.1 -0.015 -0.005 0.07 0.587785 0.809017 -4.9538e-17 3.59915e-17 
0.155165 0.05 0.05 0.1 -0.015 -0.01 0.07 0.587785 0.809017 -4.9538e-17 3.59915e-17 
0.15124 0.05 0.05 0.1 -0.02 -0.01 0.07 0.809017 0.587785 3.59914e-17 4.9538e-17 
0.149382 0.05 0.05 0.1 -0.01 0.015 0.07 1 0 0 6.12323e-17 
0.148689 0.05 0.05 0.1 -0.025 0.02 0.07 1 0 0 6.12323e-17 
0.148318 0.05 0.05 0.1 -0.01 -0.015 0.07 0.587785 0.809017 -4.9538e-17 3.59915e-17 
0.146164 0.05 0.05 0.1 0.01 -0.015 0.07 6.12323e-17 1 -6.12323e-17 3.7494e-33 
0.143722 0.05 0.05 0.1 -0.015 1.73472e-18 0.07 0.587785 0.809017 -4.9538e-17 3.59915e-17 
0.143445 0.05 0.05 0.1 -0.025 1.73472e-18 0.07 0.809017 0.587785 3.59914e-17 4.9538e-17 
0.143227 0.05 0.05 0.1 0.02 -0.02 0.07 6.12323e-17 1 -6.12323e-17 3.7494e-33 
0.143173 0.05 0.05 0.1 -0.02 0.02 0.07 1 0 0 6.12323e-17 
0.140654 0.05 0.05 0.1 -0.02 -0.005 0.07 0.587785 0.809017 -4.9538e-17 3.59915e-17 
0.138969 0.05 0.05 0.1 -0.015 -0.015 0.07 0.587785 0.809017 -4.9538e-17 3.59915e-17 
0.138418 0.05 0.05 0.1 -0.005 0.01 0.07 1 0 0 6.12323e-17 
0.137074 0.05 0.05 0.1 -0.015 0.02 0.07 0.951057 -0.309017 -1.89218e-17 5.82354e-17 
0.136989 0.05 0.05 0.1 -0.02 -0.01 0.07 0.587785 0.809017 -4.9538e-17 3.59915e-17 
0.136345 0.05 0.05 0.1 0.015 -0.02 0.07 6.12323e-17 1 -6.12323e-17 3.7494e-33 
0.136092 0.05 0.05 0.1 -0.015 -0.025 0.07 0.309017 0.951057 -5.82354e-17 1.89218e-17 
0.136073 0.05 0.05 0.1 -0.015 0.02 0.07 1 0 0 6.12323e-17 
0.132181 0.05 0.05 0.1 -0.005 -0.025 0.07 6.12323e-17 1 -6.12323e-17 3.7494e-33 
0.131773 0.05 0.05 0.1 -0.01 -0.025 0.07 0.309017 0.951057 -5.82354e-17 1.89218e-17 
0.130795 0.05 0.05 0.1 1.73472e-18 -0.025 0.07 6.12323e-17 1 -6.12323e-17 3.7494e-33 
0.130163 0.05 0.05 0.1 -0.02 1.73472e-18 0.07 0.587785 0.809017 -4.9538e-17 3.59915e-17 
0.129971 0.05 0.05 0.1 -0.01 -0.025 0.07 6.12323e-17 1 -6.12323e-17 3.7494e-33 
0.129889 0.05 0.05 0.1 -0.025 0.005 0.07 0.809017 0.587785 3.59914e-17 4.9538e-17 
0.128352 0.05 0.05 0.1 0.01 -0.02 0.07 6.12323e-17 1 -6.12323e-17 3.7494e-33 
0.12816 0.05 0.05 0.1 0.015 -0.02 0.07 0.309017 0.951057 -5.82354e-17 1.89218e-17 
0.12803 0.05 0.05 0.1 -0.01 0.02 0.07 1 0 0 6.12323e-17 
0.127937 0.05 0.05 0.1 0.005 -0.01 0.07 6.12323e-17 1 -6.12323e-17 3.7494e-33 
0.127888 0.05 0.05 0.1 0.02 0.005 0.07 -0.587785 0.809017 -4.9538e-17 -3.59915e-17 
0.127679 0.05 0.05 0.1 0.045 0.02 0.04 0.707107 -4.32978e-17 -0.707107 4.32978e-17 
0.127228 0.05 0.05 0.1 -0.02 -0.025 0.07 0.309017 0.951057 -5.82354e-17 1.89218e-17 
0.126944 0.05 0.05 0.1 -0.02 -0.005 0.07 0.809017 0.587785 3.59914e-17 4.9538e-17 
0.12652 0.05 0.05 0.1 0.005 -0.025 0.07 6.12323e-17 1 -6.12323e-17 3.7494e-33 
0.125221 0.05 0.05 0.1 -0.045 0.01 0.04 0.707107 -4.32978e-17 0.707107 -4.32978e-17 
0.122872 0.05 0.05 0.1 -0.015 -0.025 0.07 6.12323e-17 1 -6.12323e-17 3.7494e-33 
0.120276 0.05 0.05 0.1 -0.02 -0.015 0.07 0.587785 0.809017 -4.9538e-17 3.59915e-17 
0.120263 0.05 0.05 0.1 -0.01 -0.02 0.07 0.587785 0.809017 -4.9538e-17 3.59915e-17 
0.119975 0.05 0.05 0.1 0.01 -0.025 0.07 6.12323e-17 1 -6.12323e-17 3.7494e-33 
0.119572 0.05 0.05 0.1 0.005 -0.02 0.07 6.12323e-17 1 -6.12323e-17 3.7494e-33 
0.11925 0.05 0.05 0.1 -0.005 0.02 0.07 1 0 0 6.12323e-17 
0.118537 0.05 0.05 0.1 -0.005 -0.02 0.07 0.587785 0.809017 -4.9538e-17 3.59915e-17 
0.118489 0.05 0.05 0.1 -0.045 0.01 0.03 0.707107 -4.32978e-17 0.707107 -4.32978e-17 
0.117867 0.05 0.05 0.1 -0.025 0.01 0.07 0.809017 0.587785 3.59914e-17 4.9538e-17 
0.117177 0.05 0.05 0.1 -0.005 -0.025 0.07 0.309017 0.951057 -5.82354e-17 1.89218e-17 
0.117143 0.05 0.05 0.1 -0.005 0.015 0.07 1 0 0 6.12323e-17 
0.11676 0.05 0.05 0.1 -0.025 -0.005 0.07 0.587785 0.809017 -4.9538e-17 3.59915e-17 
0.116593 0.05 0.05 0.1 -0.015 0.005 0.07 0.587785 0.809017 -4.9538e-17 3.59915e-17 
0.114061 0.05 0.05 0.1 0.005 -0.015 0.07 6.12323e-17 1 -6.12323e-17 3.7494e-33 
0.113648 0.05 0.05 0.1 0.02 0.01 0.07 0.809017 -0.587785 -3.59914e-17 4.9538e-17 
0.111516 0.05 0.05 0.1 -0.025 -0.01 0.07 0.587785 0.809017 -4.9538e-17 3.59915e-17 
0.111237 0.05 0.05 0.1 0.015 -0.025 0.07 6.12323e-17 1 -6.12323e-17 3.7494e-33 
0.111078 0.05 0.05 0.1 -0.015 -0.02 0.07 0.587785 0.809017 -4.9538e-17 3.59915e-17 
0.110561 0.05 0.05 0.1 -0.02 1.73472e-18 0.07 0.809017 0.587785 3.59914e-17 4.9538e-17 
0.110006 0.05 0.05 0.1 1.73472e-18 -0.02 0.07 6.12323e-17 1 -6.12323e-17 3.7494e-33 
0.109737 0.05 0.05 0.1 1.73472e-18 0.02 0.07 1 0 0 6.12323e-17 
0.109564 0.05 0.05 0.1 -0.02 -0.025 0.07 6.12323e-17 1 -6.12323e-17 3.7494e-33 
0.109083 0.05 0.05 0.1 -0.025 1.73472e-18 0.07 0.587785 0.809017 -4.9538e-17 3.59915e-17 
0.106616 0.05 0.05 0.1 -0.02 0.005 0.07 0.587785 0.809017 -4.9538e-17 3.59915e-17 
0.106479 0.05 0.05 0.1 0.02 1.73472e-18 0.07 -0.587785 0.809017 -4.9538e-17 -3.59915e-17 
0.106168 0.05 0.05 0.1 0.02 0.015 0.07 0.809017 -0.587785 -3.59914e-17 4.9538e-17 
0.106081 0.05 0.05 0.1 0.045 -0.01 0.04 0 -0.707107 0 0.707106 
0.10608 0.05 0.05 0.1 0.02 0.005 0.07 0.809017 -0.587785 -3.59914e-17 4.9538e-17 
0.105689 0.05 0.05 0.1 -0.025 0.015 0.07 0.809017 0.587785 3.59914e-17 4.9538e-17 
0.102218 0.05 0.05 0.1 -0.025 -0.025 0.07 0.309017 0.951057 -5.82354e-17 1.89218e-17 
0.100385 0.05 0.05 0.1 0.02 -0.025 0.07 6.12323e-17 1 -6.12323e-17 3.7494e-33 
0.0995423 0.05 0.05 0.1 -0.02 0.005 0.07 0.809017 0.587785 3.59914e-17 4.9538e-17 
0.0994564 0.05 0.05 0.1 0.045 -0.01 0.03 0 -0.707107 0 0.707106 
0.0993857 0.05 0.05 0.1 -0.005 -0.02 0.07 6.12323e-17 1 -6.12323e-17 3.7494e-33 
0.0990928 0.05 0.05 0.1 0.005 0.02 0.07 1 0 0 6.12323e-17 
0.0956245 0.05 0.05 0.1 0.015 0.015 0.07 0.809017 -0.587785 -3.59914e-17 4.9538e-17 
0.0954536 0.05 0.05 0.1 1.73472e-18 -0.025 0.07 0.309017 0.951057 -5.82354e-17 1.89218e-17 
0.0947958 0.05 0.05 0.1 -0.025 -0.015 0.07 0.587785 0.809017 -4.9538e-17 3.59915e-17 
0.0934302 0.05 0.05 0.1 -0.02 -0.02 0.07 0.587785 0.809017 -4.9538e-17 3.59915e-17 
0.0934159 0.05 0.05 0.1 0.02 -0.005 0.07 -0.587785 0.809017 -4.9538e-17 -3.59915e-17 
0.0916022 0.05 0.05 0.1 -0.025 0.02 0.07 0.809017 0.587785 3.59914e-17 4.9538e-17 
0.0915199 0.05 0.05 0.1 -0.02 0.01 0.07 0.809017 0.587785 3.59914e-17 4.9538e-17 
0.0911412 0.05 0.05 0.1 0.015 0.01 0.07 0.809017 -0.587785 -3.59914e-17 4.9538e-17 
0.0894885 0.05 0.05 0.1 0.015 0.015 0.07 -0.587785 0.809017 -4.9538e-17 -3.59915e-17 
0.0892514 0.05 0.05 0.1 -0.025 0.005 0.07 0.587785 0.809017 -4.9538e-17 3.59915e-17 
0.0882687 0.05 0.05 0.1 -0.025 -0.025 0.07 6.12323e-17 1 -6.12323e-17 3.7494e-33 
0.086972 0.05 0.05 0.1 -0.01 -0.02 0.07 6.12323e-17 1 -6.12323e-17 3.7494e-33 
0.0868594 0.05 0.05 0.1 0.02 -0.01 0.07 -0.587785 0.809017 -4.9538e-17 -3.59915e-17 
0.0867932 0.05 0.05 0.1 1.73472e-18 0.015 0.07 1 0 0 6.12323e-17 
0.0866885 0.05 0.05 0.1 0.01 0.02 0.07 1 0 0 6.12323e-17 
0.0862348 0.05 0.05 0.1 0.02 0.02 0.07 0.809017 -0.587785 -3.59914e-17 4.9538e-17 
0.0849712 0.05 0.05 0.1 0.015 0.02 0.07 0.809017 -0.587785 -3.59914e-17 4.9538e-17 
0.0844823 0.05 0.05 0.1 -0.02 0.015 0.07 0.809017 0.587785 3.59914e-17 4.9538e-17 
0.0841368 0.05 0.05 0.1 0.02 -0.015 0.07 -0.587785 0.809017 -4.9538e-17 -3.59915e-17 
0.0837585 0.05 0.05 0.1 1.73472e-18 -0.015 0.07 6.12323e-17 1 -6.12323e-17 3.7494e-33 
0.0834106 0.05 0.05 0.1 -0.01 -0.025 0.07 0.587785 0.809017 -4.9538e-17 3.59915e-17 
0.082778 0.05 0.05 0.1 0.02 1.73472e-18 0.07 0.809017 -0.587785 -3.59914e-17 4.9538e-17 
0.0817798 0.05 0.05 0.1 0.02 -0.02 0.07 -0.587785 0.809017 -4.9538e-17 -3.59915e-17 
0.0811392 0.05 0.05 0.1 -0.005 -0.025 0.07 0.587785 0.809017 -4.9538e-17 3.59915e-17 
0.0802496 0.05 0.05 0.1 1.73472e-18 0.01 0.07 1 0 0 6.12323e-17 
0.0786767 0.05 0.05 0.1 -0.015 0.01 0.07 0.587785 0.809017 -4.9538e-17 3.59915e-17 
0.0766332 0.05 0.05 0.1 -0.02 0.02 0.07 0.809017 0.587785 3.59914e-17 4.9538e-17 
0.0759514 0.05 0.05 0.1 -0.015 -0.025 0.07 0.587785 0.809017 -4.9538e-17 3.59915e-17 
0.075466 0.05 0.05 0.1 0.02 -0.025 0.07 -0.587785 0.809017 -4.9538e-17 -3.59915e-17 
0.0726555 0.05 0.05 0.1 -0.02 0.01 0.07 0.587785 0.809017 -4.9538e-17 3.59915e-17 
0.0718071 0.05 0.05 0.1 -0.015 -0.02 0.07 6.12323e-17 1 -6.12323e-17 3.7494e-33 
0.0715241 0.05 0.05 0.1 0.015 0.02 0.07 1 0 0 6.12323e-17 
0.070018 0.05 0.05 0.1 1.73472e-18 -0.01 0.07 6.12323e-17 1 -6.12323e-17 3.7494e-33 
0.0697225 0.05 0.05 0.1 -0.025 -0.02 0.07 0.587785 0.809017 -4.9538e-17 3.59915e-17 
0.0696238 0.05 0.05 0.1 0.005 -0.025 0.07 0.309017 0.951057 -5.82354e-17 1.89218e-17 
0.0694131 0.05 0.05 0.1 0.015 0.005 0.07 0.809017 -0.587785 -3.59914e-17 4.9538e-17 
0.0669621 0.05 0.05 0.1 1.73472e-18 -0.025 0.07 0.587785 0.809017 -4.9538e-17 3.59915e-17 
0.0632535 0.05 0.05 0.1 -0.015 -0.015 0.07 0.809017 0.587785 3.59914e-17 4.9538e-17 
0.0613665 0.05 0.05 0.1 0.01 0.02 0.07 0.809017 -0.587785 -3.59914e-17 4.9538e-17 
0.06116 0.05 0.05 0.1 -0.02 -0.025 0.07 0.587785 0.809017 -4.9538e-17 3.59915e-17 
0.0598209 0.05 0.05 0.1 -0.025 0.01 0.07 0.587785 0.809017 -4.9538e-17 3.59915e-17 
0.0580512 0.05 0.05 0.1 0.01 0.015 0.07 0.809017 -0.587785 -3.59914e-17 4.9538e-17 
0.0580211 0.05 0.05 0.1 0.005 0.015 0.07 1 0 0 6.12323e-17 
0.0563122 0.05 0.05 0.1 0.045 -0.015 0.04 0 -0.707107 0 0.707106 
0.0559193 0.05 0.05 0.1 0.045 -0.015 0.03 0 -0.707107 0 0.707106 
0.0556996 0.05 0.05 0.1 -0.045 0.015 0.04 0.707107 -4.32978e-17 0.707107 -4.32978e-17 
0.0551745 0.05 0.05 0.1 -0.045 0.015 0.03 0.707107 -4.32978e-17 0.707107 -4.32978e-17 
0.0550989 0.05 0.05 0.1 -0.005 -0.015 0.07 6.12323e-17 1 -6.12323e-17 3.7494e-33 
0.0527275 0.05 0.05 0.1 -0.02 -0.02 0.07 6.12323e-17 1 -6.12323e-17 3.7494e-33 
0.0523871 0.05 0.05 0.1 0.02 0.02 0.07 1 0 0 6.12323e-17 
0.0509059 0.05 0.05 0.1 0.015 0.01 0.07 -0.587785 0.809017 -4.9538e-17 -3.59915e-17 
0.0504098 0.05 0.05 0.1 0.015 -0.025 0.07 -0.587785 0.809017 -4.9538e-17 -3.59915e-17 
0.0452341 0.05 0.05 0.1 0.02 -0.005 0.07 0.809017 -0.587785 -3.59914e-17 4.9538e-17 
0.0444556 0.05 0.05 0.1 -0.025 0.02 0.07 0.951057 0.309017 1.89218e-17 5.82354e-17 
0.0435398 0.05 0.05 0.1 0.02 -0.025 0.07 -0.309017 0.951057 -5.82354e-17 -1.89218e-17 
0.0425174 0.05 0.05 0.1 0.01 -0.025 0.07 0.309017 0.951057 -5.82354e-17 1.89218e-17 
0.0413478 0.05 0.05 0.1 -0.025 -0.025 0.07 0.587785 0.809017 -4.9538e-17 3.59915e-17 
0.0407846 0.05 0.05 0.1 0.015 -0.02 0.07 -0.587785 0.809017 -4.9538e-17 -3.59915e-17 
0.0387106 0.05 0.05 0.1 -0.025 0.015 0.07 0.951057 0.309017 1.89218e-17 5.82354e-17 
0.038547 0.05 0.05 0.1 0.005 -0.025 0.07 0.587785 0.809017 -4.9538e-17 3.59915e-17 
0.0349773 0.05 0.05 0.1 -0.015 0.015 0.07 0.587785 0.809017 -4.9538e-17 3.59915e-17 
0.0331694 0.05 0.05 0.1 -0.02 0.015 0.07 0.587785 0.809017 -4.9538e-17 3.59915e-17 
0.0330419 0.05 0.05 0.1 -0.015 -0.01 0.07 0.809017 0.587785 3.59914e-17 4.9538e-17 
0.0313458 0.05 0.05 0.1 0.045 -0.02 0.03 0 -0.707107 0 0.707106 
0.0304319 0.05 0.05 0.1 0.015 1.73472e-18 0.07 0.809017 -0.587785 -3.59914e-17 4.9538e-17 
0.0303723 0.05 0.05 0.1 0.01 0.015 0.07 1 0 0 6.12323e-17 
0.0295688 0.05 0.05 0.1 -0.025 0.01 0.07 0.951057 0.309017 1.89218e-17 5.82354e-17 
0.0295029 0.05 0.05 0.1 0.02 -0.02 0.07 -0.309017 0.951057 -5.82354e-17 -1.89218e-17 
0.0281888 0.05 0.05 0.1 0.045 -0.02 0.04 0 -0.707107 0 0.707106 
0.0280005 0.05 0.05 0.1 -0.025 -0.02 0.07 6.12323e-17 1 -6.12323e-17 3.7494e-33 
0.0278395 0.05 0.05 0.1 -0.02 0.02 0.07 0.951057 0.309017 1.89218e-17 5.82354e-17 
0.0278236 0.05 0.05 0.1 0.015 -0.015 0.07 -0.587785 0.809017 -4.9538e-17 -3.59915e-17 
0.0275431 0.05 0.05 0.1 -0.01 -0.015 0.07 6.12323e-17 1 -6.12323e-17 3.7494e-33 
0.0274055 0.05 0.05 0.1 0.005 0.01 0.07 1 0 0 6.12323e-17 
0.0258922 0.05 0.05 0.1 -0.015 0.02 0.07 0.809017 0.587785 3.59914e-17 4.9538e-17 
0.0254102 0.05 0.05 0.1 0.015 0.005 0.07 -0.587785 0.809017 -4.9538e-17 -3.59915e-17 
0.0253098 0.05 0.05 0.1 0.045 -0.025 0.03 0 -0.707107 0 0.707106 
0.0252747 0.05 0.05 0.1 -0.025 0.015 0.07 0.587785 0.809017 -4.9538e-17 3.59915e-17 
0.0252332 0.05 0.05 0.1 0.015 -0.025 0.07 -0.309017 0.951057 -5.82354e-17 -1.89218e-17 
0.0221117 0.05 0.05 0.1 -0.045 -0.015 0.04 -0.218508 0.672498 -0.218508 0.672499 
0.0213178 0.05 0.05 0.1 -0.045 -0.02 0.04 -0.218508 0.672498 -0.218508 0.672499 
0.0212666 0.05 0.05 0.1 0.045 -0.025 0.04 0 -0.707107 0 0.707106 
0.0204223 0.05 0.05 0.1 -0.045 -0.01 0.04 -0.218508 0.672498 -0.218508 0.672499 
0.0201158 0.05 0.05 0.1 0.045 0.015 0.04 -0.672498 -0.218508 0.672499 0.218508 
0.0195315 0.05 0.05 0.1 0.045 0.02 0.04 -0.672498 -0.218508 0.672499 0.218508 
0.0191369 0.05 0.05 0.1 0.045 0.01 0.04 -0.672498 -0.218508 0.672499 0.218508 
0.0187998 0.05 0.05 0.1 -0.015 0.015 0.07 0.809017 0.587785 3.59914e-17 4.9538e-17 
0.018611 0.05 0.05 0.1 -0.045 -0.025 0.04 -0.218508 0.672498 -0.218508 0.672499 
0.018252 0.05 0.05 0.1 -0.045 -0.02 0.04 0 0.707107 0 0.707106 
0.0174429 0.05 0.05 0.1 -0.005 -0.01 0.07 6.12323e-17 1 -6.12323e-17 3.7494e-33 
0.0170869 0.05 0.05 0.1 0.015 -0.025 0.07 0.309017 0.951057 -5.82354e-17 1.89218e-17 
0.0164982 0.05 0.05 0.1 -0.045 -0.02 0.03 -0.218508 0.672498 -0.218508 0.672499 
0.0164124 0.05 0.05 0.1 0.02 -0.015 0.07 -0.309017 0.951057 -5.82354e-17 -1.89218e-17 
0.0162516 0.05 0.05 0.1 0.015 -0.01 0.07 -0.587785 0.809017 -4.9538e-17 -3.59915e-17 
0.0162264 0.05 0.05 0.1 -0.045 0.02 0.03 0.707107 -4.32978e-17 0.707107 -4.32978e-17 
0.0156797 0.05 0.05 0.1 -0.015 -0.005 0.07 0.809017 0.587785 3.59914e-17 4.9538e-17 
0.0147388 0.05 0.05 0.1 0.045 0.02 0.03 -0.672498 -0.218508 0.672499 0.218508 
0.014399 0.05 0.05 0.1 -0.02 0.015 0.07 0.951057 0.309017 1.89218e-17 5.82354e-17 
0.0137391 0.05 0.05 0.1 -0.025 0.005 0.07 0.951057 0.309017 1.89218e-17 5.82354e-17 
0.0132339 0.05 0.05 0.1 -0.045 0.02 0.04 0.707107 -4.32978e-17 0.707107 -4.32978e-17 
0.0123167 0.05 0.05 0.1 0.015 1.73472e-18 0.07 -0.587785 0.809017 -4.9538e-17 -3.59915e-17 
0.0122252 0.05 0.05 0.1 -0.045 -0.025 0.03 -0.218508 0.672498 -0.218508 0.672499 
0.0121263 0.05 0.05 0.1 -0.015 0.01 0.07 0.809017 0.587785 3.59914e-17 4.9538e-17 
0.0116811 0.05 0.05 0.1 -0.045 -0.02 0.02 -0.218508 0.672498 -0.218508 0.672499 
0.0116553 0.05 0.05 0.1 0.02 -0.045 0.03 -0.572061 0.415627 0.415627 0.572062 
0.0110338 0.05 0.05 0.1 -0.045 -0.025 0.04 0 0.707107 0 0.707106 
0.0102067 0.05 0.05 0.1 0.005 0.02 0.07 0.809017 -0.587785 -3.59914e-17 4.9538e-17 
0.0100168 0.05 0.05 0.1 0.015 -0.005 0.07 -0.587785 0.809017 -4.9538e-17 -3.59915e-17 
0.00993293 0.05 0.05 0.1 0.045 0.02 0.02 -0.672498 -0.218508 0.672499 0.218508 
0.00827859 0.05 0.05 0.1 -0.015 1.73472e-18 0.07 0.809017 0.587785 3.59914e-17 4.9538e-17 
0.00791191 0.05 0.05 0.1 -0.015 0.005 0.07 0.809017 0.587785 3.59914e-17 4.9538e-17 
0.00777297 0.05 0.05 0.1 0.015 -0.045 0.03 -0.572061 0.415627 0.415627 0.572062 
0.00729739 0.05 0.05 0.1 0.01 -0.025 0.07 -0.587785 0.809017 -4.9538e-17 -3.59915e-17 
0.00583075 0.05 0.05 0.1 -0.045 -0.025 0.02 -0.218508 0.672498 -0.218508 0.672499 
0.005654 0.05 0.05 0.1 0.045 0.02 0.04 -0.572061 -0.415627 0.572061 0.415629 
0.00475024 0.05 0.05 0.1 0.015 -0.02 0.07 -0.309017 0.951057 -5.82354e-17 -1.89218e-17 
0.00321878 0.05 0.05 0.1 0.015 0.015 0.07 1 0 0 6.12323e-17 
0.00238632 0.05 0.05 0.1 0.045 0.015 0.04 -0.572061 -0.415627 0.572061 0.415629 
0.00164906 0.05 0.05 0.1 0.02 -0.01 0.07 -0.309017 0.951057 -5.82354e-17 -1.89218e-17 
0.000300354 0.05 0.05 0.1 -0.015 -0.015 0.07 6.12323e-17 1 -6.12323e-17 3.7494e-33 
0.000235186 0.05 0.05 0.1 -0.015 0.02 0.07 0.951057 0.309017 1.89218e-17 5.82354e-17 
-0.000486862 0.05 0.05 0.1 0.01 -0.025 0.07 -0.309017 0.951057 -5.82354e-17 -1.89218e-17 
-0.00056497 0.05 0.05 0.1 -0.045 -0.025 0.01 -0.218508 0.672498 -0.218508 0.672499 
-0.000583097 0.05 0.05 0.1 -0.02 0.01 0.07 0.951057 0.309017 1.89218e-17 5.82354e-17 
-0.00259008 0.05 0.05 0.1 0.045 0.01 0.04 -0.572061 -0.415627 0.572061 0.415629 
-0.00289412 0.05 0.05 0.1 0.02 -0.01 0.07 0.809017 -0.587785 -3.59914e-17 4.9538e-17 
-0.00533251 0.05 0.05 0.1 -0.02 0.02 0.07 0.587785 0.809017 -4.9538e-17 3.59915e-17 
-0.00763813 0.05 0.05 0.1 -0.015 0.02 0.07 0.587785 0.809017 -4.9538e-17 3.59915e-17 
-0.00824887 0.05 0.05 0.1 -0.025 0.02 0.07 0.587785 0.809017 -4.9538e-17 3.59915e-17 
-0.00975072 0.05 0.05 0.1 0.045 0.005 0.04 -0.572061 -0.415627 0.572061 0.415629 
-0.011218 0.05 0.05 0.1 0.02 -0.045 0.04 -0.572061 0.415627 0.415627 0.572062 
-0.012545 0.05 0.05 0.1 -0.025 1.73472e-18 0.07 0.951057 0.309017 1.89218e-17 5.82354e-17 
-0.0126381 0.05 0.05 0.1 0.015 -0.015 0.07 -0.309017 0.951057 -5.82354e-17 -1.89218e-17 
-0.0150531 0.05 0.05 0.1 0.015 -0.045 0.04 -0.572061 0.415627 0.415627 0.572062 
-0.0178063 0.05 0.05 0.1 0.02 -0.005 0.07 -0.309017 0.951057 -5.82354e-17 -1.89218e-17 
-0.0186905 0.05 0.05 0.1 -0.015 0.015 0.07 0.951057 0.309017 1.89218e-17 5.82354e-17 
-0.0188876 0.05 0.05 0.1 0.01 -0.045 0.04 -0.572061 0.415627 0.415627 0.572062 
-0.0195684 0.05 0.05 0.1 0.045 1.73472e-18 0.04 -0.572061 -0.415627 0.572061 0.415629 
-0.0199899 0.05 0.05 0.1 -0.005 -0.045 0.04 -0.672499 0.218508 0.218508 0.672498 
-0.0201832 0.05 0.05 0.1 -0.02 0.005 0.07 0.951057 0.309017 1.89218e-17 5.82354e-17 
-0.0203238 0.05 0.05 0.1 0.01 0.01 0.07 1 0 0 6.12323e-17 
-0.0237796 0.05 0.05 0.1 0.015 -0.005 0.07 0.809017 -0.587785 -3.59914e-17 4.9538e-17 
-0.0240968 0.05 0.05 0.1 1.73472e-18 -0.045 0.04 -0.672499 0.218508 0.218508 0.672498 
-0.0248121 0.05 0.05 0.1 0.02 0.015 0.07 1 0 0 6.12323e-17 
-0.0253511 0.05 0.05 0.1 0.01 -0.02 0.07 -0.309017 0.951057 -5.82354e-17 -1.89218e-17 
-0.0258614 0.05 0.05 0.1 0.02 -0.045 0.04 -0.672499 0.218508 0.218508 0.672498 
-0.0265963 0.05 0.05 0.1 0.005 -0.045 0.04 -0.672499 0.218508 0.218508 0.672498 
-0.027153 0.05 0.05 0.1 0.01 -0.02 0.07 -0.587785 0.809017 -4.9538e-17 -3.59915e-17 
-0.0273283 0.05 0.05 0.1 0.015 -0.045 0.04 -0.672499 0.218508 0.218508 0.672498 
-0.0275272 0.05 0.05 0.1 -0.02 -0.015 0.07 6.12323e-17 1 -6.12323e-17 3.7494e-33 
-0.0276225 0.05 0.05 0.1 0.01 -0.045 0.04 -0.672499 0.218508 0.218508 0.672498 
-0.0291005 0.05 0.05 0.1 0.015 -0.01 0.07 -0.309017 0.951057 -5.82354e-17 -1.89218e-17 
-0.029775 0.05 0.05 0.1 0.005 -0.025 0.07 -0.309017 0.951057 -5.82354e-17 -1.89218e-17 
-0.0301509 0.05 0.05 0.1 -0.01 -0.01 0.07 6.12323e-17 1 -6.12323e-17 3.7494e-33 
-0.0325113 0.05 0.05 0.1 0.045 -0.005 0.04 -0.572061 -0.415627 0.572061 0.415629 
-0.0339889 0.05 0.05 0.1 -0.01 0.02 0.07 0.951057 0.309017 1.89218e-17 5.82354e-17 
-0.036871 0.05 0.05 0.1 -0.015 0.01 0.07 0.951057 0.309017 1.89218e-17 5.82354e-17 
-0.0433424 0.05 0.05 0.1 -0.045 -0.025 0.04 -0.415627 0.572061 -0.415627 0.572062 
-0.0443795 0.05 0.05 0.1 0.01 -0.015 0.07 -0.309017 0.951057 -5.82354e-17 -1.89218e-17 
-0.0451186 0.05 0.05 0.1 0.02 1.73472e-18 0.07 -0.309017 0.951057 -5.82354e-17 -1.89218e-17 
-0.0478306 0.05 0.05 0.1 -0.02 1.73472e-18 0.07 0.951057 0.309017 1.89218e-17 5.82354e-17 
-0.0490628 0.05 0.05 0.1 0.045 -0.01 0.04 -0.572061 -0.415627 0.572061 0.415629 
-0.0535154 0.05 0.05 0.1 -0.025 -0.005 0.07 0.951057 0.309017 1.89218e-17 5.82354e-17 
-0.0559889 0.05 0.05 0.1 0.02 -0.015 0.07 0.809017 -0.587785 -3.59914e-17 4.9538e-17 
-0.0563934 0.05 0.05 0.1 -0.01 0.015 0.07 0.951057 0.309017 1.89218e-17 5.82354e-17 
-0.0570945 0.05 0.05 0.1 0.005 -0.02 0.07 -0.309017 0.951057 -5.82354e-17 -1.89218e-17 
-0.0575384 0.05 0.05 0.1 -0.025 -0.015 0.07 6.12323e-17 1 -6.12323e-17 3.7494e-33 
-0.0594358 0.05 0.05 0.1 1.73472e-18 -0.025 0.07 -0.309017 0.951057 -5.82354e-17 -1.89218e-17 
-0.0615533 0.05 0.05 0.1 -0.01 0.02 0.07 0.809017 0.587785 3.59914e-17 4.9538e-17 
-0.0635678 0.05 0.05 0.1 0.015 0.01 0.07 1 0 0 6.12323e-17 
-0.0641809 0.05 0.05 0.1 0.01 -0.015 0.07 -0.587785 0.809017 -4.9538e-17 -3.59915e-17 
-0.0696976 0.05 0.05 0.1 0.045 -0.015 0.04 -0.572061 -0.415627 0.572061 0.415629 
-0.0712974 0.05 0.05 0.1 -0.005 0.02 0.07 0.951057 0.309017 1.89218e-17 5.82354e-17 
-0.0732163 0.05 0.05 0.1 -0.015 -0.01 0.07 6.12323e-17 1 -6.12323e-17 3.7494e-33 
-0.0821699 0.05 0.05 0.1 -0.045 -0.02 0.04 -0.415627 0.572061 -0.415627 0.572062 
-0.0842003 0.05 0.05 0.1 0.02 0.005 0.07 -0.309017 0.951057 -5.82354e-17 -1.89218e-17 
-0.0864857 0.05 0.05 0.1 -0.005 -0.025 0.07 -0.309017 0.951057 -5.82354e-17 -1.89218e-17 
-0.0869268 0.05 0.05 0.1 1.73472e-18 -0.02 0.07 -0.309017 0.951057 -5.82354e-17 -1.89218e-17 
-0.0875098 0.05 0.05 0.1 -0.02 -0.005 0.07 0.951057 0.309017 1.89218e-17 5.82354e-17 
-0.0890203 0.05 0.05 0.1 0.015 -0.01 0.07 0.809017 -0.587785 -3.59914e-17 4.9538e-17 
-0.0922414 0.05 0.05 0.1 -0.01 0.015 0.07 0.809017 0.587785 3.59914e-17 4.9538e-17 
-0.098636 0.05 0.05 0.1 0.01 -0.01 0.07 -0.587785 0.809017 -4.9538e-17 -3.59915e-17 
-0.103276 0.05 0.05 0.1 0.02 0.01 0.07 1 0 0 6.12323e-17 
-0.106352 0.05 0.05 0.1 0.02 -0.02 0.07 0.809017 -0.587785 -3.59914e-17 4.9538e-17 
-0.108279 0.05 0.05 0.1 1.73472e-18 0.02 0.07 0.951057 0.309017 1.89218e-17 5.82354e-17 
-0.108371 0.05 0.05 0.1 -0.01 -0.025 0.07 -0.309017 0.951057 -5.82354e-17 -1.89218e-17 
-0.11188 0.05 0.05 0.1 -0.005 -0.02 0.07 -0.309017 0.951057 -5.82354e-17 -1.89218e-17 
-0.112656 0.05 0.05 0.1 -0.02 -0.01 0.07 6.12323e-17 1 -6.12323e-17 3.7494e-33 
-0.113843 0.05 0.05 0.1 -0.025 -0.01 0.07 0.951057 0.309017 1.89218e-17 5.82354e-17 
-0.121108 0.05 0.05 0.1 -0.01 0.01 0.07 0.809017 0.587785 3.59914e-17 4.9538e-17 
-0.122976 0.05 0.05 0.1 -0.015 -0.025 0.07 -0.309017 0.951057 -5.82354e-17 -1.89218e-17 
-0.123615 0.05 0.05 0.1 -0.045 -0.015 0.04 -0.415627 0.572061 -0.415627 0.572062 
-0.123926 0.05 0.05 0.1 -0.025 -0.025 0.07 -0.309017 0.951057 -5.82354e-17 -1.89218e-17 
-0.126029 0.05 0.05 0.1 0.01 -0.005 0.07 -0.587785 0.809017 -4.9538e-17 -3.59915e-17 
-0.128585 0.05 0.05 0.1 -0.02 -0.025 0.07 -0.309017 0.951057 -5.82354e-17 -1.89218e-17 
-0.13401 0.05 0.05 0.1 0.01 0.01 0.07 -0.587785 0.809017 -4.9538e-17 -3.59915e-17 
-0.141883 0.05 0.05 0.1 0.005 0.02 0.07 0.951057 0.309017 1.89218e-17 5.82354e-17 
-0.142783 0.05 0.05 0.1 0.01 1.73472e-18 0.07 -0.587785 0.809017 -4.9538e-17 -3.59915e-17 
-0.144384 0.05 0.05 0.1 0.02 -0.025 0.07 0.809017 -0.587785 -3.59914e-17 4.9538e-17 
-0.145943 0.05 0.05 0.1 -0.01 0.005 0.07 0.809017 0.587785 3.59914e-17 4.9538e-17 
-0.146131 0.05 0.05 0.1 0.01 0.005 0.07 -0.587785 0.809017 -4.9538e-17 -3.59915e-17 
-0.149894 0.05 0.05 0.1 -0.025 -0.01 0.07 6.12323e-17 1 -6.12323e-17 3.7494e-33 
-0.159113 0.05 0.05 0.1 0.015 -0.015 0.07 0.809017 -0.587785 -3.59914e-17 4.9538e-17 
-0.164296 0.05 0.05 0.1 -0.01 1.73472e-18 0.07 0.809017 0.587785 3.59914e-17 4.9538e-17 
-0.167828 0.05 0.05 0.1 -0.045 -0.01 0.04 -0.415627 0.572061 -0.415627 0.572062 
-0.170984 0.05 0.05 0.1 -0.01 -0.01 0.07 0.809017 0.587785 3.59914e-17 4.9538e-17 
-0.173623 0.05 0.05 0.1 -0.01 -0.005 0.07 0.809017 0.587785 3.59914e-17 4.9538e-17 
-0.215007 0.05 0.05 0.1 -0.045 -0.005 0.04 -0.415627 0.572061 -0.415627 0.572062 
-0.225873 0.05 0.05 0.1 0.015 -0.02 0.07 0.809017 -0.587785 -3.59914e-17 4.9538e-17 
-0.2654 0.05 0.05 0.1 -0.045 1.73472e-18 0.04 -0.415627 0.572061 -0.415627 0.572062 
-0.278992 0.05 0.05 0.1 0.015 -0.025 0.07 0.809017 -0.587785 -3.59914e-17 4.9538e-17 
-0.31927 0.05 0.05 0.1 -0.045 0.005 0.04 -0.415627 0.572061 -0.415627 0.572062 
-0.376961 0.05 0.05 0.1 -0.045 0.01 0.04 -0.415627 0.572061 -0.415627 0.572062 
-0.438832 0.05 0.05 0.1 -0.045 0.015 0.04 -0.415627 0.572061 -0.415627 0.572062 
