0.520511 0.07 0.07 0.15 -0.035 0.035 0.095 0.809017 0.587785 3.59914e-17 4.9538e-17 
0.496782 0.07 0.07 0.15 0.035 -0.035 0.095 0.809017 -0.587785 -3.59914e-17 4.9538e-17 
0.485658 0.07 0.07 0.15 -0.035 0.035 0.095 0.587785 0.809017 -4.9538e-17 3.59915e-17 
0.370465 0.07 0.07 0.15 -0.007 -0.028 0.095 0.309017 0.951057 -5.82354e-17 1.89218e-17 
0.359225 0.07 0.07 0.15 -0.014 -0.028 0.095 0.309017 0.951057 -5.82354e-17 1.89218e-17 
0.352717 0.07 0.07 0.15 -0.007 -0.035 0.095 0.309017 0.951057 -5.82354e-17 1.89218e-17 
0.348235 0.07 0.07 0.15 -0.007 -0.021 0.095 0.309017 0.951057 -5.82354e-17 1.89218e-17 
0.348111 0.07 0.07 0.15 0.035 -0.028 0.095 0.809017 -0.587785 -3.59914e-17 4.9538e-17 
0.347201 0.07 0.07 0.15 -0.014 -0.035 0.095 0.309017 0.951057 -5.82354e-17 1.89218e-17 
0.343462 0.07 0.07 0.15 -0.035 -0.035 0.095 0.309017 0.951057 -5.82354e-17 1.89218e-17 
0.339758 0.07 0.07 0.15 -0.035 0.028 0.095 0.587785 0.809017 -4.9538e-17 3.59915e-17 
0.338183 0.07 0.07 0.15 -0.035 -0.028 0.095 0.309017 0.951057 -5.82354e-17 1.89218e-17 
0.335506 0.07 0.07 0.15 0.035 0.035 0.095 0.951057 -0.309017 -1.89218e-17 5.82354e-17 
0.332225 0.07 0.07 0.15 0.007 0.021 0.095 0.951057 -0.309017 -1.89218e-17 5.82354e-17 
0.32918 0.07 0.07 0.15 -0.014 -0.021 0.095 0.309017 0.951057 -5.82354e-17 1.89218e-17 
0.327205 0.07 0.07 0.15 0.035 0.028 0.095 0.951057 -0.309017 -1.89218e-17 5.82354e-17 
0.318001 0.07 0.07 0.15 0.014 0.021 0.095 0.951057 -0.309017 -1.89218e-17 5.82354e-17 
0.312634 0.07 0.07 0.15 0.014 0.028 0.095 0.951057 -0.309017 -1.89218e-17 5.82354e-17 
0.309947 0.07 0.07 0.15 -0.035 0.028 0.095 0.809017 0.587785 3.59914e-17 4.9538e-17 
0.306739 0.07 0.07 0.15 0.007 0.028 0.095 0.951057 -0.309017 -1.89218e-17 5.82354e-17 
0.30475 0.07 0.07 0.15 0.035 0.021 0.095 0.809017 -0.587785 -3.59914e-17 4.9538e-17 
0.299583 0.07 0.07 0.15 -0.021 -0.028 0.095 0.309017 0.951057 -5.82354e-17 1.89218e-17 
0.298825 0.07 0.07 0.15 0.035 0.014 0.095 0.809017 -0.587785 -3.59914e-17 4.9538e-17 
0.295108 0.07 0.07 0.15 -0.035 -0.021 0.095 0.587785 0.809017 -4.9538e-17 3.59915e-17 
0.293599 0.07 0.07 0.15 -0.021 -0.035 0.095 0.309017 0.951057 -5.82354e-17 1.89218e-17 
0.287339 0.07 0.07 0.15 0.035 0.028 0.095 0.809017 -0.587785 -3.59914e-17 4.9538e-17 
0.285647 0.07 0.07 0.15 -0.035 -0.014 0.095 0.587785 0.809017 -4.9538e-17 3.59915e-17 
0.285347 0.07 0.07 0.15 -0.035 -0.028 0.095 0.587785 0.809017 -4.9538e-17 3.59915e-17 
0.284697 0.07 0.07 0.15 -0.035 -0.021 0.095 0.309017 0.951057 -5.82354e-17 1.89218e-17 
0.277942 0.07 0.07 0.15 0.035 0.007 0.095 0.809017 -0.587785 -3.59914e-17 4.9538e-17 
0.27213 0.07 0.07 0.15 0.035 0.021 0.095 0.951057 -0.309017 -1.89218e-17 5.82354e-17 
0.268928 0.07 0.07 0.15 0.021 0.028 0.095 0.951057 -0.309017 -1.89218e-17 5.82354e-17 
0.267405 0.07 0.07 0.15 -0.028 -0.028 0.095 0.309017 0.951057 -5.82354e-17 1.89218e-17 
0.267328 0.07 0.07 0.15 -0.028 -0.035 0.095 0.309017 0.951057 -5.82354e-17 1.89218e-17 
0.265572 0.07 0.07 0.15 0.035 -0.021 0.095 0.809017 -0.587785 -3.59914e-17 4.9538e-17 
0.264149 0.07 0.07 0.15 -0.035 -0.007 0.095 0.587785 0.809017 -4.9538e-17 3.59915e-17 
0.261452 0.07 0.07 0.15 -0.021 -0.021 0.095 0.309017 0.951057 -5.82354e-17 1.89218e-17 
0.257816 0.07 0.07 0.15 -0.035 0.021 0.095 0.587785 0.809017 -4.9538e-17 3.59915e-17 
0.257387 0.07 0.07 0.15 -1.73472e-18 -0.028 0.095 0.309017 0.951057 -5.82354e-17 1.89218e-17 
0.253877 0.07 0.07 0.15 0.021 0.021 0.095 0.951057 -0.309017 -1.89218e-17 5.82354e-17 
0.252024 0.07 0.07 0.15 0.035 -1.73472e-18 0.095 0.809017 -0.587785 -3.59914e-17 4.9538e-17 
0.250837 0.07 0.07 0.15 -0.035 -0.035 0.095 0.587785 0.809017 -4.9538e-17 3.59915e-17 
0.249625 0.07 0.07 0.15 -0.028 0.035 0.095 0.809017 0.587785 3.59914e-17 4.9538e-17 
0.249326 0.07 0.07 0.15 0.028 0.028 0.095 0.951057 -0.309017 -1.89218e-17 5.82354e-17 
0.248277 0.07 0.07 0.15 0.055 -0.035 0.06 -0.415627 -0.572061 0.415627 0.572062 
0.244966 0.07 0.07 0.15 0.055 -0.035 0.075 -0.415627 -0.572061 0.415627 0.572062 
0.243754 0.07 0.07 0.15 0.035 -0.035 0.095 -0.587785 0.809017 -4.9538e-17 -3.59915e-17 
0.24027 0.07 0.07 0.15 0.014 0.035 0.095 0.951057 -0.309017 -1.89218e-17 5.82354e-17 
0.239771 0.07 0.07 0.15 0.035 0.035 0.095 0.809017 -0.587785 -3.59914e-17 4.9538e-17 
0.239408 0.07 0.07 0.15 -0.035 -1.73472e-18 0.095 0.587785 0.809017 -4.9538e-17 3.59915e-17 
0.234669 0.07 0.07 0.15 -1.73472e-18 -0.035 0.095 0.309017 0.951057 -5.82354e-17 1.89218e-17 
0.232497 0.07 0.07 0.15 0.035 -0.007 0.095 0.809017 -0.587785 -3.59914e-17 4.9538e-17 
0.232249 0.07 0.07 0.15 0.035 -0.014 0.095 0.809017 -0.587785 -3.59914e-17 4.9538e-17 
0.231161 0.07 0.07 0.15 0.028 0.035 0.095 0.951057 -0.309017 -1.89218e-17 5.82354e-17 
0.22627 0.07 0.07 0.15 0.055 -0.028 0.06 -0.415627 -0.572061 0.415627 0.572062 
0.223718 0.07 0.07 0.15 0.021 0.035 0.095 0.951057 -0.309017 -1.89218e-17 5.82354e-17 
0.223506 0.07 0.07 0.15 -0.035 0.014 0.095 0.587785 0.809017 -4.9538e-17 3.59915e-17 
0.223252 0.07 0.07 0.15 0.055 -0.028 0.075 -0.415627 -0.572061 0.415627 0.572062 
0.221877 0.07 0.07 0.15 -0.035 0.007 0.095 0.587785 0.809017 -4.9538e-17 3.59915e-17 
0.221325 0.07 0.07 0.15 -0.028 -0.021 0.095 0.309017 0.951057 -5.82354e-17 1.89218e-17 
0.21727 0.07 0.07 0.15 0.035 -0.055 0.03 -0.572061 0.415627 0.415627 0.572062 
0.217177 0.07 0.07 0.15 0.035 -0.055 0.045 -0.572061 0.415627 0.415627 0.572062 
0.216976 0.07 0.07 0.15 0.035 -0.055 0.015 -0.572061 0.415627 0.415627 0.572062 
0.216695 0.07 0.07 0.15 0.035 -0.055 0.06 -0.572061 0.415627 0.415627 0.572062 
0.216296 0.07 0.07 0.15 0.035 -0.055 0 -0.572061 0.415627 0.415627 0.572062 
0.215829 0.07 0.07 0.15 0.035 -0.055 0.075 -0.572061 0.415627 0.415627 0.572062 
0.213987 0.07 0.07 0.15 0.028 0.021 0.095 0.951057 -0.309017 -1.89218e-17 5.82354e-17 
0.207576 0.07 0.07 0.15 0.007 0.035 0.095 0.951057 -0.309017 -1.89218e-17 5.82354e-17 
0.203826 0.07 0.07 0.15 0.055 -0.021 0.075 -0.415627 -0.572061 0.415627 0.572062 
0.200766 0.07 0.07 0.15 0.055 0.035 0.075 -0.415627 -0.572061 0.415627 0.572062 
0.193592 0.07 0.07 0.15 0.028 -0.035 0.095 -0.587785 0.809017 -4.9538e-17 -3.59915e-17 
0.192663 0.07 0.07 0.15 -0.035 -0.021 0.095 0.809017 0.587785 3.59914e-17 4.9538e-17 
0.189309 0.07 0.07 0.15 -0.035 -0.014 0.095 0.309017 0.951057 -5.82354e-17 1.89218e-17 
0.187029 0.07 0.07 0.15 0.055 -0.014 0.075 -0.415627 -0.572061 0.415627 0.572062 
0.179104 0.07 0.07 0.15 0.035 0.014 0.095 0.951057 -0.309017 -1.89218e-17 5.82354e-17 
0.178318 0.07 0.07 0.15 0.055 -0.028 0.045 -0.218508 -0.672498 0.218508 0.672499 
0.178046 0.07 0.07 0.15 0.055 0.028 0.075 -0.415627 -0.572061 0.415627 0.572062 
0.177499 0.07 0.07 0.15 -1.73472e-18 0.028 0.095 0.951057 -0.309017 -1.89218e-17 5.82354e-17 
0.176319 0.07 0.07 0.15 0.055 -0.028 0.06 -0.218508 -0.672498 0.218508 0.672499 
0.176271 0.07 0.07 0.15 0.055 -0.035 0.045 -0.218508 -0.672498 0.218508 0.672499 
0.174308 0.07 0.07 0.15 0.055 -0.035 0.06 -0.218508 -0.672498 0.218508 0.672499 
0.174172 0.07 0.07 0.15 0.028 -0.035 0.095 0.809017 -0.587785 -3.59914e-17 4.9538e-17 
0.17403 0.07 0.07 0.15 0.055 -0.028 0.075 -0.218508 -0.672498 0.218508 0.672499 
0.173364 0.07 0.07 0.15 0.055 -0.021 0.045 -0.218508 -0.672498 0.218508 0.672499 
0.17334 0.07 0.07 0.15 0.055 -0.007 0.075 -0.415627 -0.572061 0.415627 0.572062 
0.172985 0.07 0.07 0.15 -0.028 0.035 0.095 0.587785 0.809017 -4.9538e-17 3.59915e-17 
0.172057 0.07 0.07 0.15 0.055 -0.035 0.075 -0.218508 -0.672498 0.218508 0.672499 
0.171413 0.07 0.07 0.15 0.055 -0.021 0.06 -0.218508 -0.672498 0.218508 0.672499 
0.16918 0.07 0.07 0.15 0.055 -0.021 0.075 -0.218508 -0.672498 0.218508 0.672499 
0.164159 0.07 0.07 0.15 0.055 0.021 0.075 -0.415627 -0.572061 0.415627 0.572062 
0.163901 0.07 0.07 0.15 0.021 -1.73472e-18 0.095 -0.587785 0.809017 -4.9538e-17 -3.59915e-17 
0.163383 0.07 0.07 0.15 0.055 -1.73472e-18 0.075 -0.415627 -0.572061 0.415627 0.572062 
0.161689 0.07 0.07 0.15 -0.028 0.028 0.095 0.809017 0.587785 3.59914e-17 4.9538e-17 
0.159273 0.07 0.07 0.15 -0.035 0.021 0.095 0.809017 0.587785 3.59914e-17 4.9538e-17 
0.158141 0.07 0.07 0.15 0.055 -0.014 0.075 -0.218508 -0.672498 0.218508 0.672499 
0.157916 0.07 0.07 0.15 0.055 0.007 0.075 -0.415627 -0.572061 0.415627 0.572062 
0.157833 0.07 0.07 0.15 0.055 0.014 0.075 -0.415627 -0.572061 0.415627 0.572062 
0.157494 0.07 0.07 0.15 0.021 -0.007 0.095 -0.587785 0.809017 -4.9538e-17 -3.59915e-17 
0.156837 0.07 0.07 0.15 0.055 0.035 0.06 -0.572061 -0.415627 0.572061 0.415629 
0.154755 0.07 0.07 0.15 0.055 0.035 0.075 -0.572061 -0.415627 0.572061 0.415629 
0.134158 0.07 0.07 0.15 -0.021 -1.73472e-18 0.095 0.809017 0.587785 3.59914e-17 4.9538e-17 
0.133633 0.07 0.07 0.15 0.021 -0.014 0.095 -0.587785 0.809017 -4.9538e-17 -3.59915e-17 
0.132269 0.07 0.07 0.15 0.035 0.055 0.075 -4.32978e-17 0.707107 -0.707107 4.32978e-17 
0.128787 0.07 0.07 0.15 0.028 0.055 0.075 -4.32978e-17 0.707107 -0.707107 4.32978e-17 
0.127625 0.07 0.07 0.15 -0.021 0.007 0.095 0.809017 0.587785 3.59914e-17 4.9538e-17 
0.115032 0.07 0.07 0.15 0.055 -0.021 0.075 -0.572061 -0.415627 0.572061 0.415629 
0.112267 0.07 0.07 0.15 0.055 0.028 0.06 -0.572061 -0.415627 0.572061 0.415629 
0.110912 0.07 0.07 0.15 0.028 -0.028 0.095 -0.587785 0.809017 -4.9538e-17 -3.59915e-17 
0.110781 0.07 0.07 0.15 0.055 0.028 0.075 -0.572061 -0.415627 0.572061 0.415629 
0.106262 0.07 0.07 0.15 -0.028 0.021 0.095 0.809017 0.587785 3.59914e-17 4.9538e-17 
0.105183 0.07 0.07 0.15 -0.035 -0.055 0.03 -0.572061 -0.415627 -0.415627 0.572062 
0.104102 0.07 0.07 0.15 -0.035 -0.055 0.045 -0.572061 -0.415627 -0.415627 0.572062 
0.103998 0.07 0.07 0.15 -0.035 -0.055 0.03 -0.415627 -0.572061 -0.572061 0.415629 
0.102999 0.07 0.07 0.15 -0.021 0.014 0.095 0.809017 0.587785 3.59914e-17 4.9538e-17 
0.102989 0.07 0.07 0.15 -0.035 -0.055 0.045 -0.415627 -0.572061 -0.572061 0.415629 
0.102902 0.07 0.07 0.15 0.055 -0.021 0.03 0 -0.707107 0 0.707106 
0.102847 0.07 0.07 0.15 -0.035 -0.055 0.06 -0.572061 -0.415627 -0.415627 0.572062 
0.102201 0.07 0.07 0.15 0.055 -0.021 0.045 0 -0.707107 0 0.707106 
0.101806 0.07 0.07 0.15 -0.035 -0.055 0.06 -0.415627 -0.572061 -0.572061 0.415629 
0.101516 0.07 0.07 0.15 0.035 0.021 0.095 1 0 0 6.12323e-17 
0.101423 0.07 0.07 0.15 -0.035 -0.055 0.075 -0.572061 -0.415627 -0.415627 0.572062 
0.101324 0.07 0.07 0.15 0.055 -0.021 0.06 0 -0.707107 0 0.707106 
0.100456 0.07 0.07 0.15 -0.035 -0.055 0.075 -0.415627 -0.572061 -0.572061 0.415629 
0.100277 0.07 0.07 0.15 0.055 -0.021 0.075 0 -0.707107 0 0.707106 
0.100109 0.07 0.07 0.15 0.021 0.055 0.075 -4.32978e-17 0.707107 -0.707107 4.32978e-17 
0.0996594 0.07 0.07 0.15 -0.035 -0.021 0.095 6.12323e-17 1 -6.12323e-17 3.7494e-33 
0.097759 0.07 0.07 0.15 0.021 -0.021 0.095 -0.587785 0.809017 -4.9538e-17 -3.59915e-17 
0.0952269 0.07 0.07 0.15 -0.035 -0.014 0.095 0.809017 0.587785 3.59914e-17 4.9538e-17 
0.0944738 0.07 0.07 0.15 0.055 -0.028 0.015 0 -0.707107 0 0.707106 
0.0940677 0.07 0.07 0.15 0.055 -0.028 0.03 0 -0.707107 0 0.707106 
0.0938798 0.07 0.07 0.15 0.028 0.014 0.095 0.809017 -0.587785 -3.59914e-17 4.9538e-17 
0.093497 0.07 0.07 0.15 0.055 -0.028 0.045 0 -0.707107 0 0.707106 
0.0927652 0.07 0.07 0.15 0.055 -0.028 0.06 0 -0.707107 0 0.707106 
0.0918762 0.07 0.07 0.15 0.055 -0.028 0.075 0 -0.707107 0 0.707106 
0.0907538 0.07 0.07 0.15 0.028 0.007 0.095 0.809017 -0.587785 -3.59914e-17 4.9538e-17 
0.0902128 0.07 0.07 0.15 -0.028 -0.014 0.095 0.587785 0.809017 -4.9538e-17 3.59915e-17 
0.0900869 0.07 0.07 0.15 -0.035 0.035 0.095 0.951057 0.309017 1.89218e-17 5.82354e-17 
0.0875116 0.07 0.07 0.15 -0.035 0.028 0.095 0.951057 0.309017 1.89218e-17 5.82354e-17 
0.08684 0.07 0.07 0.15 -0.007 0.021 0.095 1 0 0 6.12323e-17 
0.0868161 0.07 0.07 0.15 -0.028 -0.007 0.095 0.587785 0.809017 -4.9538e-17 3.59915e-17 
0.0848999 0.07 0.07 0.15 0.035 -0.028 0.095 -0.309017 0.951057 -5.82354e-17 -1.89218e-17 
0.083156 0.07 0.07 0.15 0.028 -0.055 0.075 -0.572061 0.415627 0.415627 0.572062 
0.083006 0.07 0.07 0.15 0.028 -0.055 0.06 -0.572061 0.415627 0.415627 0.572062 
0.0827013 0.07 0.07 0.15 0.028 -0.055 0.045 -0.572061 0.415627 0.415627 0.572062 
0.0822436 0.07 0.07 0.15 0.028 -0.055 0.03 -0.572061 0.415627 0.415627 0.572062 
0.0816801 0.07 0.07 0.15 0.035 -0.035 0.095 -0.309017 0.951057 -5.82354e-17 -1.89218e-17 
0.0816355 0.07 0.07 0.15 0.028 -0.055 0.015 -0.572061 0.415627 0.415627 0.572062 
0.0814091 0.07 0.07 0.15 0.055 -0.014 0.075 -0.572061 -0.415627 0.572061 0.415629 
0.0813697 0.07 0.07 0.15 0.007 -0.021 0.095 6.12323e-17 1 -6.12323e-17 3.7494e-33 
0.0811964 0.07 0.07 0.15 -0.035 0.055 0.06 0.415627 0.572061 -0.572061 0.415629 
0.0811238 0.07 0.07 0.15 -0.035 0.055 0.045 0.415627 0.572061 -0.572061 0.415629 
0.0811229 0.07 0.07 0.15 -0.035 0.055 0.075 0.415627 0.572061 -0.572061 0.415629 
0.0809011 0.07 0.07 0.15 -0.035 0.055 0.03 0.415627 0.572061 -0.572061 0.415629 
0.0808798 0.07 0.07 0.15 0.028 -0.055 0 -0.572061 0.415627 0.415627 0.572062 
0.0805342 0.07 0.07 0.15 -0.035 0.055 0.015 0.415627 0.572061 -0.572061 0.415629 
0.0800209 0.07 0.07 0.15 -0.035 0.055 0 0.415627 0.572061 -0.572061 0.415629 
0.079336 0.07 0.07 0.15 0.055 0.021 0.06 -0.572061 -0.415627 0.572061 0.415629 
0.0787221 0.07 0.07 0.15 -0.014 0.021 0.095 1 0 0 6.12323e-17 
0.078291 0.07 0.07 0.15 0.055 0.021 0.075 -0.572061 -0.415627 0.572061 0.415629 
0.076356 0.07 0.07 0.15 0.028 -0.028 0.095 0.809017 -0.587785 -3.59914e-17 4.9538e-17 
0.0759596 0.07 0.07 0.15 0.035 -0.055 0.075 -0.672499 0.218508 0.218508 0.672498 
0.0759437 0.07 0.07 0.15 -0.028 0.028 0.095 0.587785 0.809017 -4.9538e-17 3.59915e-17 
0.0756967 0.07 0.07 0.15 0.035 -0.055 0.06 -0.672499 0.218508 0.218508 0.672498 
0.0754462 0.07 0.07 0.15 -0.028 0.014 0.095 0.809017 0.587785 3.59914e-17 4.9538e-17 
0.0734967 0.07 0.07 0.15 -1.73472e-18 0.021 0.095 1 0 0 6.12323e-17 
0.0725721 0.07 0.07 0.15 0.014 -0.021 0.095 6.12323e-17 1 -6.12323e-17 3.7494e-33 
0.0709659 0.07 0.07 0.15 -0.035 0.021 0.095 0.951057 0.309017 1.89218e-17 5.82354e-17 
0.0709428 0.07 0.07 0.15 0.028 -1.73472e-18 0.095 0.809017 -0.587785 -3.59914e-17 4.9538e-17 
0.0703827 0.07 0.07 0.15 0.028 0.021 0.095 0.809017 -0.587785 -3.59914e-17 4.9538e-17 
0.0703548 0.07 0.07 0.15 0.035 -0.021 0.095 -0.309017 0.951057 -5.82354e-17 -1.89218e-17 
0.0696932 0.07 0.07 0.15 -0.028 -0.055 0.03 -0.415627 -0.572061 -0.572061 0.415629 
0.069019 0.07 0.07 0.15 -0.028 -0.055 0.045 -0.415627 -0.572061 -0.572061 0.415629 
0.0687613 0.07 0.07 0.15 -1.73472e-18 -0.021 0.095 6.12323e-17 1 -6.12323e-17 3.7494e-33 
0.0685997 0.07 0.07 0.15 -0.028 -0.021 0.095 0.587785 0.809017 -4.9538e-17 3.59915e-17 
0.0682288 0.07 0.07 0.15 -0.028 -0.055 0.06 -0.415627 -0.572061 -0.572061 0.415629 
0.0679013 0.07 0.07 0.15 0.055 -0.035 0.015 0 -0.707107 0 0.707106 
0.0677624 0.07 0.07 0.15 0.055 -0.035 0.03 0 -0.707107 0 0.707106 
0.0677082 0.07 0.07 0.15 -0.028 -1.73472e-18 0.095 0.587785 0.809017 -4.9538e-17 3.59915e-17 
0.0675037 0.07 0.07 0.15 0.055 -0.035 0.045 0 -0.707107 0 0.707106 
0.0673445 0.07 0.07 0.15 -0.028 -0.007 0.095 0.809017 0.587785 3.59914e-17 4.9538e-17 
0.067326 0.07 0.07 0.15 -0.028 -0.055 0.075 -0.415627 -0.572061 -0.572061 0.415629 
0.0672128 0.07 0.07 0.15 -0.028 0.021 0.095 0.951057 0.309017 1.89218e-17 5.82354e-17 
0.0671274 0.07 0.07 0.15 0.055 -0.035 0.06 0 -0.707107 0 0.707106 
0.067038 0.07 0.07 0.15 0.028 -0.021 0.095 -0.309017 0.951057 -5.82354e-17 -1.89218e-17 
0.0668686 0.07 0.07 0.15 -0.021 0.021 0.095 0.809017 0.587785 3.59914e-17 4.9538e-17 
0.0666348 0.07 0.07 0.15 0.055 -0.035 0.075 0 -0.707107 0 0.707106 
0.0644711 0.07 0.07 0.15 -0.028 0.014 0.095 0.951057 0.309017 1.89218e-17 5.82354e-17 
0.0639237 0.07 0.07 0.15 0.028 -0.014 0.095 -0.309017 0.951057 -5.82354e-17 -1.89218e-17 
0.0634011 0.07 0.07 0.15 -0.035 -0.028 0.095 6.12323e-17 1 -6.12323e-17 3.7494e-33 
0.0623769 0.07 0.07 0.15 -0.028 0.007 0.095 0.809017 0.587785 3.59914e-17 4.9538e-17 
0.0616625 0.07 0.07 0.15 0.035 0.028 0.095 1 0 0 6.12323e-17 
0.0615388 0.07 0.07 0.15 -0.035 0.014 0.095 0.809017 0.587785 3.59914e-17 4.9538e-17 
0.0612387 0.07 0.07 0.15 -0.028 -1.73472e-18 0.095 0.809017 0.587785 3.59914e-17 4.9538e-17 
0.060215 0.07 0.07 0.15 -0.035 -1.73472e-18 0.095 0.951057 0.309017 1.89218e-17 5.82354e-17 
0.0589102 0.07 0.07 0.15 0.055 -0.007 0.075 -0.572061 -0.415627 0.572061 0.415629 
0.0577635 0.07 0.07 0.15 0.055 0.014 0.06 -0.572061 -0.415627 0.572061 0.415629 
0.0570064 0.07 0.07 0.15 0.055 0.014 0.075 -0.572061 -0.415627 0.572061 0.415629 
0.0564175 0.07 0.07 0.15 0.035 0.055 0.03 0.572061 -0.415627 0.415627 0.572062 
0.0557114 0.07 0.07 0.15 0.028 -0.021 0.095 -0.587785 0.809017 -4.9538e-17 -3.59915e-17 
0.0555203 0.07 0.07 0.15 0.035 0.055 0.045 0.572061 -0.415627 0.415627 0.572062 
0.0554726 0.07 0.07 0.15 0.021 -0.028 0.095 -0.587785 0.809017 -4.9538e-17 -3.59915e-17 
0.0545331 0.07 0.07 0.15 0.035 0.055 0.06 0.572061 -0.415627 0.415627 0.572062 
0.0534617 0.07 0.07 0.15 0.035 0.055 0.075 0.572061 -0.415627 0.415627 0.572062 
0.0524749 0.07 0.07 0.15 -0.035 0.014 0.095 0.951057 0.309017 1.89218e-17 5.82354e-17 
0.0523627 0.07 0.07 0.15 -1.73472e-18 0.035 0.095 0.951057 -0.309017 -1.89218e-17 5.82354e-17 
0.0509298 0.07 0.07 0.15 0.007 0.021 0.095 1 0 0 6.12323e-17 
0.0508603 0.07 0.07 0.15 0.014 0.055 0.06 -4.32978e-17 0.707107 -0.707107 4.32978e-17 
0.0507219 0.07 0.07 0.15 0.014 0.055 0.075 -4.32978e-17 0.707107 -0.707107 4.32978e-17 
0.0503708 0.07 0.07 0.15 0.035 -0.014 0.095 -0.309017 0.951057 -5.82354e-17 -1.89218e-17 
0.0491516 0.07 0.07 0.15 -0.028 0.007 0.095 0.951057 0.309017 1.89218e-17 5.82354e-17 
0.0480038 0.07 0.07 0.15 0.055 -1.73472e-18 0.06 -0.572061 -0.415627 0.572061 0.415629 
0.0477168 0.07 0.07 0.15 -0.028 -0.055 0.045 -0.572061 -0.415627 -0.415627 0.572062 
0.0473774 0.07 0.07 0.15 0.055 -1.73472e-18 0.075 -0.572061 -0.415627 0.572061 0.415629 
0.0473553 0.07 0.07 0.15 0.055 0.007 0.06 -0.572061 -0.415627 0.572061 0.415629 
0.0473171 0.07 0.07 0.15 0.028 -0.007 0.095 -0.309017 0.951057 -5.82354e-17 -1.89218e-17 
0.047123 0.07 0.07 0.15 -0.028 -0.055 0.06 -0.572061 -0.415627 -0.415627 0.572062 
0.0469276 0.07 0.07 0.15 -0.007 -0.021 0.095 6.12323e-17 1 -6.12323e-17 3.7494e-33 
0.0467361 0.07 0.07 0.15 0.055 0.007 0.075 -0.572061 -0.415627 0.572061 0.415629 
0.0464521 0.07 0.07 0.15 -0.028 -0.055 0.075 -0.572061 -0.415627 -0.415627 0.572062 
0.0459244 0.07 0.07 0.15 0.028 -0.007 0.095 0.809017 -0.587785 -3.59914e-17 4.9538e-17 
0.0458459 0.07 0.07 0.15 0.035 0.055 0.03 0.415627 -0.572061 0.572061 0.415629 
0.0454149 0.07 0.07 0.15 -0.028 0.028 0.095 0.951057 0.309017 1.89218e-17 5.82354e-17 
0.045398 0.07 0.07 0.15 0.028 0.021 0.095 1 0 0 6.12323e-17 
0.0447044 0.07 0.07 0.15 0.028 -0.028 0.095 -0.309017 0.951057 -5.82354e-17 -1.89218e-17 
0.0445999 0.07 0.07 0.15 0.035 0.055 0.045 0.415627 -0.572061 0.572061 0.415629 
0.0445767 0.07 0.07 0.15 -0.035 0.007 0.095 0.951057 0.309017 1.89218e-17 5.82354e-17 
0.0442565 0.07 0.07 0.15 0.035 -1.73472e-18 0.095 -0.309017 0.951057 -5.82354e-17 -1.89218e-17 
0.0437933 0.07 0.07 0.15 -0.028 0.007 0.095 0.587785 0.809017 -4.9538e-17 3.59915e-17 
0.0432874 0.07 0.07 0.15 0.035 0.055 0.06 0.415627 -0.572061 0.572061 0.415629 
0.0432277 0.07 0.07 0.15 -0.028 -0.021 0.095 6.12323e-17 1 -6.12323e-17 3.7494e-33 
0.0419153 0.07 0.07 0.15 0.035 0.055 0.075 0.415627 -0.572061 0.572061 0.415629 
0.0374553 0.07 0.07 0.15 0.035 -0.007 0.095 -0.309017 0.951057 -5.82354e-17 -1.89218e-17 
0.0371698 0.07 0.07 0.15 0.055 0.028 0.075 0.707107 -4.32978e-17 -0.707107 4.32978e-17 
0.0369232 0.07 0.07 0.15 0.055 0.028 0.06 0.707107 -4.32978e-17 -0.707107 4.32978e-17 
0.0366489 0.07 0.07 0.15 -0.021 0.021 0.095 1 0 0 6.12323e-17 
0.0366055 0.07 0.07 0.15 0.055 0.028 0.045 0.707107 -4.32978e-17 -0.707107 4.32978e-17 
0.036218 0.07 0.07 0.15 0.055 0.028 0.03 0.707107 -4.32978e-17 -0.707107 4.32978e-17 
0.0357633 0.07 0.07 0.15 0.055 0.028 0.015 0.707107 -4.32978e-17 -0.707107 4.32978e-17 
0.0349125 0.07 0.07 0.15 0.035 -0.028 0.095 -0.587785 0.809017 -4.9538e-17 -3.59915e-17 
0.0335437 0.07 0.07 0.15 0.028 -0.021 0.095 0.809017 -0.587785 -3.59914e-17 4.9538e-17 
0.0331241 0.07 0.07 0.15 -0.028 0.021 0.095 0.587785 0.809017 -4.9538e-17 3.59915e-17 
0.0310715 0.07 0.07 0.15 0.014 0.021 0.095 1 0 0 6.12323e-17 
0.0310153 0.07 0.07 0.15 -0.035 -0.007 0.095 0.809017 0.587785 3.59914e-17 4.9538e-17 
0.0299007 0.07 0.07 0.15 0.021 -0.021 0.095 6.12323e-17 1 -6.12323e-17 3.7494e-33 
0.0286572 0.07 0.07 0.15 0.028 -0.014 0.095 0.809017 -0.587785 -3.59914e-17 4.9538e-17 
0.0277763 0.07 0.07 0.15 -0.014 -0.021 0.095 6.12323e-17 1 -6.12323e-17 3.7494e-33 
0.0275813 0.07 0.07 0.15 -0.028 0.014 0.095 0.587785 0.809017 -4.9538e-17 3.59915e-17 
0.0269882 0.07 0.07 0.15 -0.021 0.028 0.095 0.809017 0.587785 3.59914e-17 4.9538e-17 
0.0254994 0.07 0.07 0.15 0.021 0.021 0.095 1 0 0 6.12323e-17 
0.0231824 0.07 0.07 0.15 0.028 -0.014 0.095 -0.587785 0.809017 -4.9538e-17 -3.59915e-17 
0.0228322 0.07 0.07 0.15 -0.021 -0.021 0.095 6.12323e-17 1 -6.12323e-17 3.7494e-33 
0.0166486 0.07 0.07 0.15 0.028 -0.055 0.075 -0.672499 0.218508 0.218508 0.672498 
0.0164295 0.07 0.07 0.15 0.055 0.035 0.015 -0.672498 -0.218508 0.672499 0.218508 
0.0164174 0.07 0.07 0.15 0.055 0.035 0 -0.672498 -0.218508 0.672499 0.218508 
0.0164127 0.07 0.07 0.15 0.055 0.035 0.03 -0.672498 -0.218508 0.672499 0.218508 
0.0163757 0.07 0.07 0.15 0.055 0.035 -0.015 -0.672498 -0.218508 0.672499 0.218508 
0.0163667 0.07 0.07 0.15 0.055 0.035 0.045 -0.672498 -0.218508 0.672499 0.218508 
0.016292 0.07 0.07 0.15 0.055 0.035 0.06 -0.672498 -0.218508 0.672499 0.218508 
0.0161889 0.07 0.07 0.15 0.055 0.035 0.075 -0.672498 -0.218508 0.672499 0.218508 
0.0160454 0.07 0.07 0.15 0.028 -0.055 0.06 -0.672499 0.218508 0.218508 0.672498 
0.014682 0.07 0.07 0.15 0.028 0.007 0.095 -0.587785 0.809017 -4.9538e-17 -3.59915e-17 
0.0143943 0.07 0.07 0.15 -0.028 -0.028 0.095 0.587785 0.809017 -4.9538e-17 3.59915e-17 
0.0125275 0.07 0.07 0.15 0.021 -0.035 0.095 -0.587785 0.809017 -4.9538e-17 -3.59915e-17 
0.0118905 0.07 0.07 0.15 0.028 0.028 0.095 0.809017 -0.587785 -3.59914e-17 4.9538e-17 
0.0107369 0.07 0.07 0.15 -0.035 0.007 0.095 0.809017 0.587785 3.59914e-17 4.9538e-17 
0.0105007 0.07 0.07 0.15 0.007 -0.028 0.095 6.12323e-17 1 -6.12323e-17 3.7494e-33 
0.00857871 0.07 0.07 0.15 0.028 -0.007 0.095 -0.587785 0.809017 -4.9538e-17 -3.59915e-17 
0.00725417 0.07 0.07 0.15 0.028 -1.73472e-18 0.095 -0.587785 0.809017 -4.9538e-17 -3.59915e-17 
0.00700903 0.07 0.07 0.15 -0.021 -0.021 0.095 0.587785 0.809017 -4.9538e-17 3.59915e-17 
0.00697622 0.07 0.07 0.15 0.055 0.035 0.075 0.707107 -4.32978e-17 -0.707107 4.32978e-17 
0.00661881 0.07 0.07 0.15 0.055 0.035 0.06 0.707107 -4.32978e-17 -0.707107 4.32978e-17 
0.00624415 0.07 0.07 0.15 0.055 0.035 0.045 0.707107 -4.32978e-17 -0.707107 4.32978e-17 
0.00614151 0.07 0.07 0.15 0.021 0.021 0.095 0.809017 -0.587785 -3.59914e-17 4.9538e-17 
0.00585441 0.07 0.07 0.15 0.055 0.035 0.03 0.707107 -4.32978e-17 -0.707107 4.32978e-17 
0.00545049 0.07 0.07 0.15 0.055 0.035 0.015 0.707107 -4.32978e-17 -0.707107 4.32978e-17 
0.0050007 0.07 0.07 0.15 0.021 -0.028 0.095 -0.309017 0.951057 -5.82354e-17 -1.89218e-17 
0.00420351 0.07 0.07 0.15 -0.021 0.028 0.095 0.951057 0.309017 1.89218e-17 5.82354e-17 
0.00242363 0.07 0.07 0.15 -1.73472e-18 -0.028 0.095 6.12323e-17 1 -6.12323e-17 3.7494e-33 
0.00187867 0.07 0.07 0.15 -0.035 -1.73472e-18 0.095 0.809017 0.587785 3.59914e-17 4.9538e-17 
0.00175488 0.07 0.07 0.15 -0.028 -0.028 0.095 6.12323e-17 1 -6.12323e-17 3.7494e-33 
0.00164003 0.07 0.07 0.15 -0.007 0.028 0.095 1 0 0 6.12323e-17 
-0.00110087 0.07 0.07 0.15 0.014 -0.028 0.095 6.12323e-17 1 -6.12323e-17 3.7494e-33 
-0.00147054 0.07 0.07 0.15 0.028 0.028 0.095 1 0 0 6.12323e-17 
-0.00539194 0.07 0.07 0.15 -1.73472e-18 0.028 0.095 1 0 0 6.12323e-17 
-0.00779523 0.07 0.07 0.15 -0.021 0.035 0.095 0.809017 0.587785 3.59914e-17 4.9538e-17 
-0.0083178 0.07 0.07 0.15 0.055 0.028 0.075 -0.672498 -0.218508 0.672499 0.218508 
-0.00853822 0.07 0.07 0.15 0.055 0.028 0.06 -0.672498 -0.218508 0.672499 0.218508 
-0.0096195 0.07 0.07 0.15 -0.028 0.055 0.075 0.415627 0.572061 -0.572061 0.415629 
-0.00979868 0.07 0.07 0.15 -0.021 -0.055 0.075 -0.572061 -0.415627 -0.415627 0.572062 
-0.00989881 0.07 0.07 0.15 -0.021 -0.055 0.06 -0.572061 -0.415627 -0.415627 0.572062 
-0.009983 0.07 0.07 0.15 -0.021 -0.055 0.045 -0.572061 -0.415627 -0.415627 0.572062 
-0.010295 0.07 0.07 0.15 -0.028 0.055 0.06 0.415627 0.572061 -0.572061 0.415629 
-0.0109619 0.07 0.07 0.15 -0.028 0.055 0.045 0.415627 0.572061 -0.572061 0.415629 
-0.011028 0.07 0.07 0.15 -0.014 0.028 0.095 1 0 0 6.12323e-17 
-0.0116148 0.07 0.07 0.15 -0.028 0.055 0.03 0.415627 0.572061 -0.572061 0.415629 
-0.012253 0.07 0.07 0.15 -0.028 0.055 0.015 0.415627 0.572061 -0.572061 0.415629 
-0.012345 0.07 0.07 0.15 -0.028 0.035 0.095 0.951057 0.309017 1.89218e-17 5.82354e-17 
-0.0128709 0.07 0.07 0.15 -0.028 0.055 0 0.415627 0.572061 -0.572061 0.415629 
-0.0136571 0.07 0.07 0.15 -0.007 -0.028 0.095 6.12323e-17 1 -6.12323e-17 3.7494e-33 
-0.0147979 0.07 0.07 0.15 0.028 -0.035 0.095 -0.309017 0.951057 -5.82354e-17 -1.89218e-17 
-0.0148451 0.07 0.07 0.15 0.007 0.055 0.075 -4.32978e-17 0.707107 -0.707107 4.32978e-17 
-0.0150042 0.07 0.07 0.15 0.007 0.055 0.06 -4.32978e-17 0.707107 -0.707107 4.32978e-17 
-0.0204362 0.07 0.07 0.15 0.007 0.028 0.095 1 0 0 6.12323e-17 
-0.0247897 0.07 0.07 0.15 -0.021 -0.028 0.095 6.12323e-17 1 -6.12323e-17 3.7494e-33 
-0.0263951 0.07 0.07 0.15 -0.014 -0.028 0.095 6.12323e-17 1 -6.12323e-17 3.7494e-33 
-0.0268331 0.07 0.07 0.15 0.055 0.021 0.075 -0.672498 -0.218508 0.672499 0.218508 
-0.0277177 0.07 0.07 0.15 -0.035 -0.055 0.075 -0.672499 -0.218508 -0.218508 0.672498 
-0.0278147 0.07 0.07 0.15 -0.035 -0.055 0.06 -0.672499 -0.218508 -0.218508 0.672498 
-0.027862 0.07 0.07 0.15 -0.035 -0.055 0.045 -0.672499 -0.218508 -0.218508 0.672498 
-0.0293167 0.07 0.07 0.15 0.021 0.028 0.095 1 0 0 6.12323e-17 
-0.0317719 0.07 0.07 0.15 0.014 -0.028 0.095 -0.309017 0.951057 -5.82354e-17 -1.89218e-17 
-0.0320939 0.07 0.07 0.15 0.014 0.028 0.095 1 0 0 6.12323e-17 
-0.0338139 0.07 0.07 0.15 -0.014 0.028 0.095 0.951057 0.309017 1.89218e-17 5.82354e-17 
-0.0353089 0.07 0.07 0.15 0.021 -0.055 0.075 -0.672499 0.218508 0.218508 0.672498 
-0.0356143 0.07 0.07 0.15 0.055 -1.73472e-18 0.075 -0.672498 -0.218508 0.672499 0.218508 
-0.0361208 0.07 0.07 0.15 0.021 -0.055 0.06 -0.672499 0.218508 0.218508 0.672498 
-0.0381416 0.07 0.07 0.15 0.028 0.055 0.03 0.572061 -0.415627 0.415627 0.572062 
-0.0382944 0.07 0.07 0.15 0.055 0.014 0.075 -0.672498 -0.218508 0.672499 0.218508 
-0.03865 0.07 0.07 0.15 0.028 0.055 0.045 0.572061 -0.415627 0.415627 0.572062 
-0.0390834 0.07 0.07 0.15 0.028 0.055 0.06 0.572061 -0.415627 0.415627 0.572062 
-0.0394404 0.07 0.07 0.15 0.028 0.055 0.075 0.572061 -0.415627 0.415627 0.572062 
-0.0416016 0.07 0.07 0.15 0.055 0.007 0.075 -0.672498 -0.218508 0.672499 0.218508 
-0.0443006 0.07 0.07 0.15 0.021 -0.028 0.095 6.12323e-17 1 -6.12323e-17 3.7494e-33 
-0.0447871 0.07 0.07 0.15 0.021 -0.055 0.075 -0.572061 0.415627 0.415627 0.572062 
-0.0553679 0.07 0.07 0.15 -0.021 0.028 0.095 1 0 0 6.12323e-17 
-0.0557406 0.07 0.07 0.15 0.035 0.055 0.075 0.218508 -0.672499 0.672499 0.218502 
-0.0559078 0.07 0.07 0.15 0.035 0.055 0.06 0.218508 -0.672499 0.672499 0.218502 
-0.0559741 0.07 0.07 0.15 0.035 0.055 0.045 0.218508 -0.672499 0.672499 0.218502 
-0.0580441 0.07 0.07 0.15 0.007 0.055 0.075 0.218508 0.672499 -0.672499 0.218502 
-0.0598215 0.07 0.07 0.15 -0.028 -0.055 0.075 -0.672499 -0.218508 -0.218508 0.672498 
-0.0603937 0.07 0.07 0.15 -0.028 -0.055 0.06 -0.672499 -0.218508 -0.218508 0.672498 
-0.0608637 0.07 0.07 0.15 -0.028 -0.055 0.045 -0.672499 -0.218508 -0.218508 0.672498 
-0.0671017 0.07 0.07 0.15 0.028 0.055 0.045 0.415627 -0.572061 0.572061 0.415629 
-0.0675941 0.07 0.07 0.15 0.028 0.055 0.06 0.415627 -0.572061 0.572061 0.415629 
-0.0679573 0.07 0.07 0.15 0.028 0.055 0.075 0.415627 -0.572061 0.572061 0.415629 
-0.0704576 0.07 0.07 0.15 -1.73472e-18 0.055 0.075 0.218508 0.672499 -0.672499 0.218502 
-0.0783315 0.07 0.07 0.15 -0.028 -0.035 0.095 0.587785 0.809017 -4.9538e-17 3.59915e-17 
-0.0797347 0.07 0.07 0.15 0.055 -0.035 0.075 0.218508 -0.672498 -0.218508 0.672499 
-0.0811161 0.07 0.07 0.15 -0.021 0.055 0.075 0.415627 0.572061 -0.572061 0.415629 
-0.0821852 0.07 0.07 0.15 0.055 -0.035 0.06 0.218508 -0.672498 -0.218508 0.672499 
-0.0821939 0.07 0.07 0.15 0.007 -0.035 0.095 0.309017 0.951057 -5.82354e-17 1.89218e-17 
-0.0837892 0.07 0.07 0.15 -0.035 -0.035 0.095 6.12323e-17 1 -6.12323e-17 3.7494e-33 
-0.0845195 0.07 0.07 0.15 0.055 -0.035 0.045 0.218508 -0.672498 -0.218508 0.672499 
-0.0847666 0.07 0.07 0.15 0.035 0.021 0.095 -0.587785 0.809017 -4.9538e-17 -3.59915e-17 
-0.0854943 0.07 0.07 0.15 0.014 -0.055 0.075 -0.672499 0.218508 0.218508 0.672498 
-0.0883752 0.07 0.07 0.15 0.028 0.035 0.095 0.809017 -0.587785 -3.59914e-17 4.9538e-17 
-0.0916351 0.07 0.07 0.15 -0.021 -0.028 0.095 0.587785 0.809017 -4.9538e-17 3.59915e-17 
-0.0920453 0.07 0.07 0.15 -1.73472e-18 0.055 0.075 -4.32978e-17 0.707107 -0.707107 4.32978e-17 
-0.092554 0.07 0.07 0.15 -1.73472e-18 0.055 0.06 -4.32978e-17 0.707107 -0.707107 4.32978e-17 
-0.0935677 0.07 0.07 0.15 0.021 0.028 0.095 0.809017 -0.587785 -3.59914e-17 4.9538e-17 
-0.0942345 0.07 0.07 0.15 -0.021 -0.055 0.075 -0.672499 -0.218508 -0.218508 0.672498 
-0.0956351 0.07 0.07 0.15 0.035 0.035 0.095 1 0 0 6.12323e-17 
-0.0998167 0.07 0.07 0.15 -0.055 -0.014 0.075 -0.218508 0.672498 -0.218508 0.672499 
-0.10102 0.07 0.07 0.15 -0.007 0.055 0.075 0.218508 0.672499 -0.672499 0.218502 
-0.103391 0.07 0.07 0.15 -0.055 -0.007 0.075 -0.218508 0.672498 -0.218508 0.672499 
-0.108805 0.07 0.07 0.15 0.021 -0.035 0.095 -0.309017 0.951057 -5.82354e-17 -1.89218e-17 
-0.112099 0.07 0.07 0.15 -0.021 0.035 0.095 0.951057 0.309017 1.89218e-17 5.82354e-17 
-0.113761 0.07 0.07 0.15 0.028 0.055 0.075 0.218508 -0.672499 0.672499 0.218502 
-0.114483 0.07 0.07 0.15 0.028 0.055 0.06 0.218508 -0.672499 0.672499 0.218502 
-0.114641 0.07 0.07 0.15 -0.055 -0.021 0.075 -0.218508 0.672498 -0.218508 0.672499 
-0.115007 0.07 0.07 0.15 0.028 0.055 0.045 0.218508 -0.672499 0.672499 0.218502 
-0.118277 0.07 0.07 0.15 0.035 -0.021 0.095 -0.587785 0.809017 -4.9538e-17 -3.59915e-17 
-0.123527 0.07 0.07 0.15 -0.055 0.035 0.075 0.672498 0.218508 0.672499 0.218508 
-0.123874 0.07 0.07 0.15 -0.055 -1.73472e-18 0.075 -0.218508 0.672498 -0.218508 0.672499 
-0.125105 0.07 0.07 0.15 0.007 -0.035 0.095 6.12323e-17 1 -6.12323e-17 3.7494e-33 
-0.12525 0.07 0.07 0.15 -0.055 0.035 0.06 0.672498 0.218508 0.672499 0.218508 
-0.126767 0.07 0.07 0.15 -0.055 0.035 0.045 0.672498 0.218508 0.672499 0.218508 
-0.130671 0.07 0.07 0.15 -0.014 -0.055 0.075 -0.672499 -0.218508 -0.218508 0.672498 
-0.131246 0.07 0.07 0.15 0.028 -0.028 0.095 6.12323e-17 1 -6.12323e-17 3.7494e-33 
-0.131649 0.07 0.07 0.15 0.014 -0.035 0.095 6.12323e-17 1 -6.12323e-17 3.7494e-33 
-0.136458 0.07 0.07 0.15 -1.73472e-18 -0.035 0.095 6.12323e-17 1 -6.12323e-17 3.7494e-33 
-0.139526 0.07 0.07 0.15 0.007 -0.055 0.075 -0.672499 0.218508 0.218508 0.672498 
-0.140129 0.07 0.07 0.15 -0.014 0.055 0.075 0.218508 0.672499 -0.672499 0.218502 
-0.141176 0.07 0.07 0.15 -0.055 0.014 0.075 -0.672498 0.218508 -0.672499 0.218508 
-0.141642 0.07 0.07 0.15 0.035 -0.055 0.075 -0.707107 0 0 0.707106 
-0.142025 0.07 0.07 0.15 -0.014 0.055 0.075 0.415627 0.572061 -0.572061 0.415629 
-0.14309 0.07 0.07 0.15 -0.028 -0.035 0.095 6.12323e-17 1 -6.12323e-17 3.7494e-33 
-0.143557 0.07 0.07 0.15 -0.028 0.028 0.095 1 0 0 6.12323e-17 
-0.144001 0.07 0.07 0.15 0.035 -0.055 0.06 -0.707107 0 0 0.707106 
-0.148292 0.07 0.07 0.15 0.028 -0.055 0.075 -0.707107 0 0 0.707106 
-0.149229 0.07 0.07 0.15 -0.055 -0.028 0.075 -0.218508 0.672498 -0.218508 0.672499 
-0.150013 0.07 0.07 0.15 -0.055 -0.028 0.06 -0.218508 0.672498 -0.218508 0.672499 
-0.150588 0.07 0.07 0.15 0.028 -0.055 0.06 -0.707107 0 0 0.707106 
-0.151328 0.07 0.07 0.15 0.021 -0.055 0.075 -0.707107 0 0 0.707106 
-0.152789 0.07 0.07 0.15 0.014 -0.055 0.075 -0.707107 0 0 0.707106 
-0.153503 0.07 0.07 0.15 0.021 -0.055 0.06 -0.707107 0 0 0.707106 
-0.154573 0.07 0.07 0.15 -0.007 -0.035 0.095 6.12323e-17 1 -6.12323e-17 3.7494e-33 
-0.15476 0.07 0.07 0.15 0.007 -0.055 0.075 -0.707107 0 0 0.707106 
-0.154816 0.07 0.07 0.15 0.014 -0.055 0.06 -0.707107 0 0 0.707106 
-0.156641 0.07 0.07 0.15 0.007 -0.055 0.06 -0.707107 0 0 0.707106 
-0.158991 0.07 0.07 0.15 0.021 0.055 0.075 0.415627 -0.572061 0.572061 0.415629 
-0.159367 0.07 0.07 0.15 -1.73472e-18 -0.055 0.075 -0.707107 0 0 0.707106 
-0.159532 0.07 0.07 0.15 0.021 0.055 0.06 0.415627 -0.572061 0.572061 0.415629 
-0.159787 0.07 0.07 0.15 0.021 0.055 0.045 0.415627 -0.572061 0.572061 0.415629 
-0.161009 0.07 0.07 0.15 0.028 0.035 0.095 1 0 0 6.12323e-17 
-0.161133 0.07 0.07 0.15 -1.73472e-18 -0.055 0.06 -0.707107 0 0 0.707106 
-0.161756 0.07 0.07 0.15 -0.055 0.021 0.075 -0.672498 0.218508 -0.672499 0.218508 
-0.161896 0.07 0.07 0.15 -0.055 0.021 0.045 -0.672498 0.218508 -0.672499 0.218508 
-0.161973 0.07 0.07 0.15 -0.055 0.021 0.06 -0.672498 0.218508 -0.672499 0.218508 
-0.165874 0.07 0.07 0.15 0.021 0.055 0.075 0.218508 -0.672499 0.672499 0.218502 
-0.167491 0.07 0.07 0.15 0.021 -0.035 0.095 6.12323e-17 1 -6.12323e-17 3.7494e-33 
-0.168152 0.07 0.07 0.15 -0.021 -0.035 0.095 6.12323e-17 1 -6.12323e-17 3.7494e-33 
-0.16863 0.07 0.07 0.15 -0.014 -0.035 0.095 6.12323e-17 1 -6.12323e-17 3.7494e-33 
-0.168757 0.07 0.07 0.15 -0.007 -0.055 0.075 -0.707107 0 0 0.707106 
-0.168886 0.07 0.07 0.15 -0.007 -0.055 0.075 -0.672499 -0.218508 -0.218508 0.672498 
-0.17047 0.07 0.07 0.15 -0.007 -0.055 0.06 -0.707107 0 0 0.707106 
-0.171327 0.07 0.07 0.15 -0.007 0.035 0.095 1 0 0 6.12323e-17 
-0.172468 0.07 0.07 0.15 0.014 -0.055 0.075 -0.572061 0.415627 0.415627 0.572062 
-0.176326 0.07 0.07 0.15 -0.007 0.055 0.075 -4.32978e-17 0.707107 -0.707107 4.32978e-17 
-0.177166 0.07 0.07 0.15 -1.73472e-18 0.035 0.095 1 0 0 6.12323e-17 
-0.177211 0.07 0.07 0.15 -0.007 0.055 0.06 -4.32978e-17 0.707107 -0.707107 4.32978e-17 
-0.178184 0.07 0.07 0.15 -0.021 0.055 0.075 0.218508 0.672499 -0.672499 0.218502 
-0.179816 0.07 0.07 0.15 -0.021 0.055 0.06 0.218508 0.672499 -0.672499 0.218502 
-0.183385 0.07 0.07 0.15 -0.014 0.035 0.095 1 0 0 6.12323e-17 
-0.184805 0.07 0.07 0.15 0.035 0.014 0.095 -0.587785 0.809017 -4.9538e-17 -3.59915e-17 
-0.185102 0.07 0.07 0.15 -0.014 -0.055 0.075 -0.707107 0 0 0.707106 
-0.186856 0.07 0.07 0.15 -0.014 -0.055 0.06 -0.707107 0 0 0.707106 
-0.189724 0.07 0.07 0.15 0.007 0.035 0.095 1 0 0 6.12323e-17 
-0.191955 0.07 0.07 0.15 0.021 0.035 0.095 1 0 0 6.12323e-17 
-0.197683 0.07 0.07 0.15 -0.055 0.028 0.075 -0.672498 0.218508 -0.672499 0.218508 
-0.198005 0.07 0.07 0.15 -0.055 0.028 0.045 -0.672498 0.218508 -0.672499 0.218508 
-0.198023 0.07 0.07 0.15 -0.055 0.028 0.06 -0.672498 0.218508 -0.672499 0.218508 
-0.198161 0.07 0.07 0.15 0.014 0.035 0.095 1 0 0 6.12323e-17 
-0.198163 0.07 0.07 0.15 0.014 -0.035 0.095 -0.309017 0.951057 -5.82354e-17 -1.89218e-17 
-0.201084 0.07 0.07 0.15 -0.007 0.055 0.075 0.415627 0.572061 -0.572061 0.415629 
-0.203042 0.07 0.07 0.15 -1.73472e-18 -0.055 0.075 -0.672499 0.218508 0.218508 0.672498 
-0.203314 0.07 0.07 0.15 -0.055 -0.035 -0.015 -0.218508 0.672498 -0.218508 0.672499 
-0.204474 0.07 0.07 0.15 -0.055 -0.035 0 -0.218508 0.672498 -0.218508 0.672499 
-0.204796 0.07 0.07 0.15 -0.055 -0.035 0.075 -0.218508 0.672498 -0.218508 0.672499 
-0.205274 0.07 0.07 0.15 -0.055 -0.035 0.015 -0.218508 0.672498 -0.218508 0.672499 
-0.205467 0.07 0.07 0.15 -0.055 -0.035 0.06 -0.218508 0.672498 -0.218508 0.672499 
-0.205617 0.07 0.07 0.15 -0.028 0.055 0.075 0.218508 0.672499 -0.672499 0.218502 
-0.205707 0.07 0.07 0.15 -0.055 -0.035 0.03 -0.218508 0.672498 -0.218508 0.672499 
-0.205771 0.07 0.07 0.15 -0.055 -0.035 0.045 -0.218508 0.672498 -0.218508 0.672499 
-0.207109 0.07 0.07 0.15 -0.014 0.035 0.095 0.951057 0.309017 1.89218e-17 5.82354e-17 
-0.207325 0.07 0.07 0.15 -0.028 0.055 0.06 0.218508 0.672499 -0.672499 0.218502 
-0.208675 0.07 0.07 0.15 -1.73472e-18 -0.055 0.075 -0.672499 -0.218508 -0.218508 0.672498 
-0.210588 0.07 0.07 0.15 -0.021 -0.055 0.075 -0.707107 0 0 0.707106 
-0.212535 0.07 0.07 0.15 0.014 0.055 0.075 0.218508 -0.672499 0.672499 0.218502 
-0.212933 0.07 0.07 0.15 -0.035 0.055 0.075 0.218508 0.672499 -0.672499 0.218502 
-0.214574 0.07 0.07 0.15 -0.035 0.055 0.06 0.218508 0.672499 -0.672499 0.218502 
-0.219701 0.07 0.07 0.15 0.035 -0.014 0.095 -0.587785 0.809017 -4.9538e-17 -3.59915e-17 
-0.224771 0.07 0.07 0.15 -0.021 0.035 0.095 1 0 0 6.12323e-17 
-0.237792 0.07 0.07 0.15 -0.055 0.007 0.075 -0.572061 0.415627 -0.572061 0.415629 
-0.241725 0.07 0.07 0.15 -0.055 -1.73472e-18 0.075 -0.572061 0.415627 -0.572061 0.415629 
-0.242641 0.07 0.07 0.15 -0.021 -0.035 0.095 0.587785 0.809017 -4.9538e-17 3.59915e-17 
-0.244262 0.07 0.07 0.15 0.028 -0.035 0.095 6.12323e-17 1 -6.12323e-17 3.7494e-33 
-0.246729 0.07 0.07 0.15 0.021 0.035 0.095 0.809017 -0.587785 -3.59914e-17 4.9538e-17 
-0.2474 0.07 0.07 0.15 -0.028 -0.055 0.075 -0.707107 0 0 0.707106 
-0.249745 0.07 0.07 0.15 -0.055 0.035 0.075 -0.672498 0.218508 -0.672499 0.218508 
-0.249878 0.07 0.07 0.15 0.007 -0.055 0.075 -0.672499 -0.218508 -0.218508 0.672498 
-0.25027 0.07 0.07 0.15 -0.055 0.035 0.06 -0.672498 0.218508 -0.672499 0.218508 
-0.250343 0.07 0.07 0.15 -0.055 0.035 0.045 -0.672498 0.218508 -0.672499 0.218508 
-0.252023 0.07 0.07 0.15 0.035 0.007 0.095 -0.587785 0.809017 -4.9538e-17 -3.59915e-17 
-0.254262 0.07 0.07 0.15 0.007 0.055 0.075 0.218508 -0.672499 0.672499 0.218502 
-0.257144 0.07 0.07 0.15 -0.055 0.014 0.075 -0.572061 0.415627 -0.572061 0.415629 
-0.263153 0.07 0.07 0.15 -0.014 0.055 0.075 -4.32978e-17 0.707107 -0.707107 4.32978e-17 
-0.264414 0.07 0.07 0.15 -0.014 0.055 0.06 -4.32978e-17 0.707107 -0.707107 4.32978e-17 
-0.266981 0.07 0.07 0.15 -0.055 -0.007 0.075 -0.572061 0.415627 -0.572061 0.415629 
-0.272948 0.07 0.07 0.15 -0.055 -1.73472e-18 0.075 -0.415627 0.572061 -0.415627 0.572062 
-0.273246 0.07 0.07 0.15 0.035 -0.007 0.095 -0.587785 0.809017 -4.9538e-17 -3.59915e-17 
-0.274097 0.07 0.07 0.15 -0.055 -1.73472e-18 0.06 -0.415627 0.572061 -0.415627 0.572062 
-0.274253 0.07 0.07 0.15 0.035 -0.028 0.095 6.12323e-17 1 -6.12323e-17 3.7494e-33 
-0.277128 0.07 0.07 0.15 -0.055 -0.007 0.075 -0.415627 0.572061 -0.415627 0.572062 
-0.278292 0.07 0.07 0.15 -0.055 -0.007 0.06 -0.415627 0.572061 -0.415627 0.572062 
-0.281275 0.07 0.07 0.15 0.007 -0.035 0.095 -0.309017 0.951057 -5.82354e-17 -1.89218e-17 
-0.281674 0.07 0.07 0.15 -0.007 -0.055 0.075 -0.672499 0.218508 0.218508 0.672498 
-0.282748 0.07 0.07 0.15 0.035 -1.73472e-18 0.095 -0.587785 0.809017 -4.9538e-17 -3.59915e-17 
-0.287929 0.07 0.07 0.15 -0.035 0.028 0.095 1 0 0 6.12323e-17 
-0.291628 0.07 0.07 0.15 -1.73472e-18 0.055 0.075 0.218508 -0.672499 0.672499 0.218502 
-0.292105 0.07 0.07 0.15 -0.055 0.007 0.075 -0.415627 0.572061 -0.415627 0.572062 
-0.292379 0.07 0.07 0.15 0.014 -0.055 0.075 -0.672499 -0.218508 -0.218508 0.672498 
-0.295905 0.07 0.07 0.15 -0.007 0.035 0.095 0.951057 0.309017 1.89218e-17 5.82354e-17 
-0.297719 0.07 0.07 0.15 -0.035 -0.055 0.075 -0.707107 0 0 0.707106 
-0.298397 0.07 0.07 0.15 -0.007 0.035 0.095 0.951057 -0.309017 -1.89218e-17 5.82354e-17 
-0.301194 0.07 0.07 0.15 0.014 0.035 0.095 0.809017 -0.587785 -3.59914e-17 4.9538e-17 
-0.301525 0.07 0.07 0.15 -0.055 0.021 0.075 -0.572061 0.415627 -0.572061 0.415629 
-0.303089 0.07 0.07 0.15 -0.055 -0.028 0.075 0 0.707107 0 0.707106 
-0.30364 0.07 0.07 0.15 -0.055 -0.014 0.075 -0.415627 0.572061 -0.415627 0.572062 
-0.304398 0.07 0.07 0.15 0.007 -0.055 0.075 -0.572061 0.415627 0.415627 0.572062 
-0.304762 0.07 0.07 0.15 -0.055 -0.014 0.06 -0.415627 0.572061 -0.415627 0.572062 
-0.305503 0.07 0.07 0.15 -0.014 -0.035 0.095 0.587785 0.809017 -4.9538e-17 3.59915e-17 
-0.306956 0.07 0.07 0.15 -0.055 0.021 0.03 0.707107 -4.32978e-17 0.707107 -4.32978e-17 
-0.307135 0.07 0.07 0.15 -0.028 0.035 0.095 1 0 0 6.12323e-17 
-0.307927 0.07 0.07 0.15 -0.055 -0.028 0.06 0 0.707107 0 0.707106 
-0.308114 0.07 0.07 0.15 -0.055 0.021 0.045 0.707107 -4.32978e-17 0.707107 -4.32978e-17 
-0.308708 0.07 0.07 0.15 -0.055 0.021 0.06 0.707107 -4.32978e-17 0.707107 -4.32978e-17 
-0.308735 0.07 0.07 0.15 -0.055 0.021 0.075 0.707107 -4.32978e-17 0.707107 -4.32978e-17 
-0.311388 0.07 0.07 0.15 -0.055 -0.014 0.075 -0.572061 0.415627 -0.572061 0.415629 
-0.312269 0.07 0.07 0.15 -0.055 -0.028 0.045 0 0.707107 0 0.707106 
-0.316094 0.07 0.07 0.15 -0.055 -0.028 0.03 0 0.707107 0 0.707106 
-0.318092 0.07 0.07 0.15 0.007 0.035 0.095 0.809017 -0.587785 -3.59914e-17 4.9538e-17 
-0.31938 0.07 0.07 0.15 -0.055 -0.028 0.015 0 0.707107 0 0.707106 
-0.32117 0.07 0.07 0.15 -0.055 0.028 0.015 0.707107 -4.32978e-17 0.707107 -4.32978e-17 
-0.322794 0.07 0.07 0.15 -0.055 0.028 0.03 0.707107 -4.32978e-17 0.707107 -4.32978e-17 
-0.323833 0.07 0.07 0.15 -0.055 0.028 0.045 0.707107 -4.32978e-17 0.707107 -4.32978e-17 
-0.324136 0.07 0.07 0.15 -0.055 0.028 0.075 0.707107 -4.32978e-17 0.707107 -4.32978e-17 
-0.324281 0.07 0.07 0.15 -0.055 0.028 0.06 0.707107 -4.32978e-17 0.707107 -4.32978e-17 
-0.325267 0.07 0.07 0.15 -0.007 0.055 0.075 0.218508 -0.672499 0.672499 0.218502 
-0.327995 0.07 0.07 0.15 -0.055 -0.035 0.075 0 0.707107 0 0.707106 
-0.33085 0.07 0.07 0.15 -0.007 -0.035 0.095 0.587785 0.809017 -4.9538e-17 3.59915e-17 
-0.332868 0.07 0.07 0.15 -0.055 -0.035 0.06 0 0.707107 0 0.707106 
-0.335421 0.07 0.07 0.15 -0.055 0.014 0.075 -0.415627 0.572061 -0.415627 0.572062 
-0.336104 0.07 0.07 0.15 0.021 -0.055 0.075 -0.672499 -0.218508 -0.218508 0.672498 
-0.3372 0.07 0.07 0.15 -0.055 -0.035 0.045 0 0.707107 0 0.707106 
-0.34097 0.07 0.07 0.15 -0.055 -0.035 0.03 0 0.707107 0 0.707106 
-0.344156 0.07 0.07 0.15 -0.055 -0.035 0.015 0 0.707107 0 0.707106 
-0.348022 0.07 0.07 0.15 -0.021 0.055 0.075 -4.32978e-17 0.707107 -0.707107 4.32978e-17 
-0.349632 0.07 0.07 0.15 -0.021 0.055 0.06 -4.32978e-17 0.707107 -0.707107 4.32978e-17 
-0.351293 0.07 0.07 0.15 -0.055 -0.021 0.075 -0.415627 0.572061 -0.415627 0.572062 
-0.352308 0.07 0.07 0.15 -0.055 -0.021 0.06 -0.415627 0.572061 -0.415627 0.572062 
-0.355866 0.07 0.07 0.15 -0.014 0.055 0.075 0.218508 -0.672499 0.672499 0.218502 
-0.357109 0.07 0.07 0.15 -1.73472e-18 -0.035 0.095 -0.309017 0.951057 -5.82354e-17 -1.89218e-17 
-0.359062 0.07 0.07 0.15 -0.055 0.035 0.015 0.707107 -4.32978e-17 0.707107 -4.32978e-17 
-0.360473 0.07 0.07 0.15 -0.055 0.035 0.03 0.707107 -4.32978e-17 0.707107 -4.32978e-17 
-0.360789 0.07 0.07 0.15 -0.055 0.035 0.075 0.707107 -4.32978e-17 0.707107 -4.32978e-17 
-0.361233 0.07 0.07 0.15 -0.055 0.035 0.045 0.707107 -4.32978e-17 0.707107 -4.32978e-17 
-0.361339 0.07 0.07 0.15 -0.055 0.035 0.06 0.707107 -4.32978e-17 0.707107 -4.32978e-17 
-0.372454 0.07 0.07 0.15 -0.055 0.028 0.075 -0.572061 0.415627 -0.572061 0.415629 
-0.372525 0.07 0.07 0.15 -0.055 0.028 0.06 -0.572061 0.415627 -0.572061 0.415629 
-0.372576 0.07 0.07 0.15 -0.055 -0.021 0.075 -0.572061 0.415627 -0.572061 0.415629 
-0.373769 0.07 0.07 0.15 0.035 -0.035 0.095 6.12323e-17 1 -6.12323e-17 3.7494e-33 
-0.377554 0.07 0.07 0.15 -1.73472e-18 0.035 0.095 0.951057 0.309017 1.89218e-17 5.82354e-17 
-0.381024 0.07 0.07 0.15 0.028 -0.055 0.075 -0.672499 -0.218508 -0.218508 0.672498 
-0.384165 0.07 0.07 0.15 -0.021 0.055 0.075 0.218508 -0.672499 0.672499 0.218502 
-0.403516 0.07 0.07 0.15 -0.055 0.021 0.075 -0.415627 0.572061 -0.415627 0.572062 
-0.410954 0.07 0.07 0.15 -0.028 0.055 0.075 0.218508 -0.672499 0.672499 0.218502 
-0.418716 0.07 0.07 0.15 -0.055 -0.028 0.075 -0.415627 0.572061 -0.415627 0.572062 
-0.419555 0.07 0.07 0.15 -0.055 -0.028 0.06 -0.415627 0.572061 -0.415627 0.572062 
-0.425233 0.07 0.07 0.15 -0.007 -0.035 0.095 -0.309017 0.951057 -5.82354e-17 -1.89218e-17 
-0.426478 0.07 0.07 0.15 -0.028 0.055 0.075 -4.32978e-17 0.707107 -0.707107 4.32978e-17 
-0.427154 0.07 0.07 0.15 0.035 -0.055 0.075 -0.672499 -0.218508 -0.218508 0.672498 
-0.428386 0.07 0.07 0.15 -0.028 0.055 0.06 -4.32978e-17 0.707107 -0.707107 4.32978e-17 
-0.437067 0.07 0.07 0.15 -0.035 0.055 0.075 0.218508 -0.672499 0.672499 0.218502 
-0.442311 0.07 0.07 0.15 -0.035 0.035 0.095 1 0 0 6.12323e-17 
-0.447981 0.07 0.07 0.15 -0.055 -0.028 0.075 -0.572061 0.415627 -0.572061 0.415629 
-0.451721 0.07 0.07 0.15 0.007 0.035 0.095 0.951057 0.309017 1.89218e-17 5.82354e-17 
-0.471225 0.07 0.07 0.15 -0.055 0.035 0.075 -0.572061 0.415627 -0.572061 0.415629 
-0.471359 0.07 0.07 0.15 -0.055 0.035 0.06 -0.572061 0.415627 -0.572061 0.415629 
-0.485793 0.07 0.07 0.15 -0.014 -0.035 0.095 -0.309017 0.951057 -5.82354e-17 -1.89218e-17 
-0.494135 0.07 0.07 0.15 -0.035 0.055 0.075 -4.32978e-17 0.707107 -0.707107 4.32978e-17 
-0.496264 0.07 0.07 0.15 -0.035 0.055 0.06 -4.32978e-17 0.707107 -0.707107 4.32978e-17 
-0.504362 0.07 0.07 0.15 -0.055 -0.035 0.075 -0.415627 0.572061 -0.415627 0.572062 
-0.504948 0.07 0.07 0.15 -0.055 -0.035 0.06 -0.415627 0.572061 -0.415627 0.572062 
-0.518643 0.07 0.07 0.15 0.014 0.035 0.095 0.951057 0.309017 1.89218e-17 5.82354e-17 
-0.534863 0.07 0.07 0.15 -0.055 -0.035 0.075 -0.572061 0.415627 -0.572061 0.415629 
-0.539529 0.07 0.07 0.15 -0.021 -0.035 0.095 -0.309017 0.951057 -5.82354e-17 -1.89218e-17 
-0.579129 0.07 0.07 0.15 0.021 0.035 0.095 0.951057 0.309017 1.89218e-17 5.82354e-17 
-0.587745 0.07 0.07 0.15 -0.028 -0.035 0.095 -0.309017 0.951057 -5.82354e-17 -1.89218e-17 
-0.63235 0.07 0.07 0.15 -0.035 -0.035 0.095 -0.309017 0.951057 -5.82354e-17 -1.89218e-17 
-0.634566 0.07 0.07 0.15 0.028 0.035 0.095 0.951057 0.309017 1.89218e-17 5.82354e-17 
-0.686892 0.07 0.07 0.15 0.035 0.035 0.095 0.951057 0.309017 1.89218e-17 5.82354e-17 
