25.898 0.07 0.07 0.15 0.035 -0.035 0.095 -0.587785 0.809017 -4.9538e-17 -3.59915e-17 
25.8021 0.07 0.07 0.15 0.021 -0.035 0.095 -0.587785 0.809017 -4.9538e-17 -3.59915e-17 
25.7731 0.07 0.07 0.15 0.035 -0.021 0.095 -0.587785 0.809017 -4.9538e-17 -3.59915e-17 
25.6781 0.07 0.07 0.15 0.021 -0.021 0.095 -0.587785 0.809017 -4.9538e-17 -3.59915e-17 
25.5046 0.07 0.07 0.15 0.035 -0.007 0.095 -0.587785 0.809017 -4.9538e-17 -3.59915e-17 
25.4408 0.07 0.07 0.15 0.021 -0.007 0.095 -0.587785 0.809017 -4.9538e-17 -3.59915e-17 
24.9381 0.07 0.07 0.15 0.035 0.007 0.095 -0.587785 0.809017 -4.9538e-17 -3.59915e-17 
23.8682 0.07 0.07 0.15 0.035 0.021 0.095 -0.587785 0.809017 -4.9538e-17 -3.59915e-17 
17.7112 0.07 0.07 0.15 -0.055 -0.035 0.075 -0.572061 0.415627 -0.572061 0.415629 
17.656 0.07 0.07 0.15 -0.055 -0.021 0.075 -0.572061 0.415627 -0.572061 0.415629 
17.588 0.07 0.07 0.15 -0.055 -0.007 0.075 -0.572061 0.415627 -0.572061 0.415629 
17.5032 0.07 0.07 0.15 -0.055 0.007 0.075 -0.572061 0.415627 -0.572061 0.415629 
17.3952 0.07 0.07 0.15 -0.055 0.021 0.075 -0.572061 0.415627 -0.572061 0.415629 
17.2563 0.07 0.07 0.15 -0.055 0.035 0.075 -0.572061 0.415627 -0.572061 0.415629 
16.3449 0.07 0.07 0.15 0.035 0.055 0.075 -4.32978e-17 0.707107 -0.707107 4.32978e-17 
4.41554 0.07 0.07 0.15 0.021 0.055 0.075 -4.32978e-17 0.707107 -0.707107 4.32978e-17 
3.52618 0.07 0.07 0.15 -0.035 0.007 0.095 0.951057 0.309017 1.89218e-17 5.82354e-17 
3.35111 0.07 0.07 0.15 -0.035 0.021 0.095 0.951057 0.309017 1.89218e-17 5.82354e-17 
3.33238 0.07 0.07 0.15 -0.035 0.035 0.095 0.951057 0.309017 1.89218e-17 5.82354e-17 
3.2552 0.07 0.07 0.15 -0.021 0.035 0.095 0.951057 0.309017 1.89218e-17 5.82354e-17 
3.24542 0.07 0.07 0.15 -0.007 0.035 0.095 0.951057 0.309017 1.89218e-17 5.82354e-17 
3.19076 0.07 0.07 0.15 0.007 0.035 0.095 0.951057 0.309017 1.89218e-17 5.82354e-17 
2.97869 0.07 0.07 0.15 0.021 0.035 0.095 0.951057 0.309017 1.89218e-17 5.82354e-17 
2.49857 0.07 0.07 0.15 0.035 0.035 0.095 0.951057 0.309017 1.89218e-17 5.82354e-17 
1.8053 0.07 0.07 0.15 -0.007 -0.055 0.075 -0.672499 0.218508 0.218508 0.672498 
1.49659 0.07 0.07 0.15 -0.035 0.055 0.075 0.415627 0.572061 -0.572061 0.415629 
1.46599 0.07 0.07 0.15 -0.035 0.035 0.095 0.587785 0.809017 -4.9538e-17 3.59915e-17 
1.39285 0.07 0.07 0.15 -0.035 0.055 0.045 0.415627 0.572061 -0.572061 0.415629 
1.29567 0.07 0.07 0.15 -0.021 0.055 0.075 0.415627 0.572061 -0.572061 0.415629 
1.24622 0.07 0.07 0.15 -0.007 0.055 0.075 0.415627 0.572061 -0.572061 0.415629 
1.21822 0.07 0.07 0.15 -0.035 0.055 0.015 0.415627 0.572061 -0.572061 0.415629 
1.00296 0.07 0.07 0.15 -0.035 0.021 0.095 0.587785 0.809017 -4.9538e-17 3.59915e-17 
0.92034 0.07 0.07 0.15 -0.035 -0.055 0.075 -0.415627 -0.572061 -0.572061 0.415629 
0.801741 0.07 0.07 0.15 -0.035 -0.055 0.045 -0.415627 -0.572061 -0.572061 0.415629 
0.638938 0.07 0.07 0.15 0.035 0.055 0.045 0.415627 -0.572061 0.572061 0.415629 
0.570889 0.07 0.07 0.15 0.021 0.055 0.045 0.415627 -0.572061 0.572061 0.415629 
0.529871 0.07 0.07 0.15 -0.035 0.007 0.095 0.587785 0.809017 -4.9538e-17 3.59915e-17 
0.303814 0.07 0.07 0.15 0.035 0.055 0.075 0.415627 -0.572061 0.572061 0.415629 
0.154899 0.07 0.07 0.15 0.021 0.055 0.075 0.415627 -0.572061 0.572061 0.415629 
0.0820801 0.07 0.07 0.15 -0.055 0.035 0.015 0.707107 -4.32978e-17 0.707107 -4.32978e-17 
0.0445721 0.07 0.07 0.15 -0.035 -0.007 0.095 0.587785 0.809017 -4.9538e-17 3.59915e-17 
0.005041 0.07 0.07 0.15 -0.055 0.021 0.045 0.707107 -4.32978e-17 0.707107 -4.32978e-17 
-0.0864488 0.07 0.07 0.15 -0.055 0.035 0.045 0.707107 -4.32978e-17 0.707107 -4.32978e-17 
-0.105185 0.07 0.07 0.15 0.021 -0.055 0.075 -0.672499 -0.218508 -0.218508 0.672498 
-0.107632 0.07 0.07 0.15 0.007 -0.055 0.075 -0.672499 -0.218508 -0.218508 0.672498 
-0.121175 0.07 0.07 0.15 -0.007 -0.055 0.075 -0.672499 -0.218508 -0.218508 0.672498 
-0.122035 0.07 0.07 0.15 0.035 -0.055 0.075 -0.672499 -0.218508 -0.218508 0.672498 
-0.135904 0.07 0.07 0.15 0.055 -0.035 0.075 -0.218508 -0.672498 0.218508 0.672499 
-0.137294 0.07 0.07 0.15 -0.055 0.021 0.075 0.707107 -4.32978e-17 0.707107 -4.32978e-17 
-0.137342 0.07 0.07 0.15 -0.021 -0.055 0.075 -0.672499 -0.218508 -0.218508 0.672498 
-0.140143 0.07 0.07 0.15 0.055 -0.021 0.075 -0.218508 -0.672498 0.218508 0.672499 
-0.147541 0.07 0.07 0.15 -0.035 -0.055 0.075 -0.672499 -0.218508 -0.218508 0.672498 
-0.229971 0.07 0.07 0.15 -0.055 0.035 0.075 0.707107 -4.32978e-17 0.707107 -4.32978e-17 
-0.255892 0.07 0.07 0.15 0.055 -0.035 0.045 -0.218508 -0.672498 0.218508 0.672499 
-0.29195 0.07 0.07 0.15 0.007 -0.055 0.075 -0.672499 0.218508 0.218508 0.672498 
-0.325563 0.07 0.07 0.15 0.055 -0.021 0.045 -0.218508 -0.672498 0.218508 0.672499 
-0.45069 0.07 0.07 0.15 -0.035 -0.021 0.095 0.587785 0.809017 -4.9538e-17 3.59915e-17 
-0.467757 0.07 0.07 0.15 -0.021 -0.021 0.095 0.587785 0.809017 -4.9538e-17 3.59915e-17 
-0.948405 0.07 0.07 0.15 -0.035 -0.035 0.095 0.587785 0.809017 -4.9538e-17 3.59915e-17 
-0.96968 0.07 0.07 0.15 -0.021 -0.035 0.095 0.587785 0.809017 -4.9538e-17 3.59915e-17 
-1.00699 0.07 0.07 0.15 -0.007 -0.035 0.095 0.587785 0.809017 -4.9538e-17 3.59915e-17 
-1.0604 0.07 0.07 0.15 -0.055 -0.035 0.075 -0.218508 0.672498 -0.218508 0.672499 
-1.20593 0.07 0.07 0.15 0.055 0.035 0.075 0.707107 -4.32978e-17 -0.707107 4.32978e-17 
-1.37202 0.07 0.07 0.15 0.055 0.035 0.045 0.707107 -4.32978e-17 -0.707107 4.32978e-17 
-1.4439 0.07 0.07 0.15 -0.055 -0.035 0.045 -0.218508 0.672498 -0.218508 0.672499 
-1.51352 0.07 0.07 0.15 0.055 0.035 0.015 0.707107 -4.32978e-17 -0.707107 4.32978e-17 
-1.57341 0.07 0.07 0.15 0.055 -0.035 0.045 0.218508 -0.672498 -0.218508 0.672499 
-1.60814 0.07 0.07 0.15 0.055 -0.035 0.075 0.218508 -0.672498 -0.218508 0.672499 
-1.62166 0.07 0.07 0.15 -0.035 -0.055 0.045 -0.672499 -0.218508 -0.218508 0.672498 
-1.80197 0.07 0.07 0.15 -0.055 -0.035 0.015 -0.218508 0.672498 -0.218508 0.672499 
-2.12463 0.07 0.07 0.15 -0.055 -0.035 -0.015 -0.218508 0.672498 -0.218508 0.672499 
-2.50712 0.07 0.07 0.15 0.021 -0.055 0.075 -0.672499 0.218508 0.218508 0.672498 
-2.91016 0.07 0.07 0.15 -0.055 -0.021 0.075 -0.218508 0.672498 -0.218508 0.672499 
-3.98844 0.07 0.07 0.15 0.021 -0.021 0.095 6.12323e-17 1 -6.12323e-17 3.7494e-33 
-4.01062 0.07 0.07 0.15 0.035 -0.035 0.095 6.12323e-17 1 -6.12323e-17 3.7494e-33 
-4.07338 0.07 0.07 0.15 0.021 -0.035 0.095 6.12323e-17 1 -6.12323e-17 3.7494e-33 
-4.14884 0.07 0.07 0.15 0.007 -0.035 0.095 6.12323e-17 1 -6.12323e-17 3.7494e-33 
-4.22311 0.07 0.07 0.15 -0.007 -0.035 0.095 6.12323e-17 1 -6.12323e-17 3.7494e-33 
-4.26194 0.07 0.07 0.15 0.007 -0.021 0.095 6.12323e-17 1 -6.12323e-17 3.7494e-33 
-4.28514 0.07 0.07 0.15 -0.021 -0.035 0.095 6.12323e-17 1 -6.12323e-17 3.7494e-33 
-4.32692 0.07 0.07 0.15 -0.035 -0.035 0.095 6.12323e-17 1 -6.12323e-17 3.7494e-33 
-4.52639 0.07 0.07 0.15 -0.007 -0.021 0.095 6.12323e-17 1 -6.12323e-17 3.7494e-33 
-4.5447 0.07 0.07 0.15 0.035 -0.055 0.075 -0.672499 0.218508 0.218508 0.672498 
-4.77019 0.07 0.07 0.15 -0.021 -0.021 0.095 6.12323e-17 1 -6.12323e-17 3.7494e-33 
-4.81365 0.07 0.07 0.15 -0.055 -0.007 0.075 -0.218508 0.672498 -0.218508 0.672499 
-4.98483 0.07 0.07 0.15 -0.035 -0.021 0.095 6.12323e-17 1 -6.12323e-17 3.7494e-33 
-7.66617 0.07 0.07 0.15 0.007 0.055 0.075 -4.32978e-17 0.707107 -0.707107 4.32978e-17 
-15.2367 0.07 0.07 0.15 0.055 0.035 0.075 -0.572061 -0.415627 0.572061 0.415629 
-15.959 0.07 0.07 0.15 0.055 0.021 0.075 -0.572061 -0.415627 0.572061 0.415629 
-16.1445 0.07 0.07 0.15 0.035 0.021 0.095 0.951057 -0.309017 -1.89218e-17 5.82354e-17 
-16.1794 0.07 0.07 0.15 -0.007 0.035 0.095 0.951057 -0.309017 -1.89218e-17 5.82354e-17 
-16.1863 0.07 0.07 0.15 0.007 0.021 0.095 0.951057 -0.309017 -1.89218e-17 5.82354e-17 
-16.1885 0.07 0.07 0.15 0.035 0.035 0.095 0.951057 -0.309017 -1.89218e-17 5.82354e-17 
-16.2268 0.07 0.07 0.15 0.021 0.021 0.095 0.951057 -0.309017 -1.89218e-17 5.82354e-17 
-16.2552 0.07 0.07 0.15 0.007 0.035 0.095 0.951057 -0.309017 -1.89218e-17 5.82354e-17 
-16.2621 0.07 0.07 0.15 0.021 0.035 0.095 0.951057 -0.309017 -1.89218e-17 5.82354e-17 
-16.6514 0.07 0.07 0.15 0.055 0.007 0.075 -0.572061 -0.415627 0.572061 0.415629 
-17.3152 0.07 0.07 0.15 0.055 -0.007 0.075 -0.572061 -0.415627 0.572061 0.415629 
-17.9537 0.07 0.07 0.15 0.055 -0.021 0.075 -0.572061 -0.415627 0.572061 0.415629 
-19.8027 0.07 0.07 0.15 -0.007 0.055 0.075 -4.32978e-17 0.707107 -0.707107 4.32978e-17 
-31.8955 0.07 0.07 0.15 -0.021 0.055 0.075 -4.32978e-17 0.707107 -0.707107 4.32978e-17 
-43.8465 0.07 0.07 0.15 -0.035 0.055 0.075 -4.32978e-17 0.707107 -0.707107 4.32978e-17 
