0 0.085 0.085 0.101 -0.0625 -0.0425 0.0101 -0.218508 0.672498 -0.218508 0.672499 
0 0.085 0.085 0.101 -0.0625 -0.0425 0.0202 -0.218508 0.672498 -0.218508 0.672499 
0 0.085 0.085 0.101 0.0625 -0.0425 0.0303 0 -0.707107 0 0.707106 
0 0.085 0.085 0.101 -0.0625 -0.0425 0.0303 -0.218508 0.672498 -0.218508 0.672499 
0 0.085 0.085 0.101 0.0625 -0.0425 0.0404 0 -0.707107 0 0.707106 
0 0.085 0.085 0.101 -0.0625 -0.0425 0.0404 -0.415627 0.572061 -0.415627 0.572062 
0 0.085 0.085 0.101 -0.0625 -0.0425 0.0404 -0.218508 0.672498 -0.218508 0.672499 
0 0.085 0.085 0.101 -0.0625 -0.0425 0.0404 0 0.707107 0 0.707106 
0 0.085 0.085 0.101 0.0625 -0.0425 0.0505 0 -0.707107 0 0.707106 
0 0.085 0.085 0.101 0.0625 -0.0425 0.0505 -0.415627 -0.572061 0.415627 0.572062 
0 0.085 0.085 0.101 -0.0625 -0.0425 0.0505 -0.572061 0.415627 -0.572061 0.415629 
0 0.085 0.085 0.101 -0.0625 -0.0425 0.0505 -0.415627 0.572061 -0.415627 0.572062 
0 0.085 0.085 0.101 -0.0625 -0.0425 0.0505 -0.218508 0.672498 -0.218508 0.672499 
0 0.085 0.085 0.101 -0.0625 -0.0425 0.0505 0 0.707107 0 0.707106 
0 0.085 0.085 0.101 0.0625 -0.034 0.0303 0 -0.707107 0 0.707106 
0 0.085 0.085 0.101 0.0625 -0.034 0.0404 0 -0.707107 0 0.707106 
0 0.085 0.085 0.101 -0.0625 -0.034 0.0404 -0.415627 0.572061 -0.415627 0.572062 
0 0.085 0.085 0.101 -0.0625 -0.034 0.0404 -0.218508 0.672498 -0.218508 0.672499 
0 0.085 0.085 0.101 0.0625 -0.034 0.0505 0 -0.707107 0 0.707106 
0 0.085 0.085 0.101 0.0625 -0.034 0.0505 -0.415627 -0.572061 0.415627 0.572062 
0 0.085 0.085 0.101 -0.0625 -0.034 0.0505 -0.572061 0.415627 -0.572061 0.415629 
0 0.085 0.085 0.101 -0.0625 -0.034 0.0505 -0.415627 0.572061 -0.415627 0.572062 
0 0.085 0.085 0.101 -0.0625 -0.034 0.0505 -0.218508 0.672498 -0.218508 0.672499 
0 0.085 0.085 0.101 0.0625 -0.0255 0.0303 0 -0.707107 0 0.707106 
0 0.085 0.085 0.101 0.0625 -0.0255 0.0404 0 -0.707107 0 0.707106 
0 0.085 0.085 0.101 -0.0625 -0.0255 0.0404 -0.415627 0.572061 -0.415627 0.572062 
0 0.085 0.085 0.101 -0.0625 -0.0255 0.0404 -0.218508 0.672498 -0.218508 0.672499 
0 0.085 0.085 0.101 0.0625 -0.0255 0.0505 0 -0.707107 0 0.707106 
0 0.085 0.085 0.101 0.0625 -0.0255 0.0505 -0.415627 -0.572061 0.415627 0.572062 
0 0.085 0.085 0.101 -0.0625 -0.0255 0.0505 -0.572061 0.415627 -0.572061 0.415629 
0 0.085 0.085 0.101 -0.0625 -0.0255 0.0505 -0.415627 0.572061 -0.415627 0.572062 
0 0.085 0.085 0.101 -0.0625 -0.0255 0.0505 -0.218508 0.672498 -0.218508 0.672499 
0 0.085 0.085 0.101 -0.0625 -0.017 0.0404 -0.415627 0.572061 -0.415627 0.572062 
0 0.085 0.085 0.101 0.0625 -0.017 0.0505 -0.415627 -0.572061 0.415627 0.572062 
0 0.085 0.085 0.101 -0.0625 -0.017 0.0505 -0.572061 0.415627 -0.572061 0.415629 
0 0.085 0.085 0.101 -0.0625 -0.017 0.0505 -0.415627 0.572061 -0.415627 0.572062 
0 0.085 0.085 0.101 -0.0625 -0.017 0.0505 -0.218508 0.672498 -0.218508 0.672499 
0 0.085 0.085 0.101 -0.0625 -0.0085 0.0404 -0.415627 0.572061 -0.415627 0.572062 
0 0.085 0.085 0.101 0.0625 -0.0085 0.0505 -0.415627 -0.572061 0.415627 0.572062 
0 0.085 0.085 0.101 0.0625 -0.0085 0.0505 -0.572061 -0.415627 0.572061 0.415629 
0 0.085 0.085 0.101 -0.0625 -0.0085 0.0505 -0.572061 0.415627 -0.572061 0.415629 
0 0.085 0.085 0.101 -0.0625 -0.0085 0.0505 -0.415627 0.572061 -0.415627 0.572062 
0 0.085 0.085 0.101 -0.0625 -0.0085 0.0505 -0.218508 0.672498 -0.218508 0.672499 
0 0.085 0.085 0.101 0.0625 0 0.0505 -0.415627 -0.572061 0.415627 0.572062 
0 0.085 0.085 0.101 0.0625 0 0.0505 -0.572061 -0.415627 0.572061 0.415629 
0 0.085 0.085 0.101 -0.0625 0 0.0505 -0.572061 0.415627 -0.572061 0.415629 
0 0.085 0.085 0.101 -0.0625 0 0.0505 -0.415627 0.572061 -0.415627 0.572062 
0 0.085 0.085 0.101 0.0625 0.0085 0.0404 -0.572061 -0.415627 0.572061 0.415629 
0 0.085 0.085 0.101 0.0625 0.0085 0.0505 -0.415627 -0.572061 0.415627 0.572062 
0 0.085 0.085 0.101 0.0625 0.0085 0.0505 -0.572061 -0.415627 0.572061 0.415629 
0 0.085 0.085 0.101 0.0625 0.0085 0.0505 -0.672498 -0.218508 0.672499 0.218508 
0 0.085 0.085 0.101 -0.0625 0.0085 0.0505 -0.572061 0.415627 -0.572061 0.415629 
0 0.085 0.085 0.101 -0.0625 0.0085 0.0505 -0.415627 0.572061 -0.415627 0.572062 
0 0.085 0.085 0.101 0.0625 0.017 0.0404 -0.572061 -0.415627 0.572061 0.415629 
0 0.085 0.085 0.101 0.0625 0.017 0.0505 -0.415627 -0.572061 0.415627 0.572062 
0 0.085 0.085 0.101 0.0625 0.017 0.0505 -0.572061 -0.415627 0.572061 0.415629 
0 0.085 0.085 0.101 0.0625 0.017 0.0505 -0.672498 -0.218508 0.672499 0.218508 
0 0.085 0.085 0.101 -0.0625 0.017 0.0505 -0.572061 0.415627 -0.572061 0.415629 
0 0.085 0.085 0.101 -0.0625 0.0255 0.0303 0.707107 -4.32978e-17 0.707107 -4.32978e-17 
0 0.085 0.085 0.101 0.0625 0.0255 0.0404 -0.572061 -0.415627 0.572061 0.415629 
0 0.085 0.085 0.101 0.0625 0.0255 0.0404 -0.672498 -0.218508 0.672499 0.218508 
0 0.085 0.085 0.101 -0.0625 0.0255 0.0404 0.707107 -4.32978e-17 0.707107 -4.32978e-17 
0 0.085 0.085 0.101 0.0625 0.0255 0.0505 -0.415627 -0.572061 0.415627 0.572062 
0 0.085 0.085 0.101 0.0625 0.0255 0.0505 -0.572061 -0.415627 0.572061 0.415629 
0 0.085 0.085 0.101 0.0625 0.0255 0.0505 -0.672498 -0.218508 0.672499 0.218508 
0 0.085 0.085 0.101 -0.0625 0.0255 0.0505 0.707107 -4.32978e-17 0.707107 -4.32978e-17 
0 0.085 0.085 0.101 -0.0625 0.0255 0.0505 -0.572061 0.415627 -0.572061 0.415629 
0 0.085 0.085 0.101 -0.0625 0.034 0.0303 0.707107 -4.32978e-17 0.707107 -4.32978e-17 
0 0.085 0.085 0.101 0.0625 0.034 0.0404 -0.572061 -0.415627 0.572061 0.415629 
0 0.085 0.085 0.101 0.0625 0.034 0.0404 -0.672498 -0.218508 0.672499 0.218508 
0 0.085 0.085 0.101 -0.0625 0.034 0.0404 0.707107 -4.32978e-17 0.707107 -4.32978e-17 
0 0.085 0.085 0.101 0.0625 0.034 0.0505 -0.415627 -0.572061 0.415627 0.572062 
0 0.085 0.085 0.101 0.0625 0.034 0.0505 -0.572061 -0.415627 0.572061 0.415629 
0 0.085 0.085 0.101 0.0625 0.034 0.0505 -0.672498 -0.218508 0.672499 0.218508 
0 0.085 0.085 0.101 -0.0625 0.034 0.0505 0.707107 -4.32978e-17 0.707107 -4.32978e-17 
0 0.085 0.085 0.101 -0.0625 0.034 0.0505 -0.572061 0.415627 -0.572061 0.415629 
0 0.085 0.085 0.101 0.0625 0.0425 0.0101 -0.672498 -0.218508 0.672499 0.218508 
0 0.085 0.085 0.101 0.0625 0.0425 0.0202 -0.672498 -0.218508 0.672499 0.218508 
0 0.085 0.085 0.101 0.0625 0.0425 0.0303 -0.672498 -0.218508 0.672499 0.218508 
0 0.085 0.085 0.101 -0.0625 0.0425 0.0303 0.707107 -4.32978e-17 0.707107 -4.32978e-17 
0 0.085 0.085 0.101 0.0625 0.0425 0.0404 0.707107 -4.32978e-17 -0.707107 4.32978e-17 
0 0.085 0.085 0.101 0.0625 0.0425 0.0404 -0.572061 -0.415627 0.572061 0.415629 
0 0.085 0.085 0.101 0.0625 0.0425 0.0404 -0.672498 -0.218508 0.672499 0.218508 
0 0.085 0.085 0.101 -0.0625 0.0425 0.0404 0.707107 -4.32978e-17 0.707107 -4.32978e-17 
0 0.085 0.085 0.101 0.0625 0.0425 0.0505 0.707107 -4.32978e-17 -0.707107 4.32978e-17 
0 0.085 0.085 0.101 0.0625 0.0425 0.0505 -0.415627 -0.572061 0.415627 0.572062 
0 0.085 0.085 0.101 0.0625 0.0425 0.0505 -0.572061 -0.415627 0.572061 0.415629 
0 0.085 0.085 0.101 0.0625 0.0425 0.0505 -0.672498 -0.218508 0.672499 0.218508 
0 0.085 0.085 0.101 -0.0625 0.0425 0.0505 0.707107 -4.32978e-17 0.707107 -4.32978e-17 
0 0.085 0.085 0.101 -0.0625 0.0425 0.0505 -0.572061 0.415627 -0.572061 0.415629 
0 0.085 0.085 0.101 -0.0425 0.0625 0.0303 0.218508 0.672499 -0.672499 0.218502 
0 0.085 0.085 0.101 -0.0425 0.0625 0.0303 0.415627 0.572061 -0.572061 0.415629 
0 0.085 0.085 0.101 -0.0425 0.0625 0.0404 0.218508 0.672499 -0.672499 0.218502 
0 0.085 0.085 0.101 -0.0425 0.0625 0.0404 0.415627 0.572061 -0.572061 0.415629 
0 0.085 0.085 0.101 -0.0425 0.0625 0.0505 -8.65956e-17 0.707107 -0.707107 4.32978e-17 
0 0.085 0.085 0.101 -0.0425 0.0625 0.0505 0.218508 0.672499 -0.672499 0.218502 
0 0.085 0.085 0.101 -0.0425 0.0625 0.0505 0.415627 0.572061 -0.572061 0.415629 
0 0.085 0.085 0.101 -0.0425 -0.0625 0.0505 -0.415627 -0.572061 -0.572061 0.415629 
0 0.085 0.085 0.101 -0.0425 -0.0625 0.0505 -0.572061 -0.415627 -0.415627 0.572062 
0 0.085 0.085 0.101 -0.0425 -0.0625 0.0505 -0.707107 0 0 0.707106 
0 0.085 0.085 0.101 -0.034 0.0625 0.0303 0.415627 0.572061 -0.572061 0.415629 
0 0.085 0.085 0.101 -0.034 0.0625 0.0404 0.218508 0.672499 -0.672499 0.218502 
0 0.085 0.085 0.101 -0.034 0.0625 0.0404 0.415627 0.572061 -0.572061 0.415629 
0 0.085 0.085 0.101 -0.034 0.0625 0.0505 -8.65956e-17 0.707107 -0.707107 4.32978e-17 
0 0.085 0.085 0.101 -0.034 0.0625 0.0505 0.218508 0.672499 -0.672499 0.218502 
0 0.085 0.085 0.101 -0.034 0.0625 0.0505 0.415627 0.572061 -0.572061 0.415629 
0 0.085 0.085 0.101 -0.034 -0.0625 0.0505 -0.415627 -0.572061 -0.572061 0.415629 
0 0.085 0.085 0.101 -0.034 -0.0625 0.0505 -0.572061 -0.415627 -0.415627 0.572062 
0 0.085 0.085 0.101 -0.034 -0.0625 0.0505 -0.707107 0 0 0.707106 
0 0.085 0.085 0.101 -0.0255 0.0625 0.0404 0.218508 0.672499 -0.672499 0.218502 
0 0.085 0.085 0.101 -0.0255 0.0625 0.0505 -8.65956e-17 0.707107 -0.707107 4.32978e-17 
0 0.085 0.085 0.101 -0.0255 0.0625 0.0505 0.218508 0.672499 -0.672499 0.218502 
0 0.085 0.085 0.101 -0.0255 0.0625 0.0505 0.415627 0.572061 -0.572061 0.415629 
0 0.085 0.085 0.101 -0.0255 -0.0625 0.0505 -0.572061 -0.415627 -0.415627 0.572062 
0 0.085 0.085 0.101 -0.0255 -0.0625 0.0505 -0.707107 0 0 0.707106 
0 0.085 0.085 0.101 -0.017 0.0625 0.0404 0.218508 0.672499 -0.672499 0.218502 
0 0.085 0.085 0.101 -0.017 0.0625 0.0505 -8.65956e-17 0.707107 -0.707107 4.32978e-17 
0 0.085 0.085 0.101 -0.017 0.0625 0.0505 0.218508 0.672499 -0.672499 0.218502 
0 0.085 0.085 0.101 -0.017 0.0625 0.0505 0.415627 0.572061 -0.572061 0.415629 
0 0.085 0.085 0.101 -0.017 -0.0625 0.0505 -0.707107 0 0 0.707106 
0 0.085 0.085 0.101 -0.0085 0.0625 0.0404 0.218508 0.672499 -0.672499 0.218502 
0 0.085 0.085 0.101 -0.0085 0.0625 0.0505 -8.65956e-17 0.707107 -0.707107 4.32978e-17 
0 0.085 0.085 0.101 -0.0085 0.0625 0.0505 0.218508 0.672499 -0.672499 0.218502 
0 0.085 0.085 0.101 -0.0085 -0.0625 0.0505 -0.707107 0 0 0.707106 
0 0.085 0.085 0.101 0 0.0625 0.0505 -8.65956e-17 0.707107 -0.707107 4.32978e-17 
0 0.085 0.085 0.101 0 -0.0625 0.0505 -0.707107 0 0 0.707106 
0 0.085 0.085 0.101 0.0085 -0.0625 0.0404 -0.672499 0.218508 0.218508 0.672498 
0 0.085 0.085 0.101 0.0085 0.0625 0.0505 -8.65956e-17 0.707107 -0.707107 4.32978e-17 
0 0.085 0.085 0.101 0.0085 -0.0625 0.0505 -0.707107 0 0 0.707106 
0 0.085 0.085 0.101 0.0085 -0.0625 0.0505 -0.672499 0.218508 0.218508 0.672498 
0 0.085 0.085 0.101 0.017 -0.0625 0.0404 -0.672499 0.218508 0.218508 0.672498 
0 0.085 0.085 0.101 0.017 0.0625 0.0505 -8.65956e-17 0.707107 -0.707107 4.32978e-17 
0 0.085 0.085 0.101 0.017 -0.0625 0.0505 -0.707107 0 0 0.707106 
0 0.085 0.085 0.101 0.017 -0.0625 0.0505 -0.672499 0.218508 0.218508 0.672498 
0 0.085 0.085 0.101 0.017 -0.0625 0.0505 -0.572061 0.415627 0.415627 0.572062 
0 0.085 0.085 0.101 0.0255 -0.0625 0.0404 -0.672499 0.218508 0.218508 0.672498 
0 0.085 0.085 0.101 0.0255 0.0625 0.0505 -8.65956e-17 0.707107 -0.707107 4.32978e-17 
0 0.085 0.085 0.101 0.0255 0.0625 0.0505 0.415627 -0.572061 0.572061 0.415629 
0 0.085 0.085 0.101 0.0255 -0.0625 0.0505 -0.707107 0 0 0.707106 
0 0.085 0.085 0.101 0.0255 -0.0625 0.0505 -0.672499 0.218508 0.218508 0.672498 
0 0.085 0.085 0.101 0.0255 -0.0625 0.0505 -0.572061 0.415627 0.415627 0.572062 
0 0.085 0.085 0.101 0.034 -0.0625 0.0303 -0.572061 0.415627 0.415627 0.572062 
0 0.085 0.085 0.101 0.034 -0.0625 0.0404 -0.672499 0.218508 0.218508 0.672498 
0 0.085 0.085 0.101 0.034 -0.0625 0.0404 -0.572061 0.415627 0.415627 0.572062 
0 0.085 0.085 0.101 0.034 0.0625 0.0505 -8.65956e-17 0.707107 -0.707107 4.32978e-17 
0 0.085 0.085 0.101 0.034 0.0625 0.0505 0.572061 -0.415627 0.415627 0.572062 
0 0.085 0.085 0.101 0.034 0.0625 0.0505 0.415627 -0.572061 0.572061 0.415629 
0 0.085 0.085 0.101 0.034 -0.0625 0.0505 -0.707107 0 0 0.707106 
0 0.085 0.085 0.101 0.034 -0.0625 0.0505 -0.672499 0.218508 0.218508 0.672498 
0 0.085 0.085 0.101 0.034 -0.0625 0.0505 -0.572061 0.415627 0.415627 0.572062 
0 0.085 0.085 0.101 0.0425 -0.0625 0.0303 -0.672499 0.218508 0.218508 0.672498 
0 0.085 0.085 0.101 0.0425 -0.0625 0.0303 -0.572061 0.415627 0.415627 0.572062 
0 0.085 0.085 0.101 0.0425 -0.0625 0.0404 -0.672499 0.218508 0.218508 0.672498 
0 0.085 0.085 0.101 0.0425 -0.0625 0.0404 -0.572061 0.415627 0.415627 0.572062 
0 0.085 0.085 0.101 0.0425 0.0625 0.0505 -8.65956e-17 0.707107 -0.707107 4.32978e-17 
0 0.085 0.085 0.101 0.0425 0.0625 0.0505 0.572061 -0.415627 0.415627 0.572062 
0 0.085 0.085 0.101 0.0425 0.0625 0.0505 0.415627 -0.572061 0.572061 0.415629 
0 0.085 0.085 0.101 0.0425 -0.0625 0.0505 -0.707107 0 0 0.707106 
0 0.085 0.085 0.101 0.0425 -0.0625 0.0505 -0.672499 0.218508 0.218508 0.672498 
0 0.085 0.085 0.101 0.0425 -0.0625 0.0505 -0.572061 0.415627 0.415627 0.572062 
0 0.085 0.085 0.101 -0.0425 -0.0425 0.0705 6.12323e-17 1 -6.12323e-17 3.7494e-33 
0 0.085 0.085 0.101 -0.0425 -0.0425 0.0705 0.309017 0.951057 -5.82354e-17 1.89218e-17 
0 0.085 0.085 0.101 -0.0425 -0.0425 0.0705 0.587785 0.809017 -4.9538e-17 3.59915e-17 
0 0.085 0.085 0.101 -0.0425 -0.034 0.0705 6.12323e-17 1 -6.12323e-17 3.7494e-33 
0 0.085 0.085 0.101 -0.0425 -0.034 0.0705 0.309017 0.951057 -5.82354e-17 1.89218e-17 
0 0.085 0.085 0.101 -0.0425 -0.034 0.0705 0.587785 0.809017 -4.9538e-17 3.59915e-17 
0 0.085 0.085 0.101 -0.0425 -0.0255 0.0705 6.12323e-17 1 -6.12323e-17 3.7494e-33 
0 0.085 0.085 0.101 -0.0425 -0.0255 0.0705 0.309017 0.951057 -5.82354e-17 1.89218e-17 
0 0.085 0.085 0.101 -0.0425 -0.0255 0.0705 0.587785 0.809017 -4.9538e-17 3.59915e-17 
0 0.085 0.085 0.101 -0.0425 -0.017 0.0705 0.587785 0.809017 -4.9538e-17 3.59915e-17 
0 0.085 0.085 0.101 -0.0425 -0.0085 0.0705 0.587785 0.809017 -4.9538e-17 3.59915e-17 
0 0.085 0.085 0.101 -0.0425 -0.0085 0.0705 0.809017 0.587785 7.19829e-17 4.9538e-17 
0 0.085 0.085 0.101 -0.0425 0 0.0705 0.587785 0.809017 -4.9538e-17 3.59915e-17 
-inf 0.085 0.085 0.101 -0.0425 0 0.0705 0.809017 0.587785 7.19829e-17 4.9538e-17 
0 0.085 0.085 0.101 -0.0425 0.0085 0.0705 0.587785 0.809017 -4.9538e-17 3.59915e-17 
0 0.085 0.085 0.101 -0.0425 0.0085 0.0705 0.809017 0.587785 7.19829e-17 4.9538e-17 
0 0.085 0.085 0.101 -0.0425 0.0085 0.0705 0.951057 0.309017 3.78436e-17 5.82354e-17 
0 0.085 0.085 0.101 -0.0425 0.017 0.0705 0.587785 0.809017 -4.9538e-17 3.59915e-17 
0 0.085 0.085 0.101 -0.0425 0.017 0.0705 0.809017 0.587785 7.19829e-17 4.9538e-17 
0 0.085 0.085 0.101 -0.0425 0.017 0.0705 0.951057 0.309017 3.78436e-17 5.82354e-17 
0 0.085 0.085 0.101 -0.0425 0.0255 0.0705 0.587785 0.809017 -4.9538e-17 3.59915e-17 
0 0.085 0.085 0.101 -0.0425 0.0255 0.0705 0.809017 0.587785 7.19829e-17 4.9538e-17 
0 0.085 0.085 0.101 -0.0425 0.0255 0.0705 0.951057 0.309017 3.78436e-17 5.82354e-17 
0 0.085 0.085 0.101 -0.0425 0.034 0.0705 0.587785 0.809017 -4.9538e-17 3.59915e-17 
0 0.085 0.085 0.101 -0.0425 0.034 0.0705 0.809017 0.587785 7.19829e-17 4.9538e-17 
0 0.085 0.085 0.101 -0.0425 0.034 0.0705 0.951057 0.309017 3.78436e-17 5.82354e-17 
0 0.085 0.085 0.101 -0.0425 0.0425 0.0705 0.587785 0.809017 -4.9538e-17 3.59915e-17 
0 0.085 0.085 0.101 -0.0425 0.0425 0.0705 0.809017 0.587785 7.19829e-17 4.9538e-17 
0 0.085 0.085 0.101 -0.0425 0.0425 0.0705 0.951057 0.309017 3.78436e-17 5.82354e-17 
0 0.085 0.085 0.101 -0.0425 0.0425 0.0705 1 0 0 6.12323e-17 
0 0.085 0.085 0.101 -0.034 -0.0425 0.0705 6.12323e-17 1 -6.12323e-17 3.7494e-33 
0 0.085 0.085 0.101 -0.034 -0.0425 0.0705 0.309017 0.951057 -5.82354e-17 1.89218e-17 
0 0.085 0.085 0.101 -0.034 -0.0425 0.0705 0.587785 0.809017 -4.9538e-17 3.59915e-17 
0 0.085 0.085 0.101 -0.034 -0.034 0.0705 6.12323e-17 1 -6.12323e-17 3.7494e-33 
0 0.085 0.085 0.101 -0.034 -0.034 0.0705 0.309017 0.951057 -5.82354e-17 1.89218e-17 
0 0.085 0.085 0.101 -0.034 -0.034 0.0705 0.587785 0.809017 -4.9538e-17 3.59915e-17 
0 0.085 0.085 0.101 -0.034 -0.0255 0.0705 6.12323e-17 1 -6.12323e-17 3.7494e-33 
0 0.085 0.085 0.101 -0.034 -0.0255 0.0705 0.309017 0.951057 -5.82354e-17 1.89218e-17 
0 0.085 0.085 0.101 -0.034 -0.0255 0.0705 0.587785 0.809017 -4.9538e-17 3.59915e-17 
-0.00444379 0.085 0.085 0.101 -0.034 -0.017 0.0705 0.587785 0.809017 -4.9538e-17 3.59915e-17 
0.126341 0.085 0.085 0.101 -0.034 -0.0085 0.0705 0.587785 0.809017 -4.9538e-17 3.59915e-17 
0.0502946 0.085 0.085 0.101 -0.034 0 0.0705 0.587785 0.809017 -4.9538e-17 3.59915e-17 
0.120682 0.085 0.085 0.101 -0.034 0 0.0705 0.809017 0.587785 7.19829e-17 4.9538e-17 
0 0.085 0.085 0.101 -0.034 0.0085 0.0705 0.587785 0.809017 -4.9538e-17 3.59915e-17 
0 0.085 0.085 0.101 -0.034 0.0085 0.0705 0.809017 0.587785 7.19829e-17 4.9538e-17 
0 0.085 0.085 0.101 -0.034 0.017 0.0705 0.587785 0.809017 -4.9538e-17 3.59915e-17 
0 0.085 0.085 0.101 -0.034 0.017 0.0705 0.809017 0.587785 7.19829e-17 4.9538e-17 
0 0.085 0.085 0.101 -0.034 0.0255 0.0705 0.587785 0.809017 -4.9538e-17 3.59915e-17 
0 0.085 0.085 0.101 -0.034 0.0255 0.0705 0.809017 0.587785 7.19829e-17 4.9538e-17 
0 0.085 0.085 0.101 -0.034 0.0255 0.0705 0.951057 0.309017 3.78436e-17 5.82354e-17 
0 0.085 0.085 0.101 -0.034 0.034 0.0705 0.587785 0.809017 -4.9538e-17 3.59915e-17 
0 0.085 0.085 0.101 -0.034 0.034 0.0705 0.809017 0.587785 7.19829e-17 4.9538e-17 
0 0.085 0.085 0.101 -0.034 0.034 0.0705 0.951057 0.309017 3.78436e-17 5.82354e-17 
0 0.085 0.085 0.101 -0.034 0.0425 0.0705 0.587785 0.809017 -4.9538e-17 3.59915e-17 
0 0.085 0.085 0.101 -0.034 0.0425 0.0705 0.809017 0.587785 7.19829e-17 4.9538e-17 
0 0.085 0.085 0.101 -0.034 0.0425 0.0705 0.951057 0.309017 3.78436e-17 5.82354e-17 
0 0.085 0.085 0.101 -0.034 0.0425 0.0705 1 0 0 6.12323e-17 
0 0.085 0.085 0.101 -0.0255 -0.0425 0.0705 6.12323e-17 1 -6.12323e-17 3.7494e-33 
0 0.085 0.085 0.101 -0.0255 -0.0425 0.0705 0.309017 0.951057 -5.82354e-17 1.89218e-17 
0 0.085 0.085 0.101 -0.0255 -0.0425 0.0705 0.587785 0.809017 -4.9538e-17 3.59915e-17 
0 0.085 0.085 0.101 -0.0255 -0.034 0.0705 6.12323e-17 1 -6.12323e-17 3.7494e-33 
0 0.085 0.085 0.101 -0.0255 -0.034 0.0705 0.309017 0.951057 -5.82354e-17 1.89218e-17 
0 0.085 0.085 0.101 -0.0255 -0.034 0.0705 0.587785 0.809017 -4.9538e-17 3.59915e-17 
0 0.085 0.085 0.101 -0.0255 -0.0255 0.0705 6.12323e-17 1 -6.12323e-17 3.7494e-33 
0 0.085 0.085 0.101 -0.0255 0.0085 0.0705 0.809017 0.587785 7.19829e-17 4.9538e-17 
0 0.085 0.085 0.101 -0.0255 0.017 0.0705 0.809017 0.587785 7.19829e-17 4.9538e-17 
0 0.085 0.085 0.101 -0.0255 0.0255 0.0705 0.809017 0.587785 7.19829e-17 4.9538e-17 
0 0.085 0.085 0.101 -0.0255 0.034 0.0705 0.809017 0.587785 7.19829e-17 4.9538e-17 
0.0439961 0.085 0.085 0.101 -0.0255 0.034 0.0705 0.951057 0.309017 3.78436e-17 5.82354e-17 
0 0.085 0.085 0.101 -0.0255 0.0425 0.0705 0.809017 0.587785 7.19829e-17 4.9538e-17 
0 0.085 0.085 0.101 -0.0255 0.0425 0.0705 0.951057 0.309017 3.78436e-17 5.82354e-17 
0 0.085 0.085 0.101 -0.0255 0.0425 0.0705 1 0 0 6.12323e-17 
0 0.085 0.085 0.101 -0.017 -0.0425 0.0705 6.12323e-17 1 -6.12323e-17 3.7494e-33 
0 0.085 0.085 0.101 -0.017 -0.0425 0.0705 0.309017 0.951057 -5.82354e-17 1.89218e-17 
0 0.085 0.085 0.101 -0.017 -0.0425 0.0705 0.587785 0.809017 -4.9538e-17 3.59915e-17 
0 0.085 0.085 0.101 -0.017 -0.034 0.0705 6.12323e-17 1 -6.12323e-17 3.7494e-33 
-0.00102262 0.085 0.085 0.101 -0.017 -0.034 0.0705 0.309017 0.951057 -5.82354e-17 1.89218e-17 
0 0.085 0.085 0.101 -0.017 -0.0255 0.0705 6.12323e-17 1 -6.12323e-17 3.7494e-33 
0 0.085 0.085 0.101 -0.017 0.034 0.0705 1 0 0 6.12323e-17 
0 0.085 0.085 0.101 -0.017 0.0425 0.0705 0.951057 0.309017 3.78436e-17 5.82354e-17 
0 0.085 0.085 0.101 -0.017 0.0425 0.0705 1 0 0 6.12323e-17 
0 0.085 0.085 0.101 -0.0085 -0.0425 0.0705 6.12323e-17 1 -6.12323e-17 3.7494e-33 
0.110972 0.085 0.085 0.101 -0.0085 -0.0425 0.0705 0.309017 0.951057 -5.82354e-17 1.89218e-17 
0 0.085 0.085 0.101 -0.0085 -0.034 0.0705 6.12323e-17 1 -6.12323e-17 3.7494e-33 
0.115935 0.085 0.085 0.101 -0.0085 -0.034 0.0705 0.309017 0.951057 -5.82354e-17 1.89218e-17 
0 0.085 0.085 0.101 -0.0085 -0.0255 0.0705 6.12323e-17 1 -6.12323e-17 3.7494e-33 
0 0.085 0.085 0.101 -0.0085 0.0255 0.0705 1 0 0 6.12323e-17 
0 0.085 0.085 0.101 -0.0085 0.034 0.0705 1 0 0 6.12323e-17 
0 0.085 0.085 0.101 -0.0085 0.0425 0.0705 0.951057 0.309017 3.78436e-17 5.82354e-17 
0 0.085 0.085 0.101 -0.0085 0.0425 0.0705 1 0 0 6.12323e-17 
0 0.085 0.085 0.101 0 -0.0425 0.0705 6.12323e-17 1 -6.12323e-17 3.7494e-33 
0 0.085 0.085 0.101 0 -0.0425 0.0705 -0.309017 0.951057 -5.82354e-17 -1.89218e-17 
0 0.085 0.085 0.101 0 -0.034 0.0705 6.12323e-17 1 -6.12323e-17 3.7494e-33 
0 0.085 0.085 0.101 0 -0.0255 0.0705 6.12323e-17 1 -6.12323e-17 3.7494e-33 
0 0.085 0.085 0.101 0 0.0255 0.0705 1 0 0 6.12323e-17 
0 0.085 0.085 0.101 0 0.034 0.0705 1 0 0 6.12323e-17 
0 0.085 0.085 0.101 0 0.0425 0.0705 0.951057 0.309017 3.78436e-17 5.82354e-17 
0 0.085 0.085 0.101 0 0.0425 0.0705 1 0 0 6.12323e-17 
0 0.085 0.085 0.101 0.0085 -0.0425 0.0705 6.12323e-17 1 -6.12323e-17 3.7494e-33 
0 0.085 0.085 0.101 0.0085 -0.0425 0.0705 -0.309017 0.951057 -5.82354e-17 -1.89218e-17 
0 0.085 0.085 0.101 0.0085 -0.034 0.0705 6.12323e-17 1 -6.12323e-17 3.7494e-33 
0 0.085 0.085 0.101 0.0085 -0.0255 0.0705 6.12323e-17 1 -6.12323e-17 3.7494e-33 
0 0.085 0.085 0.101 0.0085 0.0255 0.0705 1 0 0 6.12323e-17 
0 0.085 0.085 0.101 0.0085 0.034 0.0705 1 0 0 6.12323e-17 
0.162541 0.085 0.085 0.101 0.0085 0.034 0.0705 0.951057 -0.309017 -3.78436e-17 5.82354e-17 
0.135828 0.085 0.085 0.101 0.0085 0.0425 0.0705 0.951057 0.309017 3.78436e-17 5.82354e-17 
0 0.085 0.085 0.101 0.0085 0.0425 0.0705 1 0 0 6.12323e-17 
0 0.085 0.085 0.101 0.017 -0.0425 0.0705 6.12323e-17 1 -6.12323e-17 3.7494e-33 
0 0.085 0.085 0.101 0.017 -0.0425 0.0705 -0.309017 0.951057 -5.82354e-17 -1.89218e-17 
0 0.085 0.085 0.101 0.017 -0.034 0.0705 6.12323e-17 1 -6.12323e-17 3.7494e-33 
0 0.085 0.085 0.101 0.017 0.0255 0.0705 1 0 0 6.12323e-17 
0 0.085 0.085 0.101 0.017 0.034 0.0705 1 0 0 6.12323e-17 
0.0893173 0.085 0.085 0.101 0.017 0.034 0.0705 0.951057 -0.309017 -3.78436e-17 5.82354e-17 
0 0.085 0.085 0.101 0.017 0.0425 0.0705 0.951057 0.309017 3.78436e-17 5.82354e-17 
0 0.085 0.085 0.101 0.017 0.0425 0.0705 1 0 0 6.12323e-17 
0 0.085 0.085 0.101 0.017 0.0425 0.0705 0.809017 -0.587785 -7.19829e-17 4.9538e-17 
0 0.085 0.085 0.101 0.0255 -0.0425 0.0705 6.12323e-17 1 -6.12323e-17 3.7494e-33 
0 0.085 0.085 0.101 0.0255 -0.0425 0.0705 -0.587785 0.809017 -4.9538e-17 -3.59915e-17 
0 0.085 0.085 0.101 0.0255 -0.0425 0.0705 -0.309017 0.951057 -5.82354e-17 -1.89218e-17 
0 0.085 0.085 0.101 0.0255 -0.034 0.0705 -0.587785 0.809017 -4.9538e-17 -3.59915e-17 
0 0.085 0.085 0.101 0.0255 -0.034 0.0705 -0.309017 0.951057 -5.82354e-17 -1.89218e-17 
0 0.085 0.085 0.101 0.0255 -0.0255 0.0705 -0.587785 0.809017 -4.9538e-17 -3.59915e-17 
0 0.085 0.085 0.101 0.0255 -0.017 0.0705 -0.587785 0.809017 -4.9538e-17 -3.59915e-17 
0 0.085 0.085 0.101 0.0255 -0.0085 0.0705 -0.587785 0.809017 -4.9538e-17 -3.59915e-17 
0 0.085 0.085 0.101 0.0255 0.0255 0.0705 1 0 0 6.12323e-17 
0 0.085 0.085 0.101 0.0255 0.034 0.0705 1 0 0 6.12323e-17 
0 0.085 0.085 0.101 0.0255 0.034 0.0705 0.951057 -0.309017 -3.78436e-17 5.82354e-17 
0 0.085 0.085 0.101 0.0255 0.034 0.0705 0.809017 -0.587785 -7.19829e-17 4.9538e-17 
0 0.085 0.085 0.101 0.0255 0.0425 0.0705 0.951057 0.309017 3.78436e-17 5.82354e-17 
0 0.085 0.085 0.101 0.0255 0.0425 0.0705 1 0 0 6.12323e-17 
0 0.085 0.085 0.101 0.0255 0.0425 0.0705 0.809017 -0.587785 -7.19829e-17 4.9538e-17 
0 0.085 0.085 0.101 0.034 -0.0425 0.0705 6.12323e-17 1 -6.12323e-17 3.7494e-33 
0 0.085 0.085 0.101 0.034 -0.0425 0.0705 0.809017 -0.587785 -7.19829e-17 4.9538e-17 
0 0.085 0.085 0.101 0.034 -0.0425 0.0705 -0.587785 0.809017 -4.9538e-17 -3.59915e-17 
0 0.085 0.085 0.101 0.034 -0.0425 0.0705 -0.309017 0.951057 -5.82354e-17 -1.89218e-17 
0 0.085 0.085 0.101 0.034 -0.034 0.0705 0.809017 -0.587785 -7.19829e-17 4.9538e-17 
0 0.085 0.085 0.101 0.034 -0.034 0.0705 -0.587785 0.809017 -4.9538e-17 -3.59915e-17 
0 0.085 0.085 0.101 0.034 -0.034 0.0705 -0.309017 0.951057 -5.82354e-17 -1.89218e-17 
0 0.085 0.085 0.101 0.034 -0.0255 0.0705 0.809017 -0.587785 -7.19829e-17 4.9538e-17 
0 0.085 0.085 0.101 0.034 -0.0255 0.0705 -0.587785 0.809017 -4.9538e-17 -3.59915e-17 
0 0.085 0.085 0.101 0.034 -0.0255 0.0705 -0.309017 0.951057 -5.82354e-17 -1.89218e-17 
0 0.085 0.085 0.101 0.034 -0.017 0.0705 0.809017 -0.587785 -7.19829e-17 4.9538e-17 
0 0.085 0.085 0.101 0.034 -0.017 0.0705 -0.587785 0.809017 -4.9538e-17 -3.59915e-17 
0 0.085 0.085 0.101 0.034 -0.0085 0.0705 0.809017 -0.587785 -7.19829e-17 4.9538e-17 
0 0.085 0.085 0.101 0.034 -0.0085 0.0705 -0.587785 0.809017 -4.9538e-17 -3.59915e-17 
0.0529964 0.085 0.085 0.101 0.034 0 0.0705 0.809017 -0.587785 -7.19829e-17 4.9538e-17 
0.0579735 0.085 0.085 0.101 0.034 0 0.0705 -0.587785 0.809017 -4.9538e-17 -3.59915e-17 
0.142522 0.085 0.085 0.101 0.034 0.0085 0.0705 0.809017 -0.587785 -7.19829e-17 4.9538e-17 
0.103331 0.085 0.085 0.101 0.034 0.017 0.0705 0.809017 -0.587785 -7.19829e-17 4.9538e-17 
0 0.085 0.085 0.101 0.034 0.0255 0.0705 1 0 0 6.12323e-17 
0 0.085 0.085 0.101 0.034 0.0255 0.0705 0.951057 -0.309017 -3.78436e-17 5.82354e-17 
0 0.085 0.085 0.101 0.034 0.0255 0.0705 0.809017 -0.587785 -7.19829e-17 4.9538e-17 
0 0.085 0.085 0.101 0.034 0.034 0.0705 1 0 0 6.12323e-17 
0 0.085 0.085 0.101 0.034 0.034 0.0705 0.951057 -0.309017 -3.78436e-17 5.82354e-17 
0 0.085 0.085 0.101 0.034 0.034 0.0705 0.809017 -0.587785 -7.19829e-17 4.9538e-17 
0 0.085 0.085 0.101 0.034 0.0425 0.0705 0.951057 0.309017 3.78436e-17 5.82354e-17 
0 0.085 0.085 0.101 0.034 0.0425 0.0705 1 0 0 6.12323e-17 
0 0.085 0.085 0.101 0.034 0.0425 0.0705 0.809017 -0.587785 -7.19829e-17 4.9538e-17 
0 0.085 0.085 0.101 0.0425 -0.0425 0.0705 6.12323e-17 1 -6.12323e-17 3.7494e-33 
0 0.085 0.085 0.101 0.0425 -0.0425 0.0705 0.809017 -0.587785 -7.19829e-17 4.9538e-17 
0 0.085 0.085 0.101 0.0425 -0.0425 0.0705 -0.587785 0.809017 -4.9538e-17 -3.59915e-17 
0 0.085 0.085 0.101 0.0425 -0.0425 0.0705 -0.309017 0.951057 -5.82354e-17 -1.89218e-17 
0 0.085 0.085 0.101 0.0425 -0.034 0.0705 0.809017 -0.587785 -7.19829e-17 4.9538e-17 
0 0.085 0.085 0.101 0.0425 -0.034 0.0705 -0.587785 0.809017 -4.9538e-17 -3.59915e-17 
0 0.085 0.085 0.101 0.0425 -0.034 0.0705 -0.309017 0.951057 -5.82354e-17 -1.89218e-17 
0 0.085 0.085 0.101 0.0425 -0.0255 0.0705 0.809017 -0.587785 -7.19829e-17 4.9538e-17 
0 0.085 0.085 0.101 0.0425 -0.0255 0.0705 -0.587785 0.809017 -4.9538e-17 -3.59915e-17 
0 0.085 0.085 0.101 0.0425 -0.0255 0.0705 -0.309017 0.951057 -5.82354e-17 -1.89218e-17 
0 0.085 0.085 0.101 0.0425 -0.017 0.0705 0.809017 -0.587785 -7.19829e-17 4.9538e-17 
0 0.085 0.085 0.101 0.0425 -0.017 0.0705 -0.587785 0.809017 -4.9538e-17 -3.59915e-17 
0 0.085 0.085 0.101 0.0425 -0.017 0.0705 -0.309017 0.951057 -5.82354e-17 -1.89218e-17 
0 0.085 0.085 0.101 0.0425 -0.0085 0.0705 0.809017 -0.587785 -7.19829e-17 4.9538e-17 
0 0.085 0.085 0.101 0.0425 -0.0085 0.0705 -0.587785 0.809017 -4.9538e-17 -3.59915e-17 
0 0.085 0.085 0.101 0.0425 -0.0085 0.0705 -0.309017 0.951057 -5.82354e-17 -1.89218e-17 
0 0.085 0.085 0.101 0.0425 0 0.0705 0.809017 -0.587785 -7.19829e-17 4.9538e-17 
0.105342 0.085 0.085 0.101 0.0425 0 0.0705 -0.587785 0.809017 -4.9538e-17 -3.59915e-17 
0 0.085 0.085 0.101 0.0425 0.0085 0.0705 0.809017 -0.587785 -7.19829e-17 4.9538e-17 
0 0.085 0.085 0.101 0.0425 0.0085 0.0705 -0.587785 0.809017 -4.9538e-17 -3.59915e-17 
0 0.085 0.085 0.101 0.0425 0.017 0.0705 0.809017 -0.587785 -7.19829e-17 4.9538e-17 
0 0.085 0.085 0.101 0.0425 0.0255 0.0705 1 0 0 6.12323e-17 
0 0.085 0.085 0.101 0.0425 0.0255 0.0705 0.951057 -0.309017 -3.78436e-17 5.82354e-17 
0 0.085 0.085 0.101 0.0425 0.0255 0.0705 0.809017 -0.587785 -7.19829e-17 4.9538e-17 
0 0.085 0.085 0.101 0.0425 0.034 0.0705 1 0 0 6.12323e-17 
0 0.085 0.085 0.101 0.0425 0.034 0.0705 0.951057 -0.309017 -3.78436e-17 5.82354e-17 
0 0.085 0.085 0.101 0.0425 0.034 0.0705 0.809017 -0.587785 -7.19829e-17 4.9538e-17 
0 0.085 0.085 0.101 0.0425 0.0425 0.0705 0.951057 0.309017 3.78436e-17 5.82354e-17 
0 0.085 0.085 0.101 0.0425 0.0425 0.0705 1 0 0 6.12323e-17 
0 0.085 0.085 0.101 0.0425 0.0425 0.0705 0.809017 -0.587785 -7.19829e-17 4.9538e-17 
