3.10549 0.04 0.04 0.1 0.008 0.02 0.07 -0.587785 0.809017 -4.9538e-17 -3.59915e-17 
3.10018 0.04 0.04 0.1 -0.008 -0.02 0.07 0.809017 0.587785 3.59914e-17 4.9538e-17 
2.63205 0.04 0.04 0.1 -0.012 -0.012 0.07 0.951057 0.309017 1.89218e-17 5.82354e-17 
2.63078 0.04 0.04 0.1 0.012 0.012 0.07 -0.309017 0.951057 -5.82354e-17 -1.89218e-17 
2.60184 0.04 0.04 0.1 0.004 0.016 0.07 -0.587785 0.809017 -4.9538e-17 -3.59915e-17 
2.59491 0.04 0.04 0.1 -0.004 -0.016 0.07 0.809017 0.587785 3.59914e-17 4.9538e-17 
2.56598 0.04 0.04 0.1 -0.02 0 0.07 0.309017 0.951057 -5.82354e-17 1.89218e-17 
2.56589 0.04 0.04 0.1 0.02 0 0.07 0.951057 -0.309017 -1.89218e-17 5.82354e-17 
2.56279 0.04 0.04 0.1 -0.016 -0.012 0.07 0.951057 0.309017 1.89218e-17 5.82354e-17 
2.56204 0.04 0.04 0.1 0.016 0.012 0.07 -0.309017 0.951057 -5.82354e-17 -1.89218e-17 
2.41134 0.04 0.04 0.1 0.012 0.02 0.07 -0.587785 0.809017 -4.9538e-17 -3.59915e-17 
2.40876 0.04 0.04 0.1 -0.012 -0.02 0.07 0.809017 0.587785 3.59914e-17 4.9538e-17 
2.27859 0.04 0.04 0.1 -0.02 -0.012 0.07 0.951057 0.309017 1.89218e-17 5.82354e-17 
2.27823 0.04 0.04 0.1 0.02 0.012 0.07 -0.309017 0.951057 -5.82354e-17 -1.89218e-17 
2.10346 0.04 0.04 0.1 0.008 0.016 0.07 -0.587785 0.809017 -4.9538e-17 -3.59915e-17 
2.09898 0.04 0.04 0.1 -0.008 -0.016 0.07 0.809017 0.587785 3.59914e-17 4.9538e-17 
1.95425 0.04 0.04 0.1 -0.012 -0.004 0.07 0.309017 0.951057 -5.82354e-17 1.89218e-17 
1.95415 0.04 0.04 0.1 0.012 0.004 0.07 0.951057 -0.309017 -1.89218e-17 5.82354e-17 
1.91034 0.04 0.04 0.1 -0.016 -0.004 0.07 0.309017 0.951057 -5.82354e-17 1.89218e-17 
1.91026 0.04 0.04 0.1 0.016 0.004 0.07 0.951057 -0.309017 -1.89218e-17 5.82354e-17 
1.82972 0.04 0.04 0.1 -0.008 -0.004 0.07 0.309017 0.951057 -5.82354e-17 1.89218e-17 
1.8296 0.04 0.04 0.1 0.008 0.004 0.07 0.951057 -0.309017 -1.89218e-17 5.82354e-17 
1.79124 0.04 0.04 0.1 0.016 0.02 0.07 -0.587785 0.809017 -4.9538e-17 -3.59915e-17 
1.79074 0.04 0.04 0.1 -0.016 -0.02 0.07 0.809017 0.587785 3.59914e-17 4.9538e-17 
1.73426 0.04 0.04 0.1 -0.02 -0.004 0.07 0.309017 0.951057 -5.82354e-17 1.89218e-17 
1.7342 0.04 0.04 0.1 0.02 0.004 0.07 0.951057 -0.309017 -1.89218e-17 5.82354e-17 
1.64572 0.04 0.04 0.1 0.012 0.016 0.07 -0.587785 0.809017 -4.9538e-17 -3.59915e-17 
1.64329 0.04 0.04 0.1 -0.012 -0.016 0.07 0.809017 0.587785 3.59914e-17 4.9538e-17 
1.59497 0.04 0.04 0.1 0.004 0.012 0.07 -0.587785 0.809017 -4.9538e-17 -3.59915e-17 
1.58971 0.04 0.04 0.1 -0.004 -0.012 0.07 0.809017 0.587785 3.59914e-17 4.9538e-17 
1.52258 0.04 0.04 0.1 -0.016 -0.008 0.07 0.951057 0.309017 1.89218e-17 5.82354e-17 
1.52193 0.04 0.04 0.1 0.016 0.008 0.07 -0.309017 0.951057 -5.82354e-17 -1.89218e-17 
1.46327 0.04 0.04 0.1 -0.012 -0.008 0.07 0.951057 0.309017 1.89218e-17 5.82354e-17 
1.4622 0.04 0.04 0.1 0.012 0.008 0.07 -0.309017 0.951057 -5.82354e-17 -1.89218e-17 
1.38267 0.04 0.04 0.1 -0.02 -0.008 0.07 0.951057 0.309017 1.89218e-17 5.82354e-17 
1.38234 0.04 0.04 0.1 0.02 0.008 0.07 -0.309017 0.951057 -5.82354e-17 -1.89218e-17 
1.3124 0.04 0.04 0.1 0.02 0 0.07 6.12323e-17 1 -6.12323e-17 3.7494e-33 
1.3124 0.04 0.04 0.1 -0.02 0 0.07 1 0 0 6.12323e-17 
1.31215 0.04 0.04 0.1 0.008 0.012 0.07 -0.587785 0.809017 -4.9538e-17 -3.59915e-17 
1.30863 0.04 0.04 0.1 -0.008 -0.012 0.07 0.809017 0.587785 3.59914e-17 4.9538e-17 
1.28949 0.04 0.04 0.1 -0.012 -0.008 0.07 0.309017 0.951057 -5.82354e-17 1.89218e-17 
1.28943 0.04 0.04 0.1 0.012 0.008 0.07 0.951057 -0.309017 -1.89218e-17 5.82354e-17 
1.25151 0.04 0.04 0.1 -0.016 -0.008 0.07 0.309017 0.951057 -5.82354e-17 1.89218e-17 
1.25146 0.04 0.04 0.1 0.016 0.008 0.07 0.951057 -0.309017 -1.89218e-17 5.82354e-17 
1.25111 0.04 0.04 0.1 -0.02 -0.02 0.07 0.809017 0.587785 3.59914e-17 4.9538e-17 
1.25027 0.04 0.04 0.1 0.02 0.02 0.07 -0.587785 0.809017 -4.9538e-17 -3.59915e-17 
1.23265 0.04 0.04 0.1 0.016 0.016 0.07 -0.587785 0.809017 -4.9538e-17 -3.59915e-17 
1.23178 0.04 0.04 0.1 -0.016 -0.016 0.07 0.809017 0.587785 3.59914e-17 4.9538e-17 
1.19724 0.04 0.04 0.1 -0.008 -0.008 0.07 0.309017 0.951057 -5.82354e-17 1.89218e-17 
1.19717 0.04 0.04 0.1 0.008 0.008 0.07 0.951057 -0.309017 -1.89218e-17 5.82354e-17 
1.11226 0.04 0.04 0.1 -0.02 -0.008 0.07 0.309017 0.951057 -5.82354e-17 1.89218e-17 
1.11223 0.04 0.04 0.1 0.02 0.008 0.07 0.951057 -0.309017 -1.89218e-17 5.82354e-17 
1.04682 0.04 0.04 0.1 0.012 0.012 0.07 -0.587785 0.809017 -4.9538e-17 -3.59915e-17 
1.04477 0.04 0.04 0.1 -0.012 -0.012 0.07 0.809017 0.587785 3.59914e-17 4.9538e-17 
1.0158 0.04 0.04 0.1 -0.02 0.004 0.07 1 0 0 6.12323e-17 
1.01578 0.04 0.04 0.1 0.02 -0.004 0.07 6.12323e-17 1 -6.12323e-17 3.7494e-33 
0.950343 0.04 0.04 0.1 -0.004 -0.008 0.07 0.309017 0.951057 -5.82354e-17 1.89218e-17 
0.950263 0.04 0.04 0.1 0.004 0.008 0.07 0.951057 -0.309017 -1.89218e-17 5.82354e-17 
0.868164 0.04 0.04 0.1 -0.02 -0.016 0.07 0.809017 0.587785 3.59914e-17 4.9538e-17 
0.867997 0.04 0.04 0.1 0.02 0.016 0.07 -0.587785 0.809017 -4.9538e-17 -3.59915e-17 
0.821115 0.04 0.04 0.1 0.004 0.008 0.07 -0.587785 0.809017 -4.9538e-17 -3.59915e-17 
0.817372 0.04 0.04 0.1 -0.004 -0.008 0.07 0.809017 0.587785 3.59914e-17 4.9538e-17 
0.80705 0.04 0.04 0.1 -0.012 -0.012 0.07 0.309017 0.951057 -5.82354e-17 1.89218e-17 
0.807023 0.04 0.04 0.1 0.012 0.012 0.07 0.951057 -0.309017 -1.89218e-17 5.82354e-17 
0.802231 0.04 0.04 0.1 -0.016 -0.004 0.07 0.951057 0.309017 1.89218e-17 5.82354e-17 
0.801705 0.04 0.04 0.1 0.016 0.012 0.07 -0.587785 0.809017 -4.9538e-17 -3.59915e-17 
0.801692 0.04 0.04 0.1 0.016 0.004 0.07 -0.309017 0.951057 -5.82354e-17 -1.89218e-17 
0.800789 0.04 0.04 0.1 -0.016 -0.012 0.07 0.809017 0.587785 3.59914e-17 4.9538e-17 
0.776158 0.04 0.04 0.1 -0.016 -0.012 0.07 0.309017 0.951057 -5.82354e-17 1.89218e-17 
0.776128 0.04 0.04 0.1 0.016 0.012 0.07 0.951057 -0.309017 -1.89218e-17 5.82354e-17 
0.770993 0.04 0.04 0.1 -0.02 -0.004 0.07 0.951057 0.309017 1.89218e-17 5.82354e-17 
0.770712 0.04 0.04 0.1 0.02 0.004 0.07 -0.309017 0.951057 -5.82354e-17 -1.89218e-17 
0.757569 0.04 0.04 0.1 -0.02 0.008 0.07 1 0 0 6.12323e-17 
0.757546 0.04 0.04 0.1 0.02 -0.008 0.07 6.12323e-17 1 -6.12323e-17 3.7494e-33 
0.741883 0.04 0.04 0.1 -0.008 -0.012 0.07 0.309017 0.951057 -5.82354e-17 1.89218e-17 
0.741847 0.04 0.04 0.1 0.008 0.012 0.07 0.951057 -0.309017 -1.89218e-17 5.82354e-17 
0.70797 0.04 0.04 0.1 0.008 0.008 0.07 -0.587785 0.809017 -4.9538e-17 -3.59915e-17 
0.705407 0.04 0.04 0.1 -0.008 -0.008 0.07 0.809017 0.587785 3.59914e-17 4.9538e-17 
0.671316 0.04 0.04 0.1 -0.02 -0.012 0.07 0.309017 0.951057 -5.82354e-17 1.89218e-17 
0.671298 0.04 0.04 0.1 0.02 0.012 0.07 0.951057 -0.309017 -1.89218e-17 5.82354e-17 
0.650107 0.04 0.04 0.1 -0.012 -0.004 0.07 0.951057 0.309017 1.89218e-17 5.82354e-17 
0.649231 0.04 0.04 0.1 0.012 0.004 0.07 -0.309017 0.951057 -5.82354e-17 -1.89218e-17 
0.593658 0.04 0.04 0.1 0.012 0.008 0.07 -0.587785 0.809017 -4.9538e-17 -3.59915e-17 
0.592104 0.04 0.04 0.1 -0.012 -0.008 0.07 0.809017 0.587785 3.59914e-17 4.9538e-17 
0.579459 0.04 0.04 0.1 0.02 0.012 0.07 -0.587785 0.809017 -4.9538e-17 -3.59915e-17 
0.579291 0.04 0.04 0.1 -0.02 -0.012 0.07 0.809017 0.587785 3.59914e-17 4.9538e-17 
0.561397 0.04 0.04 0.1 -0.004 -0.012 0.07 0.309017 0.951057 -5.82354e-17 1.89218e-17 
0.561357 0.04 0.04 0.1 0.004 0.012 0.07 0.951057 -0.309017 -1.89218e-17 5.82354e-17 
0.538112 0.04 0.04 0.1 -0.02 0.012 0.07 1 0 0 6.12323e-17 
0.5381 0.04 0.04 0.1 0.02 -0.012 0.07 6.12323e-17 1 -6.12323e-17 3.7494e-33 
0.527913 0.04 0.04 0.1 0 -0.008 0.07 0.309017 0.951057 -5.82354e-17 1.89218e-17 
0.52782 0.04 0.04 0.1 0 0.008 0.07 0.951057 -0.309017 -1.89218e-17 5.82354e-17 
0.479884 0.04 0.04 0.1 0.016 0.008 0.07 -0.587785 0.809017 -4.9538e-17 -3.59915e-17 
0.479119 0.04 0.04 0.1 -0.016 -0.008 0.07 0.809017 0.587785 3.59914e-17 4.9538e-17 
0.476884 0.04 0.04 0.1 -0.012 -0.016 0.07 0.309017 0.951057 -5.82354e-17 1.89218e-17 
0.476871 0.04 0.04 0.1 0.012 0.016 0.07 0.951057 -0.309017 -1.89218e-17 5.82354e-17 
0.453978 0.04 0.04 0.1 -0.016 -0.016 0.07 0.309017 0.951057 -5.82354e-17 1.89218e-17 
0.453969 0.04 0.04 0.1 0.016 0.016 0.07 0.951057 -0.309017 -1.89218e-17 5.82354e-17 
0.433673 0.04 0.04 0.1 -0.008 -0.016 0.07 0.309017 0.951057 -5.82354e-17 1.89218e-17 
0.43366 0.04 0.04 0.1 0.008 0.016 0.07 0.951057 -0.309017 -1.89218e-17 5.82354e-17 
0.380753 0.04 0.04 0.1 -0.02 -0.016 0.07 0.309017 0.951057 -5.82354e-17 1.89218e-17 
0.380745 0.04 0.04 0.1 0.02 0.016 0.07 0.951057 -0.309017 -1.89218e-17 5.82354e-17 
0.379039 0.04 0.04 0.1 -0.02 0 0.07 0.951057 0.309017 1.89218e-17 5.82354e-17 
0.378812 0.04 0.04 0.1 0.02 0 0.07 -0.309017 0.951057 -5.82354e-17 -1.89218e-17 
0.368407 0.04 0.04 0.1 0.02 0.008 0.07 -0.587785 0.809017 -4.9538e-17 -3.59915e-17 
0.368152 0.04 0.04 0.1 -0.02 -0.008 0.07 0.809017 0.587785 3.59914e-17 4.9538e-17 
0.357721 0.04 0.04 0.1 -0.02 0.016 0.07 1 0 0 6.12323e-17 
0.357713 0.04 0.04 0.1 0.02 -0.016 0.07 6.12323e-17 1 -6.12323e-17 3.7494e-33 
0.334224 0.04 0.04 0.1 -0.016 0 0.07 0.951057 0.309017 1.89218e-17 5.82354e-17 
0.333792 0.04 0.04 0.1 0.016 0 0.07 -0.309017 0.951057 -5.82354e-17 -1.89218e-17 
0.309776 0.04 0.04 0.1 -0.004 -0.016 0.07 0.309017 0.951057 -5.82354e-17 1.89218e-17 
0.309761 0.04 0.04 0.1 0.004 0.016 0.07 0.951057 -0.309017 -1.89218e-17 5.82354e-17 
0.268187 0.04 0.04 0.1 0.008 0.004 0.07 -0.587785 0.809017 -4.9538e-17 -3.59915e-17 
0.267319 0.04 0.04 0.1 -0.012 -0.02 0.07 0.309017 0.951057 -5.82354e-17 1.89218e-17 
0.267319 0.04 0.04 0.1 0.012 0.02 0.07 0.951057 -0.309017 -1.89218e-17 5.82354e-17 
0.266644 0.04 0.04 0.1 0.012 0.004 0.07 -0.587785 0.809017 -4.9538e-17 -3.59915e-17 
0.266456 0.04 0.04 0.1 -0.008 -0.004 0.07 0.809017 0.587785 3.59914e-17 4.9538e-17 
0.265596 0.04 0.04 0.1 -0.012 -0.004 0.07 0.809017 0.587785 3.59914e-17 4.9538e-17 
0.254257 0.04 0.04 0.1 0.004 0.004 0.07 -0.587785 0.809017 -4.9538e-17 -3.59915e-17 
0.253045 0.04 0.04 0.1 0.016 0.02 0.07 0.951057 -0.309017 -1.89218e-17 5.82354e-17 
0.253043 0.04 0.04 0.1 -0.016 -0.02 0.07 0.309017 0.951057 -5.82354e-17 1.89218e-17 
0.251733 0.04 0.04 0.1 -0.004 -0.004 0.07 0.809017 0.587785 3.59914e-17 4.9538e-17 
0.250506 0.04 0.04 0.1 0.016 0.004 0.07 -0.587785 0.809017 -4.9538e-17 -3.59915e-17 
0.249992 0.04 0.04 0.1 -0.016 -0.004 0.07 0.809017 0.587785 3.59914e-17 4.9538e-17 
0.248145 0.04 0.04 0.1 0 -0.012 0.07 0.309017 0.951057 -5.82354e-17 1.89218e-17 
0.248102 0.04 0.04 0.1 0 0.012 0.07 0.951057 -0.309017 -1.89218e-17 5.82354e-17 
0.241085 0.04 0.04 0.1 -0.008 -0.02 0.07 0.309017 0.951057 -5.82354e-17 1.89218e-17 
0.241083 0.04 0.04 0.1 0.008 0.02 0.07 0.951057 -0.309017 -1.89218e-17 5.82354e-17 
0.23993 0.04 0.04 0.1 0.016 -0.004 0.07 6.12323e-17 1 -6.12323e-17 3.7494e-33 
0.239914 0.04 0.04 0.1 -0.016 0.004 0.07 1 0 0 6.12323e-17 
0.220832 0.04 0.04 0.1 0.02 0.004 0.07 -0.587785 0.809017 -4.9538e-17 -3.59915e-17 
0.220645 0.04 0.04 0.1 -0.02 -0.004 0.07 0.809017 0.587785 3.59914e-17 4.9538e-17 
0.216493 0.04 0.04 0.1 -0.02 0.02 0.07 1 0 0 6.12323e-17 
0.216473 0.04 0.04 0.1 0.02 -0.02 0.07 6.12323e-17 1 -6.12323e-17 3.7494e-33 
0.20826 0.04 0.04 0.1 -0.02 -0.02 0.07 0.309017 0.951057 -5.82354e-17 1.89218e-17 
0.208258 0.04 0.04 0.1 0.02 0.02 0.07 0.951057 -0.309017 -1.89218e-17 5.82354e-17 
0.206609 0.04 0.04 0.1 0.016 -0.008 0.07 6.12323e-17 1 -6.12323e-17 3.7494e-33 
0.206591 0.04 0.04 0.1 -0.016 0.008 0.07 1 0 0 6.12323e-17 
0.177774 0.04 0.04 0.1 -0.016 0.012 0.07 1 0 0 6.12323e-17 
0.177737 0.04 0.04 0.1 0.016 -0.012 0.07 6.12323e-17 1 -6.12323e-17 3.7494e-33 
0.16392 0.04 0.04 0.1 -0.004 -0.02 0.07 0.309017 0.951057 -5.82354e-17 1.89218e-17 
0.163918 0.04 0.04 0.1 0.004 0.02 0.07 0.951057 -0.309017 -1.89218e-17 5.82354e-17 
0.152152 0.04 0.04 0.1 -0.016 0.016 0.07 1 0 0 6.12323e-17 
0.152144 0.04 0.04 0.1 0.016 -0.016 0.07 6.12323e-17 1 -6.12323e-17 3.7494e-33 
0.150347 0.04 0.04 0.1 -0.02 0.004 0.07 0.951057 0.309017 1.89218e-17 5.82354e-17 
0.150172 0.04 0.04 0.1 0.02 -0.004 0.07 -0.309017 0.951057 -5.82354e-17 -1.89218e-17 
0.128699 0.04 0.04 0.1 -0.016 0.02 0.07 1 0 0 6.12323e-17 
0.128692 0.04 0.04 0.1 0.016 -0.02 0.07 6.12323e-17 1 -6.12323e-17 3.7494e-33 
0.124709 0.04 0.04 0.1 0.02 0 0.07 -0.587785 0.809017 -4.9538e-17 -3.59915e-17 
0.12463 0.04 0.04 0.1 -0.02 0 0.07 0.809017 0.587785 3.59914e-17 4.9538e-17 
0.122111 0.04 0.04 0.1 -0.012 0 0.07 0.951057 0.309017 1.89218e-17 5.82354e-17 
0.121421 0.04 0.04 0.1 0.012 0 0.07 -0.309017 0.951057 -5.82354e-17 -1.89218e-17 
0.0985114 0.04 0.04 0.1 0.016 0 0.07 -0.587785 0.809017 -4.9538e-17 -3.59915e-17 
0.0982406 0.04 0.04 0.1 -0.016 0 0.07 0.809017 0.587785 3.59914e-17 4.9538e-17 
0.0906949 0.04 0.04 0.1 0 -0.016 0.07 0.309017 0.951057 -5.82354e-17 1.89218e-17 
0.0906796 0.04 0.04 0.1 0 0.016 0.07 0.951057 -0.309017 -1.89218e-17 5.82354e-17 
0.081461 0.04 0.04 0.1 0.02 -0.02 0.07 -0.587785 0.809017 -4.9538e-17 -3.59915e-17 
0.0813823 0.04 0.04 0.1 -0.02 0.02 0.07 0.809017 0.587785 3.59914e-17 4.9538e-17 
0.0713556 0.04 0.04 0.1 0.012 -0.02 0.07 6.12323e-17 1 -6.12323e-17 3.7494e-33 
0.071353 0.04 0.04 0.1 -0.012 0.02 0.07 1 0 0 6.12323e-17 
0.0696498 0.04 0.04 0.1 -0.02 0.004 0.07 0.809017 0.587785 3.59914e-17 4.9538e-17 
0.0696256 0.04 0.04 0.1 0.02 -0.004 0.07 -0.587785 0.809017 -4.9538e-17 -3.59915e-17 
0.0610667 0.04 0.04 0.1 0.02 -0.016 0.07 -0.587785 0.809017 -4.9538e-17 -3.59915e-17 
0.061041 0.04 0.04 0.1 -0.02 0.016 0.07 0.809017 0.587785 3.59914e-17 4.9538e-17 
0.0591211 0.04 0.04 0.1 -0.02 -0.02 0.07 0.587785 0.809017 -4.9538e-17 3.59915e-17 
0.0590437 0.04 0.04 0.1 0.02 0.02 0.07 0.809017 -0.587785 -3.59914e-17 4.9538e-17 
0.0585448 0.04 0.04 0.1 -0.016 0.004 0.07 0.951057 0.309017 1.89218e-17 5.82354e-17 
0.0584778 0.04 0.04 0.1 -0.016 -0.02 0.07 6.12323e-17 1 -6.12323e-17 3.7494e-33 
0.0584568 0.04 0.04 0.1 0.016 0.02 0.07 1 0 0 6.12323e-17 
0.0582137 0.04 0.04 0.1 0.016 -0.004 0.07 -0.309017 0.951057 -5.82354e-17 -1.89218e-17 
0.0559773 0.04 0.04 0.1 -0.02 -0.02 0.07 6.12323e-17 1 -6.12323e-17 3.7494e-33 
0.055977 0.04 0.04 0.1 0.02 0.02 0.07 1 0 0 6.12323e-17 
0.0532553 0.04 0.04 0.1 -0.016 -0.02 0.07 0.587785 0.809017 -4.9538e-17 3.59915e-17 
0.0532284 0.04 0.04 0.1 0.016 0.02 0.07 0.809017 -0.587785 -3.59914e-17 4.9538e-17 
0.0527395 0.04 0.04 0.1 -0.012 -0.02 0.07 6.12323e-17 1 -6.12323e-17 3.7494e-33 
0.0527374 0.04 0.04 0.1 0.012 0.02 0.07 1 0 0 6.12323e-17 
0.0473911 0.04 0.04 0.1 0.012 0 0.07 -0.587785 0.809017 -4.9538e-17 -3.59915e-17 
0.0467689 0.04 0.04 0.1 -0.012 0 0.07 0.809017 0.587785 3.59914e-17 4.9538e-17 
0.046422 0.04 0.04 0.1 -0.02 0.008 0.07 0.809017 0.587785 3.59914e-17 4.9538e-17 
0.0463825 0.04 0.04 0.1 -0.02 0.012 0.07 0.809017 0.587785 3.59914e-17 4.9538e-17 
0.0463646 0.04 0.04 0.1 0.02 -0.008 0.07 -0.587785 0.809017 -4.9538e-17 -3.59915e-17 
0.0463491 0.04 0.04 0.1 0.02 -0.012 0.07 -0.587785 0.809017 -4.9538e-17 -3.59915e-17 
0.041818 0.04 0.04 0.1 0.008 0.02 0.07 1 0 0 6.12323e-17 
0.0418081 0.04 0.04 0.1 -0.008 -0.02 0.07 6.12323e-17 1 -6.12323e-17 3.7494e-33 
0.0383125 0.04 0.04 0.1 0.016 -0.02 0.07 -0.587785 0.809017 -4.9538e-17 -3.59915e-17 
0.038014 0.04 0.04 0.1 -0.016 0.02 0.07 0.809017 0.587785 3.59914e-17 4.9538e-17 
0.0379723 0.04 0.04 0.1 0.008 -0.02 0.07 6.12323e-17 1 -6.12323e-17 3.7494e-33 
0.0379071 0.04 0.04 0.1 -0.008 0.02 0.07 1 0 0 6.12323e-17 
0.0367255 0.04 0.04 0.1 -0.02 0.008 0.07 0.951057 0.309017 1.89218e-17 5.82354e-17 
0.0366003 0.04 0.04 0.1 0.02 -0.008 0.07 -0.309017 0.951057 -5.82354e-17 -1.89218e-17 
0.0332408 0.04 0.04 0.1 0.012 0.02 0.07 0.809017 -0.587785 -3.59914e-17 4.9538e-17 
0.0331746 0.04 0.04 0.1 -0.012 -0.02 0.07 0.587785 0.809017 -4.9538e-17 3.59915e-17 
0.029986 0.04 0.04 0.1 0.004 0.02 0.07 1 0 0 6.12323e-17 
0.0299594 0.04 0.04 0.1 -0.004 -0.02 0.07 6.12323e-17 1 -6.12323e-17 3.7494e-33 
0.0275705 0.04 0.04 0.1 -0.02 0.02 0.07 0.951057 0.309017 1.89218e-17 5.82354e-17 
0.0275431 0.04 0.04 0.1 0.02 -0.02 0.07 -0.309017 0.951057 -5.82354e-17 -1.89218e-17 
0.0237999 0.04 0.04 0.1 0 -0.02 0.07 0.309017 0.951057 -5.82354e-17 1.89218e-17 
0.0237999 0.04 0.04 0.1 0 0.02 0.07 0.951057 -0.309017 -1.89218e-17 5.82354e-17 
0.0231623 0.04 0.04 0.1 -0.004 0.02 0.07 1 0 0 6.12323e-17 
0.023147 0.04 0.04 0.1 0.004 -0.02 0.07 6.12323e-17 1 -6.12323e-17 3.7494e-33 
0.0221585 0.04 0.04 0.1 0 -0.02 0.07 6.12323e-17 1 -6.12323e-17 3.7494e-33 
0.0221443 0.04 0.04 0.1 0 0.02 0.07 1 0 0 6.12323e-17 
0.0159419 0.04 0.04 0.1 0.04 0.008 0.04 -0.672498 -0.218508 0.672499 0.218508 
0.015941 0.04 0.04 0.1 -0.04 -0.008 0.04 -0.218508 0.672498 -0.218508 0.672499 
0.0130665 0.04 0.04 0.1 0.04 0.004 0.04 -0.672498 -0.218508 0.672499 0.218508 
0.0130661 0.04 0.04 0.1 -0.04 -0.004 0.04 -0.218508 0.672498 -0.218508 0.672499 
0.0105465 0.04 0.04 0.1 -0.02 -0.016 0.07 0.587785 0.809017 -4.9538e-17 3.59915e-17 
0.0102272 0.04 0.04 0.1 0.04 0.012 0.04 -0.672498 -0.218508 0.672499 0.218508 
0.0102265 0.04 0.04 0.1 -0.04 -0.012 0.04 -0.218508 0.672498 -0.218508 0.672499 
0.0101755 0.04 0.04 0.1 0.02 0.016 0.07 0.809017 -0.587785 -3.59914e-17 4.9538e-17 
0.0101234 0.04 0.04 0.1 0.016 -0.004 0.07 -0.587785 0.809017 -4.9538e-17 -3.59915e-17 
0.0100211 0.04 0.04 0.1 -0.016 0.004 0.07 0.809017 0.587785 3.59914e-17 4.9538e-17 
0.00999509 0.04 0.04 0.1 0.04 0.012 0.03 -0.672498 -0.218508 0.672499 0.218508 
0.00999493 0.04 0.04 0.1 -0.04 -0.012 0.03 -0.218508 0.672498 -0.218508 0.672499 
0.0072751 0.04 0.04 0.1 0.012 -0.016 0.07 6.12323e-17 1 -6.12323e-17 3.7494e-33 
0.00727086 0.04 0.04 0.1 -0.012 0.016 0.07 1 0 0 6.12323e-17 
0.0037489 0.04 0.04 0.1 -0.04 0.004 0.04 0.707107 -4.32978e-17 0.707107 -4.32978e-17 
0.0037488 0.04 0.04 0.1 0.04 -0.004 0.04 0 -0.707107 0 0.707106 
0.00348752 0.04 0.04 0.1 -0.04 0.004 0.03 0.707107 -4.32978e-17 0.707107 -4.32978e-17 
0.00348743 0.04 0.04 0.1 0.04 -0.004 0.03 0 -0.707107 0 0.707106 
0.00324286 0.04 0.04 0.1 -0.02 0.016 0.07 0.951057 0.309017 1.89218e-17 5.82354e-17 
0.00318728 0.04 0.04 0.1 0.02 -0.016 0.07 -0.309017 0.951057 -5.82354e-17 -1.89218e-17 
0.00283407 0.04 0.04 0.1 0.04 0.016 0.04 -0.672498 -0.218508 0.672499 0.218508 
0.00283365 0.04 0.04 0.1 -0.04 -0.016 0.04 -0.218508 0.672498 -0.218508 0.672499 
0.00145223 0.04 0.04 0.1 -0.04 0.008 0.04 0.707107 -4.32978e-17 0.707107 -4.32978e-17 
0.00145215 0.04 0.04 0.1 0.04 -0.008 0.04 0 -0.707107 0 0.707106 
0.00137433 0.04 0.04 0.1 -0.04 0.008 0.03 0.707107 -4.32978e-17 0.707107 -4.32978e-17 
0.00137426 0.04 0.04 0.1 0.04 -0.008 0.03 0 -0.707107 0 0.707106 
0.000317734 0.04 0.04 0.1 -0.04 -0.008 0.04 -0.415627 0.572061 -0.415627 0.572062 
0.00031773 0.04 0.04 0.1 0.04 0.008 0.04 -0.572061 -0.415627 0.572061 0.415629 
0.000260421 0.04 0.04 0.1 -0.04 -0.004 0.04 -0.415627 0.572061 -0.415627 0.572062 
0.000260419 0.04 0.04 0.1 0.04 0.004 0.04 -0.572061 -0.415627 0.572061 0.415629 
0.000203838 0.04 0.04 0.1 0.04 0.012 0.04 -0.572061 -0.415627 0.572061 0.415629 
0.000203833 0.04 0.04 0.1 -0.04 -0.012 0.04 -0.415627 0.572061 -0.415627 0.572062 
0.000197001 0.04 0.04 0.1 0.008 0.02 0.07 0.809017 -0.587785 -3.59914e-17 4.9538e-17 
0.000144531 0.04 0.04 0.1 -0.04 0.012 0.03 0.707107 -4.32978e-17 0.707107 -4.32978e-17 
0.000144504 0.04 0.04 0.1 0.04 -0.012 0.03 0 -0.707107 0 0.707106 
0.000132832 0.04 0.04 0.1 -0.04 0.012 0.04 0.707107 -4.32978e-17 0.707107 -4.32978e-17 
0.000132791 0.04 0.04 0.1 0.04 -0.012 0.04 0 -0.707107 0 0.707106 
5.64967e-05 0.04 0.04 0.1 0.04 0.016 0.04 -0.572061 -0.415627 0.572061 0.415629 
5.64923e-05 0.04 0.04 0.1 -0.04 -0.016 0.04 -0.415627 0.572061 -0.415627 0.572062 
5.64806e-05 0.04 0.04 0.1 -0.04 -0.016 0.04 0 0.707107 0 0.707106 
2.96533e-05 0.04 0.04 0.1 -0.008 -0.02 0.07 0.587785 0.809017 -4.9538e-17 3.59915e-17 
1.61803e-09 0.04 0.04 0.1 -0.016 0.04 0.04 0.218508 0.672499 -0.672499 0.218502 
1.60598e-09 0.04 0.04 0.1 -0.02 0.04 0.03 0.218508 0.672499 -0.672499 0.218502 
1.59908e-09 0.04 0.04 0.1 -0.012 0.04 0.04 0.218508 0.672499 -0.672499 0.218502 
1.59144e-09 0.04 0.04 0.1 -0.02 0.04 0.04 0.218508 0.672499 -0.672499 0.218502 
1.52603e-09 0.04 0.04 0.1 -0.008 0.04 0.04 0.218508 0.672499 -0.672499 0.218502 
1.39198e-09 0.04 0.04 0.1 -0.004 0.04 0.04 0.218508 0.672499 -0.672499 0.218502 
1.19161e-09 0.04 0.04 0.1 0 0.04 0.04 0.218508 0.672499 -0.672499 0.218502 
9.21232e-10 0.04 0.04 0.1 0.004 0.04 0.04 0.218508 0.672499 -0.672499 0.218502 
5.78695e-10 0.04 0.04 0.1 0.008 0.04 0.04 0.218508 0.672499 -0.672499 0.218502 
1.63348e-10 0.04 0.04 0.1 0.012 0.04 0.04 0.218508 0.672499 -0.672499 0.218502 
-4.4896e-11 0.04 0.04 0.1 0.04 0.02 0.04 0.707107 -4.32978e-17 -0.707107 4.32978e-17 
-4.99808e-11 0.04 0.04 0.1 0.04 0.016 0.04 0.707107 -4.32978e-17 -0.707107 4.32978e-17 
-1.07582e-10 0.04 0.04 0.1 0.012 -0.04 0.03 -0.572061 0.415627 0.415627 0.572062 
-1.07707e-10 0.04 0.04 0.1 0.008 -0.04 0.03 -0.572061 0.415627 0.415627 0.572062 
-1.07915e-10 0.04 0.04 0.1 0.016 -0.04 0.03 -0.572061 0.415627 0.415627 0.572062 
-1.08804e-10 0.04 0.04 0.1 0.02 -0.04 0.03 -0.572061 0.415627 0.415627 0.572062 
-1.21334e-10 0.04 0.04 0.1 0.02 -0.04 0.03 -0.672499 0.218508 0.218508 0.672498 
-1.48014e-10 0.04 0.04 0.1 0.004 -0.04 0.04 -0.572061 0.415627 0.415627 0.572062 
-1.48411e-10 0.04 0.04 0.1 0.008 -0.04 0.04 -0.572061 0.415627 0.415627 0.572062 
-1.49018e-10 0.04 0.04 0.1 0.012 -0.04 0.04 -0.572061 0.415627 0.415627 0.572062 
-1.49992e-10 0.04 0.04 0.1 0.016 -0.04 0.04 -0.572061 0.415627 0.415627 0.572062 
-1.50339e-10 0.04 0.04 0.1 -0.008 -0.04 0.04 -0.672499 0.218508 0.218508 0.672498 
-1.51419e-10 0.04 0.04 0.1 0.02 -0.04 0.04 -0.572061 0.415627 0.415627 0.572062 
-1.51612e-10 0.04 0.04 0.1 -0.012 -0.04 0.04 -0.672499 0.218508 0.218508 0.672498 
-1.5233e-10 0.04 0.04 0.1 -0.004 -0.04 0.04 -0.672499 0.218508 0.218508 0.672498 
-1.5568e-10 0.04 0.04 0.1 0 -0.04 0.04 -0.672499 0.218508 0.218508 0.672498 
-1.59035e-10 0.04 0.04 0.1 0.004 -0.04 0.04 -0.672499 0.218508 0.218508 0.672498 
-1.61573e-10 0.04 0.04 0.1 0.008 -0.04 0.04 -0.672499 0.218508 0.218508 0.672498 
-1.62955e-10 0.04 0.04 0.1 0.012 -0.04 0.04 -0.672499 0.218508 0.218508 0.672498 
-1.63022e-10 0.04 0.04 0.1 0.02 -0.04 0.04 -0.672499 0.218508 0.218508 0.672498 
-1.63282e-10 0.04 0.04 0.1 0.016 -0.04 0.04 -0.672499 0.218508 0.218508 0.672498 
-3.29497e-10 0.04 0.04 0.1 -0.02 0.04 0.03 0.415627 0.572061 -0.572061 0.415629 
-3.76079e-10 0.04 0.04 0.1 -0.02 0.04 0.04 0.415627 0.572061 -0.572061 0.415629 
-5.94772e-10 0.04 0.04 0.1 -0.016 0.04 0.03 0.415627 0.572061 -0.572061 0.415629 
-6.45123e-10 0.04 0.04 0.1 -0.016 0.04 0.04 0.415627 0.572061 -0.572061 0.415629 
-9.4083e-10 0.04 0.04 0.1 -0.012 0.04 0.03 0.415627 0.572061 -0.572061 0.415629 
-9.96136e-10 0.04 0.04 0.1 -0.012 0.04 0.04 0.415627 0.572061 -0.572061 0.415629 
-1.36571e-09 0.04 0.04 0.1 -0.008 0.04 0.03 0.415627 0.572061 -0.572061 0.415629 
-1.42714e-09 0.04 0.04 0.1 -0.008 0.04 0.04 0.415627 0.572061 -0.572061 0.415629 
-1.93528e-09 0.04 0.04 0.1 -0.004 0.04 0.04 0.415627 0.572061 -0.572061 0.415629 
-4.00674e-05 0.04 0.04 0.1 0.04 0.02 0.04 -0.572061 -0.415627 0.572061 0.415629 
-4.00803e-05 0.04 0.04 0.1 -0.04 -0.02 0.04 -0.415627 0.572061 -0.415627 0.572062 
-4.00846e-05 0.04 0.04 0.1 -0.04 -0.02 0.04 0 0.707107 0 0.707106 
-0.000159258 0.04 0.04 0.1 0.04 0 0.04 -0.572061 -0.415627 0.572061 0.415629 
-0.000159278 0.04 0.04 0.1 -0.04 0 0.04 -0.415627 0.572061 -0.415627 0.572062 
-0.000324203 0.04 0.04 0.1 0.04 -0.02 0.03 0 -0.707107 0 0.707106 
-0.000324207 0.04 0.04 0.1 -0.04 0.02 0.03 0.707107 -4.32978e-17 0.707107 -4.32978e-17 
-0.000346646 0.04 0.04 0.1 0.04 -0.02 0.04 0 -0.707107 0 0.707106 
-0.000346659 0.04 0.04 0.1 -0.04 0.02 0.04 0.707107 -4.32978e-17 0.707107 -4.32978e-17 
-0.000354735 0.04 0.04 0.1 -0.04 0.016 0.03 0.707107 -4.32978e-17 0.707107 -4.32978e-17 
-0.000354741 0.04 0.04 0.1 0.04 -0.016 0.03 0 -0.707107 0 0.707106 
-0.000390996 0.04 0.04 0.1 -0.04 0.016 0.04 0.707107 -4.32978e-17 0.707107 -4.32978e-17 
-0.000391012 0.04 0.04 0.1 0.04 -0.016 0.04 0 -0.707107 0 0.707106 
-0.000497514 0.04 0.04 0.1 0.016 -0.016 0.07 -0.587785 0.809017 -4.9538e-17 -3.59915e-17 
-0.000521089 0.04 0.04 0.1 0.04 0.016 0.03 -0.672498 -0.218508 0.672499 0.218508 
-0.000521489 0.04 0.04 0.1 -0.04 -0.016 0.03 -0.218508 0.672498 -0.218508 0.672499 
-0.000688377 0.04 0.04 0.1 -0.016 0.016 0.07 0.809017 0.587785 3.59914e-17 4.9538e-17 
-0.00118461 0.04 0.04 0.1 0.04 -0.004 0.04 -0.572061 -0.415627 0.572061 0.415629 
-0.00118467 0.04 0.04 0.1 -0.04 0.004 0.04 -0.415627 0.572061 -0.415627 0.572062 
-0.00171408 0.04 0.04 0.1 -0.02 0.012 0.07 0.951057 0.309017 1.89218e-17 5.82354e-17 
-0.00179823 0.04 0.04 0.1 0.02 -0.012 0.07 -0.309017 0.951057 -5.82354e-17 -1.89218e-17 
-0.00201041 0.04 0.04 0.1 0.04 0.02 0.04 -0.672498 -0.218508 0.672499 0.218508 
-0.00201166 0.04 0.04 0.1 -0.04 -0.02 0.04 -0.218508 0.672498 -0.218508 0.672499 
-0.00310887 0.04 0.04 0.1 0.04 -0.008 0.04 -0.572061 -0.415627 0.572061 0.415629 
-0.00310901 0.04 0.04 0.1 -0.04 0.008 0.04 -0.415627 0.572061 -0.415627 0.572062 
-0.00386469 0.04 0.04 0.1 -0.04 -0.016 0.02 -0.218508 0.672498 -0.218508 0.672499 
-0.00386491 0.04 0.04 0.1 0.04 0.016 0.02 -0.672498 -0.218508 0.672499 0.218508 
-0.00443102 0.04 0.04 0.1 0.04 0.02 0.03 -0.672498 -0.218508 0.672499 0.218508 
-0.00443139 0.04 0.04 0.1 -0.04 -0.02 0.03 -0.218508 0.672498 -0.218508 0.672499 
-0.00627182 0.04 0.04 0.1 0.04 -0.012 0.04 -0.572061 -0.415627 0.572061 0.415629 
-0.00627209 0.04 0.04 0.1 -0.04 0.012 0.04 -0.415627 0.572061 -0.415627 0.572062 
-0.00681125 0.04 0.04 0.1 -0.04 -0.02 0.02 -0.218508 0.672498 -0.218508 0.672499 
-0.00681129 0.04 0.04 0.1 0.04 0.02 0.02 -0.672498 -0.218508 0.672499 0.218508 
-0.00909323 0.04 0.04 0.1 -0.04 -0.02 0.01 -0.218508 0.672498 -0.218508 0.672499 
-0.00909403 0.04 0.04 0.1 0.04 0.02 0.01 -0.672498 -0.218508 0.672499 0.218508 
-0.0110554 0.04 0.04 0.1 0.04 -0.016 0.04 -0.572061 -0.415627 0.572061 0.415629 
-0.0110559 0.04 0.04 0.1 -0.04 0.016 0.04 -0.415627 0.572061 -0.415627 0.572062 
-0.0178786 0.04 0.04 0.1 0.04 -0.02 0.04 -0.572061 -0.415627 0.572061 0.415629 
-0.0178794 0.04 0.04 0.1 -0.04 0.02 0.04 -0.415627 0.572061 -0.415627 0.572062 
-0.024451 0.04 0.04 0.1 -0.02 -0.016 0.07 6.12323e-17 1 -6.12323e-17 3.7494e-33 
-0.0244537 0.04 0.04 0.1 0.02 0.016 0.07 1 0 0 6.12323e-17 
-0.0268636 0.04 0.04 0.1 0.016 -0.012 0.07 -0.587785 0.809017 -4.9538e-17 -3.59915e-17 
-0.0269569 0.04 0.04 0.1 -0.016 0.012 0.07 0.809017 0.587785 3.59914e-17 4.9538e-17 
-0.0275086 0.04 0.04 0.1 0.016 -0.008 0.07 -0.587785 0.809017 -4.9538e-17 -3.59915e-17 
-0.0275625 0.04 0.04 0.1 -0.016 0.008 0.07 0.809017 0.587785 3.59914e-17 4.9538e-17 
-0.0291636 0.04 0.04 0.1 0.008 0 0.07 -0.587785 0.809017 -4.9538e-17 -3.59915e-17 
-0.0302642 0.04 0.04 0.1 -0.008 0 0.07 0.809017 0.587785 3.59914e-17 4.9538e-17 
-0.0327668 0.04 0.04 0.1 0.012 -0.02 0.07 -0.587785 0.809017 -4.9538e-17 -3.59915e-17 
-0.0334449 0.04 0.04 0.1 -0.012 0.02 0.07 0.809017 0.587785 3.59914e-17 4.9538e-17 
-0.0427821 0.04 0.04 0.1 0.004 0.02 0.07 0.809017 -0.587785 -3.59914e-17 4.9538e-17 
-0.0429793 0.04 0.04 0.1 -0.004 -0.02 0.07 0.587785 0.809017 -4.9538e-17 3.59915e-17 
-0.0496529 0.04 0.04 0.1 -0.016 0.02 0.07 0.951057 0.309017 1.89218e-17 5.82354e-17 
-0.0497051 0.04 0.04 0.1 0.016 -0.02 0.07 -0.309017 0.951057 -5.82354e-17 -1.89218e-17 
-0.0566572 0.04 0.04 0.1 -0.016 -0.016 0.07 6.12323e-17 1 -6.12323e-17 3.7494e-33 
-0.0566651 0.04 0.04 0.1 0.016 0.016 0.07 1 0 0 6.12323e-17 
-0.0770711 0.04 0.04 0.1 -0.016 0.008 0.07 0.951057 0.309017 1.89218e-17 5.82354e-17 
-0.0773114 0.04 0.04 0.1 0.016 -0.008 0.07 -0.309017 0.951057 -5.82354e-17 -1.89218e-17 
-0.0777308 0.04 0.04 0.1 -0.016 -0.016 0.07 0.587785 0.809017 -4.9538e-17 3.59915e-17 
-0.0783428 0.04 0.04 0.1 0.016 0.016 0.07 0.809017 -0.587785 -3.59914e-17 4.9538e-17 
-0.0815506 0.04 0.04 0.1 0.012 -0.004 0.07 -0.587785 0.809017 -4.9538e-17 -3.59915e-17 
-0.0819169 0.04 0.04 0.1 -0.012 0.004 0.07 0.809017 0.587785 3.59914e-17 4.9538e-17 
-0.0832269 0.04 0.04 0.1 0.012 -0.012 0.07 6.12323e-17 1 -6.12323e-17 3.7494e-33 
-0.0832336 0.04 0.04 0.1 -0.012 0.012 0.07 1 0 0 6.12323e-17 
-0.0857444 0.04 0.04 0.1 -0.02 -0.012 0.07 0.587785 0.809017 -4.9538e-17 3.59915e-17 
-0.0865296 0.04 0.04 0.1 0.02 0.012 0.07 0.809017 -0.587785 -3.59914e-17 4.9538e-17 
-0.0867573 0.04 0.04 0.1 -0.008 0.016 0.07 1 0 0 6.12323e-17 
-0.0867771 0.04 0.04 0.1 0.008 -0.016 0.07 6.12323e-17 1 -6.12323e-17 3.7494e-33 
-0.0884433 0.04 0.04 0.1 0.004 -0.008 0.07 0.309017 0.951057 -5.82354e-17 1.89218e-17 
-0.0885425 0.04 0.04 0.1 -0.004 0.008 0.07 0.951057 -0.309017 -1.89218e-17 5.82354e-17 
-0.0907182 0.04 0.04 0.1 0 0.02 0.07 0.809017 -0.587785 -3.59914e-17 4.9538e-17 
-0.0907932 0.04 0.04 0.1 0 -0.02 0.07 0.587785 0.809017 -4.9538e-17 3.59915e-17 
-0.0922307 0.04 0.04 0.1 -0.012 -0.016 0.07 6.12323e-17 1 -6.12323e-17 3.7494e-33 
-0.0922508 0.04 0.04 0.1 0.012 0.016 0.07 1 0 0 6.12323e-17 
-0.0951867 0.04 0.04 0.1 0.012 -0.016 0.07 -0.587785 0.809017 -4.9538e-17 -3.59915e-17 
-0.0956973 0.04 0.04 0.1 -0.012 0.016 0.07 0.809017 0.587785 3.59914e-17 4.9538e-17 
-0.0981453 0.04 0.04 0.1 -0.016 0.016 0.07 0.951057 0.309017 1.89218e-17 5.82354e-17 
-0.0982426 0.04 0.04 0.1 0.016 -0.016 0.07 -0.309017 0.951057 -5.82354e-17 -1.89218e-17 
-0.117058 0.04 0.04 0.1 -0.016 0.012 0.07 0.951057 0.309017 1.89218e-17 5.82354e-17 
-0.117216 0.04 0.04 0.1 0.016 -0.012 0.07 -0.309017 0.951057 -5.82354e-17 -1.89218e-17 
-0.125692 0.04 0.04 0.1 -0.008 -0.016 0.07 6.12323e-17 1 -6.12323e-17 3.7494e-33 
-0.125704 0.04 0.04 0.1 0.008 0.016 0.07 1 0 0 6.12323e-17 
-0.131452 0.04 0.04 0.1 0.004 0 0.07 -0.587785 0.809017 -4.9538e-17 -3.59915e-17 
-0.131589 0.04 0.04 0.1 0.008 -0.02 0.07 -0.587785 0.809017 -4.9538e-17 -3.59915e-17 
-0.132789 0.04 0.04 0.1 -0.008 0.02 0.07 0.809017 0.587785 3.59914e-17 4.9538e-17 
-0.133086 0.04 0.04 0.1 -0.004 0 0.07 0.809017 0.587785 3.59914e-17 4.9538e-17 
-0.13315 0.04 0.04 0.1 0.02 0.012 0.07 1 0 0 6.12323e-17 
-0.133197 0.04 0.04 0.1 -0.02 -0.012 0.07 6.12323e-17 1 -6.12323e-17 3.7494e-33 
-0.135933 0.04 0.04 0.1 0.012 -0.012 0.07 -0.587785 0.809017 -4.9538e-17 -3.59915e-17 
-0.136285 0.04 0.04 0.1 -0.012 0.012 0.07 0.809017 0.587785 3.59914e-17 4.9538e-17 
-0.136554 0.04 0.04 0.1 0.004 -0.02 0.07 0.587785 0.809017 -4.9538e-17 3.59915e-17 
-0.136889 0.04 0.04 0.1 -0.004 0.02 0.07 0.809017 -0.587785 -3.59914e-17 4.9538e-17 
-0.137078 0.04 0.04 0.1 0.012 -0.008 0.07 -0.587785 0.809017 -4.9538e-17 -3.59915e-17 
-0.137362 0.04 0.04 0.1 -0.012 0.008 0.07 0.809017 0.587785 3.59914e-17 4.9538e-17 
-0.13873 0.04 0.04 0.1 0.004 -0.016 0.07 6.12323e-17 1 -6.12323e-17 3.7494e-33 
-0.138731 0.04 0.04 0.1 -0.004 0.016 0.07 1 0 0 6.12323e-17 
-0.149953 0.04 0.04 0.1 -0.004 -0.016 0.07 6.12323e-17 1 -6.12323e-17 3.7494e-33 
-0.149953 0.04 0.04 0.1 0.004 0.016 0.07 1 0 0 6.12323e-17 
-0.157061 0.04 0.04 0.1 0 0.016 0.07 1 0 0 6.12323e-17 
-0.157073 0.04 0.04 0.1 0 -0.016 0.07 6.12323e-17 1 -6.12323e-17 3.7494e-33 
-0.171827 0.04 0.04 0.1 0.008 -0.02 0.07 0.587785 0.809017 -4.9538e-17 3.59915e-17 
-0.173011 0.04 0.04 0.1 -0.008 0.02 0.07 0.809017 -0.587785 -3.59914e-17 4.9538e-17 
-0.184228 0.04 0.04 0.1 -0.012 0.004 0.07 0.951057 0.309017 1.89218e-17 5.82354e-17 
-0.184755 0.04 0.04 0.1 0.012 -0.004 0.07 -0.309017 0.951057 -5.82354e-17 -1.89218e-17 
-0.194041 0.04 0.04 0.1 0.004 -0.02 0.07 0.309017 0.951057 -5.82354e-17 1.89218e-17 
-0.194041 0.04 0.04 0.1 -0.004 0.02 0.07 0.951057 -0.309017 -1.89218e-17 5.82354e-17 
-0.19809 0.04 0.04 0.1 0.012 -0.008 0.07 6.12323e-17 1 -6.12323e-17 3.7494e-33 
-0.198122 0.04 0.04 0.1 -0.012 0.008 0.07 1 0 0 6.12323e-17 
-0.20556 0.04 0.04 0.1 0.008 -0.004 0.07 -0.587785 0.809017 -4.9538e-17 -3.59915e-17 
-0.206281 0.04 0.04 0.1 -0.008 0.004 0.07 0.809017 0.587785 3.59914e-17 4.9538e-17 
-0.206458 0.04 0.04 0.1 -0.012 -0.016 0.07 0.587785 0.809017 -4.9538e-17 3.59915e-17 
-0.207349 0.04 0.04 0.1 0.012 0.016 0.07 0.809017 -0.587785 -3.59914e-17 4.9538e-17 
-0.209109 0.04 0.04 0.1 -0.012 0.02 0.07 0.951057 0.309017 1.89218e-17 5.82354e-17 
-0.209189 0.04 0.04 0.1 0.012 -0.02 0.07 -0.309017 0.951057 -5.82354e-17 -1.89218e-17 
-0.214542 0.04 0.04 0.1 0.016 0.012 0.07 1 0 0 6.12323e-17 
-0.214562 0.04 0.04 0.1 -0.016 -0.012 0.07 6.12323e-17 1 -6.12323e-17 3.7494e-33 
-0.21462 0.04 0.04 0.1 0.004 -0.012 0.07 0.309017 0.951057 -5.82354e-17 1.89218e-17 
-0.214666 0.04 0.04 0.1 -0.004 0.012 0.07 0.951057 -0.309017 -1.89218e-17 5.82354e-17 
-0.222761 0.04 0.04 0.1 0.008 -0.016 0.07 -0.587785 0.809017 -4.9538e-17 -3.59915e-17 
-0.223709 0.04 0.04 0.1 -0.008 0.016 0.07 0.809017 0.587785 3.59914e-17 4.9538e-17 
-0.236669 0.04 0.04 0.1 -0.02 -0.008 0.07 0.587785 0.809017 -4.9538e-17 3.59915e-17 
-0.237976 0.04 0.04 0.1 0.02 0.008 0.07 0.809017 -0.587785 -3.59914e-17 4.9538e-17 
-0.2391 0.04 0.04 0.1 0.004 -0.016 0.07 0.309017 0.951057 -5.82354e-17 1.89218e-17 
-0.239115 0.04 0.04 0.1 -0.004 0.016 0.07 0.951057 -0.309017 -1.89218e-17 5.82354e-17 
-0.25769 0.04 0.04 0.1 0.004 -0.02 0.07 -0.587785 0.809017 -4.9538e-17 -3.59915e-17 
-0.258519 0.04 0.04 0.1 0.008 -0.012 0.07 6.12323e-17 1 -6.12323e-17 3.7494e-33 
-0.258528 0.04 0.04 0.1 -0.008 0.012 0.07 1 0 0 6.12323e-17 
-0.259486 0.04 0.04 0.1 -0.004 0.02 0.07 0.809017 0.587785 3.59914e-17 4.9538e-17 
-0.267285 0.04 0.04 0.1 -0.02 -0.008 0.07 6.12323e-17 1 -6.12323e-17 3.7494e-33 
-0.267286 0.04 0.04 0.1 0.02 0.008 0.07 1 0 0 6.12323e-17 
-0.280655 0.04 0.04 0.1 0.008 -0.012 0.07 -0.587785 0.809017 -4.9538e-17 -3.59915e-17 
-0.281377 0.04 0.04 0.1 -0.008 0.012 0.07 0.809017 0.587785 3.59914e-17 4.9538e-17 
-0.282254 0.04 0.04 0.1 0.008 -0.008 0.07 -0.587785 0.809017 -4.9538e-17 -3.59915e-17 
-0.282865 0.04 0.04 0.1 -0.008 0.008 0.07 0.809017 0.587785 3.59914e-17 4.9538e-17 
-0.29198 0.04 0.04 0.1 -0.012 -0.012 0.07 6.12323e-17 1 -6.12323e-17 3.7494e-33 
-0.291995 0.04 0.04 0.1 0.012 0.012 0.07 1 0 0 6.12323e-17 
-0.292103 0.04 0.04 0.1 -0.016 -0.012 0.07 0.587785 0.809017 -4.9538e-17 3.59915e-17 
-0.29352 0.04 0.04 0.1 0.016 0.012 0.07 0.809017 -0.587785 -3.59914e-17 4.9538e-17 
-0.299516 0.04 0.04 0.1 -0.012 0.016 0.07 0.951057 0.309017 1.89218e-17 5.82354e-17 
-0.299673 0.04 0.04 0.1 0.012 -0.016 0.07 -0.309017 0.951057 -5.82354e-17 -1.89218e-17 
-0.325199 0.04 0.04 0.1 -0.012 0.008 0.07 0.951057 0.309017 1.89218e-17 5.82354e-17 
-0.32558 0.04 0.04 0.1 0.012 -0.008 0.07 -0.309017 0.951057 -5.82354e-17 -1.89218e-17 
-0.334969 0.04 0.04 0.1 -0.012 0.004 0.07 1 0 0 6.12323e-17 
-0.334976 0.04 0.04 0.1 0.012 -0.004 0.07 6.12323e-17 1 -6.12323e-17 3.7494e-33 
-0.349743 0.04 0.04 0.1 -0.012 0.012 0.07 0.951057 0.309017 1.89218e-17 5.82354e-17 
-0.35 0.04 0.04 0.1 0.012 -0.012 0.07 -0.309017 0.951057 -5.82354e-17 -1.89218e-17 
-0.356613 0.04 0.04 0.1 -0.008 -0.012 0.07 6.12323e-17 1 -6.12323e-17 3.7494e-33 
-0.356619 0.04 0.04 0.1 0.008 0.012 0.07 1 0 0 6.12323e-17 
-0.36103 0.04 0.04 0.1 0.004 -0.012 0.07 6.12323e-17 1 -6.12323e-17 3.7494e-33 
-0.361039 0.04 0.04 0.1 -0.004 0.012 0.07 1 0 0 6.12323e-17 
-0.361766 0.04 0.04 0.1 0.004 -0.004 0.07 -0.587785 0.809017 -4.9538e-17 -3.59915e-17 
-0.3629 0.04 0.04 0.1 -0.004 0.004 0.07 0.809017 0.587785 3.59914e-17 4.9538e-17 
-0.373819 0.04 0.04 0.1 -0.008 -0.016 0.07 0.587785 0.809017 -4.9538e-17 3.59915e-17 
-0.375061 0.04 0.04 0.1 0.008 0.016 0.07 0.809017 -0.587785 -3.59914e-17 4.9538e-17 
-0.382689 0.04 0.04 0.1 0.004 -0.016 0.07 -0.587785 0.809017 -4.9538e-17 -3.59915e-17 
-0.384149 0.04 0.04 0.1 -0.004 0.016 0.07 0.809017 0.587785 3.59914e-17 4.9538e-17 
-0.397663 0.04 0.04 0.1 0.004 0.012 0.07 1 0 0 6.12323e-17 
-0.39767 0.04 0.04 0.1 -0.004 -0.012 0.07 6.12323e-17 1 -6.12323e-17 3.7494e-33 
-0.403224 0.04 0.04 0.1 0 0.012 0.07 1 0 0 6.12323e-17 
-0.40325 0.04 0.04 0.1 0 -0.012 0.07 6.12323e-17 1 -6.12323e-17 3.7494e-33 
-0.411939 0.04 0.04 0.1 0.016 0.008 0.07 1 0 0 6.12323e-17 
-0.411949 0.04 0.04 0.1 -0.016 -0.008 0.07 6.12323e-17 1 -6.12323e-17 3.7494e-33 
-0.423617 0.04 0.04 0.1 0.02 0.004 0.07 1 0 0 6.12323e-17 
-0.423648 0.04 0.04 0.1 -0.02 -0.004 0.07 6.12323e-17 1 -6.12323e-17 3.7494e-33 
-0.445215 0.04 0.04 0.1 -0.02 -0.004 0.07 0.587785 0.809017 -4.9538e-17 3.59915e-17 
-0.447117 0.04 0.04 0.1 0.02 0.004 0.07 0.809017 -0.587785 -3.59914e-17 4.9538e-17 
-0.460513 0.04 0.04 0.1 0.004 -0.012 0.07 -0.587785 0.809017 -4.9538e-17 -3.59915e-17 
-0.461651 0.04 0.04 0.1 -0.004 0.012 0.07 0.809017 0.587785 3.59914e-17 4.9538e-17 
-0.462634 0.04 0.04 0.1 0.004 -0.008 0.07 -0.587785 0.809017 -4.9538e-17 -3.59915e-17 
-0.463627 0.04 0.04 0.1 -0.004 0.008 0.07 0.809017 0.587785 3.59914e-17 4.9538e-17 
-0.471393 0.04 0.04 0.1 -0.008 0.02 0.07 0.951057 0.309017 1.89218e-17 5.82354e-17 
-0.471508 0.04 0.04 0.1 0.008 -0.02 0.07 -0.309017 0.951057 -5.82354e-17 -1.89218e-17 
-0.474597 0.04 0.04 0.1 -0.008 0.008 0.07 1 0 0 6.12323e-17 
-0.474618 0.04 0.04 0.1 0.008 -0.008 0.07 6.12323e-17 1 -6.12323e-17 3.7494e-33 
-0.508147 0.04 0.04 0.1 0.008 -0.02 0.07 0.309017 0.951057 -5.82354e-17 1.89218e-17 
-0.508148 0.04 0.04 0.1 -0.008 0.02 0.07 0.951057 -0.309017 -1.89218e-17 5.82354e-17 
-0.543005 0.04 0.04 0.1 0.012 0.008 0.07 1 0 0 6.12323e-17 
-0.543018 0.04 0.04 0.1 -0.012 -0.008 0.07 6.12323e-17 1 -6.12323e-17 3.7494e-33 
-0.574531 0.04 0.04 0.1 -0.012 -0.012 0.07 0.587785 0.809017 -4.9538e-17 3.59915e-17 
-0.575784 0.04 0.04 0.1 -0.004 -0.016 0.07 0.587785 0.809017 -4.9538e-17 3.59915e-17 
-0.576731 0.04 0.04 0.1 0.012 0.012 0.07 0.809017 -0.587785 -3.59914e-17 4.9538e-17 
-0.577517 0.04 0.04 0.1 0.004 0.016 0.07 0.809017 -0.587785 -3.59914e-17 4.9538e-17 
-0.596507 0.04 0.04 0.1 -0.016 -0.008 0.07 0.587785 0.809017 -4.9538e-17 3.59915e-17 
-0.598907 0.04 0.04 0.1 0.016 0.008 0.07 0.809017 -0.587785 -3.59914e-17 4.9538e-17 
-0.622238 0.04 0.04 0.1 -0.008 0.004 0.07 0.951057 0.309017 1.89218e-17 5.82354e-17 
-0.623013 0.04 0.04 0.1 0.008 -0.004 0.07 -0.309017 0.951057 -5.82354e-17 -1.89218e-17 
-0.627455 0.04 0.04 0.1 -0.008 0.016 0.07 0.951057 0.309017 1.89218e-17 5.82354e-17 
-0.627682 0.04 0.04 0.1 0.008 -0.016 0.07 -0.309017 0.951057 -5.82354e-17 -1.89218e-17 
-0.640432 0.04 0.04 0.1 0.004 -0.008 0.07 6.12323e-17 1 -6.12323e-17 3.7494e-33 
-0.640445 0.04 0.04 0.1 -0.004 0.008 0.07 1 0 0 6.12323e-17 
-0.645268 0.04 0.04 0.1 0.016 0.004 0.07 1 0 0 6.12323e-17 
-0.645299 0.04 0.04 0.1 -0.016 -0.004 0.07 6.12323e-17 1 -6.12323e-17 3.7494e-33 
-0.6473 0.04 0.04 0.1 0.008 0.008 0.07 1 0 0 6.12323e-17 
-0.647312 0.04 0.04 0.1 -0.008 -0.008 0.07 6.12323e-17 1 -6.12323e-17 3.7494e-33 
-0.697237 0.04 0.04 0.1 0.008 -0.016 0.07 0.309017 0.951057 -5.82354e-17 1.89218e-17 
-0.697255 0.04 0.04 0.1 -0.008 0.016 0.07 0.951057 -0.309017 -1.89218e-17 5.82354e-17 
-0.709478 0.04 0.04 0.1 -0.004 -0.008 0.07 6.12323e-17 1 -6.12323e-17 3.7494e-33 
-0.709504 0.04 0.04 0.1 0.004 0.008 0.07 1 0 0 6.12323e-17 
-0.710064 0.04 0.04 0.1 -0.02 0 0.07 0.587785 0.809017 -4.9538e-17 3.59915e-17 
-0.712612 0.04 0.04 0.1 0.02 0 0.07 0.809017 -0.587785 -3.59914e-17 4.9538e-17 
-0.712957 0.04 0.04 0.1 0 -0.008 0.07 6.12323e-17 1 -6.12323e-17 3.7494e-33 
-0.71298 0.04 0.04 0.1 0 0.008 0.07 1 0 0 6.12323e-17 
-0.731792 0.04 0.04 0.1 0.008 -0.004 0.07 6.12323e-17 1 -6.12323e-17 3.7494e-33 
-0.731805 0.04 0.04 0.1 -0.008 0.004 0.07 1 0 0 6.12323e-17 
-0.732304 0.04 0.04 0.1 -0.008 0.012 0.07 0.951057 0.309017 1.89218e-17 5.82354e-17 
-0.73268 0.04 0.04 0.1 0.008 -0.012 0.07 -0.309017 0.951057 -5.82354e-17 -1.89218e-17 
-0.746081 0.04 0.04 0.1 -0.008 0.008 0.07 0.951057 0.309017 1.89218e-17 5.82354e-17 
-0.746638 0.04 0.04 0.1 0.008 -0.008 0.07 -0.309017 0.951057 -5.82354e-17 -1.89218e-17 
-0.806186 0.04 0.04 0.1 0 -0.016 0.07 0.587785 0.809017 -4.9538e-17 3.59915e-17 
-0.808658 0.04 0.04 0.1 0 0.016 0.07 0.809017 -0.587785 -3.59914e-17 4.9538e-17 
-0.841367 0.04 0.04 0.1 0.012 0.004 0.07 1 0 0 6.12323e-17 
-0.841384 0.04 0.04 0.1 -0.012 -0.004 0.07 6.12323e-17 1 -6.12323e-17 3.7494e-33 
-0.844006 0.04 0.04 0.1 0.008 -0.012 0.07 0.309017 0.951057 -5.82354e-17 1.89218e-17 
-0.844059 0.04 0.04 0.1 -0.008 0.012 0.07 0.951057 -0.309017 -1.89218e-17 5.82354e-17 
-0.854441 0.04 0.04 0.1 -0.004 0.02 0.07 0.951057 0.309017 1.89218e-17 5.82354e-17 
-0.8546 0.04 0.04 0.1 0.004 -0.02 0.07 -0.309017 0.951057 -5.82354e-17 -1.89218e-17 
-0.915714 0.04 0.04 0.1 0.008 -0.008 0.07 0.309017 0.951057 -5.82354e-17 1.89218e-17 
-0.915817 0.04 0.04 0.1 -0.008 0.008 0.07 0.951057 -0.309017 -1.89218e-17 5.82354e-17 
-0.930278 0.04 0.04 0.1 -0.008 -0.012 0.07 0.587785 0.809017 -4.9538e-17 3.59915e-17 
-0.933429 0.04 0.04 0.1 0.008 0.012 0.07 0.809017 -0.587785 -3.59914e-17 4.9538e-17 
-0.9418 0.04 0.04 0.1 -0.012 0.02 0.07 0.951057 -0.309017 -1.89218e-17 5.82354e-17 
-0.9418 0.04 0.04 0.1 0.012 -0.02 0.07 0.309017 0.951057 -5.82354e-17 1.89218e-17 
-0.973229 0.04 0.04 0.1 0.004 -0.004 0.07 6.12323e-17 1 -6.12323e-17 3.7494e-33 
-0.973247 0.04 0.04 0.1 -0.004 0.004 0.07 1 0 0 6.12323e-17 
-0.992963 0.04 0.04 0.1 -0.016 -0.004 0.07 0.587785 0.809017 -4.9538e-17 3.59915e-17 
-0.993619 0.04 0.04 0.1 0.008 0.004 0.07 1 0 0 6.12323e-17 
-0.993619 0.04 0.04 0.1 -0.008 -0.004 0.07 6.12323e-17 1 -6.12323e-17 3.7494e-33 
-0.996485 0.04 0.04 0.1 0.016 0.004 0.07 0.809017 -0.587785 -3.59914e-17 4.9538e-17 
-1.02568 0.04 0.04 0.1 -0.02 0.004 0.07 0.587785 0.809017 -4.9538e-17 3.59915e-17 
-1.02888 0.04 0.04 0.1 0.02 -0.004 0.07 0.809017 -0.587785 -3.59914e-17 4.9538e-17 
-1.07713 0.04 0.04 0.1 -0.012 -0.008 0.07 0.587785 0.809017 -4.9538e-17 3.59915e-17 
-1.08092 0.04 0.04 0.1 0.012 0.008 0.07 0.809017 -0.587785 -3.59914e-17 4.9538e-17 
-1.08127 0.04 0.04 0.1 0.004 0.004 0.07 1 0 0 6.12323e-17 
-1.08128 0.04 0.04 0.1 -0.004 -0.004 0.07 6.12323e-17 1 -6.12323e-17 3.7494e-33 
-1.08206 0.04 0.04 0.1 0 -0.004 0.07 6.12323e-17 1 -6.12323e-17 3.7494e-33 
-1.08208 0.04 0.04 0.1 0 0.004 0.07 1 0 0 6.12323e-17 
-1.10561 0.04 0.04 0.1 -0.004 0.016 0.07 0.951057 0.309017 1.89218e-17 5.82354e-17 
-1.10592 0.04 0.04 0.1 0.004 -0.016 0.07 -0.309017 0.951057 -5.82354e-17 -1.89218e-17 
-1.29406 0.04 0.04 0.1 -0.004 0.012 0.07 0.951057 0.309017 1.89218e-17 5.82354e-17 
-1.29458 0.04 0.04 0.1 0.004 -0.012 0.07 -0.309017 0.951057 -5.82354e-17 -1.89218e-17 
-1.30444 0.04 0.04 0.1 0.012 -0.016 0.07 0.309017 0.951057 -5.82354e-17 1.89218e-17 
-1.30446 0.04 0.04 0.1 -0.012 0.016 0.07 0.951057 -0.309017 -1.89218e-17 5.82354e-17 
-1.35408 0.04 0.04 0.1 -0.004 -0.012 0.07 0.587785 0.809017 -4.9538e-17 3.59915e-17 
-1.35845 0.04 0.04 0.1 0.004 0.012 0.07 0.809017 -0.587785 -3.59914e-17 4.9538e-17 
-1.37413 0.04 0.04 0.1 0 0.02 0.07 0.951057 0.309017 1.89218e-17 5.82354e-17 
-1.37434 0.04 0.04 0.1 0 -0.02 0.07 -0.309017 0.951057 -5.82354e-17 -1.89218e-17 
-1.38286 0.04 0.04 0.1 -0.02 0.008 0.07 0.587785 0.809017 -4.9538e-17 3.59915e-17 
-1.38672 0.04 0.04 0.1 0.02 -0.008 0.07 0.809017 -0.587785 -3.59914e-17 4.9538e-17 
-1.47859 0.04 0.04 0.1 -0.016 0 0.07 0.587785 0.809017 -4.9538e-17 3.59915e-17 
-1.48334 0.04 0.04 0.1 0.016 0 0.07 0.809017 -0.587785 -3.59914e-17 4.9538e-17 
-1.52382 0.04 0.04 0.1 -0.016 0.02 0.07 0.951057 -0.309017 -1.89218e-17 5.82354e-17 
-1.52382 0.04 0.04 0.1 0.016 -0.02 0.07 0.309017 0.951057 -5.82354e-17 1.89218e-17 
-1.65852 0.04 0.04 0.1 0.012 -0.012 0.07 0.309017 0.951057 -5.82354e-17 1.89218e-17 
-1.65858 0.04 0.04 0.1 -0.012 0.012 0.07 0.951057 -0.309017 -1.89218e-17 5.82354e-17 
-1.67457 0.04 0.04 0.1 -0.008 -0.008 0.07 0.587785 0.809017 -4.9538e-17 3.59915e-17 
-1.68006 0.04 0.04 0.1 0.008 0.008 0.07 0.809017 -0.587785 -3.59914e-17 4.9538e-17 
-1.71499 0.04 0.04 0.1 -0.012 -0.004 0.07 0.587785 0.809017 -4.9538e-17 3.59915e-17 
-1.7206 0.04 0.04 0.1 0.012 0.004 0.07 0.809017 -0.587785 -3.59914e-17 4.9538e-17 
-1.75522 0.04 0.04 0.1 0 0.016 0.07 0.951057 0.309017 1.89218e-17 5.82354e-17 
-1.75563 0.04 0.04 0.1 0 -0.016 0.07 -0.309017 0.951057 -5.82354e-17 -1.89218e-17 
-1.76971 0.04 0.04 0.1 -0.02 0.012 0.07 0.587785 0.809017 -4.9538e-17 3.59915e-17 
-1.77418 0.04 0.04 0.1 0.02 -0.012 0.07 0.809017 -0.587785 -3.59914e-17 4.9538e-17 
-1.97052 0.04 0.04 0.1 0.012 -0.008 0.07 0.309017 0.951057 -5.82354e-17 1.89218e-17 
-1.97063 0.04 0.04 0.1 -0.012 0.008 0.07 0.951057 -0.309017 -1.89218e-17 5.82354e-17 
-2.04481 0.04 0.04 0.1 0.004 0.02 0.07 0.951057 0.309017 1.89218e-17 5.82354e-17 
-2.04508 0.04 0.04 0.1 -0.004 -0.02 0.07 -0.309017 0.951057 -5.82354e-17 -1.89218e-17 
-2.04572 0.04 0.04 0.1 -0.016 0.004 0.07 0.587785 0.809017 -4.9538e-17 3.59915e-17 
-2.05172 0.04 0.04 0.1 0.016 -0.004 0.07 0.809017 -0.587785 -3.59914e-17 4.9538e-17 
-2.0616 0.04 0.04 0.1 0 0.012 0.07 0.951057 0.309017 1.89218e-17 5.82354e-17 
-2.06227 0.04 0.04 0.1 0 -0.012 0.07 -0.309017 0.951057 -5.82354e-17 -1.89218e-17 
-2.0854 0.04 0.04 0.1 0.016 -0.016 0.07 0.309017 0.951057 -5.82354e-17 1.89218e-17 
-2.08541 0.04 0.04 0.1 -0.016 0.016 0.07 0.951057 -0.309017 -1.89218e-17 5.82354e-17 
-2.173 0.04 0.04 0.1 -0.02 0.016 0.07 0.587785 0.809017 -4.9538e-17 3.59915e-17 
-2.17804 0.04 0.04 0.1 0.02 -0.016 0.07 0.809017 -0.587785 -3.59914e-17 4.9538e-17 
-2.28919 0.04 0.04 0.1 -0.02 0.02 0.07 0.951057 -0.309017 -1.89218e-17 5.82354e-17 
-2.28919 0.04 0.04 0.1 0.02 -0.02 0.07 0.309017 0.951057 -5.82354e-17 1.89218e-17 
-2.4833 0.04 0.04 0.1 -0.012 0 0.07 0.587785 0.809017 -4.9538e-17 3.59915e-17 
-2.49087 0.04 0.04 0.1 0.012 0 0.07 0.809017 -0.587785 -3.59914e-17 4.9538e-17 
-2.57999 0.04 0.04 0.1 -0.02 0.02 0.07 0.587785 0.809017 -4.9538e-17 3.59915e-17 
-2.5855 0.04 0.04 0.1 0.02 -0.02 0.07 0.809017 -0.587785 -3.59914e-17 4.9538e-17 
-2.59558 0.04 0.04 0.1 0.004 0.016 0.07 0.951057 0.309017 1.89218e-17 5.82354e-17 
-2.5961 0.04 0.04 0.1 -0.004 -0.016 0.07 -0.309017 0.951057 -5.82354e-17 -1.89218e-17 
-2.60587 0.04 0.04 0.1 -0.008 -0.004 0.07 0.587785 0.809017 -4.9538e-17 3.59915e-17 
-2.61402 0.04 0.04 0.1 0.008 0.004 0.07 0.809017 -0.587785 -3.59914e-17 4.9538e-17 
-2.679 0.04 0.04 0.1 0.016 -0.012 0.07 0.309017 0.951057 -5.82354e-17 1.89218e-17 
-2.67906 0.04 0.04 0.1 -0.016 0.012 0.07 0.951057 -0.309017 -1.89218e-17 5.82354e-17 
-2.68244 0.04 0.04 0.1 -0.016 0.008 0.07 0.587785 0.809017 -4.9538e-17 3.59915e-17 
-2.6897 0.04 0.04 0.1 0.016 -0.008 0.07 0.809017 -0.587785 -3.59914e-17 4.9538e-17 
-2.87976 0.04 0.04 0.1 0.008 0.02 0.07 0.951057 0.309017 1.89218e-17 5.82354e-17 
-2.88008 0.04 0.04 0.1 -0.008 -0.02 0.07 -0.309017 0.951057 -5.82354e-17 -1.89218e-17 
-3.06949 0.04 0.04 0.1 0.02 -0.016 0.07 0.309017 0.951057 -5.82354e-17 1.89218e-17 
-3.0695 0.04 0.04 0.1 -0.02 0.016 0.07 0.951057 -0.309017 -1.89218e-17 5.82354e-17 
-3.37177 0.04 0.04 0.1 -0.012 0.004 0.07 0.587785 0.809017 -4.9538e-17 3.59915e-17 
-3.37371 0.04 0.04 0.1 -0.016 0.012 0.07 0.587785 0.809017 -4.9538e-17 3.59915e-17 
-3.38135 0.04 0.04 0.1 0.012 -0.004 0.07 0.809017 -0.587785 -3.59914e-17 4.9538e-17 
-3.38214 0.04 0.04 0.1 0.016 -0.012 0.07 0.809017 -0.587785 -3.59914e-17 4.9538e-17 
-3.64439 0.04 0.04 0.1 0.008 0.016 0.07 0.951057 0.309017 1.89218e-17 5.82354e-17 
-3.64503 0.04 0.04 0.1 -0.008 -0.016 0.07 -0.309017 0.951057 -5.82354e-17 -1.89218e-17 
-3.71699 0.04 0.04 0.1 -0.008 0 0.07 0.587785 0.809017 -4.9538e-17 3.59915e-17 
-3.728 0.04 0.04 0.1 0.008 0 0.07 0.809017 -0.587785 -3.59914e-17 4.9538e-17 
-3.89151 0.04 0.04 0.1 0.012 0.02 0.07 0.951057 0.309017 1.89218e-17 5.82354e-17 
-3.8919 0.04 0.04 0.1 -0.012 -0.02 0.07 -0.309017 0.951057 -5.82354e-17 -1.89218e-17 
-4.10271 0.04 0.04 0.1 -0.016 0.016 0.07 0.587785 0.809017 -4.9538e-17 3.59915e-17 
-4.11219 0.04 0.04 0.1 0.016 -0.016 0.07 0.809017 -0.587785 -3.59914e-17 4.9538e-17 
-4.36532 0.04 0.04 0.1 -0.012 0.008 0.07 0.587785 0.809017 -4.9538e-17 3.59915e-17 
-4.3769 0.04 0.04 0.1 0.012 -0.008 0.07 0.809017 -0.587785 -3.59914e-17 4.9538e-17 
-4.85275 0.04 0.04 0.1 -0.016 0.02 0.07 0.587785 0.809017 -4.9538e-17 3.59915e-17 
-4.86312 0.04 0.04 0.1 0.016 -0.02 0.07 0.809017 -0.587785 -3.59914e-17 4.9538e-17 
-4.91809 0.04 0.04 0.1 0.012 0.016 0.07 0.951057 0.309017 1.89218e-17 5.82354e-17 
-4.91887 0.04 0.04 0.1 -0.012 -0.016 0.07 -0.309017 0.951057 -5.82354e-17 -1.89218e-17 
-4.99462 0.04 0.04 0.1 -0.008 0.004 0.07 0.587785 0.809017 -4.9538e-17 3.59915e-17 
-5.00859 0.04 0.04 0.1 0.008 -0.004 0.07 0.809017 -0.587785 -3.59914e-17 4.9538e-17 
-5.09215 0.04 0.04 0.1 0.016 0.02 0.07 0.951057 0.309017 1.89218e-17 5.82354e-17 
-5.09262 0.04 0.04 0.1 -0.016 -0.02 0.07 -0.309017 0.951057 -5.82354e-17 -1.89218e-17 
-5.44518 0.04 0.04 0.1 -0.012 0.012 0.07 0.587785 0.809017 -4.9538e-17 3.59915e-17 
-5.45866 0.04 0.04 0.1 0.012 -0.012 0.07 0.809017 -0.587785 -3.59914e-17 4.9538e-17 
-6.42004 0.04 0.04 0.1 -0.008 0.008 0.07 0.587785 0.809017 -4.9538e-17 3.59915e-17 
-6.43693 0.04 0.04 0.1 0.008 -0.008 0.07 0.809017 -0.587785 -3.59914e-17 4.9538e-17 
-6.49345 0.04 0.04 0.1 0.02 0.02 0.07 0.951057 0.309017 1.89218e-17 5.82354e-17 
-6.49401 0.04 0.04 0.1 -0.02 -0.02 0.07 -0.309017 0.951057 -5.82354e-17 -1.89218e-17 
-6.5904 0.04 0.04 0.1 -0.012 0.016 0.07 0.587785 0.809017 -4.9538e-17 3.59915e-17 
-6.60557 0.04 0.04 0.1 0.012 -0.016 0.07 0.809017 -0.587785 -3.59914e-17 4.9538e-17 
-7.77969 0.04 0.04 0.1 -0.012 0.02 0.07 0.587785 0.809017 -4.9538e-17 3.59915e-17 
-7.79627 0.04 0.04 0.1 0.012 -0.02 0.07 0.809017 -0.587785 -3.59914e-17 4.9538e-17 
-7.97026 0.04 0.04 0.1 -0.008 0.012 0.07 0.587785 0.809017 -4.9538e-17 3.59915e-17 
-7.98989 0.04 0.04 0.1 0.008 -0.012 0.07 0.809017 -0.587785 -3.59914e-17 4.9538e-17 
-9.61956 0.04 0.04 0.1 -0.008 0.016 0.07 0.587785 0.809017 -4.9538e-17 3.59915e-17 
-9.64166 0.04 0.04 0.1 0.008 -0.016 0.07 0.809017 -0.587785 -3.59914e-17 4.9538e-17 
-11.3415 0.04 0.04 0.1 -0.008 0.02 0.07 0.587785 0.809017 -4.9538e-17 3.59915e-17 
-11.3657 0.04 0.04 0.1 0.008 -0.02 0.07 0.809017 -0.587785 -3.59914e-17 4.9538e-17 
