0.852925 0.075 0.075 0.048 0.0375 -0.0375 0.044 0.809017 -0.587785 -3.59914e-17 4.9538e-17 
0.815677 0.075 0.075 0.048 -0.0375 0.0375 0.044 0.587785 0.809017 -4.9538e-17 3.59915e-17 
0.774821 0.075 0.075 0.048 -0.0375 -0.0375 0.044 0.309017 0.951057 -5.82354e-17 1.89218e-17 
0.772451 0.075 0.075 0.048 0.0375 0.0375 0.044 0.951057 -0.309017 -1.89218e-17 5.82354e-17 
0.720425 0.075 0.075 0.048 -0.0375 -0.03 0.044 0.309017 0.951057 -5.82354e-17 1.89218e-17 
0.719956 0.075 0.075 0.048 0.0375 0.03 0.044 0.951057 -0.309017 -1.89218e-17 5.82354e-17 
0.639366 0.075 0.075 0.048 -0.0375 -0.0225 0.044 0.309017 0.951057 -5.82354e-17 1.89218e-17 
0.634672 0.075 0.075 0.048 0.0375 0.0225 0.044 0.951057 -0.309017 -1.89218e-17 5.82354e-17 
0.604453 0.075 0.075 0.048 0.0375 -0.03 0.044 0.809017 -0.587785 -3.59914e-17 4.9538e-17 
0.60418 0.075 0.075 0.048 -0.0375 0.0375 0.044 0.809017 0.587785 3.59914e-17 4.9538e-17 
0.589446 0.075 0.075 0.048 -0.0375 0.03 0.044 0.587785 0.809017 -4.9538e-17 3.59915e-17 
0.54143 0.075 0.075 0.048 -0.0075 -0.0375 0.044 0.309017 0.951057 -5.82354e-17 1.89218e-17 
0.530776 0.075 0.075 0.048 -0.0375 -0.015 0.044 0.309017 0.951057 -5.82354e-17 1.89218e-17 
0.523386 0.075 0.075 0.048 -0.0375 -0.0375 0.044 0.587785 0.809017 -4.9538e-17 3.59915e-17 
0.521185 0.075 0.075 0.048 0.0375 0.015 0.044 0.951057 -0.309017 -1.89218e-17 5.82354e-17 
0.503124 0.075 0.075 0.048 -0.0375 -0.03 0.044 0.587785 0.809017 -4.9538e-17 3.59915e-17 
0.492989 0.075 0.075 0.048 -0.015 -0.0375 0.044 0.309017 0.951057 -5.82354e-17 1.89218e-17 
0.49213 0.075 0.075 0.048 -0.0075 -0.03 0.044 0.309017 0.951057 -5.82354e-17 1.89218e-17 
0.488796 0.075 0.075 0.048 0.0375 0.03 0.044 0.809017 -0.587785 -3.59914e-17 4.9538e-17 
0.486712 0.075 0.075 0.048 0.0375 0.0225 0.044 0.809017 -0.587785 -3.59914e-17 4.9538e-17 
0.484052 0.075 0.075 0.048 -0.0375 -0.0225 0.044 0.587785 0.809017 -4.9538e-17 3.59915e-17 
0.477911 0.075 0.075 0.048 0.0375 0.0375 0.044 0.809017 -0.587785 -3.59914e-17 4.9538e-17 
0.472862 0.075 0.075 0.048 -0.03 -0.0375 0.044 0.309017 0.951057 -5.82354e-17 1.89218e-17 
0.47034 0.075 0.075 0.048 0.0375 0.015 0.044 0.809017 -0.587785 -3.59914e-17 4.9538e-17 
0.465408 0.075 0.075 0.048 0.0375 -0.0225 0.044 0.809017 -0.587785 -3.59914e-17 4.9538e-17 
0.462314 0.075 0.075 0.048 -0.0375 0.0225 0.044 0.587785 0.809017 -4.9538e-17 3.59915e-17 
0.461151 0.075 0.075 0.048 -0.0375 -0.015 0.044 0.587785 0.809017 -4.9538e-17 3.59915e-17 
0.443188 0.075 0.075 0.048 0.0375 0.0075 0.044 0.809017 -0.587785 -3.59914e-17 4.9538e-17 
0.439662 0.075 0.075 0.048 -0.015 -0.03 0.044 0.309017 0.951057 -5.82354e-17 1.89218e-17 
0.434373 0.075 0.075 0.048 -0.0375 -0.0075 0.044 0.587785 0.809017 -4.9538e-17 3.59915e-17 
0.431657 0.075 0.075 0.048 0 -0.0375 0.044 0.309017 0.951057 -5.82354e-17 1.89218e-17 
0.424312 0.075 0.075 0.048 -0.0225 -0.0375 0.044 0.309017 0.951057 -5.82354e-17 1.89218e-17 
0.415742 0.075 0.075 0.048 -0.03 -0.03 0.044 0.309017 0.951057 -5.82354e-17 1.89218e-17 
0.413607 0.075 0.075 0.048 0.0375 0 0.044 0.809017 -0.587785 -3.59914e-17 4.9538e-17 
0.410696 0.075 0.075 0.048 0.03 0.0375 0.044 0.951057 -0.309017 -1.89218e-17 5.82354e-17 
0.408676 0.075 0.075 0.048 -0.0375 0 0.044 0.587785 0.809017 -4.9538e-17 3.59915e-17 
0.405323 0.075 0.075 0.048 -0.0375 0.015 0.044 0.587785 0.809017 -4.9538e-17 3.59915e-17 
0.404506 0.075 0.075 0.048 0.0375 -0.015 0.044 0.809017 -0.587785 -3.59914e-17 4.9538e-17 
0.394748 0.075 0.075 0.048 0.0375 -0.0075 0.044 0.809017 -0.587785 -3.59914e-17 4.9538e-17 
0.394027 0.075 0.075 0.048 -0.0375 0.0075 0.044 0.587785 0.809017 -4.9538e-17 3.59915e-17 
0.388001 0.075 0.075 0.048 0.03 0.03 0.044 0.951057 -0.309017 -1.89218e-17 5.82354e-17 
0.386117 0.075 0.075 0.048 0 -0.03 0.044 0.309017 0.951057 -5.82354e-17 1.89218e-17 
0.382081 0.075 0.075 0.048 -0.03 0.0375 0.044 0.809017 0.587785 3.59914e-17 4.9538e-17 
0.367959 0.075 0.075 0.048 -0.0225 -0.03 0.044 0.309017 0.951057 -5.82354e-17 1.89218e-17 
0.366545 0.075 0.075 0.048 0.03 -0.0375 0.044 0.809017 -0.587785 -3.59914e-17 4.9538e-17 
0.363386 0.075 0.075 0.048 0.0075 0.03 0.044 0.951057 -0.309017 -1.89218e-17 5.82354e-17 
0.348466 0.075 0.075 0.048 -0.03 0.0375 0.044 0.587785 0.809017 -4.9538e-17 3.59915e-17 
0.346141 0.075 0.075 0.048 0.015 0.03 0.044 0.951057 -0.309017 -1.89218e-17 5.82354e-17 
0.333113 0.075 0.075 0.048 -0.03 -0.0225 0.044 0.309017 0.951057 -5.82354e-17 1.89218e-17 
0.323574 0.075 0.075 0.048 0.03 0.0225 0.044 0.951057 -0.309017 -1.89218e-17 5.82354e-17 
0.310893 0.075 0.075 0.048 0.0375 -0.0375 0.044 -0.587785 0.809017 -4.9538e-17 -3.59915e-17 
0.308657 0.075 0.075 0.048 0.0225 0.03 0.044 0.951057 -0.309017 -1.89218e-17 5.82354e-17 
0.299946 0.075 0.075 0.048 0.015 0.0375 0.044 0.951057 -0.309017 -1.89218e-17 5.82354e-17 
0.298023 0.075 0.075 0.048 0.0225 0.0375 0.044 0.951057 -0.309017 -1.89218e-17 5.82354e-17 
0.287131 0.075 0.075 0.048 -0.0225 -0.0225 0.044 0.309017 0.951057 -5.82354e-17 1.89218e-17 
0.283766 0.075 0.075 0.048 0.03 -0.0375 0.044 -0.587785 0.809017 -4.9538e-17 -3.59915e-17 
0.280726 0.075 0.075 0.048 0.0075 0.0375 0.044 0.951057 -0.309017 -1.89218e-17 5.82354e-17 
0.277319 0.075 0.075 0.048 -0.0375 0.03 0.044 0.809017 0.587785 3.59914e-17 4.9538e-17 
0.268497 0.075 0.075 0.048 0.0225 0.0225 0.044 0.951057 -0.309017 -1.89218e-17 5.82354e-17 
0.222846 0.075 0.075 0.048 0 0.03 0.044 0.951057 -0.309017 -1.89218e-17 5.82354e-17 
0.209022 0.075 0.075 0.048 -0.03 0.03 0.044 0.809017 0.587785 3.59914e-17 4.9538e-17 
0.184075 0.075 0.075 0.048 0.03 -0.03 0.044 0.809017 -0.587785 -3.59914e-17 4.9538e-17 
0.177573 0.075 0.075 0.048 -0.03 0.03 0.044 0.587785 0.809017 -4.9538e-17 3.59915e-17 
0.149394 0.075 0.075 0.048 0.0225 0 0.044 -0.587785 0.809017 -4.9538e-17 -3.59915e-17 
0.142765 0.075 0.075 0.048 0.0225 -0.0075 0.044 -0.587785 0.809017 -4.9538e-17 -3.59915e-17 
0.141455 0.075 0.075 0.048 0.03 0.015 0.044 0.809017 -0.587785 -3.59914e-17 4.9538e-17 
0.137263 0.075 0.075 0.048 -0.03 -0.015 0.044 0.587785 0.809017 -4.9538e-17 3.59915e-17 
0.136696 0.075 0.075 0.048 0.03 0.0075 0.044 0.809017 -0.587785 -3.59914e-17 4.9538e-17 
0.134507 0.075 0.075 0.048 0.03 -0.03 0.044 -0.587785 0.809017 -4.9538e-17 -3.59915e-17 
0.134283 0.075 0.075 0.048 -0.0225 0 0.044 0.809017 0.587785 3.59914e-17 4.9538e-17 
0.132851 0.075 0.075 0.048 -0.03 -0.0075 0.044 0.587785 0.809017 -4.9538e-17 3.59915e-17 
0.126877 0.075 0.075 0.048 -0.0225 0.0075 0.044 0.809017 0.587785 3.59914e-17 4.9538e-17 
0.123786 0.075 0.075 0.048 0.0225 -0.015 0.044 -0.587785 0.809017 -4.9538e-17 -3.59915e-17 
0.12 0.075 0.075 0.048 0.03 0.0225 0.044 0.809017 -0.587785 -3.59914e-17 4.9538e-17 
0.119507 0.075 0.075 0.048 -0.03 -0.0225 0.044 0.587785 0.809017 -4.9538e-17 3.59915e-17 
0.114172 0.075 0.075 0.048 0.03 0 0.044 0.809017 -0.587785 -3.59914e-17 4.9538e-17 
0.112662 0.075 0.075 0.048 -0.03 0 0.044 0.587785 0.809017 -4.9538e-17 3.59915e-17 
0.111291 0.075 0.075 0.048 0.0375 0.0225 0.044 1 0 0 6.12323e-17 
0.110246 0.075 0.075 0.048 -0.0375 -0.0225 0.044 6.12323e-17 1 -6.12323e-17 3.7494e-33 
0.105676 0.075 0.075 0.048 -0.0225 0.015 0.044 0.809017 0.587785 3.59914e-17 4.9538e-17 
0.10413 0.075 0.075 0.048 0 0.0375 0.044 0.951057 -0.309017 -1.89218e-17 5.82354e-17 
0.100364 0.075 0.075 0.048 0.0225 -0.0225 0.044 -0.587785 0.809017 -4.9538e-17 -3.59915e-17 
0.097628 0.075 0.075 0.048 -0.03 0.0225 0.044 0.809017 0.587785 3.59914e-17 4.9538e-17 
0.097088 0.075 0.075 0.048 0.03 -0.0225 0.044 0.809017 -0.587785 -3.59914e-17 4.9538e-17 
0.0968877 0.075 0.075 0.048 -0.03 0.0225 0.044 0.587785 0.809017 -4.9538e-17 3.59915e-17 
0.0912667 0.075 0.075 0.048 -0.0225 0.0375 0.044 0.809017 0.587785 3.59914e-17 4.9538e-17 
0.0881547 0.075 0.075 0.048 -0.03 0.0075 0.044 0.587785 0.809017 -4.9538e-17 3.59915e-17 
0.0872033 0.075 0.075 0.048 0.03 -0.0075 0.044 0.809017 -0.587785 -3.59914e-17 4.9538e-17 
0.0823139 0.075 0.075 0.048 -0.0225 0.0225 0.044 0.809017 0.587785 3.59914e-17 4.9538e-17 
0.0808019 0.075 0.075 0.048 0.0225 -0.03 0.044 -0.587785 0.809017 -4.9538e-17 -3.59915e-17 
0.0782699 0.075 0.075 0.048 -0.03 -0.03 0.044 0.587785 0.809017 -4.9538e-17 3.59915e-17 
0.0760826 0.075 0.075 0.048 -0.0075 0.0225 0.044 1 0 0 6.12323e-17 
0.0757784 0.075 0.075 0.048 -0.03 0.015 0.044 0.587785 0.809017 -4.9538e-17 3.59915e-17 
0.0739077 0.075 0.075 0.048 0.03 -0.015 0.044 0.809017 -0.587785 -3.59914e-17 4.9538e-17 
0.0737734 0.075 0.075 0.048 0.0225 -0.0375 0.044 -0.587785 0.809017 -4.9538e-17 -3.59915e-17 
0.0724597 0.075 0.075 0.048 0.0075 -0.0225 0.044 6.12323e-17 1 -6.12323e-17 3.7494e-33 
0.071577 0.075 0.075 0.048 -0.0225 0.03 0.044 0.809017 0.587785 3.59914e-17 4.9538e-17 
0.068925 0.075 0.075 0.048 -0.0375 0.03 0.044 0.951057 0.309017 1.89218e-17 5.82354e-17 
0.0687702 0.075 0.075 0.048 0.03 0.03 0.044 0.809017 -0.587785 -3.59914e-17 4.9538e-17 
0.0673013 0.075 0.075 0.048 0.03 -0.0225 0.044 -0.309017 0.951057 -5.82354e-17 -1.89218e-17 
0.0668249 0.075 0.075 0.048 -0.03 0.0225 0.044 0.951057 0.309017 1.89218e-17 5.82354e-17 
0.0656928 0.075 0.075 0.048 0.0375 -0.03 0.044 -0.309017 0.951057 -5.82354e-17 -1.89218e-17 
0.0642595 0.075 0.075 0.048 0 0.0225 0.044 1 0 0 6.12323e-17 
0.0640407 0.075 0.075 0.048 0.03 -0.015 0.044 -0.309017 0.951057 -5.82354e-17 -1.89218e-17 
0.0640292 0.075 0.075 0.048 -0.03 0.015 0.044 0.951057 0.309017 1.89218e-17 5.82354e-17 
0.0627895 0.075 0.075 0.048 -0.015 0.0225 0.044 1 0 0 6.12323e-17 
0.0610611 0.075 0.075 0.048 0 -0.0225 0.044 6.12323e-17 1 -6.12323e-17 3.7494e-33 
0.0591457 0.075 0.075 0.048 0.0375 -0.0225 0.044 -0.309017 0.951057 -5.82354e-17 -1.89218e-17 
0.0587427 0.075 0.075 0.048 0.015 -0.0225 0.044 6.12323e-17 1 -6.12323e-17 3.7494e-33 
0.0580525 0.075 0.075 0.048 -0.0375 0.0225 0.044 0.951057 0.309017 1.89218e-17 5.82354e-17 
0.049791 0.075 0.075 0.048 -0.0375 -0.03 0.044 6.12323e-17 1 -6.12323e-17 3.7494e-33 
0.0482085 0.075 0.075 0.048 0.03 0.0225 0.044 1 0 0 6.12323e-17 
0.0467563 0.075 0.075 0.048 -0.03 -0.0225 0.044 6.12323e-17 1 -6.12323e-17 3.7494e-33 
0.0453741 0.075 0.075 0.048 0.0375 0.03 0.044 1 0 0 6.12323e-17 
0.0435743 0.075 0.075 0.048 -0.03 0.0075 0.044 0.951057 0.309017 1.89218e-17 5.82354e-17 
0.0433079 0.075 0.075 0.048 -0.0375 0.0225 0.044 0.809017 0.587785 3.59914e-17 4.9538e-17 
0.0423644 0.075 0.075 0.048 0.0075 0.0225 0.044 1 0 0 6.12323e-17 
0.0412517 0.075 0.075 0.048 0.03 -0.0075 0.044 -0.309017 0.951057 -5.82354e-17 -1.89218e-17 
0.039603 0.075 0.075 0.048 -0.0075 -0.0225 0.044 6.12323e-17 1 -6.12323e-17 3.7494e-33 
0.0383698 0.075 0.075 0.048 -0.0375 0.0375 0.044 0.951057 0.309017 1.89218e-17 5.82354e-17 
0.0328404 0.075 0.075 0.048 -0.03 0.015 0.044 0.809017 0.587785 3.59914e-17 4.9538e-17 
0.0299998 0.075 0.075 0.048 -0.0375 0.015 0.044 0.951057 0.309017 1.89218e-17 5.82354e-17 
0.0299671 0.075 0.075 0.048 0.0375 -0.015 0.044 -0.309017 0.951057 -5.82354e-17 -1.89218e-17 
0.0297839 0.075 0.075 0.048 0.03 -0.0225 0.044 -0.587785 0.809017 -4.9538e-17 -3.59915e-17 
0.0281814 0.075 0.075 0.048 -0.03 0.03 0.044 0.951057 0.309017 1.89218e-17 5.82354e-17 
0.0264502 0.075 0.075 0.048 0.03 -0.03 0.044 -0.309017 0.951057 -5.82354e-17 -1.89218e-17 
0.0242444 0.075 0.075 0.048 0.015 0.0225 0.044 1 0 0 6.12323e-17 
0.0239757 0.075 0.075 0.048 0.0375 -0.0375 0.044 -0.309017 0.951057 -5.82354e-17 -1.89218e-17 
0.0224585 0.075 0.075 0.048 0.0225 0.0225 0.044 1 0 0 6.12323e-17 
0.0219249 0.075 0.075 0.048 -0.015 -0.0225 0.044 6.12323e-17 1 -6.12323e-17 3.7494e-33 
0.0205812 0.075 0.075 0.048 -0.0225 -0.0225 0.044 6.12323e-17 1 -6.12323e-17 3.7494e-33 
0.0173388 0.075 0.075 0.048 -0.03 -0.0375 0.044 0.587785 0.809017 -4.9538e-17 3.59915e-17 
0.010113 0.075 0.075 0.048 -0.0375 0.0075 0.044 0.951057 0.309017 1.89218e-17 5.82354e-17 
0.0044211 0.075 0.075 0.048 0.0375 -0.03 0.044 -0.587785 0.809017 -4.9538e-17 -3.59915e-17 
0.00429435 0.075 0.075 0.048 0.0375 -0.0075 0.044 -0.309017 0.951057 -5.82354e-17 -1.89218e-17 
0.00257723 0.075 0.075 0.048 -0.03 0.0075 0.044 0.809017 0.587785 3.59914e-17 4.9538e-17 
-0.00226256 0.075 0.075 0.048 -0.03 0 0.044 0.809017 0.587785 3.59914e-17 4.9538e-17 
-0.0109033 0.075 0.075 0.048 0.03 0.0375 0.044 0.809017 -0.587785 -3.59914e-17 4.9538e-17 
-0.0120824 0.075 0.075 0.048 -0.03 -0.03 0.044 6.12323e-17 1 -6.12323e-17 3.7494e-33 
-0.0182563 0.075 0.075 0.048 0.03 0.03 0.044 1 0 0 6.12323e-17 
-0.0217619 0.075 0.075 0.048 -0.0225 0.03 0.044 0.951057 0.309017 1.89218e-17 5.82354e-17 
-0.0218083 0.075 0.075 0.048 0.0225 -0.03 0.044 -0.309017 0.951057 -5.82354e-17 -1.89218e-17 
-0.0229249 0.075 0.075 0.048 0.0075 -0.03 0.044 6.12323e-17 1 -6.12323e-17 3.7494e-33 
-0.0267369 0.075 0.075 0.048 0 -0.03 0.044 6.12323e-17 1 -6.12323e-17 3.7494e-33 
-0.0363169 0.075 0.075 0.048 0.03 -0.015 0.044 -0.587785 0.809017 -4.9538e-17 -3.59915e-17 
-0.0377626 0.075 0.075 0.048 -0.0075 0.03 0.044 1 0 0 6.12323e-17 
-0.0390303 0.075 0.075 0.048 -0.0075 -0.03 0.044 6.12323e-17 1 -6.12323e-17 3.7494e-33 
-0.0398642 0.075 0.075 0.048 0 0.03 0.044 1 0 0 6.12323e-17 
-0.040931 0.075 0.075 0.048 0.015 -0.03 0.044 6.12323e-17 1 -6.12323e-17 3.7494e-33 
-0.0418655 0.075 0.075 0.048 -0.0225 -0.03 0.044 6.12323e-17 1 -6.12323e-17 3.7494e-33 
-0.0476866 0.075 0.075 0.048 -0.015 -0.03 0.044 6.12323e-17 1 -6.12323e-17 3.7494e-33 
-0.0497926 0.075 0.075 0.048 0.0225 0.03 0.044 1 0 0 6.12323e-17 
-0.050426 0.075 0.075 0.048 0.0075 0.03 0.044 1 0 0 6.12323e-17 
-0.0573494 0.075 0.075 0.048 0.015 0.03 0.044 1 0 0 6.12323e-17 
-0.0574592 0.075 0.075 0.048 -0.015 0.03 0.044 1 0 0 6.12323e-17 
-0.0625836 0.075 0.075 0.048 -0.0375 -0.015 0.044 0.809017 0.587785 3.59914e-17 4.9538e-17 
-0.0694579 0.075 0.075 0.048 0.03 -0.0075 0.044 -0.587785 0.809017 -4.9538e-17 -3.59915e-17 
-0.0745103 0.075 0.075 0.048 -0.03 0.0375 0.044 0.951057 0.309017 1.89218e-17 5.82354e-17 
-0.0749916 0.075 0.075 0.048 0.03 0 0.044 -0.587785 0.809017 -4.9538e-17 -3.59915e-17 
-0.0825211 0.075 0.075 0.048 0.03 -0.0375 0.044 -0.309017 0.951057 -5.82354e-17 -1.89218e-17 
-0.0952244 0.075 0.075 0.048 0.0225 -0.03 0.044 6.12323e-17 1 -6.12323e-17 3.7494e-33 
-0.110134 0.075 0.075 0.048 -0.0375 0.015 0.044 0.809017 0.587785 3.59914e-17 4.9538e-17 
-0.111369 0.075 0.075 0.048 -0.0225 -0.03 0.044 0.587785 0.809017 -4.9538e-17 3.59915e-17 
-0.113411 0.075 0.075 0.048 -0.0225 0.03 0.044 1 0 0 6.12323e-17 
-0.114663 0.075 0.075 0.048 0.0225 0.03 0.044 0.809017 -0.587785 -3.59914e-17 4.9538e-17 
-0.126268 0.075 0.075 0.048 -0.0375 -0.0375 0.044 6.12323e-17 1 -6.12323e-17 3.7494e-33 
-0.144291 0.075 0.075 0.048 0.0375 0.0375 0.044 1 0 0 6.12323e-17 
-0.166631 0.075 0.075 0.048 -0.0375 -0.0075 0.044 0.809017 0.587785 3.59914e-17 4.9538e-17 
-0.180955 0.075 0.075 0.048 -0.03 -0.0375 0.044 6.12323e-17 1 -6.12323e-17 3.7494e-33 
-0.191981 0.075 0.075 0.048 -0.0225 0.0375 0.044 0.951057 0.309017 1.89218e-17 5.82354e-17 
-0.192424 0.075 0.075 0.048 -0.0375 0.0075 0.044 0.809017 0.587785 3.59914e-17 4.9538e-17 
-0.193303 0.075 0.075 0.048 0.0225 -0.0375 0.044 -0.309017 0.951057 -5.82354e-17 -1.89218e-17 
-0.199363 0.075 0.075 0.048 0.0075 -0.0375 0.044 6.12323e-17 1 -6.12323e-17 3.7494e-33 
-0.201331 0.075 0.075 0.048 0.03 -0.03 0.044 6.12323e-17 1 -6.12323e-17 3.7494e-33 
-0.201523 0.075 0.075 0.048 0 -0.0375 0.044 6.12323e-17 1 -6.12323e-17 3.7494e-33 
-0.205509 0.075 0.075 0.048 0.03 0.0375 0.044 1 0 0 6.12323e-17 
-0.208703 0.075 0.075 0.048 -0.0225 -0.0375 0.044 6.12323e-17 1 -6.12323e-17 3.7494e-33 
-0.210079 0.075 0.075 0.048 -0.0375 0 0.044 0.809017 0.587785 3.59914e-17 4.9538e-17 
-0.210526 0.075 0.075 0.048 -0.0075 -0.0375 0.044 6.12323e-17 1 -6.12323e-17 3.7494e-33 
-0.215665 0.075 0.075 0.048 0.015 -0.0375 0.044 6.12323e-17 1 -6.12323e-17 3.7494e-33 
-0.215962 0.075 0.075 0.048 -0.015 -0.0375 0.044 6.12323e-17 1 -6.12323e-17 3.7494e-33 
-0.22113 0.075 0.075 0.048 -0.03 0.03 0.044 1 0 0 6.12323e-17 
-0.225484 0.075 0.075 0.048 0.0375 -0.0225 0.044 -0.587785 0.809017 -4.9538e-17 -3.59915e-17 
-0.239779 0.075 0.075 0.048 0.0225 0.0375 0.044 1 0 0 6.12323e-17 
-0.251996 0.075 0.075 0.048 0 0.0375 0.044 1 0 0 6.12323e-17 
-0.25353 0.075 0.075 0.048 0.015 0.0375 0.044 1 0 0 6.12323e-17 
-0.25448 0.075 0.075 0.048 -0.0225 -0.0375 0.044 0.587785 0.809017 -4.9538e-17 3.59915e-17 
-0.254564 0.075 0.075 0.048 0.0075 0.0375 0.044 1 0 0 6.12323e-17 
-0.256203 0.075 0.075 0.048 -0.0075 0.0375 0.044 1 0 0 6.12323e-17 
-0.263199 0.075 0.075 0.048 0.0225 -0.0375 0.044 6.12323e-17 1 -6.12323e-17 3.7494e-33 
-0.264222 0.075 0.075 0.048 0.0225 0.0375 0.044 0.809017 -0.587785 -3.59914e-17 4.9538e-17 
-0.278794 0.075 0.075 0.048 -0.015 0.0375 0.044 1 0 0 6.12323e-17 
-0.301772 0.075 0.075 0.048 0.015 -0.0375 0.044 -0.309017 0.951057 -5.82354e-17 -1.89218e-17 
-0.307399 0.075 0.075 0.048 -0.015 0.0375 0.044 0.951057 0.309017 1.89218e-17 5.82354e-17 
-0.331026 0.075 0.075 0.048 0.0375 0.015 0.044 -0.587785 0.809017 -4.9538e-17 -3.59915e-17 
-0.332517 0.075 0.075 0.048 -0.0225 0.0375 0.044 1 0 0 6.12323e-17 
-0.355816 0.075 0.075 0.048 0.03 -0.0375 0.044 6.12323e-17 1 -6.12323e-17 3.7494e-33 
-0.369932 0.075 0.075 0.048 0.015 0.0375 0.044 0.809017 -0.587785 -3.59914e-17 4.9538e-17 
-0.378795 0.075 0.075 0.048 -0.015 -0.0375 0.044 0.587785 0.809017 -4.9538e-17 3.59915e-17 
-0.381972 0.075 0.075 0.048 0.0375 -0.015 0.044 -0.587785 0.809017 -4.9538e-17 -3.59915e-17 
-0.403225 0.075 0.075 0.048 0.0075 -0.0375 0.044 -0.309017 0.951057 -5.82354e-17 -1.89218e-17 
-0.416038 0.075 0.075 0.048 -0.0075 0.0375 0.044 0.951057 0.309017 1.89218e-17 5.82354e-17 
-0.431183 0.075 0.075 0.048 -0.03 0.0375 0.044 1 0 0 6.12323e-17 
-0.440088 0.075 0.075 0.048 0.0375 0.0075 0.044 -0.587785 0.809017 -4.9538e-17 -3.59915e-17 
-0.468059 0.075 0.075 0.048 0.0375 -0.0075 0.044 -0.587785 0.809017 -4.9538e-17 -3.59915e-17 
-0.486561 0.075 0.075 0.048 0.0375 0 0.044 -0.587785 0.809017 -4.9538e-17 -3.59915e-17 
-0.494888 0.075 0.075 0.048 0 -0.0375 0.044 -0.309017 0.951057 -5.82354e-17 -1.89218e-17 
-0.508339 0.075 0.075 0.048 0.0375 -0.0375 0.044 6.12323e-17 1 -6.12323e-17 3.7494e-33 
-0.515131 0.075 0.075 0.048 0 0.0375 0.044 0.951057 0.309017 1.89218e-17 5.82354e-17 
-0.575986 0.075 0.075 0.048 -0.0075 -0.0375 0.044 -0.309017 0.951057 -5.82354e-17 -1.89218e-17 
-0.5896 0.075 0.075 0.048 -0.0375 0.0375 0.044 1 0 0 6.12323e-17 
-0.603856 0.075 0.075 0.048 0.0075 0.0375 0.044 0.951057 0.309017 1.89218e-17 5.82354e-17 
-0.647692 0.075 0.075 0.048 -0.015 -0.0375 0.044 -0.309017 0.951057 -5.82354e-17 -1.89218e-17 
-0.683407 0.075 0.075 0.048 0.015 0.0375 0.044 0.951057 0.309017 1.89218e-17 5.82354e-17 
-0.713144 0.075 0.075 0.048 -0.0225 -0.0375 0.044 -0.309017 0.951057 -5.82354e-17 -1.89218e-17 
-0.7569 0.075 0.075 0.048 0.0225 0.0375 0.044 0.951057 0.309017 1.89218e-17 5.82354e-17 
-0.777427 0.075 0.075 0.048 -0.03 -0.0375 0.044 -0.309017 0.951057 -5.82354e-17 -1.89218e-17 
-0.829428 0.075 0.075 0.048 0.03 0.0375 0.044 0.951057 0.309017 1.89218e-17 5.82354e-17 
-0.84752 0.075 0.075 0.048 -0.0375 -0.0375 0.044 -0.309017 0.951057 -5.82354e-17 -1.89218e-17 
-0.907966 0.075 0.075 0.048 0.0375 0.0375 0.044 0.951057 0.309017 1.89218e-17 5.82354e-17 
