6.84983 0.065 0.065 0.2 -0.0325 0.0525 0.1 -4.32978e-17 0.707107 -0.707107 4.32978e-17 
6.84405 0.065 0.065 0.2 -0.0195 0.0525 0.1 -4.32978e-17 0.707107 -0.707107 4.32978e-17 
6.82648 0.065 0.065 0.2 -0.0065 0.0525 0.1 -4.32978e-17 0.707107 -0.707107 4.32978e-17 
6.79654 0.065 0.065 0.2 0.0065 0.0525 0.1 -4.32978e-17 0.707107 -0.707107 4.32978e-17 
6.75438 0.065 0.065 0.2 0.0195 0.0525 0.1 -4.32978e-17 0.707107 -0.707107 4.32978e-17 
6.70094 0.065 0.065 0.2 0.0325 0.0525 0.1 -4.32978e-17 0.707107 -0.707107 4.32978e-17 
5.50236 0.065 0.065 0.2 0.0195 0.0195 0.12 0.951057 -0.309017 -1.89218e-17 5.82354e-17 
5.47502 0.065 0.065 0.2 -0.0065 0.0325 0.12 0.951057 -0.309017 -1.89218e-17 5.82354e-17 
5.46923 0.065 0.065 0.2 0.0065 0.0195 0.12 0.951057 -0.309017 -1.89218e-17 5.82354e-17 
5.46045 0.065 0.065 0.2 0.0325 0.0325 0.12 0.951057 -0.309017 -1.89218e-17 5.82354e-17 
5.4528 0.065 0.065 0.2 0.0195 0.0325 0.12 0.951057 -0.309017 -1.89218e-17 5.82354e-17 
5.44849 0.065 0.065 0.2 0.0325 0.0195 0.12 0.951057 -0.309017 -1.89218e-17 5.82354e-17 
5.41305 0.065 0.065 0.2 0.0065 0.0325 0.12 0.951057 -0.309017 -1.89218e-17 5.82354e-17 
0.356696 0.065 0.065 0.2 -0.0525 -0.0065 0.1 -0.218508 0.672498 -0.218508 0.672499 
0.354758 0.065 0.065 0.2 -0.0525 -0.0325 0.06 -0.218508 0.672498 -0.218508 0.672499 
0.352743 0.065 0.065 0.2 -0.0525 -0.0325 0.1 -0.218508 0.672498 -0.218508 0.672499 
0.34991 0.065 0.065 0.2 -0.0525 -0.0325 0.02 -0.218508 0.672498 -0.218508 0.672499 
0.337441 0.065 0.065 0.2 -0.0525 -0.0195 0.1 -0.218508 0.672498 -0.218508 0.672499 
0.33474 0.065 0.065 0.2 -0.0525 -0.0325 -0.02 -0.218508 0.672498 -0.218508 0.672499 
0.270041 0.065 0.065 0.2 -0.0065 -0.0525 0.1 -0.672499 0.218508 0.218508 0.672498 
0.262177 0.065 0.065 0.2 0.0065 -0.0525 0.1 -0.672499 0.218508 0.218508 0.672498 
0.241905 0.065 0.065 0.2 0.0195 -0.0525 0.1 -0.672499 0.218508 0.218508 0.672498 
0.220505 0.065 0.065 0.2 0.0325 -0.0525 0.1 -0.672499 0.218508 0.218508 0.672498 
0.162996 0.065 0.065 0.2 0.0525 -0.0325 0.02 0.218508 -0.672498 -0.218508 0.672499 
0.161889 0.065 0.065 0.2 0.0065 0.0325 0.12 0.951057 0.309017 1.89218e-17 5.82354e-17 
0.158763 0.065 0.065 0.2 0.0195 0.0325 0.12 0.951057 0.309017 1.89218e-17 5.82354e-17 
0.139666 0.065 0.065 0.2 0.0525 -0.0325 0.06 0.218508 -0.672498 -0.218508 0.672499 
0.130038 0.065 0.065 0.2 -0.0195 0.0195 0.12 0.951057 0.309017 1.89218e-17 5.82354e-17 
0.123693 0.065 0.065 0.2 0.0525 -0.0195 0.1 -0.572061 -0.415627 0.572061 0.415629 
0.120026 0.065 0.065 0.2 0.0325 0.0325 0.12 0.951057 0.309017 1.89218e-17 5.82354e-17 
0.11949 0.065 0.065 0.2 0.0525 -0.0325 0.1 0.218508 -0.672498 -0.218508 0.672499 
0.116854 0.065 0.065 0.2 -0.0065 0.0325 0.12 0.951057 0.309017 1.89218e-17 5.82354e-17 
0.112416 0.065 0.065 0.2 0.0525 0.0195 0.1 -0.572061 -0.415627 0.572061 0.415629 
0.1094 0.065 0.065 0.2 0.0525 0.0325 0.1 -0.572061 -0.415627 0.572061 0.415629 
0.107758 0.065 0.065 0.2 0.0325 -0.0525 0.1 -0.672499 -0.218508 -0.218508 0.672498 
0.107276 0.065 0.065 0.2 0.0525 0.0065 0.1 -0.572061 -0.415627 0.572061 0.415629 
0.105541 0.065 0.065 0.2 0.0525 -0.0065 0.1 -0.572061 -0.415627 0.572061 0.415629 
0.101382 0.065 0.065 0.2 -0.0325 0.0065 0.12 0.951057 0.309017 1.89218e-17 5.82354e-17 
0.0923174 0.065 0.065 0.2 -0.0195 0.0525 0.02 0.415627 0.572061 -0.572061 0.415629 
0.0835693 0.065 0.065 0.2 -0.0325 0.0195 0.12 0.951057 0.309017 1.89218e-17 5.82354e-17 
0.0696941 0.065 0.065 0.2 -0.0195 0.0525 0.06 0.415627 0.572061 -0.572061 0.415629 
0.0679453 0.065 0.065 0.2 -0.0195 0.0525 -0.02 0.415627 0.572061 -0.572061 0.415629 
0.0659804 0.065 0.065 0.2 -0.0325 0.0325 0.12 0.951057 0.309017 1.89218e-17 5.82354e-17 
0.0651655 0.065 0.065 0.2 -0.0525 -0.0325 0.1 -0.572061 0.415627 -0.572061 0.415629 
0.0612101 0.065 0.065 0.2 -0.0525 -0.0195 0.1 -0.572061 0.415627 -0.572061 0.415629 
0.0611169 0.065 0.065 0.2 0.0195 -0.0525 0.1 -0.672499 -0.218508 -0.218508 0.672498 
0.0594266 0.065 0.065 0.2 -0.0525 0.0325 0.06 0.707107 -4.32978e-17 0.707107 -4.32978e-17 
0.0593435 0.065 0.065 0.2 -0.0525 0.0325 0.02 0.707107 -4.32978e-17 0.707107 -4.32978e-17 
0.0590906 0.065 0.065 0.2 -0.0525 -0.0065 0.1 -0.572061 0.415627 -0.572061 0.415629 
0.0587189 0.065 0.065 0.2 -0.0525 0.0325 0.1 0.707107 -4.32978e-17 0.707107 -4.32978e-17 
0.0580481 0.065 0.065 0.2 -0.0195 0.0325 0.12 0.951057 0.309017 1.89218e-17 5.82354e-17 
0.0562253 0.065 0.065 0.2 -0.0525 0.0325 -0.02 0.707107 -4.32978e-17 0.707107 -4.32978e-17 
0.0556551 0.065 0.065 0.2 -0.0525 0.0195 0.06 0.707107 -4.32978e-17 0.707107 -4.32978e-17 
0.055034 0.065 0.065 0.2 -0.0525 0.0195 0.1 0.707107 -4.32978e-17 0.707107 -4.32978e-17 
0.0549092 0.065 0.065 0.2 -0.0525 0.0065 0.1 -0.572061 0.415627 -0.572061 0.415629 
0.049032 0.065 0.065 0.2 -0.0525 0.0195 0.1 -0.572061 0.415627 -0.572061 0.415629 
0.0460724 0.065 0.065 0.2 -0.0525 0.0325 0.1 -0.572061 0.415627 -0.572061 0.415629 
0.0413849 0.065 0.065 0.2 -0.0195 -0.0525 0.02 -0.415627 -0.572061 -0.572061 0.415629 
0.0248233 0.065 0.065 0.2 0.0065 -0.0525 0.1 -0.672499 -0.218508 -0.218508 0.672498 
0.019309 0.065 0.065 0.2 0.0525 -0.0325 0.06 -0.218508 -0.672498 0.218508 0.672499 
0.0175892 0.065 0.065 0.2 0.0525 -0.0195 0.1 -0.218508 -0.672498 0.218508 0.672499 
0.0174536 0.065 0.065 0.2 0.0525 -0.0325 0.1 -0.218508 -0.672498 0.218508 0.672499 
-0.00161296 0.065 0.065 0.2 -0.0065 -0.0525 0.1 -0.672499 -0.218508 -0.218508 0.672498 
-0.00344542 0.065 0.065 0.2 -0.0325 -0.0525 0.1 -0.415627 -0.572061 -0.572061 0.415629 
-0.0179293 0.065 0.065 0.2 -0.0195 -0.0525 0.1 -0.672499 -0.218508 -0.218508 0.672498 
-0.0231098 0.065 0.065 0.2 -0.0325 -0.0525 0.1 -0.672499 -0.218508 -0.218508 0.672498 
-0.0267373 0.065 0.065 0.2 0.0195 0.0525 0.1 0.415627 -0.572061 0.572061 0.415629 
-0.0282265 0.065 0.065 0.2 0.0325 0.0525 0.1 0.415627 -0.572061 0.572061 0.415629 
-0.029648 0.065 0.065 0.2 -0.0325 0.0525 0.06 0.415627 0.572061 -0.572061 0.415629 
-0.0296532 0.065 0.065 0.2 0.0325 0.0525 0.06 0.415627 -0.572061 0.572061 0.415629 
-0.0300441 0.065 0.065 0.2 -0.0325 0.0525 0.1 0.415627 0.572061 -0.572061 0.415629 
-0.0311243 0.065 0.065 0.2 0.0195 0.0525 0.06 0.415627 -0.572061 0.572061 0.415629 
-0.0327077 0.065 0.065 0.2 -0.0325 -0.0525 0.06 -0.415627 -0.572061 -0.572061 0.415629 
-0.0336897 0.065 0.065 0.2 -0.0195 -0.0525 0.1 -0.415627 -0.572061 -0.572061 0.415629 
-0.0349667 0.065 0.065 0.2 -0.0325 0.0525 -0.02 0.415627 0.572061 -0.572061 0.415629 
-0.0364109 0.065 0.065 0.2 -0.0195 -0.0525 0.06 -0.415627 -0.572061 -0.572061 0.415629 
-0.0424891 0.065 0.065 0.2 -0.0325 -0.0525 0.02 -0.415627 -0.572061 -0.572061 0.415629 
-0.0549701 0.065 0.065 0.2 -0.0195 0.0525 0.1 0.415627 0.572061 -0.572061 0.415629 
-0.0589573 0.065 0.065 0.2 -0.0325 0.0525 0.02 0.415627 0.572061 -0.572061 0.415629 
-0.0916818 0.065 0.065 0.2 -0.0065 0.0525 0.1 0.415627 0.572061 -0.572061 0.415629 
-0.139892 0.065 0.065 0.2 0.0525 0.0325 0.02 0.707107 -4.32978e-17 -0.707107 4.32978e-17 
-0.163202 0.065 0.065 0.2 0.0525 0.0325 0.06 0.707107 -4.32978e-17 -0.707107 4.32978e-17 
-0.185326 0.065 0.065 0.2 0.0525 0.0325 0.1 0.707107 -4.32978e-17 -0.707107 4.32978e-17 
-0.277721 0.065 0.065 0.2 -0.0065 -0.0325 0.12 6.12323e-17 1 -6.12323e-17 3.7494e-33 
-0.281649 0.065 0.065 0.2 0.0065 -0.0325 0.12 6.12323e-17 1 -6.12323e-17 3.7494e-33 
-0.325091 0.065 0.065 0.2 -0.0195 -0.0325 0.12 6.12323e-17 1 -6.12323e-17 3.7494e-33 
-0.348061 0.065 0.065 0.2 0.0065 -0.0195 0.12 6.12323e-17 1 -6.12323e-17 3.7494e-33 
-0.354092 0.065 0.065 0.2 -0.0325 -0.0325 0.12 6.12323e-17 1 -6.12323e-17 3.7494e-33 
-0.359226 0.065 0.065 0.2 0.0195 -0.0325 0.12 6.12323e-17 1 -6.12323e-17 3.7494e-33 
-0.36961 0.065 0.065 0.2 -0.0065 -0.0195 0.12 6.12323e-17 1 -6.12323e-17 3.7494e-33 
-0.428774 0.065 0.065 0.2 0.0195 -0.0195 0.12 6.12323e-17 1 -6.12323e-17 3.7494e-33 
-0.435811 0.065 0.065 0.2 -0.0195 -0.0195 0.12 6.12323e-17 1 -6.12323e-17 3.7494e-33 
-0.441917 0.065 0.065 0.2 -0.0325 -0.0195 0.12 6.12323e-17 1 -6.12323e-17 3.7494e-33 
-0.484335 0.065 0.065 0.2 0.0325 -0.0325 0.12 6.12323e-17 1 -6.12323e-17 3.7494e-33 
-2.27923 0.065 0.065 0.2 -0.0195 -0.0325 0.12 0.587785 0.809017 -4.9538e-17 3.59915e-17 
-2.29523 0.065 0.065 0.2 -0.0195 -0.0195 0.12 0.587785 0.809017 -4.9538e-17 3.59915e-17 
-2.31479 0.065 0.065 0.2 -0.0195 -0.0065 0.12 0.587785 0.809017 -4.9538e-17 3.59915e-17 
-2.31764 0.065 0.065 0.2 -0.0325 -0.0065 0.12 0.587785 0.809017 -4.9538e-17 3.59915e-17 
-2.31895 0.065 0.065 0.2 -0.0325 -0.0325 0.12 0.587785 0.809017 -4.9538e-17 3.59915e-17 
-2.33076 0.065 0.065 0.2 -0.0325 -0.0195 0.12 0.587785 0.809017 -4.9538e-17 3.59915e-17 
-2.33204 0.065 0.065 0.2 -0.0065 -0.0325 0.12 0.587785 0.809017 -4.9538e-17 3.59915e-17 
-2.34498 0.065 0.065 0.2 -0.0325 0.0065 0.12 0.587785 0.809017 -4.9538e-17 3.59915e-17 
-2.37915 0.065 0.065 0.2 -0.0195 0.0065 0.12 0.587785 0.809017 -4.9538e-17 3.59915e-17 
-2.41462 0.065 0.065 0.2 -0.0325 0.0195 0.12 0.587785 0.809017 -4.9538e-17 3.59915e-17 
-2.46478 0.065 0.065 0.2 -0.0325 0.0325 0.12 0.587785 0.809017 -4.9538e-17 3.59915e-17 
-2.46621 0.065 0.065 0.2 -0.0195 0.0195 0.12 0.587785 0.809017 -4.9538e-17 3.59915e-17 
-2.49024 0.065 0.065 0.2 -0.0195 0.0325 0.12 0.587785 0.809017 -4.9538e-17 3.59915e-17 
-3.49795 0.065 0.065 0.2 0.0195 0.0065 0.12 -0.587785 0.809017 -4.9538e-17 -3.59915e-17 
-3.54186 0.065 0.065 0.2 0.0325 -0.0195 0.12 -0.587785 0.809017 -4.9538e-17 -3.59915e-17 
-3.54221 0.065 0.065 0.2 0.0325 -0.0065 0.12 -0.587785 0.809017 -4.9538e-17 -3.59915e-17 
-3.55447 0.065 0.065 0.2 0.0195 -0.0065 0.12 -0.587785 0.809017 -4.9538e-17 -3.59915e-17 
-3.56065 0.065 0.065 0.2 0.0325 0.0195 0.12 -0.587785 0.809017 -4.9538e-17 -3.59915e-17 
-3.56164 0.065 0.065 0.2 0.0195 -0.0195 0.12 -0.587785 0.809017 -4.9538e-17 -3.59915e-17 
-3.56317 0.065 0.065 0.2 0.0325 0.0065 0.12 -0.587785 0.809017 -4.9538e-17 -3.59915e-17 
-3.57536 0.065 0.065 0.2 0.0195 -0.0325 0.12 -0.587785 0.809017 -4.9538e-17 -3.59915e-17 
-3.58966 0.065 0.065 0.2 0.0325 -0.0325 0.12 -0.587785 0.809017 -4.9538e-17 -3.59915e-17 
