0.000387053 0.05 0.01 0.05 -0.025 -0.0035 0.045 0.309017 0.951057 -5.82354e-17 1.89218e-17
0.000387053 0.05 0.01 0.05 -0.025 -0.0035 0.045 3.78436e-17 1.16471e-16 0.951057 -0.309017
0.000387053 0.05 0.01 0.05 -0.025 -0.0035 0.045 0.951057 -0.309017 -1.89218e-17 -5.82354e-17
0.000387053 0.05 0.01 0.05 -0.025 -0.0035 0.045 3.93136e-17 -7.71573e-17 0.309017 0.951057
0.00591185 0.05 0.01 0.05 -0.025 -0.003 0.045 0.309017 0.951057 -5.82354e-17 1.89218e-17
0.00591185 0.05 0.01 0.05 -0.025 -0.003 0.045 3.78436e-17 1.16471e-16 0.951057 -0.309017
0.00591185 0.05 0.01 0.05 -0.025 -0.003 0.045 0.951057 -0.309017 -1.89218e-17 -5.82354e-17
0.00591185 0.05 0.01 0.05 -0.025 -0.003 0.045 3.93136e-17 -7.71573e-17 0.309017 0.951057
0.0113882 0.05 0.01 0.05 -0.025 -0.0025 0.045 0.707107 0.707107 8.65956e-17 4.32978e-17
0.0113882 0.05 0.01 0.05 -0.025 -0.0025 0.045 -8.65956e-17 4.32978e-17 -0.707107 0.707107
0.0113882 0.05 0.01 0.05 -0.025 -0.0025 0.045 0.707107 -0.707107 -4.32978e-17 8.65956e-17
0.0113882 0.05 0.01 0.05 -0.025 -0.0025 0.045 -1.29893e-16 -8.65956e-17 0.707107 0.707107
0.00063682 0.05 0.01 0.05 -0.025 -0.002 0.045 0.707107 0.707107 8.65956e-17 4.32978e-17
0.00063682 0.05 0.01 0.05 -0.025 -0.002 0.045 -8.65956e-17 4.32978e-17 -0.707107 0.707107
0.00063682 0.05 0.01 0.05 -0.025 -0.002 0.045 0.707107 -0.707107 -4.32978e-17 8.65956e-17
0.00063682 0.05 0.01 0.05 -0.025 -0.002 0.045 -1.29893e-16 -8.65956e-17 0.707107 0.707107
0.00712994 0.05 0.01 0.05 -0.0225 -0.005 0.045 0.951057 0.309017 3.78436e-17 5.82354e-17
0.00712994 0.05 0.01 0.05 -0.0225 -0.005 0.045 -1.16471e-16 1.89218e-17 -0.309017 0.951057
0.00712994 0.05 0.01 0.05 -0.0225 -0.005 0.045 -0.309017 0.951057 5.82354e-17 -3.78436e-17
0.00712994 0.05 0.01 0.05 -0.0225 -0.005 0.045 -9.60791e-17 -7.71572e-17 0.951057 0.309017
0.0239091 0.05 0.01 0.05 -0.02 -0.005 0.045 0.309017 0.951057 -5.82354e-17 1.89218e-17
0.0239091 0.05 0.01 0.05 -0.02 -0.005 0.045 3.78436e-17 1.16471e-16 0.951057 -0.309017
0.0239091 0.05 0.01 0.05 -0.02 -0.005 0.045 0.951057 -0.309017 -1.89218e-17 -5.82354e-17
0.0239091 0.05 0.01 0.05 -0.02 -0.005 0.045 3.93136e-17 -7.71573e-17 0.309017 0.951057
0.0198146 0.05 0.01 0.05 -0.0175 -0.005 0.045 0.156434 0.987688 -6.04785e-17 9.57885e-18
0.0198146 0.05 0.01 0.05 -0.0175 -0.005 0.045 1.91577e-17 1.20957e-16 0.987688 -0.156434
0.0198146 0.05 0.01 0.05 -0.0175 -0.005 0.045 0.987688 -0.156434 -9.57885e-18 -6.04785e-17
0.0198146 0.05 0.01 0.05 -0.0175 -0.005 0.045 5.08997e-17 -7.00573e-17 0.156434 0.987688
0.0438016 0.05 0.01 0.05 -0.0175 -0.0045 0.045 0.156434 0.987688 -6.04785e-17 9.57885e-18
0.0438016 0.05 0.01 0.05 -0.0175 -0.0045 0.045 1.91577e-17 1.20957e-16 0.987688 -0.156434
0.0438016 0.05 0.01 0.05 -0.0175 -0.0045 0.045 0.987688 -0.156434 -9.57885e-18 -6.04785e-17
0.0438016 0.05 0.01 0.05 -0.0175 -0.0045 0.045 5.08997e-17 -7.00573e-17 0.156434 0.987688
0.0147152 0.05 0.01 0.05 -0.0175 -0.004 0.045 0.309017 0.951057 -5.82354e-17 1.89218e-17
0.0147152 0.05 0.01 0.05 -0.0175 -0.004 0.045 3.78436e-17 1.16471e-16 0.951057 -0.309017
0.0147152 0.05 0.01 0.05 -0.0175 -0.004 0.045 0.951057 -0.309017 -1.89218e-17 -5.82354e-17
0.0147152 0.05 0.01 0.05 -0.0175 -0.004 0.045 3.93136e-17 -7.71573e-17 0.309017 0.951057
0.00399775 0.05 0.01 0.05 -0.0175 -0.0025 0.045 0.156434 0.987688 -6.04785e-17 9.57885e-18
0.00399775 0.05 0.01 0.05 -0.0175 -0.0025 0.045 1.91577e-17 1.20957e-16 0.987688 -0.156434
0.00399775 0.05 0.01 0.05 -0.0175 -0.0025 0.045 0.987688 -0.156434 -9.57885e-18 -6.04785e-17
0.00399775 0.05 0.01 0.05 -0.0175 -0.0025 0.045 5.08997e-17 -7.00573e-17 0.156434 0.987688
0.00143429 0.05 0.01 0.05 -0.0175 -0.0025 0.045 0.951057 0.309017 3.78436e-17 5.82354e-17
0.00143429 0.05 0.01 0.05 -0.0175 -0.0025 0.045 -1.16471e-16 1.89218e-17 -0.309017 0.951057
0.00143429 0.05 0.01 0.05 -0.0175 -0.0025 0.045 -0.309017 0.951057 5.82354e-17 -3.78436e-17
0.00143429 0.05 0.01 0.05 -0.0175 -0.0025 0.045 -9.60791e-17 -7.71572e-17 0.951057 0.309017
0.0853223 0.05 0.01 0.05 -0.0175 -0.002 0.045 0.156434 0.987688 -6.04785e-17 9.57885e-18
0.0853223 0.05 0.01 0.05 -0.0175 -0.002 0.045 1.91577e-17 1.20957e-16 0.987688 -0.156434
0.0853223 0.05 0.01 0.05 -0.0175 -0.002 0.045 0.987688 -0.156434 -9.57885e-18 -6.04785e-17
0.0853223 0.05 0.01 0.05 -0.0175 -0.002 0.045 5.08997e-17 -7.00573e-17 0.156434 0.987688
0.00759214 0.05 0.01 0.05 -0.0175 -0.002 0.045 0.987688 0.156434 1.91576e-17 6.04785e-17
0.00759214 0.05 0.01 0.05 -0.0175 -0.002 0.045 -1.20957e-16 9.57878e-18 -0.156434 0.987688
0.00759214 0.05 0.01 0.05 -0.0175 -0.002 0.045 -0.156434 0.987688 6.04785e-17 -1.91576e-17
0.00759214 0.05 0.01 0.05 -0.0175 -0.002 0.045 -7.9636e-17 -7.00573e-17 0.987688 0.156434
0.0129884 0.05 0.01 0.05 -0.0175 -0.0015 0.045 0.951057 0.309017 3.78436e-17 5.82354e-17
0.0129884 0.05 0.01 0.05 -0.0175 -0.0015 0.045 -1.16471e-16 1.89218e-17 -0.309017 0.951057
0.0129884 0.05 0.01 0.05 -0.0175 -0.0015 0.045 -0.309017 0.951057 5.82354e-17 -3.78436e-17
0.0129884 0.05 0.01 0.05 -0.0175 -0.0015 0.045 -9.60791e-17 -7.71572e-17 0.951057 0.309017
0.00509415 0.05 0.01 0.05 -0.0175 -0.0015 0.045 0.987688 0.156434 1.91576e-17 6.04785e-17
0.00509415 0.05 0.01 0.05 -0.0175 -0.0015 0.045 -1.20957e-16 9.57878e-18 -0.156434 0.987688
0.00509415 0.05 0.01 0.05 -0.0175 -0.0015 0.045 -0.156434 0.987688 6.04785e-17 -1.91576e-17
0.00509415 0.05 0.01 0.05 -0.0175 -0.0015 0.045 -7.9636e-17 -7.00573e-17 0.987688 0.156434
0.113055 0.05 0.01 0.05 -0.0175 -0.001 0.045 0.156434 0.987688 -6.04785e-17 9.57885e-18
0.113055 0.05 0.01 0.05 -0.0175 -0.001 0.045 1.91577e-17 1.20957e-16 0.987688 -0.156434
0.113055 0.05 0.01 0.05 -0.0175 -0.001 0.045 0.987688 -0.156434 -9.57885e-18 -6.04785e-17
0.113055 0.05 0.01 0.05 -0.0175 -0.001 0.045 5.08997e-17 -7.00573e-17 0.156434 0.987688
0.00255909 0.05 0.01 0.05 -0.0175 -0.001 0.045 0.951057 0.309017 3.78436e-17 5.82354e-17
0.00255909 0.05 0.01 0.05 -0.0175 -0.001 0.045 -1.16471e-16 1.89218e-17 -0.309017 0.951057
0.00255909 0.05 0.01 0.05 -0.0175 -0.001 0.045 -0.309017 0.951057 5.82354e-17 -3.78436e-17
0.00255909 0.05 0.01 0.05 -0.0175 -0.001 0.045 -9.60791e-17 -7.71572e-17 0.951057 0.309017
0.0315496 0.05 0.01 0.05 -0.0175 -0.0005 0.045 0.156434 0.987688 -6.04785e-17 9.57885e-18
0.0315496 0.05 0.01 0.05 -0.0175 -0.0005 0.045 1.91577e-17 1.20957e-16 0.987688 -0.156434
0.0315496 0.05 0.01 0.05 -0.0175 -0.0005 0.045 0.987688 -0.156434 -9.57885e-18 -6.04785e-17
0.0315496 0.05 0.01 0.05 -0.0175 -0.0005 0.045 5.08997e-17 -7.00573e-17 0.156434 0.987688
0.0144041 0.05 0.01 0.05 -0.0175 -0.0005 0.045 0.951057 0.309017 3.78436e-17 5.82354e-17
0.0144041 0.05 0.01 0.05 -0.0175 -0.0005 0.045 -1.16471e-16 1.89218e-17 -0.309017 0.951057
0.0144041 0.05 0.01 0.05 -0.0175 -0.0005 0.045 -0.309017 0.951057 5.82354e-17 -3.78436e-17
0.0144041 0.05 0.01 0.05 -0.0175 -0.0005 0.045 -9.60791e-17 -7.71572e-17 0.951057 0.309017
0.019383 0.05 0.01 0.05 -0.015 -0.005 0.045 0.156434 0.987688 -6.04785e-17 9.57885e-18
0.019383 0.05 0.01 0.05 -0.015 -0.005 0.045 1.91577e-17 1.20957e-16 0.987688 -0.156434
0.019383 0.05 0.01 0.05 -0.015 -0.005 0.045 0.987688 -0.156434 -9.57885e-18 -6.04785e-17
0.019383 0.05 0.01 0.05 -0.015 -0.005 0.045 5.08997e-17 -7.00573e-17 0.156434 0.987688
0.0684888 0.05 0.01 0.05 -0.015 -0.0045 0.045 0.156434 0.987688 -6.04785e-17 9.57885e-18
0.0684888 0.05 0.01 0.05 -0.015 -0.0045 0.045 1.91577e-17 1.20957e-16 0.987688 -0.156434
0.0684888 0.05 0.01 0.05 -0.015 -0.0045 0.045 0.987688 -0.156434 -9.57885e-18 -6.04785e-17
0.0684888 0.05 0.01 0.05 -0.015 -0.0045 0.045 5.08997e-17 -7.00573e-17 0.156434 0.987688
0.0103903 0.05 0.01 0.05 -0.015 -0.0035 0.045 0.987688 0.156434 1.91576e-17 6.04785e-17
0.0103903 0.05 0.01 0.05 -0.015 -0.0035 0.045 -1.20957e-16 9.57878e-18 -0.156434 0.987688
0.0103903 0.05 0.01 0.05 -0.015 -0.0035 0.045 -0.156434 0.987688 6.04785e-17 -1.91576e-17
0.0103903 0.05 0.01 0.05 -0.015 -0.0035 0.045 -7.9636e-17 -7.00573e-17 0.987688 0.156434
0.0928912 0.05 0.01 0.05 -0.015 -0.003 0.045 0.156434 0.987688 -6.04785e-17 9.57885e-18
0.0928912 0.05 0.01 0.05 -0.015 -0.003 0.045 1.91577e-17 1.20957e-16 0.987688 -0.156434
0.0928912 0.05 0.01 0.05 -0.015 -0.003 0.045 0.987688 -0.156434 -9.57885e-18 -6.04785e-17
0.0928912 0.05 0.01 0.05 -0.015 -0.003 0.045 5.08997e-17 -7.00573e-17 0.156434 0.987688
0.00203469 0.05 0.01 0.05 -0.015 -0.003 0.045 0.951057 0.309017 3.78436e-17 5.82354e-17
0.00203469 0.05 0.01 0.05 -0.015 -0.003 0.045 -1.16471e-16 1.89218e-17 -0.309017 0.951057
0.00203469 0.05 0.01 0.05 -0.015 -0.003 0.045 -0.309017 0.951057 5.82354e-17 -3.78436e-17
0.00203469 0.05 0.01 0.05 -0.015 -0.003 0.045 -9.60791e-17 -7.71572e-17 0.951057 0.309017
0.00504435 0.05 0.01 0.05 -0.015 -0.0025 0.045 0.951057 0.309017 3.78436e-17 5.82354e-17
0.00504435 0.05 0.01 0.05 -0.015 -0.0025 0.045 -1.16471e-16 1.89218e-17 -0.309017 0.951057
0.00504435 0.05 0.01 0.05 -0.015 -0.0025 0.045 -0.309017 0.951057 5.82354e-17 -3.78436e-17
0.00504435 0.05 0.01 0.05 -0.015 -0.0025 0.045 -9.60791e-17 -7.71572e-17 0.951057 0.309017
0.00418328 0.05 0.01 0.05 -0.015 -0.0025 0.045 0.987688 0.156434 1.91576e-17 6.04785e-17
0.00418328 0.05 0.01 0.05 -0.015 -0.0025 0.045 -1.20957e-16 9.57878e-18 -0.156434 0.987688
0.00418328 0.05 0.01 0.05 -0.015 -0.0025 0.045 -0.156434 0.987688 6.04785e-17 -1.91576e-17
0.00418328 0.05 0.01 0.05 -0.015 -0.0025 0.045 -7.9636e-17 -7.00573e-17 0.987688 0.156434
0.0155309 0.05 0.01 0.05 -0.015 -0.002 0.045 0.951057 0.309017 3.78436e-17 5.82354e-17
0.0155309 0.05 0.01 0.05 -0.015 -0.002 0.045 -1.16471e-16 1.89218e-17 -0.309017 0.951057
0.0155309 0.05 0.01 0.05 -0.015 -0.002 0.045 -0.309017 0.951057 5.82354e-17 -3.78436e-17
0.0155309 0.05 0.01 0.05 -0.015 -0.002 0.045 -9.60791e-17 -7.71572e-17 0.951057 0.309017
0.0687854 0.05 0.01 0.05 -0.015 -0.0015 0.045 0.156434 0.987688 -6.04785e-17 9.57885e-18
0.0687854 0.05 0.01 0.05 -0.015 -0.0015 0.045 1.91577e-17 1.20957e-16 0.987688 -0.156434
0.0687854 0.05 0.01 0.05 -0.015 -0.0015 0.045 0.987688 -0.156434 -9.57885e-18 -6.04785e-17
0.0687854 0.05 0.01 0.05 -0.015 -0.0015 0.045 5.08997e-17 -7.00573e-17 0.156434 0.987688
0.00867011 0.05 0.01 0.05 -0.015 -0.0015 0.045 0.951057 0.309017 3.78436e-17 5.82354e-17
0.00867011 0.05 0.01 0.05 -0.015 -0.0015 0.045 -1.16471e-16 1.89218e-17 -0.309017 0.951057
0.00867011 0.05 0.01 0.05 -0.015 -0.0015 0.045 -0.309017 0.951057 5.82354e-17 -3.78436e-17
0.00867011 0.05 0.01 0.05 -0.015 -0.0015 0.045 -9.60791e-17 -7.71572e-17 0.951057 0.309017
0.00540451 0.05 0.01 0.05 -0.015 -0.0015 0.045 0.987688 0.156434 1.91576e-17 6.04785e-17
0.00540451 0.05 0.01 0.05 -0.015 -0.0015 0.045 -1.20957e-16 9.57878e-18 -0.156434 0.987688
0.00540451 0.05 0.01 0.05 -0.015 -0.0015 0.045 -0.156434 0.987688 6.04785e-17 -1.91576e-17
0.00540451 0.05 0.01 0.05 -0.015 -0.0015 0.045 -7.9636e-17 -7.00573e-17 0.987688 0.156434
0.00641136 0.05 0.01 0.05 -0.015 -0.001 0.045 0.987688 0.156434 1.91576e-17 6.04785e-17
0.00641136 0.05 0.01 0.05 -0.015 -0.001 0.045 -1.20957e-16 9.57878e-18 -0.156434 0.987688
0.00641136 0.05 0.01 0.05 -0.015 -0.001 0.045 -0.156434 0.987688 6.04785e-17 -1.91576e-17
0.00641136 0.05 0.01 0.05 -0.015 -0.001 0.045 -7.9636e-17 -7.00573e-17 0.987688 0.156434
0.0327824 0.05 0.01 0.05 -0.015 -0.0005 0.045 0.951057 0.309017 3.78436e-17 5.82354e-17
0.0327824 0.05 0.01 0.05 -0.015 -0.0005 0.045 -1.16471e-16 1.89218e-17 -0.309017 0.951057
0.0327824 0.05 0.01 0.05 -0.015 -0.0005 0.045 -0.309017 0.951057 5.82354e-17 -3.78436e-17
0.0327824 0.05 0.01 0.05 -0.015 -0.0005 0.045 -9.60791e-17 -7.71572e-17 0.951057 0.309017
0.00584714 0.05 0.01 0.05 -0.015 -0.0005 0.045 0.987688 0.156434 1.91576e-17 6.04785e-17
0.00584714 0.05 0.01 0.05 -0.015 -0.0005 0.045 -1.20957e-16 9.57878e-18 -0.156434 0.987688
0.00584714 0.05 0.01 0.05 -0.015 -0.0005 0.045 -0.156434 0.987688 6.04785e-17 -1.91576e-17
0.00584714 0.05 0.01 0.05 -0.015 -0.0005 0.045 -7.9636e-17 -7.00573e-17 0.987688 0.156434
0.0197585 0.05 0.01 0.05 -0.015 0 0.045 0.156434 0.987688 -6.04785e-17 9.57885e-18
0.0197585 0.05 0.01 0.05 -0.015 0 0.045 1.91577e-17 1.20957e-16 0.987688 -0.156434
0.0197585 0.05 0.01 0.05 -0.015 0 0.045 0.987688 -0.156434 -9.57885e-18 -6.04785e-17
0.0197585 0.05 0.01 0.05 -0.015 0 0.045 5.08997e-17 -7.00573e-17 0.156434 0.987688
0.0228967 0.05 0.01 0.05 -0.015 0 0.045 0.951057 0.309017 3.78436e-17 5.82354e-17
0.0228967 0.05 0.01 0.05 -0.015 0 0.045 -1.16471e-16 1.89218e-17 -0.309017 0.951057
0.0228967 0.05 0.01 0.05 -0.015 0 0.045 -0.309017 0.951057 5.82354e-17 -3.78436e-17
0.0228967 0.05 0.01 0.05 -0.015 0 0.045 -9.60791e-17 -7.71572e-17 0.951057 0.309017
0.00494899 0.05 0.01 0.05 -0.015 0 0.045 0.987688 0.156434 1.91576e-17 6.04785e-17
0.00494899 0.05 0.01 0.05 -0.015 0 0.045 -1.20957e-16 9.57878e-18 -0.156434 0.987688
0.00494899 0.05 0.01 0.05 -0.015 0 0.045 -0.156434 0.987688 6.04785e-17 -1.91576e-17
0.00494899 0.05 0.01 0.05 -0.015 0 0.045 -7.9636e-17 -7.00573e-17 0.987688 0.156434
0.00607549 0.05 0.01 0.05 -0.015 0.0005 0.045 0.987688 0.156434 1.91576e-17 6.04785e-17
0.00607549 0.05 0.01 0.05 -0.015 0.0005 0.045 -1.20957e-16 9.57878e-18 -0.156434 0.987688
0.00607549 0.05 0.01 0.05 -0.015 0.0005 0.045 -0.156434 0.987688 6.04785e-17 -1.91576e-17
0.00607549 0.05 0.01 0.05 -0.015 0.0005 0.045 -7.9636e-17 -7.00573e-17 0.987688 0.156434
0.00287065 0.05 0.01 0.05 -0.015 0.001 0.045 0.987688 0.156434 1.91576e-17 6.04785e-17
0.00287065 0.05 0.01 0.05 -0.015 0.001 0.045 -1.20957e-16 9.57878e-18 -0.156434 0.987688
0.00287065 0.05 0.01 0.05 -0.015 0.001 0.045 -0.156434 0.987688 6.04785e-17 -1.91576e-17
0.00287065 0.05 0.01 0.05 -0.015 0.001 0.045 -7.9636e-17 -7.00573e-17 0.987688 0.156434
0.0731433 0.05 0.01 0.05 -0.015 0.0015 0.045 0.156434 0.987688 -6.04785e-17 9.57885e-18
0.0731433 0.05 0.01 0.05 -0.015 0.0015 0.045 1.91577e-17 1.20957e-16 0.987688 -0.156434
0.0731433 0.05 0.01 0.05 -0.015 0.0015 0.045 0.987688 -0.156434 -9.57885e-18 -6.04785e-17
0.0731433 0.05 0.01 0.05 -0.015 0.0015 0.045 5.08997e-17 -7.00573e-17 0.156434 0.987688
0.0012016 0.05 0.01 0.05 -0.015 0.0025 0.045 0.951057 0.309017 3.78436e-17 5.82354e-17
0.0012016 0.05 0.01 0.05 -0.015 0.0025 0.045 -1.16471e-16 1.89218e-17 -0.309017 0.951057
0.0012016 0.05 0.01 0.05 -0.015 0.0025 0.045 -0.309017 0.951057 5.82354e-17 -3.78436e-17
0.0012016 0.05 0.01 0.05 -0.015 0.0025 0.045 -9.60791e-17 -7.71572e-17 0.951057 0.309017
0.00789872 0.05 0.01 0.05 -0.0125 -0.005 0.045 0.156434 0.987688 -6.04785e-17 9.57885e-18
0.00789872 0.05 0.01 0.05 -0.0125 -0.005 0.045 1.91577e-17 1.20957e-16 0.987688 -0.156434
0.00789872 0.05 0.01 0.05 -0.0125 -0.005 0.045 0.987688 -0.156434 -9.57885e-18 -6.04785e-17
0.00789872 0.05 0.01 0.05 -0.0125 -0.005 0.045 5.08997e-17 -7.00573e-17 0.156434 0.987688
0.039174 0.05 0.01 0.05 -0.0125 -0.0045 0.045 0.156434 0.987688 -6.04785e-17 9.57885e-18
0.039174 0.05 0.01 0.05 -0.0125 -0.0045 0.045 1.91577e-17 1.20957e-16 0.987688 -0.156434
0.039174 0.05 0.01 0.05 -0.0125 -0.0045 0.045 0.987688 -0.156434 -9.57885e-18 -6.04785e-17
0.039174 0.05 0.01 0.05 -0.0125 -0.0045 0.045 5.08997e-17 -7.00573e-17 0.156434 0.987688
0.00425 0.05 0.01 0.05 -0.0125 -0.004 0.045 0.156434 0.987688 -6.04785e-17 9.57885e-18
0.00425 0.05 0.01 0.05 -0.0125 -0.004 0.045 1.91577e-17 1.20957e-16 0.987688 -0.156434
0.00425 0.05 0.01 0.05 -0.0125 -0.004 0.045 0.987688 -0.156434 -9.57885e-18 -6.04785e-17
0.00425 0.05 0.01 0.05 -0.0125 -0.004 0.045 5.08997e-17 -7.00573e-17 0.156434 0.987688
0.00618073 0.05 0.01 0.05 -0.0125 -0.0035 0.045 0.987688 0.156434 1.91576e-17 6.04785e-17
0.00618073 0.05 0.01 0.05 -0.0125 -0.0035 0.045 -1.20957e-16 9.57878e-18 -0.156434 0.987688
0.00618073 0.05 0.01 0.05 -0.0125 -0.0035 0.045 -0.156434 0.987688 6.04785e-17 -1.91576e-17
0.00618073 0.05 0.01 0.05 -0.0125 -0.0035 0.045 -7.9636e-17 -7.00573e-17 0.987688 0.156434
0.0351624 0.05 0.01 0.05 -0.0125 -0.0025 0.045 0.156434 0.987688 -6.04785e-17 9.57885e-18
0.0351624 0.05 0.01 0.05 -0.0125 -0.0025 0.045 1.91577e-17 1.20957e-16 0.987688 -0.156434
0.0351624 0.05 0.01 0.05 -0.0125 -0.0025 0.045 0.987688 -0.156434 -9.57885e-18 -6.04785e-17
0.0351624 0.05 0.01 0.05 -0.0125 -0.0025 0.045 5.08997e-17 -7.00573e-17 0.156434 0.987688
0.00816792 0.05 0.01 0.05 -0.0125 -0.002 0.045 0.987688 0.156434 1.91576e-17 6.04785e-17
0.00816792 0.05 0.01 0.05 -0.0125 -0.002 0.045 -1.20957e-16 9.57878e-18 -0.156434 0.987688
0.00816792 0.05 0.01 0.05 -0.0125 -0.002 0.045 -0.156434 0.987688 6.04785e-17 -1.91576e-17
0.00816792 0.05 0.01 0.05 -0.0125 -0.002 0.045 -7.9636e-17 -7.00573e-17 0.987688 0.156434
0.025361 0.05 0.01 0.05 -0.0125 -0.0015 0.045 0.987688 0.156434 1.91576e-17 6.04785e-17
0.025361 0.05 0.01 0.05 -0.0125 -0.0015 0.045 -1.20957e-16 9.57878e-18 -0.156434 0.987688
0.025361 0.05 0.01 0.05 -0.0125 -0.0015 0.045 -0.156434 0.987688 6.04785e-17 -1.91576e-17
0.025361 0.05 0.01 0.05 -0.0125 -0.0015 0.045 -7.9636e-17 -7.00573e-17 0.987688 0.156434
0.0039975 0.05 0.01 0.05 -0.0125 -0.001 0.045 0.987688 0.156434 1.91576e-17 6.04785e-17
0.0039975 0.05 0.01 0.05 -0.0125 -0.001 0.045 -1.20957e-16 9.57878e-18 -0.156434 0.987688
0.0039975 0.05 0.01 0.05 -0.0125 -0.001 0.045 -0.156434 0.987688 6.04785e-17 -1.91576e-17
0.0039975 0.05 0.01 0.05 -0.0125 -0.001 0.045 -7.9636e-17 -7.00573e-17 0.987688 0.156434
0.00887961 0.05 0.01 0.05 -0.0125 -0.0005 0.045 0.987688 0.156434 1.91576e-17 6.04785e-17
0.00887961 0.05 0.01 0.05 -0.0125 -0.0005 0.045 -1.20957e-16 9.57878e-18 -0.156434 0.987688
0.00887961 0.05 0.01 0.05 -0.0125 -0.0005 0.045 -0.156434 0.987688 6.04785e-17 -1.91576e-17
0.00887961 0.05 0.01 0.05 -0.0125 -0.0005 0.045 -7.9636e-17 -7.00573e-17 0.987688 0.156434
0.00777129 0.05 0.01 0.05 -0.0125 0.0005 0.045 0.987688 0.156434 1.91576e-17 6.04785e-17
0.00777129 0.05 0.01 0.05 -0.0125 0.0005 0.045 -1.20957e-16 9.57878e-18 -0.156434 0.987688
0.00777129 0.05 0.01 0.05 -0.0125 0.0005 0.045 -0.156434 0.987688 6.04785e-17 -1.91576e-17
0.00777129 0.05 0.01 0.05 -0.0125 0.0005 0.045 -7.9636e-17 -7.00573e-17 0.987688 0.156434
0.0077162 0.05 0.01 0.05 -0.0125 0.001 0.045 0.987688 0.156434 1.91576e-17 6.04785e-17
0.0077162 0.05 0.01 0.05 -0.0125 0.001 0.045 -1.20957e-16 9.57878e-18 -0.156434 0.987688
0.0077162 0.05 0.01 0.05 -0.0125 0.001 0.045 -0.156434 0.987688 6.04785e-17 -1.91576e-17
0.0077162 0.05 0.01 0.05 -0.0125 0.001 0.045 -7.9636e-17 -7.00573e-17 0.987688 0.156434
0.00522699 0.05 0.01 0.05 -0.0125 0.002 0.045 0.987688 0.156434 1.91576e-17 6.04785e-17
0.00522699 0.05 0.01 0.05 -0.0125 0.002 0.045 -1.20957e-16 9.57878e-18 -0.156434 0.987688
0.00522699 0.05 0.01 0.05 -0.0125 0.002 0.045 -0.156434 0.987688 6.04785e-17 -1.91576e-17
0.00522699 0.05 0.01 0.05 -0.0125 0.002 0.045 -7.9636e-17 -7.00573e-17 0.987688 0.156434
0.00558573 0.05 0.01 0.05 -0.0125 0.003 0.045 0.987688 0.156434 1.91576e-17 6.04785e-17
0.00558573 0.05 0.01 0.05 -0.0125 0.003 0.045 -1.20957e-16 9.57878e-18 -0.156434 0.987688
0.00558573 0.05 0.01 0.05 -0.0125 0.003 0.045 -0.156434 0.987688 6.04785e-17 -1.91576e-17
0.00558573 0.05 0.01 0.05 -0.0125 0.003 0.045 -7.9636e-17 -7.00573e-17 0.987688 0.156434
0.00516191 0.05 0.01 0.05 -0.0125 0.004 0.045 0.987688 0.156434 1.91576e-17 6.04785e-17
0.00516191 0.05 0.01 0.05 -0.0125 0.004 0.045 -1.20957e-16 9.57878e-18 -0.156434 0.987688
0.00516191 0.05 0.01 0.05 -0.0125 0.004 0.045 -0.156434 0.987688 6.04785e-17 -1.91576e-17
0.00516191 0.05 0.01 0.05 -0.0125 0.004 0.045 -7.9636e-17 -7.00573e-17 0.987688 0.156434
0.02618 0.05 0.01 0.05 -0.01 -0.004 0.045 0.951057 0.309017 3.78436e-17 5.82354e-17
0.02618 0.05 0.01 0.05 -0.01 -0.004 0.045 -1.16471e-16 1.89218e-17 -0.309017 0.951057
0.02618 0.05 0.01 0.05 -0.01 -0.004 0.045 -0.309017 0.951057 5.82354e-17 -3.78436e-17
0.02618 0.05 0.01 0.05 -0.01 -0.004 0.045 -9.60791e-17 -7.71572e-17 0.951057 0.309017
0.0240379 0.05 0.01 0.05 -0.01 -0.0035 0.045 0.156434 0.987688 -6.04785e-17 9.57885e-18
0.0240379 0.05 0.01 0.05 -0.01 -0.0035 0.045 1.91577e-17 1.20957e-16 0.987688 -0.156434
0.0240379 0.05 0.01 0.05 -0.01 -0.0035 0.045 0.987688 -0.156434 -9.57885e-18 -6.04785e-17
0.0240379 0.05 0.01 0.05 -0.01 -0.0035 0.045 5.08997e-17 -7.00573e-17 0.156434 0.987688
0.0987234 0.05 0.01 0.05 -0.01 -0.002 0.045 0.156434 0.987688 -6.04785e-17 9.57885e-18
0.0987234 0.05 0.01 0.05 -0.01 -0.002 0.045 1.91577e-17 1.20957e-16 0.987688 -0.156434
0.0987234 0.05 0.01 0.05 -0.01 -0.002 0.045 0.987688 -0.156434 -9.57885e-18 -6.04785e-17
0.0987234 0.05 0.01 0.05 -0.01 -0.002 0.045 5.08997e-17 -7.00573e-17 0.156434 0.987688
0.00808447 0.05 0.01 0.05 -0.01 -0.002 0.045 0.951057 0.309017 3.78436e-17 5.82354e-17
0.00808447 0.05 0.01 0.05 -0.01 -0.002 0.045 -1.16471e-16 1.89218e-17 -0.309017 0.951057
0.00808447 0.05 0.01 0.05 -0.01 -0.002 0.045 -0.309017 0.951057 5.82354e-17 -3.78436e-17
0.00808447 0.05 0.01 0.05 -0.01 -0.002 0.045 -9.60791e-17 -7.71572e-17 0.951057 0.309017
0.0363794 0.05 0.01 0.05 -0.01 -0.0015 0.045 0.156434 0.987688 -6.04785e-17 9.57885e-18
0.0363794 0.05 0.01 0.05 -0.01 -0.0015 0.045 1.91577e-17 1.20957e-16 0.987688 -0.156434
0.0363794 0.05 0.01 0.05 -0.01 -0.0015 0.045 0.987688 -0.156434 -9.57885e-18 -6.04785e-17
0.0363794 0.05 0.01 0.05 -0.01 -0.0015 0.045 5.08997e-17 -7.00573e-17 0.156434 0.987688
0.0785905 0.05 0.01 0.05 -0.01 -0.001 0.045 0.156434 0.987688 -6.04785e-17 9.57885e-18
0.0785905 0.05 0.01 0.05 -0.01 -0.001 0.045 1.91577e-17 1.20957e-16 0.987688 -0.156434
0.0785905 0.05 0.01 0.05 -0.01 -0.001 0.045 0.987688 -0.156434 -9.57885e-18 -6.04785e-17
0.0785905 0.05 0.01 0.05 -0.01 -0.001 0.045 5.08997e-17 -7.00573e-17 0.156434 0.987688
0.00713154 0.05 0.01 0.05 -0.01 0 0.045 0.951057 0.309017 3.78436e-17 5.82354e-17
0.00713154 0.05 0.01 0.05 -0.01 0 0.045 -1.16471e-16 1.89218e-17 -0.309017 0.951057
0.00713154 0.05 0.01 0.05 -0.01 0 0.045 -0.309017 0.951057 5.82354e-17 -3.78436e-17
0.00713154 0.05 0.01 0.05 -0.01 0 0.045 -9.60791e-17 -7.71572e-17 0.951057 0.309017
0.0191247 0.05 0.01 0.05 -0.01 0.0005 0.045 0.951057 0.309017 3.78436e-17 5.82354e-17
0.0191247 0.05 0.01 0.05 -0.01 0.0005 0.045 -1.16471e-16 1.89218e-17 -0.309017 0.951057
0.0191247 0.05 0.01 0.05 -0.01 0.0005 0.045 -0.309017 0.951057 5.82354e-17 -3.78436e-17
0.0191247 0.05 0.01 0.05 -0.01 0.0005 0.045 -9.60791e-17 -7.71572e-17 0.951057 0.309017
0.00623354 0.05 0.01 0.05 -0.01 0.001 0.045 0.951057 0.309017 3.78436e-17 5.82354e-17
0.00623354 0.05 0.01 0.05 -0.01 0.001 0.045 -1.16471e-16 1.89218e-17 -0.309017 0.951057
0.00623354 0.05 0.01 0.05 -0.01 0.001 0.045 -0.309017 0.951057 5.82354e-17 -3.78436e-17
0.00623354 0.05 0.01 0.05 -0.01 0.001 0.045 -9.60791e-17 -7.71572e-17 0.951057 0.309017
0.00678723 0.05 0.01 0.05 -0.01 0.002 0.045 0.951057 0.309017 3.78436e-17 5.82354e-17
0.00678723 0.05 0.01 0.05 -0.01 0.002 0.045 -1.16471e-16 1.89218e-17 -0.309017 0.951057
0.00678723 0.05 0.01 0.05 -0.01 0.002 0.045 -0.309017 0.951057 5.82354e-17 -3.78436e-17
0.00678723 0.05 0.01 0.05 -0.01 0.002 0.045 -9.60791e-17 -7.71572e-17 0.951057 0.309017
0.00761265 0.05 0.01 0.05 -0.01 0.003 0.045 0.951057 0.309017 3.78436e-17 5.82354e-17
0.00761265 0.05 0.01 0.05 -0.01 0.003 0.045 -1.16471e-16 1.89218e-17 -0.309017 0.951057
0.00761265 0.05 0.01 0.05 -0.01 0.003 0.045 -0.309017 0.951057 5.82354e-17 -3.78436e-17
0.00761265 0.05 0.01 0.05 -0.01 0.003 0.045 -9.60791e-17 -7.71572e-17 0.951057 0.309017
0.00791902 0.05 0.01 0.05 -0.01 0.004 0.045 0.951057 0.309017 3.78436e-17 5.82354e-17
0.00791902 0.05 0.01 0.05 -0.01 0.004 0.045 -1.16471e-16 1.89218e-17 -0.309017 0.951057
0.00791902 0.05 0.01 0.05 -0.01 0.004 0.045 -0.309017 0.951057 5.82354e-17 -3.78436e-17
0.00791902 0.05 0.01 0.05 -0.01 0.004 0.045 -9.60791e-17 -7.71572e-17 0.951057 0.309017
0.00673223 0.05 0.01 0.05 -0.01 0.0045 0.045 0.951057 0.309017 3.78436e-17 5.82354e-17
0.00673223 0.05 0.01 0.05 -0.01 0.0045 0.045 -1.16471e-16 1.89218e-17 -0.309017 0.951057
0.00673223 0.05 0.01 0.05 -0.01 0.0045 0.045 -0.309017 0.951057 5.82354e-17 -3.78436e-17
0.00673223 0.05 0.01 0.05 -0.01 0.0045 0.045 -9.60791e-17 -7.71572e-17 0.951057 0.309017
0.0802501 0.05 0.01 0.05 -0.0075 -0.005 0.045 0.156434 0.987688 -6.04785e-17 9.57885e-18
0.0802501 0.05 0.01 0.05 -0.0075 -0.005 0.045 1.91577e-17 1.20957e-16 0.987688 -0.156434
0.0802501 0.05 0.01 0.05 -0.0075 -0.005 0.045 0.987688 -0.156434 -9.57885e-18 -6.04785e-17
0.0802501 0.05 0.01 0.05 -0.0075 -0.005 0.045 5.08997e-17 -7.00573e-17 0.156434 0.987688
0.0058148 0.05 0.01 0.05 -0.0075 -0.0025 0.045 0.156434 0.987688 -6.04785e-17 9.57885e-18
0.0058148 0.05 0.01 0.05 -0.0075 -0.0025 0.045 1.91577e-17 1.20957e-16 0.987688 -0.156434
0.0058148 0.05 0.01 0.05 -0.0075 -0.0025 0.045 0.987688 -0.156434 -9.57885e-18 -6.04785e-17
0.0058148 0.05 0.01 0.05 -0.0075 -0.0025 0.045 5.08997e-17 -7.00573e-17 0.156434 0.987688
0.00878138 0.05 0.01 0.05 -0.0075 -0.002 0.045 0.951057 0.309017 3.78436e-17 5.82354e-17
0.00878138 0.05 0.01 0.05 -0.0075 -0.002 0.045 -1.16471e-16 1.89218e-17 -0.309017 0.951057
0.00878138 0.05 0.01 0.05 -0.0075 -0.002 0.045 -0.309017 0.951057 5.82354e-17 -3.78436e-17
0.00878138 0.05 0.01 0.05 -0.0075 -0.002 0.045 -9.60791e-17 -7.71572e-17 0.951057 0.309017
0.00382202 0.05 0.01 0.05 -0.0075 -0.001 0.045 0.951057 0.309017 3.78436e-17 5.82354e-17
0.00382202 0.05 0.01 0.05 -0.0075 -0.001 0.045 -1.16471e-16 1.89218e-17 -0.309017 0.951057
0.00382202 0.05 0.01 0.05 -0.0075 -0.001 0.045 -0.309017 0.951057 5.82354e-17 -3.78436e-17
0.00382202 0.05 0.01 0.05 -0.0075 -0.001 0.045 -9.60791e-17 -7.71572e-17 0.951057 0.309017
0.00647203 0.05 0.01 0.05 -0.0075 -0.0005 0.045 0.951057 0.309017 3.78436e-17 5.82354e-17
0.00647203 0.05 0.01 0.05 -0.0075 -0.0005 0.045 -1.16471e-16 1.89218e-17 -0.309017 0.951057
0.00647203 0.05 0.01 0.05 -0.0075 -0.0005 0.045 -0.309017 0.951057 5.82354e-17 -3.78436e-17
0.00647203 0.05 0.01 0.05 -0.0075 -0.0005 0.045 -9.60791e-17 -7.71572e-17 0.951057 0.309017
0.00575463 0.05 0.01 0.05 -0.0075 0 0.045 0.951057 0.309017 3.78436e-17 5.82354e-17
0.00575463 0.05 0.01 0.05 -0.0075 0 0.045 -1.16471e-16 1.89218e-17 -0.309017 0.951057
0.00575463 0.05 0.01 0.05 -0.0075 0 0.045 -0.309017 0.951057 5.82354e-17 -3.78436e-17
0.00575463 0.05 0.01 0.05 -0.0075 0 0.045 -9.60791e-17 -7.71572e-17 0.951057 0.309017
0.0089569 0.05 0.01 0.05 -0.0075 0.0005 0.045 0.891006 0.453991 5.55978e-17 5.45584e-17
0.0089569 0.05 0.01 0.05 -0.0075 0.0005 0.045 -1.09117e-16 2.77989e-17 -0.453991 0.891006
0.0089569 0.05 0.01 0.05 -0.0075 0.0005 0.045 -0.453991 0.891006 5.45584e-17 -5.55978e-17
0.0089569 0.05 0.01 0.05 -0.0075 0.0005 0.045 -1.10156e-16 -8.23573e-17 0.891006 0.453991
0.00511004 0.05 0.01 0.05 -0.0075 0.0005 0.045 0.951057 0.309017 3.78436e-17 5.82354e-17
0.00511004 0.05 0.01 0.05 -0.0075 0.0005 0.045 -1.16471e-16 1.89218e-17 -0.309017 0.951057
0.00511004 0.05 0.01 0.05 -0.0075 0.0005 0.045 -0.309017 0.951057 5.82354e-17 -3.78436e-17
0.00511004 0.05 0.01 0.05 -0.0075 0.0005 0.045 -9.60791e-17 -7.71572e-17 0.951057 0.309017
0.00704151 0.05 0.01 0.05 -0.0075 0.002 0.045 0.951057 0.309017 3.78436e-17 5.82354e-17
0.00704151 0.05 0.01 0.05 -0.0075 0.002 0.045 -1.16471e-16 1.89218e-17 -0.309017 0.951057
0.00704151 0.05 0.01 0.05 -0.0075 0.002 0.045 -0.309017 0.951057 5.82354e-17 -3.78436e-17
0.00704151 0.05 0.01 0.05 -0.0075 0.002 0.045 -9.60791e-17 -7.71572e-17 0.951057 0.309017
0.00607094 0.05 0.01 0.05 -0.0075 0.003 0.045 0.951057 0.309017 3.78436e-17 5.82354e-17
0.00607094 0.05 0.01 0.05 -0.0075 0.003 0.045 -1.16471e-16 1.89218e-17 -0.309017 0.951057
0.00607094 0.05 0.01 0.05 -0.0075 0.003 0.045 -0.309017 0.951057 5.82354e-17 -3.78436e-17
0.00607094 0.05 0.01 0.05 -0.0075 0.003 0.045 -9.60791e-17 -7.71572e-17 0.951057 0.309017
0.0103003 0.05 0.01 0.05 -0.0075 0.004 0.045 0.156434 0.987688 -6.04785e-17 9.57885e-18
0.0103003 0.05 0.01 0.05 -0.0075 0.004 0.045 1.91577e-17 1.20957e-16 0.987688 -0.156434
0.0103003 0.05 0.01 0.05 -0.0075 0.004 0.045 0.987688 -0.156434 -9.57885e-18 -6.04785e-17
0.0103003 0.05 0.01 0.05 -0.0075 0.004 0.045 5.08997e-17 -7.00573e-17 0.156434 0.987688
0.00510848 0.05 0.01 0.05 -0.0075 0.004 0.045 0.951057 0.309017 3.78436e-17 5.82354e-17
0.00510848 0.05 0.01 0.05 -0.0075 0.004 0.045 -1.16471e-16 1.89218e-17 -0.309017 0.951057
0.00510848 0.05 0.01 0.05 -0.0075 0.004 0.045 -0.309017 0.951057 5.82354e-17 -3.78436e-17
0.00510848 0.05 0.01 0.05 -0.0075 0.004 0.045 -9.60791e-17 -7.71572e-17 0.951057 0.309017
0.00489377 0.05 0.01 0.05 -0.0075 0.0045 0.045 0.951057 0.309017 3.78436e-17 5.82354e-17
0.00489377 0.05 0.01 0.05 -0.0075 0.0045 0.045 -1.16471e-16 1.89218e-17 -0.309017 0.951057
0.00489377 0.05 0.01 0.05 -0.0075 0.0045 0.045 -0.309017 0.951057 5.82354e-17 -3.78436e-17
0.00489377 0.05 0.01 0.05 -0.0075 0.0045 0.045 -9.60791e-17 -7.71572e-17 0.951057 0.309017
0.0137472 0.05 0.01 0.05 -0.005 -0.0035 0.045 0.156434 0.987688 -6.04785e-17 9.57885e-18
0.0137472 0.05 0.01 0.05 -0.005 -0.0035 0.045 1.91577e-17 1.20957e-16 0.987688 -0.156434
0.0137472 0.05 0.01 0.05 -0.005 -0.0035 0.045 0.987688 -0.156434 -9.57885e-18 -6.04785e-17
0.0137472 0.05 0.01 0.05 -0.005 -0.0035 0.045 5.08997e-17 -7.00573e-17 0.156434 0.987688
0.00293439 0.05 0.01 0.05 -0.005 -0.003 0.045 0.951057 0.309017 3.78436e-17 5.82354e-17
0.00293439 0.05 0.01 0.05 -0.005 -0.003 0.045 -1.16471e-16 1.89218e-17 -0.309017 0.951057
0.00293439 0.05 0.01 0.05 -0.005 -0.003 0.045 -0.309017 0.951057 5.82354e-17 -3.78436e-17
0.00293439 0.05 0.01 0.05 -0.005 -0.003 0.045 -9.60791e-17 -7.71572e-17 0.951057 0.309017
0.0387757 0.05 0.01 0.05 -0.005 -0.0015 0.045 0.156434 0.987688 -6.04785e-17 9.57885e-18
0.0387757 0.05 0.01 0.05 -0.005 -0.0015 0.045 1.91577e-17 1.20957e-16 0.987688 -0.156434
0.0387757 0.05 0.01 0.05 -0.005 -0.0015 0.045 0.987688 -0.156434 -9.57885e-18 -6.04785e-17
0.0387757 0.05 0.01 0.05 -0.005 -0.0015 0.045 5.08997e-17 -7.00573e-17 0.156434 0.987688
0.00357725 0.05 0.01 0.05 -0.005 0 0.045 0.951057 0.309017 3.78436e-17 5.82354e-17
0.00357725 0.05 0.01 0.05 -0.005 0 0.045 -1.16471e-16 1.89218e-17 -0.309017 0.951057
0.00357725 0.05 0.01 0.05 -0.005 0 0.045 -0.309017 0.951057 5.82354e-17 -3.78436e-17
0.00357725 0.05 0.01 0.05 -0.005 0 0.045 -9.60791e-17 -7.71572e-17 0.951057 0.309017
0.00669278 0.05 0.01 0.05 -0.005 0.0015 0.045 0.951057 0.309017 3.78436e-17 5.82354e-17
0.00669278 0.05 0.01 0.05 -0.005 0.0015 0.045 -1.16471e-16 1.89218e-17 -0.309017 0.951057
0.00669278 0.05 0.01 0.05 -0.005 0.0015 0.045 -0.309017 0.951057 5.82354e-17 -3.78436e-17
0.00669278 0.05 0.01 0.05 -0.005 0.0015 0.045 -9.60791e-17 -7.71572e-17 0.951057 0.309017
0.01447 0.05 0.01 0.05 -0.005 0.0025 0.045 0.891006 0.453991 5.55978e-17 5.45584e-17
0.01447 0.05 0.01 0.05 -0.005 0.0025 0.045 -1.09117e-16 2.77989e-17 -0.453991 0.891006
0.01447 0.05 0.01 0.05 -0.005 0.0025 0.045 -0.453991 0.891006 5.45584e-17 -5.55978e-17
0.01447 0.05 0.01 0.05 -0.005 0.0025 0.045 -1.10156e-16 -8.23573e-17 0.891006 0.453991
0.00347747 0.05 0.01 0.05 -0.005 0.0025 0.045 0.951057 0.309017 3.78436e-17 5.82354e-17
0.00347747 0.05 0.01 0.05 -0.005 0.0025 0.045 -1.16471e-16 1.89218e-17 -0.309017 0.951057
0.00347747 0.05 0.01 0.05 -0.005 0.0025 0.045 -0.309017 0.951057 5.82354e-17 -3.78436e-17
0.00347747 0.05 0.01 0.05 -0.005 0.0025 0.045 -9.60791e-17 -7.71572e-17 0.951057 0.309017
0.0055337 0.05 0.01 0.05 -0.005 0.003 0.045 0.891006 0.453991 5.55978e-17 5.45584e-17
0.0055337 0.05 0.01 0.05 -0.005 0.003 0.045 -1.09117e-16 2.77989e-17 -0.453991 0.891006
0.0055337 0.05 0.01 0.05 -0.005 0.003 0.045 -0.453991 0.891006 5.45584e-17 -5.55978e-17
0.0055337 0.05 0.01 0.05 -0.005 0.003 0.045 -1.10156e-16 -8.23573e-17 0.891006 0.453991
0.00974581 0.05 0.01 0.05 -0.005 0.003 0.045 0.951057 0.309017 3.78436e-17 5.82354e-17
0.00974581 0.05 0.01 0.05 -0.005 0.003 0.045 -1.16471e-16 1.89218e-17 -0.309017 0.951057
0.00974581 0.05 0.01 0.05 -0.005 0.003 0.045 -0.309017 0.951057 5.82354e-17 -3.78436e-17
0.00974581 0.05 0.01 0.05 -0.005 0.003 0.045 -9.60791e-17 -7.71572e-17 0.951057 0.309017
0.044051 0.05 0.01 0.05 -0.005 0.0045 0.045 0.156434 0.987688 -6.04785e-17 9.57885e-18
0.044051 0.05 0.01 0.05 -0.005 0.0045 0.045 1.91577e-17 1.20957e-16 0.987688 -0.156434
0.044051 0.05 0.01 0.05 -0.005 0.0045 0.045 0.987688 -0.156434 -9.57885e-18 -6.04785e-17
0.044051 0.05 0.01 0.05 -0.005 0.0045 0.045 5.08997e-17 -7.00573e-17 0.156434 0.987688
0.0905416 0.05 0.01 0.05 -0.0025 -0.0025 0.045 0.156434 0.987688 -6.04785e-17 9.57885e-18
0.0905416 0.05 0.01 0.05 -0.0025 -0.0025 0.045 1.91577e-17 1.20957e-16 0.987688 -0.156434
0.0905416 0.05 0.01 0.05 -0.0025 -0.0025 0.045 0.987688 -0.156434 -9.57885e-18 -6.04785e-17
0.0905416 0.05 0.01 0.05 -0.0025 -0.0025 0.045 5.08997e-17 -7.00573e-17 0.156434 0.987688
0.00117412 0.05 0.01 0.05 -0.0025 -0.0005 0.045 0.951057 0.309017 3.78436e-17 5.82354e-17
0.00117412 0.05 0.01 0.05 -0.0025 -0.0005 0.045 -1.16471e-16 1.89218e-17 -0.309017 0.951057
0.00117412 0.05 0.01 0.05 -0.0025 -0.0005 0.045 -0.309017 0.951057 5.82354e-17 -3.78436e-17
0.00117412 0.05 0.01 0.05 -0.0025 -0.0005 0.045 -9.60791e-17 -7.71572e-17 0.951057 0.309017
0.0421598 0.05 0.01 0.05 -0.0025 0.001 0.045 0.156434 0.987688 -6.04785e-17 9.57885e-18
0.0421598 0.05 0.01 0.05 -0.0025 0.001 0.045 1.91577e-17 1.20957e-16 0.987688 -0.156434
0.0421598 0.05 0.01 0.05 -0.0025 0.001 0.045 0.987688 -0.156434 -9.57885e-18 -6.04785e-17
0.0421598 0.05 0.01 0.05 -0.0025 0.001 0.045 5.08997e-17 -7.00573e-17 0.156434 0.987688
0.0428991 0.05 0.01 0.05 -2.60209e-18 -0.0035 0.045 0.156434 0.987688 -6.04785e-17 9.57885e-18
0.0428991 0.05 0.01 0.05 -2.60209e-18 -0.0035 0.045 1.91577e-17 1.20957e-16 0.987688 -0.156434
0.0428991 0.05 0.01 0.05 -2.60209e-18 -0.0035 0.045 0.987688 -0.156434 -9.57885e-18 -6.04785e-17
0.0428991 0.05 0.01 0.05 -2.60209e-18 -0.0035 0.045 5.08997e-17 -7.00573e-17 0.156434 0.987688
0.0891732 0.05 0.01 0.05 -2.60209e-18 -0.003 0.045 0.156434 0.987688 -6.04785e-17 9.57885e-18
0.0891732 0.05 0.01 0.05 -2.60209e-18 -0.003 0.045 1.91577e-17 1.20957e-16 0.987688 -0.156434
0.0891732 0.05 0.01 0.05 -2.60209e-18 -0.003 0.045 0.987688 -0.156434 -9.57885e-18 -6.04785e-17
0.0891732 0.05 0.01 0.05 -2.60209e-18 -0.003 0.045 5.08997e-17 -7.00573e-17 0.156434 0.987688
0.0340517 0.05 0.01 0.05 -2.60209e-18 -0.002 0.045 0.156434 0.987688 -6.04785e-17 9.57885e-18
0.0340517 0.05 0.01 0.05 -2.60209e-18 -0.002 0.045 1.91577e-17 1.20957e-16 0.987688 -0.156434
0.0340517 0.05 0.01 0.05 -2.60209e-18 -0.002 0.045 0.987688 -0.156434 -9.57885e-18 -6.04785e-17
0.0340517 0.05 0.01 0.05 -2.60209e-18 -0.002 0.045 5.08997e-17 -7.00573e-17 0.156434 0.987688
0.0458881 0.05 0.01 0.05 -2.60209e-18 0.004 0.045 0.156434 0.987688 -6.04785e-17 9.57885e-18
0.0458881 0.05 0.01 0.05 -2.60209e-18 0.004 0.045 1.91577e-17 1.20957e-16 0.987688 -0.156434
0.0458881 0.05 0.01 0.05 -2.60209e-18 0.004 0.045 0.987688 -0.156434 -9.57885e-18 -6.04785e-17
0.0458881 0.05 0.01 0.05 -2.60209e-18 0.004 0.045 5.08997e-17 -7.00573e-17 0.156434 0.987688
0.12053 0.05 0.01 0.05 0.0025 -0.0035 0.045 0.156434 0.987688 -6.04785e-17 9.57885e-18
0.12053 0.05 0.01 0.05 0.0025 -0.0035 0.045 1.91577e-17 1.20957e-16 0.987688 -0.156434
0.12053 0.05 0.01 0.05 0.0025 -0.0035 0.045 0.987688 -0.156434 -9.57885e-18 -6.04785e-17
0.12053 0.05 0.01 0.05 0.0025 -0.0035 0.045 5.08997e-17 -7.00573e-17 0.156434 0.987688
