25.5071 0.062 0.062 0.1 0.0124 -0.031 0.07 -0.587785 0.809017 -4.9538e-17 -3.59915e-17 
25.4503 0.062 0.062 0.1 0.0186 -0.031 0.07 -0.587785 0.809017 -4.9538e-17 -3.59915e-17 
25.4096 0.062 0.062 0.1 0.0186 -0.0248 0.07 -0.587785 0.809017 -4.9538e-17 -3.59915e-17 
25.4002 0.062 0.062 0.1 0.0248 -0.031 0.07 -0.587785 0.809017 -4.9538e-17 -3.59915e-17 
25.3981 0.062 0.062 0.1 0.0248 -0.0248 0.07 -0.587785 0.809017 -4.9538e-17 -3.59915e-17 
25.3846 0.062 0.062 0.1 0.0124 -0.0248 0.07 -0.587785 0.809017 -4.9538e-17 -3.59915e-17 
25.3774 0.062 0.062 0.1 0.0248 -0.0186 0.07 -0.587785 0.809017 -4.9538e-17 -3.59915e-17 
25.3528 0.062 0.062 0.1 0.0186 -0.0186 0.07 -0.587785 0.809017 -4.9538e-17 -3.59915e-17 
25.3414 0.062 0.062 0.1 0.0248 -0.0124 0.07 -0.587785 0.809017 -4.9538e-17 -3.59915e-17 
25.2946 0.062 0.062 0.1 0.0248 -0.0062 0.07 -0.587785 0.809017 -4.9538e-17 -3.59915e-17 
25.2848 0.062 0.062 0.1 0.0186 -0.0124 0.07 -0.587785 0.809017 -4.9538e-17 -3.59915e-17 
25.2479 0.062 0.062 0.1 0.0124 -0.0186 0.07 -0.587785 0.809017 -4.9538e-17 -3.59915e-17 
25.2421 0.062 0.062 0.1 0.0248 1.73472e-18 0.07 -0.587785 0.809017 -4.9538e-17 -3.59915e-17 
25.2113 0.062 0.062 0.1 0.0186 -0.0062 0.07 -0.587785 0.809017 -4.9538e-17 -3.59915e-17 
25.1897 0.062 0.062 0.1 0.0248 0.0062 0.07 -0.587785 0.809017 -4.9538e-17 -3.59915e-17 
25.1442 0.062 0.062 0.1 0.0248 0.0124 0.07 -0.587785 0.809017 -4.9538e-17 -3.59915e-17 
25.1389 0.062 0.062 0.1 0.0186 1.73472e-18 0.07 -0.587785 0.809017 -4.9538e-17 -3.59915e-17 
25.103 0.062 0.062 0.1 0.0124 -0.0124 0.07 -0.587785 0.809017 -4.9538e-17 -3.59915e-17 
25.0749 0.062 0.062 0.1 0.0186 0.0062 0.07 -0.587785 0.809017 -4.9538e-17 -3.59915e-17 
24.9574 0.062 0.062 0.1 0.0124 -0.0062 0.07 -0.587785 0.809017 -4.9538e-17 -3.59915e-17 
24.819 0.062 0.062 0.1 0.0124 1.73472e-18 0.07 -0.587785 0.809017 -4.9538e-17 -3.59915e-17 
17.5504 0.062 0.062 0.1 -0.0186 0.0248 0.07 0.587785 0.809017 -4.9538e-17 3.59915e-17 
17.4994 0.062 0.062 0.1 -0.0248 0.0248 0.07 0.587785 0.809017 -4.9538e-17 3.59915e-17 
17.4989 0.062 0.062 0.1 -0.031 0.0248 0.07 0.587785 0.809017 -4.9538e-17 3.59915e-17 
17.4512 0.062 0.062 0.1 -0.0186 0.0186 0.07 0.587785 0.809017 -4.9538e-17 3.59915e-17 
17.4068 0.062 0.062 0.1 -0.0248 0.0186 0.07 0.587785 0.809017 -4.9538e-17 3.59915e-17 
17.406 0.062 0.062 0.1 -0.031 0.0186 0.07 0.587785 0.809017 -4.9538e-17 3.59915e-17 
17.3556 0.062 0.062 0.1 -0.0186 0.0124 0.07 0.587785 0.809017 -4.9538e-17 3.59915e-17 
17.3142 0.062 0.062 0.1 -0.0248 0.0124 0.07 0.587785 0.809017 -4.9538e-17 3.59915e-17 
17.3086 0.062 0.062 0.1 -0.031 0.0124 0.07 0.587785 0.809017 -4.9538e-17 3.59915e-17 
17.2538 0.062 0.062 0.1 -0.0186 0.0062 0.07 0.587785 0.809017 -4.9538e-17 3.59915e-17 
17.2128 0.062 0.062 0.1 -0.0248 0.0062 0.07 0.587785 0.809017 -4.9538e-17 3.59915e-17 
17.1988 0.062 0.062 0.1 -0.031 0.0062 0.07 0.587785 0.809017 -4.9538e-17 3.59915e-17 
17.1386 0.062 0.062 0.1 -0.0186 1.73472e-18 0.07 0.587785 0.809017 -4.9538e-17 3.59915e-17 
17.0967 0.062 0.062 0.1 -0.0248 1.73472e-18 0.07 0.587785 0.809017 -4.9538e-17 3.59915e-17 
17.0721 0.062 0.062 0.1 -0.031 1.73472e-18 0.07 0.587785 0.809017 -4.9538e-17 3.59915e-17 
17.0063 0.062 0.062 0.1 -0.0186 -0.0062 0.07 0.587785 0.809017 -4.9538e-17 3.59915e-17 
16.9632 0.062 0.062 0.1 -0.0248 -0.0062 0.07 0.587785 0.809017 -4.9538e-17 3.59915e-17 
16.927 0.062 0.062 0.1 -0.031 -0.0062 0.07 0.587785 0.809017 -4.9538e-17 3.59915e-17 
16.856 0.062 0.062 0.1 -0.0186 -0.0124 0.07 0.587785 0.809017 -4.9538e-17 3.59915e-17 
16.8127 0.062 0.062 0.1 -0.0248 -0.0124 0.07 0.587785 0.809017 -4.9538e-17 3.59915e-17 
16.7651 0.062 0.062 0.1 -0.031 -0.0124 0.07 0.587785 0.809017 -4.9538e-17 3.59915e-17 
16.6902 0.062 0.062 0.1 -0.0186 -0.0186 0.07 0.587785 0.809017 -4.9538e-17 3.59915e-17 
16.649 0.062 0.062 0.1 -0.0248 -0.0186 0.07 0.587785 0.809017 -4.9538e-17 3.59915e-17 
16.5913 0.062 0.062 0.1 -0.031 -0.0186 0.07 0.587785 0.809017 -4.9538e-17 3.59915e-17 
16.5509 0.062 0.062 0.1 -0.0124 -0.0248 0.07 0.587785 0.809017 -4.9538e-17 3.59915e-17 
16.5146 0.062 0.062 0.1 -0.0186 -0.0248 0.07 0.587785 0.809017 -4.9538e-17 3.59915e-17 
16.4787 0.062 0.062 0.1 -0.0248 -0.0248 0.07 0.587785 0.809017 -4.9538e-17 3.59915e-17 
16.4133 0.062 0.062 0.1 -0.031 -0.0248 0.07 0.587785 0.809017 -4.9538e-17 3.59915e-17 
16.3809 0.062 0.062 0.1 -0.0062 -0.031 0.07 0.587785 0.809017 -4.9538e-17 3.59915e-17 
16.3509 0.062 0.062 0.1 -0.0124 -0.031 0.07 0.587785 0.809017 -4.9538e-17 3.59915e-17 
16.3378 0.062 0.062 0.1 -0.0186 -0.031 0.07 0.587785 0.809017 -4.9538e-17 3.59915e-17 
16.3117 0.062 0.062 0.1 -0.0248 -0.031 0.07 0.587785 0.809017 -4.9538e-17 3.59915e-17 
16.2425 0.062 0.062 0.1 -0.031 -0.031 0.07 0.587785 0.809017 -4.9538e-17 3.59915e-17 
11.6363 0.062 0.062 0.1 -0.031 -0.0124 0.07 0.309017 0.951057 -5.82354e-17 1.89218e-17 
11.564 0.062 0.062 0.1 -0.0186 -0.0186 0.07 0.309017 0.951057 -5.82354e-17 1.89218e-17 
11.5601 0.062 0.062 0.1 -0.0124 -0.0186 0.07 0.309017 0.951057 -5.82354e-17 1.89218e-17 
11.5497 0.062 0.062 0.1 -0.0248 -0.0186 0.07 0.309017 0.951057 -5.82354e-17 1.89218e-17 
11.5491 0.062 0.062 0.1 -0.0062 -0.0186 0.07 0.309017 0.951057 -5.82354e-17 1.89218e-17 
11.543 0.062 0.062 0.1 1.73472e-18 -0.0186 0.07 0.309017 0.951057 -5.82354e-17 1.89218e-17 
11.5068 0.062 0.062 0.1 -0.031 -0.0186 0.07 0.309017 0.951057 -5.82354e-17 1.89218e-17 
11.5034 0.062 0.062 0.1 0.0062 -0.0248 0.07 0.309017 0.951057 -5.82354e-17 1.89218e-17 
11.4574 0.062 0.062 0.1 1.73472e-18 -0.0248 0.07 0.309017 0.951057 -5.82354e-17 1.89218e-17 
11.439 0.062 0.062 0.1 -0.0062 -0.0248 0.07 0.309017 0.951057 -5.82354e-17 1.89218e-17 
11.4349 0.062 0.062 0.1 -0.0124 -0.0248 0.07 0.309017 0.951057 -5.82354e-17 1.89218e-17 
11.4323 0.062 0.062 0.1 -0.0186 -0.0248 0.07 0.309017 0.951057 -5.82354e-17 1.89218e-17 
11.4191 0.062 0.062 0.1 -0.0248 -0.0248 0.07 0.309017 0.951057 -5.82354e-17 1.89218e-17 
11.3837 0.062 0.062 0.1 -0.031 -0.0248 0.07 0.309017 0.951057 -5.82354e-17 1.89218e-17 
11.3553 0.062 0.062 0.1 0.0062 -0.031 0.07 0.309017 0.951057 -5.82354e-17 1.89218e-17 
11.2933 0.062 0.062 0.1 1.73472e-18 -0.031 0.07 0.309017 0.951057 -5.82354e-17 1.89218e-17 
11.2768 0.062 0.062 0.1 -0.0248 -0.031 0.07 0.309017 0.951057 -5.82354e-17 1.89218e-17 
11.2735 0.062 0.062 0.1 -0.0186 -0.031 0.07 0.309017 0.951057 -5.82354e-17 1.89218e-17 
11.2683 0.062 0.062 0.1 -0.0062 -0.031 0.07 0.309017 0.951057 -5.82354e-17 1.89218e-17 
11.2664 0.062 0.062 0.1 -0.0124 -0.031 0.07 0.309017 0.951057 -5.82354e-17 1.89218e-17 
11.2637 0.062 0.062 0.1 -0.031 -0.031 0.07 0.309017 0.951057 -5.82354e-17 1.89218e-17 
9.13368 0.062 0.062 0.1 -0.0124 0.0248 0.07 0.809017 0.587785 3.59914e-17 4.9538e-17 
9.12211 0.062 0.062 0.1 -0.0186 0.0248 0.07 0.809017 0.587785 3.59914e-17 4.9538e-17 
9.09831 0.062 0.062 0.1 -0.0248 0.0248 0.07 0.809017 0.587785 3.59914e-17 4.9538e-17 
9.06361 0.062 0.062 0.1 -0.0248 0.0186 0.07 0.809017 0.587785 3.59914e-17 4.9538e-17 
9.05612 0.062 0.062 0.1 -0.031 0.0248 0.07 0.809017 0.587785 3.59914e-17 4.9538e-17 
9.05139 0.062 0.062 0.1 -0.0186 0.0186 0.07 0.809017 0.587785 3.59914e-17 4.9538e-17 
9.02094 0.062 0.062 0.1 -0.0248 0.0124 0.07 0.809017 0.587785 3.59914e-17 4.9538e-17 
9.01332 0.062 0.062 0.1 -0.031 0.0186 0.07 0.809017 0.587785 3.59914e-17 4.9538e-17 
8.99871 0.062 0.062 0.1 -0.031 0.051 0.03 0.218508 0.672499 -0.672499 0.218502 
8.98354 0.062 0.062 0.1 -0.0124 0.0186 0.07 0.809017 0.587785 3.59914e-17 4.9538e-17 
8.97831 0.062 0.062 0.1 -0.0186 0.0124 0.07 0.809017 0.587785 3.59914e-17 4.9538e-17 
8.97252 0.062 0.062 0.1 -0.0248 0.0062 0.07 0.809017 0.587785 3.59914e-17 4.9538e-17 
8.95643 0.062 0.062 0.1 -0.031 0.0124 0.07 0.809017 0.587785 3.59914e-17 4.9538e-17 
8.92194 0.062 0.062 0.1 -0.0248 1.73472e-18 0.07 0.809017 0.587785 3.59914e-17 4.9538e-17 
8.90478 0.062 0.062 0.1 -0.0186 0.0062 0.07 0.809017 0.587785 3.59914e-17 4.9538e-17 
8.88711 0.062 0.062 0.1 -0.031 0.0062 0.07 0.809017 0.587785 3.59914e-17 4.9538e-17 
8.87524 0.062 0.062 0.1 -0.0248 -0.0062 0.07 0.809017 0.587785 3.59914e-17 4.9538e-17 
8.84032 0.062 0.062 0.1 -0.0248 -0.0124 0.07 0.809017 0.587785 3.59914e-17 4.9538e-17 
8.83539 0.062 0.062 0.1 -0.0124 0.0124 0.07 0.809017 0.587785 3.59914e-17 4.9538e-17 
8.83498 0.062 0.062 0.1 -0.0186 1.73472e-18 0.07 0.809017 0.587785 3.59914e-17 4.9538e-17 
8.80902 0.062 0.062 0.1 -0.031 1.73472e-18 0.07 0.809017 0.587785 3.59914e-17 4.9538e-17 
8.77497 0.062 0.062 0.1 -0.0186 -0.0062 0.07 0.809017 0.587785 3.59914e-17 4.9538e-17 
8.72811 0.062 0.062 0.1 -0.031 -0.0062 0.07 0.809017 0.587785 3.59914e-17 4.9538e-17 
8.69127 0.062 0.062 0.1 -0.0124 0.0062 0.07 0.809017 0.587785 3.59914e-17 4.9538e-17 
8.65206 0.062 0.062 0.1 -0.031 -0.0124 0.07 0.809017 0.587785 3.59914e-17 4.9538e-17 
8.64994 0.062 0.062 0.1 -0.0062 -0.031 0.07 -0.309017 0.951057 -5.82354e-17 -1.89218e-17 
8.64771 0.062 0.062 0.1 1.73472e-18 -0.031 0.07 -0.309017 0.951057 -5.82354e-17 -1.89218e-17 
8.63505 0.062 0.062 0.1 -0.0124 -0.031 0.07 -0.309017 0.951057 -5.82354e-17 -1.89218e-17 
8.63053 0.062 0.062 0.1 0.0062 -0.031 0.07 -0.309017 0.951057 -5.82354e-17 -1.89218e-17 
8.60442 0.062 0.062 0.1 0.0124 -0.0248 0.07 -0.309017 0.951057 -5.82354e-17 -1.89218e-17 
8.60318 0.062 0.062 0.1 -0.0186 -0.031 0.07 -0.309017 0.951057 -5.82354e-17 -1.89218e-17 
8.60276 0.062 0.062 0.1 0.0124 -0.031 0.07 -0.309017 0.951057 -5.82354e-17 -1.89218e-17 
8.60163 0.062 0.062 0.1 0.0186 -0.0186 0.07 -0.309017 0.951057 -5.82354e-17 -1.89218e-17 
8.59929 0.062 0.062 0.1 0.0186 -0.0248 0.07 -0.309017 0.951057 -5.82354e-17 -1.89218e-17 
8.59247 0.062 0.062 0.1 0.0248 -0.0186 0.07 -0.309017 0.951057 -5.82354e-17 -1.89218e-17 
8.59068 0.062 0.062 0.1 0.0248 -0.0124 0.07 -0.309017 0.951057 -5.82354e-17 -1.89218e-17 
8.59059 0.062 0.062 0.1 -0.031 -0.0186 0.07 0.809017 0.587785 3.59914e-17 4.9538e-17 
8.58182 0.062 0.062 0.1 0.0062 -0.0248 0.07 -0.309017 0.951057 -5.82354e-17 -1.89218e-17 
8.57447 0.062 0.062 0.1 0.0248 -0.0248 0.07 -0.309017 0.951057 -5.82354e-17 -1.89218e-17 
8.57152 0.062 0.062 0.1 0.0186 -0.031 0.07 -0.309017 0.951057 -5.82354e-17 -1.89218e-17 
8.561 0.062 0.062 0.1 0.0248 -0.0062 0.07 -0.309017 0.951057 -5.82354e-17 -1.89218e-17 
8.55687 0.062 0.062 0.1 -0.0248 -0.031 0.07 -0.309017 0.951057 -5.82354e-17 -1.89218e-17 
8.55597 0.062 0.062 0.1 -0.0124 1.73472e-18 0.07 0.809017 0.587785 3.59914e-17 4.9538e-17 
8.55556 0.062 0.062 0.1 -0.031 -0.0248 0.07 0.809017 0.587785 3.59914e-17 4.9538e-17 
8.54575 0.062 0.062 0.1 0.0248 -0.031 0.07 -0.309017 0.951057 -5.82354e-17 -1.89218e-17 
8.50082 0.062 0.062 0.1 -0.031 -0.031 0.07 -0.309017 0.951057 -5.82354e-17 -1.89218e-17 
8.49555 0.062 0.062 0.1 0.0248 1.73472e-18 0.07 -0.309017 0.951057 -5.82354e-17 -1.89218e-17 
5.91508 0.062 0.062 0.1 -0.031 0.051 0.04 0.218508 0.672499 -0.672499 0.218502 
5.8892 0.062 0.062 0.1 -0.0248 0.051 0.04 0.218508 0.672499 -0.672499 0.218502 
5.84977 0.062 0.062 0.1 -0.0186 0.051 0.04 0.218508 0.672499 -0.672499 0.218502 
5.79452 0.062 0.062 0.1 -0.0124 0.051 0.04 0.218508 0.672499 -0.672499 0.218502 
5.72151 0.062 0.062 0.1 -0.0062 0.051 0.04 0.218508 0.672499 -0.672499 0.218502 
5.62869 0.062 0.062 0.1 1.73472e-18 0.051 0.04 0.218508 0.672499 -0.672499 0.218502 
3.75248 0.062 0.062 0.1 0.0248 -0.051 0.04 -0.672499 0.218508 0.218508 0.672498 
3.62233 0.062 0.062 0.1 0.0186 -0.051 0.04 -0.672499 0.218508 0.218508 0.672498 
3.61334 0.062 0.062 0.1 0.0062 -0.0248 0.07 6.12323e-17 1 -6.12323e-17 3.7494e-33 
3.6062 0.062 0.062 0.1 0.0124 -0.0248 0.07 6.12323e-17 1 -6.12323e-17 3.7494e-33 
3.60229 0.062 0.062 0.1 1.73472e-18 -0.031 0.07 6.12323e-17 1 -6.12323e-17 3.7494e-33 
3.60206 0.062 0.062 0.1 0.0062 -0.031 0.07 6.12323e-17 1 -6.12323e-17 3.7494e-33 
3.60113 0.062 0.062 0.1 1.73472e-18 -0.0248 0.07 6.12323e-17 1 -6.12323e-17 3.7494e-33 
3.59564 0.062 0.062 0.1 0.0062 -0.0186 0.07 6.12323e-17 1 -6.12323e-17 3.7494e-33 
3.59552 0.062 0.062 0.1 1.73472e-18 -0.0186 0.07 6.12323e-17 1 -6.12323e-17 3.7494e-33 
3.5872 0.062 0.062 0.1 -0.0062 -0.031 0.07 6.12323e-17 1 -6.12323e-17 3.7494e-33 
3.58506 0.062 0.062 0.1 0.0124 -0.031 0.07 6.12323e-17 1 -6.12323e-17 3.7494e-33 
3.5787 0.062 0.062 0.1 0.0186 -0.0248 0.07 6.12323e-17 1 -6.12323e-17 3.7494e-33 
3.57761 0.062 0.062 0.1 -0.0062 -0.0186 0.07 6.12323e-17 1 -6.12323e-17 3.7494e-33 
3.57283 0.062 0.062 0.1 0.0124 -0.0186 0.07 6.12323e-17 1 -6.12323e-17 3.7494e-33 
3.57266 0.062 0.062 0.1 -0.0062 -0.0248 0.07 6.12323e-17 1 -6.12323e-17 3.7494e-33 
3.56089 0.062 0.062 0.1 -0.0124 -0.031 0.07 6.12323e-17 1 -6.12323e-17 3.7494e-33 
3.55212 0.062 0.062 0.1 0.0186 -0.031 0.07 6.12323e-17 1 -6.12323e-17 3.7494e-33 
3.54931 0.062 0.062 0.1 -0.0124 -0.0186 0.07 6.12323e-17 1 -6.12323e-17 3.7494e-33 
3.53383 0.062 0.062 0.1 -0.0124 -0.0248 0.07 6.12323e-17 1 -6.12323e-17 3.7494e-33 
3.53226 0.062 0.062 0.1 0.0248 -0.0248 0.07 6.12323e-17 1 -6.12323e-17 3.7494e-33 
3.52954 0.062 0.062 0.1 -0.0186 -0.031 0.07 6.12323e-17 1 -6.12323e-17 3.7494e-33 
3.5244 0.062 0.062 0.1 0.0186 -0.0186 0.07 6.12323e-17 1 -6.12323e-17 3.7494e-33 
3.52019 0.062 0.062 0.1 -0.0186 -0.0186 0.07 6.12323e-17 1 -6.12323e-17 3.7494e-33 
3.51033 0.062 0.062 0.1 -0.031 -0.0186 0.07 6.12323e-17 1 -6.12323e-17 3.7494e-33 
3.50643 0.062 0.062 0.1 0.0248 -0.031 0.07 6.12323e-17 1 -6.12323e-17 3.7494e-33 
3.50242 0.062 0.062 0.1 -0.0248 -0.0186 0.07 6.12323e-17 1 -6.12323e-17 3.7494e-33 
3.50175 0.062 0.062 0.1 -0.0248 -0.031 0.07 6.12323e-17 1 -6.12323e-17 3.7494e-33 
3.49259 0.062 0.062 0.1 -0.0186 -0.0248 0.07 6.12323e-17 1 -6.12323e-17 3.7494e-33 
3.48838 0.062 0.062 0.1 -0.031 -0.031 0.07 6.12323e-17 1 -6.12323e-17 3.7494e-33 
3.48202 0.062 0.062 0.1 0.0124 -0.051 0.04 -0.672499 0.218508 0.218508 0.672498 
3.45931 0.062 0.062 0.1 -0.0248 -0.0248 0.07 6.12323e-17 1 -6.12323e-17 3.7494e-33 
3.45035 0.062 0.062 0.1 0.0248 -0.0186 0.07 6.12323e-17 1 -6.12323e-17 3.7494e-33 
3.44638 0.062 0.062 0.1 -0.031 -0.0248 0.07 6.12323e-17 1 -6.12323e-17 3.7494e-33 
3.33065 0.062 0.062 0.1 0.0062 -0.051 0.04 -0.672499 0.218508 0.218508 0.672498 
3.1674 0.062 0.062 0.1 1.73472e-18 -0.051 0.04 -0.672499 0.218508 0.218508 0.672498 
0.171758 0.062 0.062 0.1 -0.051 0.0062 0.04 -0.415627 0.572061 -0.415627 0.572062 
0.156073 0.062 0.062 0.1 -0.051 1.73472e-18 0.04 -0.415627 0.572061 -0.415627 0.572062 
0.144729 0.062 0.062 0.1 -0.051 -0.0062 0.04 -0.415627 0.572061 -0.415627 0.572062 
0.136311 0.062 0.062 0.1 -0.051 -0.0124 0.04 -0.415627 0.572061 -0.415627 0.572062 
0.129666 0.062 0.062 0.1 -0.051 -0.0186 0.04 -0.415627 0.572061 -0.415627 0.572062 
0.128655 0.062 0.062 0.1 -0.0186 0.051 0.03 0.415627 0.572061 -0.572061 0.415629 
0.123978 0.062 0.062 0.1 -0.0186 0.051 0.04 0.415627 0.572061 -0.572061 0.415629 
0.123942 0.062 0.062 0.1 -0.051 -0.0248 0.04 -0.415627 0.572061 -0.415627 0.572062 
0.118634 0.062 0.062 0.1 -0.051 -0.031 0.04 -0.415627 0.572061 -0.415627 0.572062 
0.0901852 0.062 0.062 0.1 0.0186 -0.051 0.03 -0.572061 0.415627 0.415627 0.572062 
0.0874023 0.062 0.062 0.1 0.0186 -0.051 0.04 -0.572061 0.415627 0.415627 0.572062 
0.0726961 0.062 0.062 0.1 0.051 0.0248 0.04 0.707107 -4.32978e-17 -0.707107 4.32978e-17 
0.050836 0.062 0.062 0.1 -0.0248 0.051 0.03 0.415627 0.572061 -0.572061 0.415629 
0.0459776 0.062 0.062 0.1 -0.0248 0.051 0.04 0.415627 0.572061 -0.572061 0.415629 
0.0273895 0.062 0.062 0.1 0.0248 -0.051 0.03 -0.572061 0.415627 0.415627 0.572062 
0.0234699 0.062 0.062 0.1 0.0248 -0.051 0.04 -0.572061 0.415627 0.415627 0.572062 
0.0109394 0.062 0.062 0.1 0.051 0.0124 0.04 -0.672498 -0.218508 0.672499 0.218508 
-0.0129608 0.062 0.062 0.1 -0.031 0.051 0.04 0.415627 0.572061 -0.572061 0.415629 
-0.0147268 0.062 0.062 0.1 -0.031 0.051 0.03 0.415627 0.572061 -0.572061 0.415629 
-0.0217698 0.062 0.062 0.1 0.051 -0.0062 0.04 -0.572061 -0.415627 0.572061 0.415629 
-0.0263715 0.062 0.062 0.1 -0.051 0.0186 0.03 0.707107 -4.32978e-17 0.707107 -4.32978e-17 
-0.0264001 0.062 0.062 0.1 -0.051 0.0186 0.04 0.707107 -4.32978e-17 0.707107 -4.32978e-17 
-0.0270601 0.062 0.062 0.1 -0.051 0.0248 0.04 0.707107 -4.32978e-17 0.707107 -4.32978e-17 
-0.0270656 0.062 0.062 0.1 -0.051 0.0248 0.03 0.707107 -4.32978e-17 0.707107 -4.32978e-17 
-0.0329462 0.062 0.062 0.1 0.051 0.0186 0.04 -0.672498 -0.218508 0.672499 0.218508 
-0.0353117 0.062 0.062 0.1 0.051 1.73472e-18 0.04 -0.572061 -0.415627 0.572061 0.415629 
-0.0443626 0.062 0.062 0.1 0.051 0.0062 0.04 -0.572061 -0.415627 0.572061 0.415629 
-0.0476021 0.062 0.062 0.1 0.051 -0.0248 0.04 0 -0.707107 0 0.707106 
-0.0477528 0.062 0.062 0.1 0.051 -0.031 0.04 0 -0.707107 0 0.707106 
-0.0477844 0.062 0.062 0.1 0.051 -0.0186 0.04 0 -0.707107 0 0.707106 
-0.0495689 0.062 0.062 0.1 0.051 -0.0248 0.03 0 -0.707107 0 0.707106 
-0.0496876 0.062 0.062 0.1 0.051 -0.0186 0.03 0 -0.707107 0 0.707106 
-0.0497201 0.062 0.062 0.1 0.051 -0.031 0.03 0 -0.707107 0 0.707106 
-0.0503398 0.062 0.062 0.1 0.051 0.0124 0.04 -0.572061 -0.415627 0.572061 0.415629 
-0.0544243 0.062 0.062 0.1 0.051 0.0186 0.04 -0.572061 -0.415627 0.572061 0.415629 
-0.0575391 0.062 0.062 0.1 0.051 0.0248 0.04 -0.572061 -0.415627 0.572061 0.415629 
-0.0614934 0.062 0.062 0.1 0.051 0.0248 0.03 -0.672498 -0.218508 0.672499 0.218508 
-0.0687028 0.062 0.062 0.1 0.051 0.0248 0.04 -0.672498 -0.218508 0.672499 0.218508 
-0.0712956 0.062 0.062 0.1 -0.051 -0.0124 0.04 -0.218508 0.672498 -0.218508 0.672499 
-0.114122 0.062 0.062 0.1 -0.051 -0.0186 0.04 -0.218508 0.672498 -0.218508 0.672499 
-0.142715 0.062 0.062 0.1 -0.051 -0.0248 0.03 -0.218508 0.672498 -0.218508 0.672499 
-0.149611 0.062 0.062 0.1 -0.051 -0.0248 0.04 -0.218508 0.672498 -0.218508 0.672499 
-0.166574 0.062 0.062 0.1 -0.051 -0.031 0.01 -0.218508 0.672498 -0.218508 0.672499 
-0.167881 0.062 0.062 0.1 -0.051 -0.031 0.02 -0.218508 0.672498 -0.218508 0.672499 
-0.169053 0.062 0.062 0.1 -0.051 -0.031 0.03 -0.218508 0.672498 -0.218508 0.672499 
-0.169976 0.062 0.062 0.1 -0.051 -0.031 0.04 -0.218508 0.672498 -0.218508 0.672499 
-0.174812 0.062 0.062 0.1 -0.051 -0.0248 0.04 0 0.707107 0 0.707106 
-0.175128 0.062 0.062 0.1 -0.051 -0.031 0.04 0 0.707107 0 0.707106 
-0.568887 0.062 0.062 0.1 -0.0124 0.0248 0.07 0.951057 0.309017 1.89218e-17 5.82354e-17 
-0.572779 0.062 0.062 0.1 -0.0186 0.0186 0.07 0.951057 0.309017 1.89218e-17 5.82354e-17 
-0.577024 0.062 0.062 0.1 -0.0248 0.0124 0.07 0.951057 0.309017 1.89218e-17 5.82354e-17 
-0.578382 0.062 0.062 0.1 -0.0062 0.0248 0.07 0.951057 0.309017 1.89218e-17 5.82354e-17 
-0.58191 0.062 0.062 0.1 -0.0186 0.0248 0.07 0.951057 0.309017 1.89218e-17 5.82354e-17 
-0.58527 0.062 0.062 0.1 -0.0248 0.0186 0.07 0.951057 0.309017 1.89218e-17 5.82354e-17 
-0.592575 0.062 0.062 0.1 -0.0248 0.0062 0.07 0.951057 0.309017 1.89218e-17 5.82354e-17 
-0.609827 0.062 0.062 0.1 -0.0248 0.0248 0.07 0.951057 0.309017 1.89218e-17 5.82354e-17 
-0.618955 0.062 0.062 0.1 -0.031 0.0124 0.07 0.951057 0.309017 1.89218e-17 5.82354e-17 
-0.621545 0.062 0.062 0.1 -0.031 0.0062 0.07 0.951057 0.309017 1.89218e-17 5.82354e-17 
-0.628734 0.062 0.062 0.1 -0.031 0.0186 0.07 0.951057 0.309017 1.89218e-17 5.82354e-17 
-0.639343 0.062 0.062 0.1 -0.0248 1.73472e-18 0.07 0.951057 0.309017 1.89218e-17 5.82354e-17 
-0.642385 0.062 0.062 0.1 -0.031 0.0248 0.07 0.951057 0.309017 1.89218e-17 5.82354e-17 
-0.644012 0.062 0.062 0.1 -0.031 1.73472e-18 0.07 0.951057 0.309017 1.89218e-17 5.82354e-17 
-11.1005 0.062 0.062 0.1 -0.0186 0.0248 0.07 1 0 0 6.12323e-17 
-11.1014 0.062 0.062 0.1 -0.0124 0.0248 0.07 1 0 0 6.12323e-17 
-11.1128 0.062 0.062 0.1 -0.0248 0.0248 0.07 1 0 0 6.12323e-17 
-11.1171 0.062 0.062 0.1 -0.0062 0.0248 0.07 1 0 0 6.12323e-17 
-11.1346 0.062 0.062 0.1 -0.031 0.0248 0.07 1 0 0 6.12323e-17 
-11.1406 0.062 0.062 0.1 -0.0124 0.0186 0.07 1 0 0 6.12323e-17 
-11.1407 0.062 0.062 0.1 -0.0062 0.0186 0.07 1 0 0 6.12323e-17 
-11.1468 0.062 0.062 0.1 1.73472e-18 0.0248 0.07 1 0 0 6.12323e-17 
-11.1582 0.062 0.062 0.1 1.73472e-18 0.0186 0.07 1 0 0 6.12323e-17 
-11.1603 0.062 0.062 0.1 -0.0186 0.0186 0.07 1 0 0 6.12323e-17 
-11.1869 0.062 0.062 0.1 0.0062 0.0248 0.07 1 0 0 6.12323e-17 
-11.1879 0.062 0.062 0.1 0.0062 0.0186 0.07 1 0 0 6.12323e-17 
-11.2001 0.062 0.062 0.1 -0.0248 0.0186 0.07 1 0 0 6.12323e-17 
-11.2224 0.062 0.062 0.1 0.0124 0.0186 0.07 1 0 0 6.12323e-17 
-11.2319 0.062 0.062 0.1 0.0124 0.0248 0.07 1 0 0 6.12323e-17 
-11.252 0.062 0.062 0.1 0.0186 0.0186 0.07 1 0 0 6.12323e-17 
-11.2647 0.062 0.062 0.1 0.0248 0.0186 0.07 1 0 0 6.12323e-17 
-11.2738 0.062 0.062 0.1 0.0186 0.0248 0.07 1 0 0 6.12323e-17 
-11.3022 0.062 0.062 0.1 0.0248 0.0248 0.07 1 0 0 6.12323e-17 
-38.8564 0.062 0.062 0.1 -0.0062 0.0248 0.07 0.951057 -0.309017 -1.89218e-17 5.82354e-17 
-38.9129 0.062 0.062 0.1 1.73472e-18 0.0186 0.07 0.951057 -0.309017 -1.89218e-17 5.82354e-17 
-38.9528 0.062 0.062 0.1 0.0062 0.0186 0.07 0.951057 -0.309017 -1.89218e-17 5.82354e-17 
-38.9639 0.062 0.062 0.1 1.73472e-18 0.0248 0.07 0.951057 -0.309017 -1.89218e-17 5.82354e-17 
-38.968 0.062 0.062 0.1 0.0124 0.0186 0.07 0.951057 -0.309017 -1.89218e-17 5.82354e-17 
-38.9704 0.062 0.062 0.1 0.0186 0.0186 0.07 0.951057 -0.309017 -1.89218e-17 5.82354e-17 
-38.9717 0.062 0.062 0.1 0.0248 0.0186 0.07 0.951057 -0.309017 -1.89218e-17 5.82354e-17 
-39.0248 0.062 0.062 0.1 0.0062 0.0248 0.07 0.951057 -0.309017 -1.89218e-17 5.82354e-17 
-39.0526 0.062 0.062 0.1 0.0124 0.0248 0.07 0.951057 -0.309017 -1.89218e-17 5.82354e-17 
-39.0605 0.062 0.062 0.1 0.0186 0.0248 0.07 0.951057 -0.309017 -1.89218e-17 5.82354e-17 
-39.0607 0.062 0.062 0.1 0.0248 0.0248 0.07 0.951057 -0.309017 -1.89218e-17 5.82354e-17 
-62.7879 0.062 0.062 0.1 0.0186 -0.031 0.07 0.809017 -0.587785 -3.59914e-17 4.9538e-17 
-62.8019 0.062 0.062 0.1 0.0248 -0.031 0.07 0.809017 -0.587785 -3.59914e-17 4.9538e-17 
-63.1134 0.062 0.062 0.1 0.0248 -0.0248 0.07 0.809017 -0.587785 -3.59914e-17 4.9538e-17 
-63.1149 0.062 0.062 0.1 0.0186 -0.0248 0.07 0.809017 -0.587785 -3.59914e-17 4.9538e-17 
-63.3833 0.062 0.062 0.1 0.0248 -0.0186 0.07 0.809017 -0.587785 -3.59914e-17 4.9538e-17 
-63.3933 0.062 0.062 0.1 0.0186 -0.0186 0.07 0.809017 -0.587785 -3.59914e-17 4.9538e-17 
-63.6233 0.062 0.062 0.1 0.0248 -0.0124 0.07 0.809017 -0.587785 -3.59914e-17 4.9538e-17 
-63.6365 0.062 0.062 0.1 0.0186 -0.0124 0.07 0.809017 -0.587785 -3.59914e-17 4.9538e-17 
-63.8422 0.062 0.062 0.1 0.0248 -0.0062 0.07 0.809017 -0.587785 -3.59914e-17 4.9538e-17 
-63.855 0.062 0.062 0.1 0.0186 -0.0062 0.07 0.809017 -0.587785 -3.59914e-17 4.9538e-17 
-64.0458 0.062 0.062 0.1 0.0248 1.73472e-18 0.07 0.809017 -0.587785 -3.59914e-17 4.9538e-17 
-64.056 0.062 0.062 0.1 0.0186 1.73472e-18 0.07 0.809017 -0.587785 -3.59914e-17 4.9538e-17 
-64.2365 0.062 0.062 0.1 0.0248 0.0062 0.07 0.809017 -0.587785 -3.59914e-17 4.9538e-17 
-64.244 0.062 0.062 0.1 0.0186 0.0062 0.07 0.809017 -0.587785 -3.59914e-17 4.9538e-17 
-64.4141 0.062 0.062 0.1 0.0248 0.0124 0.07 0.809017 -0.587785 -3.59914e-17 4.9538e-17 
-64.42 0.062 0.062 0.1 0.0186 0.0124 0.07 0.809017 -0.587785 -3.59914e-17 4.9538e-17 
-64.5746 0.062 0.062 0.1 0.0248 0.0186 0.07 0.809017 -0.587785 -3.59914e-17 4.9538e-17 
-64.5818 0.062 0.062 0.1 0.0186 0.0186 0.07 0.809017 -0.587785 -3.59914e-17 4.9538e-17 
-64.7094 0.062 0.062 0.1 0.0124 0.0248 0.07 0.809017 -0.587785 -3.59914e-17 4.9538e-17 
-64.7117 0.062 0.062 0.1 0.0248 0.0248 0.07 0.809017 -0.587785 -3.59914e-17 4.9538e-17 
-64.7247 0.062 0.062 0.1 0.0186 0.0248 0.07 0.809017 -0.587785 -3.59914e-17 4.9538e-17 
25.5071 0.062 0.062 0.1 0.0124 -0.031 0.07 -0.587785 0.809017 -4.9538e-17 -3.59915e-17 
25.4503 0.062 0.062 0.1 0.0186 -0.031 0.07 -0.587785 0.809017 -4.9538e-17 -3.59915e-17 
25.4096 0.062 0.062 0.1 0.0186 -0.0248 0.07 -0.587785 0.809017 -4.9538e-17 -3.59915e-17 
25.4002 0.062 0.062 0.1 0.0248 -0.031 0.07 -0.587785 0.809017 -4.9538e-17 -3.59915e-17 
25.3981 0.062 0.062 0.1 0.0248 -0.0248 0.07 -0.587785 0.809017 -4.9538e-17 -3.59915e-17 
25.3846 0.062 0.062 0.1 0.0124 -0.0248 0.07 -0.587785 0.809017 -4.9538e-17 -3.59915e-17 
25.3774 0.062 0.062 0.1 0.0248 -0.0186 0.07 -0.587785 0.809017 -4.9538e-17 -3.59915e-17 
25.3528 0.062 0.062 0.1 0.0186 -0.0186 0.07 -0.587785 0.809017 -4.9538e-17 -3.59915e-17 
25.3414 0.062 0.062 0.1 0.0248 -0.0124 0.07 -0.587785 0.809017 -4.9538e-17 -3.59915e-17 
25.2946 0.062 0.062 0.1 0.0248 -0.0062 0.07 -0.587785 0.809017 -4.9538e-17 -3.59915e-17 
25.2848 0.062 0.062 0.1 0.0186 -0.0124 0.07 -0.587785 0.809017 -4.9538e-17 -3.59915e-17 
25.2479 0.062 0.062 0.1 0.0124 -0.0186 0.07 -0.587785 0.809017 -4.9538e-17 -3.59915e-17 
25.2421 0.062 0.062 0.1 0.0248 1.73472e-18 0.07 -0.587785 0.809017 -4.9538e-17 -3.59915e-17 
25.2113 0.062 0.062 0.1 0.0186 -0.0062 0.07 -0.587785 0.809017 -4.9538e-17 -3.59915e-17 
25.1897 0.062 0.062 0.1 0.0248 0.0062 0.07 -0.587785 0.809017 -4.9538e-17 -3.59915e-17 
25.1442 0.062 0.062 0.1 0.0248 0.0124 0.07 -0.587785 0.809017 -4.9538e-17 -3.59915e-17 
25.1389 0.062 0.062 0.1 0.0186 1.73472e-18 0.07 -0.587785 0.809017 -4.9538e-17 -3.59915e-17 
25.103 0.062 0.062 0.1 0.0124 -0.0124 0.07 -0.587785 0.809017 -4.9538e-17 -3.59915e-17 
25.0749 0.062 0.062 0.1 0.0186 0.0062 0.07 -0.587785 0.809017 -4.9538e-17 -3.59915e-17 
24.9574 0.062 0.062 0.1 0.0124 -0.0062 0.07 -0.587785 0.809017 -4.9538e-17 -3.59915e-17 
24.819 0.062 0.062 0.1 0.0124 1.73472e-18 0.07 -0.587785 0.809017 -4.9538e-17 -3.59915e-17 
17.5504 0.062 0.062 0.1 -0.0186 0.0248 0.07 0.587785 0.809017 -4.9538e-17 3.59915e-17 
17.4994 0.062 0.062 0.1 -0.0248 0.0248 0.07 0.587785 0.809017 -4.9538e-17 3.59915e-17 
17.4989 0.062 0.062 0.1 -0.031 0.0248 0.07 0.587785 0.809017 -4.9538e-17 3.59915e-17 
17.4512 0.062 0.062 0.1 -0.0186 0.0186 0.07 0.587785 0.809017 -4.9538e-17 3.59915e-17 
17.4068 0.062 0.062 0.1 -0.0248 0.0186 0.07 0.587785 0.809017 -4.9538e-17 3.59915e-17 
17.406 0.062 0.062 0.1 -0.031 0.0186 0.07 0.587785 0.809017 -4.9538e-17 3.59915e-17 
17.3556 0.062 0.062 0.1 -0.0186 0.0124 0.07 0.587785 0.809017 -4.9538e-17 3.59915e-17 
17.3142 0.062 0.062 0.1 -0.0248 0.0124 0.07 0.587785 0.809017 -4.9538e-17 3.59915e-17 
17.3086 0.062 0.062 0.1 -0.031 0.0124 0.07 0.587785 0.809017 -4.9538e-17 3.59915e-17 
17.2538 0.062 0.062 0.1 -0.0186 0.0062 0.07 0.587785 0.809017 -4.9538e-17 3.59915e-17 
17.2128 0.062 0.062 0.1 -0.0248 0.0062 0.07 0.587785 0.809017 -4.9538e-17 3.59915e-17 
17.1988 0.062 0.062 0.1 -0.031 0.0062 0.07 0.587785 0.809017 -4.9538e-17 3.59915e-17 
17.1386 0.062 0.062 0.1 -0.0186 1.73472e-18 0.07 0.587785 0.809017 -4.9538e-17 3.59915e-17 
17.0967 0.062 0.062 0.1 -0.0248 1.73472e-18 0.07 0.587785 0.809017 -4.9538e-17 3.59915e-17 
17.0721 0.062 0.062 0.1 -0.031 1.73472e-18 0.07 0.587785 0.809017 -4.9538e-17 3.59915e-17 
17.0063 0.062 0.062 0.1 -0.0186 -0.0062 0.07 0.587785 0.809017 -4.9538e-17 3.59915e-17 
16.9632 0.062 0.062 0.1 -0.0248 -0.0062 0.07 0.587785 0.809017 -4.9538e-17 3.59915e-17 
16.927 0.062 0.062 0.1 -0.031 -0.0062 0.07 0.587785 0.809017 -4.9538e-17 3.59915e-17 
16.856 0.062 0.062 0.1 -0.0186 -0.0124 0.07 0.587785 0.809017 -4.9538e-17 3.59915e-17 
16.8127 0.062 0.062 0.1 -0.0248 -0.0124 0.07 0.587785 0.809017 -4.9538e-17 3.59915e-17 
16.7651 0.062 0.062 0.1 -0.031 -0.0124 0.07 0.587785 0.809017 -4.9538e-17 3.59915e-17 
16.6902 0.062 0.062 0.1 -0.0186 -0.0186 0.07 0.587785 0.809017 -4.9538e-17 3.59915e-17 
16.649 0.062 0.062 0.1 -0.0248 -0.0186 0.07 0.587785 0.809017 -4.9538e-17 3.59915e-17 
16.5913 0.062 0.062 0.1 -0.031 -0.0186 0.07 0.587785 0.809017 -4.9538e-17 3.59915e-17 
16.5509 0.062 0.062 0.1 -0.0124 -0.0248 0.07 0.587785 0.809017 -4.9538e-17 3.59915e-17 
16.5146 0.062 0.062 0.1 -0.0186 -0.0248 0.07 0.587785 0.809017 -4.9538e-17 3.59915e-17 
16.4787 0.062 0.062 0.1 -0.0248 -0.0248 0.07 0.587785 0.809017 -4.9538e-17 3.59915e-17 
16.4133 0.062 0.062 0.1 -0.031 -0.0248 0.07 0.587785 0.809017 -4.9538e-17 3.59915e-17 
16.3809 0.062 0.062 0.1 -0.0062 -0.031 0.07 0.587785 0.809017 -4.9538e-17 3.59915e-17 
16.3509 0.062 0.062 0.1 -0.0124 -0.031 0.07 0.587785 0.809017 -4.9538e-17 3.59915e-17 
16.3378 0.062 0.062 0.1 -0.0186 -0.031 0.07 0.587785 0.809017 -4.9538e-17 3.59915e-17 
16.3117 0.062 0.062 0.1 -0.0248 -0.031 0.07 0.587785 0.809017 -4.9538e-17 3.59915e-17 
16.2425 0.062 0.062 0.1 -0.031 -0.031 0.07 0.587785 0.809017 -4.9538e-17 3.59915e-17 
11.6363 0.062 0.062 0.1 -0.031 -0.0124 0.07 0.309017 0.951057 -5.82354e-17 1.89218e-17 
11.564 0.062 0.062 0.1 -0.0186 -0.0186 0.07 0.309017 0.951057 -5.82354e-17 1.89218e-17 
11.5601 0.062 0.062 0.1 -0.0124 -0.0186 0.07 0.309017 0.951057 -5.82354e-17 1.89218e-17 
11.5497 0.062 0.062 0.1 -0.0248 -0.0186 0.07 0.309017 0.951057 -5.82354e-17 1.89218e-17 
11.5491 0.062 0.062 0.1 -0.0062 -0.0186 0.07 0.309017 0.951057 -5.82354e-17 1.89218e-17 
11.543 0.062 0.062 0.1 1.73472e-18 -0.0186 0.07 0.309017 0.951057 -5.82354e-17 1.89218e-17 
11.5068 0.062 0.062 0.1 -0.031 -0.0186 0.07 0.309017 0.951057 -5.82354e-17 1.89218e-17 
11.5034 0.062 0.062 0.1 0.0062 -0.0248 0.07 0.309017 0.951057 -5.82354e-17 1.89218e-17 
11.4574 0.062 0.062 0.1 1.73472e-18 -0.0248 0.07 0.309017 0.951057 -5.82354e-17 1.89218e-17 
11.439 0.062 0.062 0.1 -0.0062 -0.0248 0.07 0.309017 0.951057 -5.82354e-17 1.89218e-17 
11.4349 0.062 0.062 0.1 -0.0124 -0.0248 0.07 0.309017 0.951057 -5.82354e-17 1.89218e-17 
11.4323 0.062 0.062 0.1 -0.0186 -0.0248 0.07 0.309017 0.951057 -5.82354e-17 1.89218e-17 
11.4191 0.062 0.062 0.1 -0.0248 -0.0248 0.07 0.309017 0.951057 -5.82354e-17 1.89218e-17 
11.3837 0.062 0.062 0.1 -0.031 -0.0248 0.07 0.309017 0.951057 -5.82354e-17 1.89218e-17 
11.3553 0.062 0.062 0.1 0.0062 -0.031 0.07 0.309017 0.951057 -5.82354e-17 1.89218e-17 
11.2933 0.062 0.062 0.1 1.73472e-18 -0.031 0.07 0.309017 0.951057 -5.82354e-17 1.89218e-17 
11.2768 0.062 0.062 0.1 -0.0248 -0.031 0.07 0.309017 0.951057 -5.82354e-17 1.89218e-17 
11.2735 0.062 0.062 0.1 -0.0186 -0.031 0.07 0.309017 0.951057 -5.82354e-17 1.89218e-17 
11.2683 0.062 0.062 0.1 -0.0062 -0.031 0.07 0.309017 0.951057 -5.82354e-17 1.89218e-17 
11.2664 0.062 0.062 0.1 -0.0124 -0.031 0.07 0.309017 0.951057 -5.82354e-17 1.89218e-17 
11.2637 0.062 0.062 0.1 -0.031 -0.031 0.07 0.309017 0.951057 -5.82354e-17 1.89218e-17 
9.13368 0.062 0.062 0.1 -0.0124 0.0248 0.07 0.809017 0.587785 3.59914e-17 4.9538e-17 
9.12211 0.062 0.062 0.1 -0.0186 0.0248 0.07 0.809017 0.587785 3.59914e-17 4.9538e-17 
9.09831 0.062 0.062 0.1 -0.0248 0.0248 0.07 0.809017 0.587785 3.59914e-17 4.9538e-17 
9.06361 0.062 0.062 0.1 -0.0248 0.0186 0.07 0.809017 0.587785 3.59914e-17 4.9538e-17 
9.05612 0.062 0.062 0.1 -0.031 0.0248 0.07 0.809017 0.587785 3.59914e-17 4.9538e-17 
9.05139 0.062 0.062 0.1 -0.0186 0.0186 0.07 0.809017 0.587785 3.59914e-17 4.9538e-17 
9.02094 0.062 0.062 0.1 -0.0248 0.0124 0.07 0.809017 0.587785 3.59914e-17 4.9538e-17 
9.01332 0.062 0.062 0.1 -0.031 0.0186 0.07 0.809017 0.587785 3.59914e-17 4.9538e-17 
8.99871 0.062 0.062 0.1 -0.031 0.051 0.03 0.218508 0.672499 -0.672499 0.218502 
8.98354 0.062 0.062 0.1 -0.0124 0.0186 0.07 0.809017 0.587785 3.59914e-17 4.9538e-17 
8.97831 0.062 0.062 0.1 -0.0186 0.0124 0.07 0.809017 0.587785 3.59914e-17 4.9538e-17 
8.97252 0.062 0.062 0.1 -0.0248 0.0062 0.07 0.809017 0.587785 3.59914e-17 4.9538e-17 
8.95643 0.062 0.062 0.1 -0.031 0.0124 0.07 0.809017 0.587785 3.59914e-17 4.9538e-17 
8.92194 0.062 0.062 0.1 -0.0248 1.73472e-18 0.07 0.809017 0.587785 3.59914e-17 4.9538e-17 
8.90478 0.062 0.062 0.1 -0.0186 0.0062 0.07 0.809017 0.587785 3.59914e-17 4.9538e-17 
8.88711 0.062 0.062 0.1 -0.031 0.0062 0.07 0.809017 0.587785 3.59914e-17 4.9538e-17 
8.87524 0.062 0.062 0.1 -0.0248 -0.0062 0.07 0.809017 0.587785 3.59914e-17 4.9538e-17 
8.84032 0.062 0.062 0.1 -0.0248 -0.0124 0.07 0.809017 0.587785 3.59914e-17 4.9538e-17 
8.83539 0.062 0.062 0.1 -0.0124 0.0124 0.07 0.809017 0.587785 3.59914e-17 4.9538e-17 
8.83498 0.062 0.062 0.1 -0.0186 1.73472e-18 0.07 0.809017 0.587785 3.59914e-17 4.9538e-17 
8.80902 0.062 0.062 0.1 -0.031 1.73472e-18 0.07 0.809017 0.587785 3.59914e-17 4.9538e-17 
8.77497 0.062 0.062 0.1 -0.0186 -0.0062 0.07 0.809017 0.587785 3.59914e-17 4.9538e-17 
8.72811 0.062 0.062 0.1 -0.031 -0.0062 0.07 0.809017 0.587785 3.59914e-17 4.9538e-17 
8.69127 0.062 0.062 0.1 -0.0124 0.0062 0.07 0.809017 0.587785 3.59914e-17 4.9538e-17 
8.65206 0.062 0.062 0.1 -0.031 -0.0124 0.07 0.809017 0.587785 3.59914e-17 4.9538e-17 
8.64994 0.062 0.062 0.1 -0.0062 -0.031 0.07 -0.309017 0.951057 -5.82354e-17 -1.89218e-17 
8.64771 0.062 0.062 0.1 1.73472e-18 -0.031 0.07 -0.309017 0.951057 -5.82354e-17 -1.89218e-17 
8.63505 0.062 0.062 0.1 -0.0124 -0.031 0.07 -0.309017 0.951057 -5.82354e-17 -1.89218e-17 
8.63053 0.062 0.062 0.1 0.0062 -0.031 0.07 -0.309017 0.951057 -5.82354e-17 -1.89218e-17 
8.60442 0.062 0.062 0.1 0.0124 -0.0248 0.07 -0.309017 0.951057 -5.82354e-17 -1.89218e-17 
8.60318 0.062 0.062 0.1 -0.0186 -0.031 0.07 -0.309017 0.951057 -5.82354e-17 -1.89218e-17 
8.60276 0.062 0.062 0.1 0.0124 -0.031 0.07 -0.309017 0.951057 -5.82354e-17 -1.89218e-17 
8.60163 0.062 0.062 0.1 0.0186 -0.0186 0.07 -0.309017 0.951057 -5.82354e-17 -1.89218e-17 
8.59929 0.062 0.062 0.1 0.0186 -0.0248 0.07 -0.309017 0.951057 -5.82354e-17 -1.89218e-17 
8.59247 0.062 0.062 0.1 0.0248 -0.0186 0.07 -0.309017 0.951057 -5.82354e-17 -1.89218e-17 
8.59068 0.062 0.062 0.1 0.0248 -0.0124 0.07 -0.309017 0.951057 -5.82354e-17 -1.89218e-17 
8.59059 0.062 0.062 0.1 -0.031 -0.0186 0.07 0.809017 0.587785 3.59914e-17 4.9538e-17 
8.58182 0.062 0.062 0.1 0.0062 -0.0248 0.07 -0.309017 0.951057 -5.82354e-17 -1.89218e-17 
8.57447 0.062 0.062 0.1 0.0248 -0.0248 0.07 -0.309017 0.951057 -5.82354e-17 -1.89218e-17 
8.57152 0.062 0.062 0.1 0.0186 -0.031 0.07 -0.309017 0.951057 -5.82354e-17 -1.89218e-17 
8.561 0.062 0.062 0.1 0.0248 -0.0062 0.07 -0.309017 0.951057 -5.82354e-17 -1.89218e-17 
8.55687 0.062 0.062 0.1 -0.0248 -0.031 0.07 -0.309017 0.951057 -5.82354e-17 -1.89218e-17 
8.55597 0.062 0.062 0.1 -0.0124 1.73472e-18 0.07 0.809017 0.587785 3.59914e-17 4.9538e-17 
8.55556 0.062 0.062 0.1 -0.031 -0.0248 0.07 0.809017 0.587785 3.59914e-17 4.9538e-17 
8.54575 0.062 0.062 0.1 0.0248 -0.031 0.07 -0.309017 0.951057 -5.82354e-17 -1.89218e-17 
8.50082 0.062 0.062 0.1 -0.031 -0.031 0.07 -0.309017 0.951057 -5.82354e-17 -1.89218e-17 
8.49555 0.062 0.062 0.1 0.0248 1.73472e-18 0.07 -0.309017 0.951057 -5.82354e-17 -1.89218e-17 
5.91508 0.062 0.062 0.1 -0.031 0.051 0.04 0.218508 0.672499 -0.672499 0.218502 
5.8892 0.062 0.062 0.1 -0.0248 0.051 0.04 0.218508 0.672499 -0.672499 0.218502 
5.84977 0.062 0.062 0.1 -0.0186 0.051 0.04 0.218508 0.672499 -0.672499 0.218502 
5.79452 0.062 0.062 0.1 -0.0124 0.051 0.04 0.218508 0.672499 -0.672499 0.218502 
5.72151 0.062 0.062 0.1 -0.0062 0.051 0.04 0.218508 0.672499 -0.672499 0.218502 
5.62869 0.062 0.062 0.1 1.73472e-18 0.051 0.04 0.218508 0.672499 -0.672499 0.218502 
3.75248 0.062 0.062 0.1 0.0248 -0.051 0.04 -0.672499 0.218508 0.218508 0.672498 
3.62233 0.062 0.062 0.1 0.0186 -0.051 0.04 -0.672499 0.218508 0.218508 0.672498 
3.61334 0.062 0.062 0.1 0.0062 -0.0248 0.07 6.12323e-17 1 -6.12323e-17 3.7494e-33 
3.6062 0.062 0.062 0.1 0.0124 -0.0248 0.07 6.12323e-17 1 -6.12323e-17 3.7494e-33 
3.60229 0.062 0.062 0.1 1.73472e-18 -0.031 0.07 6.12323e-17 1 -6.12323e-17 3.7494e-33 
3.60206 0.062 0.062 0.1 0.0062 -0.031 0.07 6.12323e-17 1 -6.12323e-17 3.7494e-33 
3.60113 0.062 0.062 0.1 1.73472e-18 -0.0248 0.07 6.12323e-17 1 -6.12323e-17 3.7494e-33 
3.59564 0.062 0.062 0.1 0.0062 -0.0186 0.07 6.12323e-17 1 -6.12323e-17 3.7494e-33 
3.59552 0.062 0.062 0.1 1.73472e-18 -0.0186 0.07 6.12323e-17 1 -6.12323e-17 3.7494e-33 
3.5872 0.062 0.062 0.1 -0.0062 -0.031 0.07 6.12323e-17 1 -6.12323e-17 3.7494e-33 
3.58506 0.062 0.062 0.1 0.0124 -0.031 0.07 6.12323e-17 1 -6.12323e-17 3.7494e-33 
3.5787 0.062 0.062 0.1 0.0186 -0.0248 0.07 6.12323e-17 1 -6.12323e-17 3.7494e-33 
3.57761 0.062 0.062 0.1 -0.0062 -0.0186 0.07 6.12323e-17 1 -6.12323e-17 3.7494e-33 
3.57283 0.062 0.062 0.1 0.0124 -0.0186 0.07 6.12323e-17 1 -6.12323e-17 3.7494e-33 
3.57266 0.062 0.062 0.1 -0.0062 -0.0248 0.07 6.12323e-17 1 -6.12323e-17 3.7494e-33 
3.56089 0.062 0.062 0.1 -0.0124 -0.031 0.07 6.12323e-17 1 -6.12323e-17 3.7494e-33 
3.55212 0.062 0.062 0.1 0.0186 -0.031 0.07 6.12323e-17 1 -6.12323e-17 3.7494e-33 
3.54931 0.062 0.062 0.1 -0.0124 -0.0186 0.07 6.12323e-17 1 -6.12323e-17 3.7494e-33 
3.53383 0.062 0.062 0.1 -0.0124 -0.0248 0.07 6.12323e-17 1 -6.12323e-17 3.7494e-33 
3.53226 0.062 0.062 0.1 0.0248 -0.0248 0.07 6.12323e-17 1 -6.12323e-17 3.7494e-33 
3.52954 0.062 0.062 0.1 -0.0186 -0.031 0.07 6.12323e-17 1 -6.12323e-17 3.7494e-33 
3.5244 0.062 0.062 0.1 0.0186 -0.0186 0.07 6.12323e-17 1 -6.12323e-17 3.7494e-33 
3.52019 0.062 0.062 0.1 -0.0186 -0.0186 0.07 6.12323e-17 1 -6.12323e-17 3.7494e-33 
3.51033 0.062 0.062 0.1 -0.031 -0.0186 0.07 6.12323e-17 1 -6.12323e-17 3.7494e-33 
3.50643 0.062 0.062 0.1 0.0248 -0.031 0.07 6.12323e-17 1 -6.12323e-17 3.7494e-33 
3.50242 0.062 0.062 0.1 -0.0248 -0.0186 0.07 6.12323e-17 1 -6.12323e-17 3.7494e-33 
3.50175 0.062 0.062 0.1 -0.0248 -0.031 0.07 6.12323e-17 1 -6.12323e-17 3.7494e-33 
3.49259 0.062 0.062 0.1 -0.0186 -0.0248 0.07 6.12323e-17 1 -6.12323e-17 3.7494e-33 
3.48838 0.062 0.062 0.1 -0.031 -0.031 0.07 6.12323e-17 1 -6.12323e-17 3.7494e-33 
3.48202 0.062 0.062 0.1 0.0124 -0.051 0.04 -0.672499 0.218508 0.218508 0.672498 
3.45931 0.062 0.062 0.1 -0.0248 -0.0248 0.07 6.12323e-17 1 -6.12323e-17 3.7494e-33 
3.45035 0.062 0.062 0.1 0.0248 -0.0186 0.07 6.12323e-17 1 -6.12323e-17 3.7494e-33 
3.44638 0.062 0.062 0.1 -0.031 -0.0248 0.07 6.12323e-17 1 -6.12323e-17 3.7494e-33 
3.33065 0.062 0.062 0.1 0.0062 -0.051 0.04 -0.672499 0.218508 0.218508 0.672498 
3.1674 0.062 0.062 0.1 1.73472e-18 -0.051 0.04 -0.672499 0.218508 0.218508 0.672498 
0.171758 0.062 0.062 0.1 -0.051 0.0062 0.04 -0.415627 0.572061 -0.415627 0.572062 
0.156073 0.062 0.062 0.1 -0.051 1.73472e-18 0.04 -0.415627 0.572061 -0.415627 0.572062 
0.144729 0.062 0.062 0.1 -0.051 -0.0062 0.04 -0.415627 0.572061 -0.415627 0.572062 
0.136311 0.062 0.062 0.1 -0.051 -0.0124 0.04 -0.415627 0.572061 -0.415627 0.572062 
0.129666 0.062 0.062 0.1 -0.051 -0.0186 0.04 -0.415627 0.572061 -0.415627 0.572062 
0.128655 0.062 0.062 0.1 -0.0186 0.051 0.03 0.415627 0.572061 -0.572061 0.415629 
0.123978 0.062 0.062 0.1 -0.0186 0.051 0.04 0.415627 0.572061 -0.572061 0.415629 
0.123942 0.062 0.062 0.1 -0.051 -0.0248 0.04 -0.415627 0.572061 -0.415627 0.572062 
0.118634 0.062 0.062 0.1 -0.051 -0.031 0.04 -0.415627 0.572061 -0.415627 0.572062 
0.0901852 0.062 0.062 0.1 0.0186 -0.051 0.03 -0.572061 0.415627 0.415627 0.572062 
0.0874023 0.062 0.062 0.1 0.0186 -0.051 0.04 -0.572061 0.415627 0.415627 0.572062 
0.0726961 0.062 0.062 0.1 0.051 0.0248 0.04 0.707107 -4.32978e-17 -0.707107 4.32978e-17 
0.050836 0.062 0.062 0.1 -0.0248 0.051 0.03 0.415627 0.572061 -0.572061 0.415629 
0.0459776 0.062 0.062 0.1 -0.0248 0.051 0.04 0.415627 0.572061 -0.572061 0.415629 
0.0273895 0.062 0.062 0.1 0.0248 -0.051 0.03 -0.572061 0.415627 0.415627 0.572062 
0.0234699 0.062 0.062 0.1 0.0248 -0.051 0.04 -0.572061 0.415627 0.415627 0.572062 
0.0109394 0.062 0.062 0.1 0.051 0.0124 0.04 -0.672498 -0.218508 0.672499 0.218508 
-0.0129608 0.062 0.062 0.1 -0.031 0.051 0.04 0.415627 0.572061 -0.572061 0.415629 
-0.0147268 0.062 0.062 0.1 -0.031 0.051 0.03 0.415627 0.572061 -0.572061 0.415629 
-0.0217698 0.062 0.062 0.1 0.051 -0.0062 0.04 -0.572061 -0.415627 0.572061 0.415629 
-0.0263715 0.062 0.062 0.1 -0.051 0.0186 0.03 0.707107 -4.32978e-17 0.707107 -4.32978e-17 
-0.0264001 0.062 0.062 0.1 -0.051 0.0186 0.04 0.707107 -4.32978e-17 0.707107 -4.32978e-17 
-0.0270601 0.062 0.062 0.1 -0.051 0.0248 0.04 0.707107 -4.32978e-17 0.707107 -4.32978e-17 
-0.0270656 0.062 0.062 0.1 -0.051 0.0248 0.03 0.707107 -4.32978e-17 0.707107 -4.32978e-17 
-0.0329462 0.062 0.062 0.1 0.051 0.0186 0.04 -0.672498 -0.218508 0.672499 0.218508 
-0.0353117 0.062 0.062 0.1 0.051 1.73472e-18 0.04 -0.572061 -0.415627 0.572061 0.415629 
-0.0443626 0.062 0.062 0.1 0.051 0.0062 0.04 -0.572061 -0.415627 0.572061 0.415629 
-0.0476021 0.062 0.062 0.1 0.051 -0.0248 0.04 0 -0.707107 0 0.707106 
-0.0477528 0.062 0.062 0.1 0.051 -0.031 0.04 0 -0.707107 0 0.707106 
-0.0477844 0.062 0.062 0.1 0.051 -0.0186 0.04 0 -0.707107 0 0.707106 
-0.0495689 0.062 0.062 0.1 0.051 -0.0248 0.03 0 -0.707107 0 0.707106 
-0.0496876 0.062 0.062 0.1 0.051 -0.0186 0.03 0 -0.707107 0 0.707106 
-0.0497201 0.062 0.062 0.1 0.051 -0.031 0.03 0 -0.707107 0 0.707106 
-0.0503398 0.062 0.062 0.1 0.051 0.0124 0.04 -0.572061 -0.415627 0.572061 0.415629 
-0.0544243 0.062 0.062 0.1 0.051 0.0186 0.04 -0.572061 -0.415627 0.572061 0.415629 
-0.0575391 0.062 0.062 0.1 0.051 0.0248 0.04 -0.572061 -0.415627 0.572061 0.415629 
-0.0614934 0.062 0.062 0.1 0.051 0.0248 0.03 -0.672498 -0.218508 0.672499 0.218508 
-0.0687028 0.062 0.062 0.1 0.051 0.0248 0.04 -0.672498 -0.218508 0.672499 0.218508 
-0.0712956 0.062 0.062 0.1 -0.051 -0.0124 0.04 -0.218508 0.672498 -0.218508 0.672499 
-0.114122 0.062 0.062 0.1 -0.051 -0.0186 0.04 -0.218508 0.672498 -0.218508 0.672499 
-0.142715 0.062 0.062 0.1 -0.051 -0.0248 0.03 -0.218508 0.672498 -0.218508 0.672499 
-0.149611 0.062 0.062 0.1 -0.051 -0.0248 0.04 -0.218508 0.672498 -0.218508 0.672499 
-0.166574 0.062 0.062 0.1 -0.051 -0.031 0.01 -0.218508 0.672498 -0.218508 0.672499 
-0.167881 0.062 0.062 0.1 -0.051 -0.031 0.02 -0.218508 0.672498 -0.218508 0.672499 
-0.169053 0.062 0.062 0.1 -0.051 -0.031 0.03 -0.218508 0.672498 -0.218508 0.672499 
-0.169976 0.062 0.062 0.1 -0.051 -0.031 0.04 -0.218508 0.672498 -0.218508 0.672499 
-0.174812 0.062 0.062 0.1 -0.051 -0.0248 0.04 0 0.707107 0 0.707106 
-0.175128 0.062 0.062 0.1 -0.051 -0.031 0.04 0 0.707107 0 0.707106 
-0.568887 0.062 0.062 0.1 -0.0124 0.0248 0.07 0.951057 0.309017 1.89218e-17 5.82354e-17 
-0.572779 0.062 0.062 0.1 -0.0186 0.0186 0.07 0.951057 0.309017 1.89218e-17 5.82354e-17 
-0.577024 0.062 0.062 0.1 -0.0248 0.0124 0.07 0.951057 0.309017 1.89218e-17 5.82354e-17 
-0.578382 0.062 0.062 0.1 -0.0062 0.0248 0.07 0.951057 0.309017 1.89218e-17 5.82354e-17 
-0.58191 0.062 0.062 0.1 -0.0186 0.0248 0.07 0.951057 0.309017 1.89218e-17 5.82354e-17 
-0.58527 0.062 0.062 0.1 -0.0248 0.0186 0.07 0.951057 0.309017 1.89218e-17 5.82354e-17 
-0.592575 0.062 0.062 0.1 -0.0248 0.0062 0.07 0.951057 0.309017 1.89218e-17 5.82354e-17 
-0.609827 0.062 0.062 0.1 -0.0248 0.0248 0.07 0.951057 0.309017 1.89218e-17 5.82354e-17 
-0.618955 0.062 0.062 0.1 -0.031 0.0124 0.07 0.951057 0.309017 1.89218e-17 5.82354e-17 
-0.621545 0.062 0.062 0.1 -0.031 0.0062 0.07 0.951057 0.309017 1.89218e-17 5.82354e-17 
-0.628734 0.062 0.062 0.1 -0.031 0.0186 0.07 0.951057 0.309017 1.89218e-17 5.82354e-17 
-0.639343 0.062 0.062 0.1 -0.0248 1.73472e-18 0.07 0.951057 0.309017 1.89218e-17 5.82354e-17 
-0.642385 0.062 0.062 0.1 -0.031 0.0248 0.07 0.951057 0.309017 1.89218e-17 5.82354e-17 
-0.644012 0.062 0.062 0.1 -0.031 1.73472e-18 0.07 0.951057 0.309017 1.89218e-17 5.82354e-17 
-11.1005 0.062 0.062 0.1 -0.0186 0.0248 0.07 1 0 0 6.12323e-17 
-11.1014 0.062 0.062 0.1 -0.0124 0.0248 0.07 1 0 0 6.12323e-17 
-11.1128 0.062 0.062 0.1 -0.0248 0.0248 0.07 1 0 0 6.12323e-17 
-11.1171 0.062 0.062 0.1 -0.0062 0.0248 0.07 1 0 0 6.12323e-17 
-11.1346 0.062 0.062 0.1 -0.031 0.0248 0.07 1 0 0 6.12323e-17 
-11.1406 0.062 0.062 0.1 -0.0124 0.0186 0.07 1 0 0 6.12323e-17 
-11.1407 0.062 0.062 0.1 -0.0062 0.0186 0.07 1 0 0 6.12323e-17 
-11.1468 0.062 0.062 0.1 1.73472e-18 0.0248 0.07 1 0 0 6.12323e-17 
-11.1582 0.062 0.062 0.1 1.73472e-18 0.0186 0.07 1 0 0 6.12323e-17 
-11.1603 0.062 0.062 0.1 -0.0186 0.0186 0.07 1 0 0 6.12323e-17 
-11.1869 0.062 0.062 0.1 0.0062 0.0248 0.07 1 0 0 6.12323e-17 
-11.1879 0.062 0.062 0.1 0.0062 0.0186 0.07 1 0 0 6.12323e-17 
-11.2001 0.062 0.062 0.1 -0.0248 0.0186 0.07 1 0 0 6.12323e-17 
-11.2224 0.062 0.062 0.1 0.0124 0.0186 0.07 1 0 0 6.12323e-17 
-11.2319 0.062 0.062 0.1 0.0124 0.0248 0.07 1 0 0 6.12323e-17 
-11.252 0.062 0.062 0.1 0.0186 0.0186 0.07 1 0 0 6.12323e-17 
-11.2647 0.062 0.062 0.1 0.0248 0.0186 0.07 1 0 0 6.12323e-17 
-11.2738 0.062 0.062 0.1 0.0186 0.0248 0.07 1 0 0 6.12323e-17 
-11.3022 0.062 0.062 0.1 0.0248 0.0248 0.07 1 0 0 6.12323e-17 
-38.8564 0.062 0.062 0.1 -0.0062 0.0248 0.07 0.951057 -0.309017 -1.89218e-17 5.82354e-17 
-38.9129 0.062 0.062 0.1 1.73472e-18 0.0186 0.07 0.951057 -0.309017 -1.89218e-17 5.82354e-17 
-38.9528 0.062 0.062 0.1 0.0062 0.0186 0.07 0.951057 -0.309017 -1.89218e-17 5.82354e-17 
-38.9639 0.062 0.062 0.1 1.73472e-18 0.0248 0.07 0.951057 -0.309017 -1.89218e-17 5.82354e-17 
-38.968 0.062 0.062 0.1 0.0124 0.0186 0.07 0.951057 -0.309017 -1.89218e-17 5.82354e-17 
-38.9704 0.062 0.062 0.1 0.0186 0.0186 0.07 0.951057 -0.309017 -1.89218e-17 5.82354e-17 
-38.9717 0.062 0.062 0.1 0.0248 0.0186 0.07 0.951057 -0.309017 -1.89218e-17 5.82354e-17 
-39.0248 0.062 0.062 0.1 0.0062 0.0248 0.07 0.951057 -0.309017 -1.89218e-17 5.82354e-17 
-39.0526 0.062 0.062 0.1 0.0124 0.0248 0.07 0.951057 -0.309017 -1.89218e-17 5.82354e-17 
-39.0605 0.062 0.062 0.1 0.0186 0.0248 0.07 0.951057 -0.309017 -1.89218e-17 5.82354e-17 
-39.0607 0.062 0.062 0.1 0.0248 0.0248 0.07 0.951057 -0.309017 -1.89218e-17 5.82354e-17 
-62.7879 0.062 0.062 0.1 0.0186 -0.031 0.07 0.809017 -0.587785 -3.59914e-17 4.9538e-17 
-62.8019 0.062 0.062 0.1 0.0248 -0.031 0.07 0.809017 -0.587785 -3.59914e-17 4.9538e-17 
-63.1134 0.062 0.062 0.1 0.0248 -0.0248 0.07 0.809017 -0.587785 -3.59914e-17 4.9538e-17 
-63.1149 0.062 0.062 0.1 0.0186 -0.0248 0.07 0.809017 -0.587785 -3.59914e-17 4.9538e-17 
-63.3833 0.062 0.062 0.1 0.0248 -0.0186 0.07 0.809017 -0.587785 -3.59914e-17 4.9538e-17 
-63.3933 0.062 0.062 0.1 0.0186 -0.0186 0.07 0.809017 -0.587785 -3.59914e-17 4.9538e-17 
-63.6233 0.062 0.062 0.1 0.0248 -0.0124 0.07 0.809017 -0.587785 -3.59914e-17 4.9538e-17 
-63.6365 0.062 0.062 0.1 0.0186 -0.0124 0.07 0.809017 -0.587785 -3.59914e-17 4.9538e-17 
-63.8422 0.062 0.062 0.1 0.0248 -0.0062 0.07 0.809017 -0.587785 -3.59914e-17 4.9538e-17 
-63.855 0.062 0.062 0.1 0.0186 -0.0062 0.07 0.809017 -0.587785 -3.59914e-17 4.9538e-17 
-64.0458 0.062 0.062 0.1 0.0248 1.73472e-18 0.07 0.809017 -0.587785 -3.59914e-17 4.9538e-17 
-64.056 0.062 0.062 0.1 0.0186 1.73472e-18 0.07 0.809017 -0.587785 -3.59914e-17 4.9538e-17 
-64.2365 0.062 0.062 0.1 0.0248 0.0062 0.07 0.809017 -0.587785 -3.59914e-17 4.9538e-17 
-64.244 0.062 0.062 0.1 0.0186 0.0062 0.07 0.809017 -0.587785 -3.59914e-17 4.9538e-17 
-64.4141 0.062 0.062 0.1 0.0248 0.0124 0.07 0.809017 -0.587785 -3.59914e-17 4.9538e-17 
-64.42 0.062 0.062 0.1 0.0186 0.0124 0.07 0.809017 -0.587785 -3.59914e-17 4.9538e-17 
-64.5746 0.062 0.062 0.1 0.0248 0.0186 0.07 0.809017 -0.587785 -3.59914e-17 4.9538e-17 
-64.5818 0.062 0.062 0.1 0.0186 0.0186 0.07 0.809017 -0.587785 -3.59914e-17 4.9538e-17 
-64.7094 0.062 0.062 0.1 0.0124 0.0248 0.07 0.809017 -0.587785 -3.59914e-17 4.9538e-17 
-64.7117 0.062 0.062 0.1 0.0248 0.0248 0.07 0.809017 -0.587785 -3.59914e-17 4.9538e-17 
-64.7247 0.062 0.062 0.1 0.0186 0.0248 0.07 0.809017 -0.587785 -3.59914e-17 4.9538e-17 
