0 0.008 0.008 0.12 -0.024 -0.004 0.012 -0.218508 0.672498 -0.218508 0.672499 
0 0.008 0.008 0.12 -0.024 -0.004 0.036 0.707107 -4.32978e-17 0.707107 -4.32978e-17 
0 0.008 0.008 0.12 -0.024 -0.004 0.036 -0.218508 0.672498 -0.218508 0.672499 
0 0.008 0.008 0.12 -0.024 -0.0024 0.012 -0.218508 0.672498 -0.218508 0.672499 
0 0.008 0.008 0.12 0.024 -0.0024 0.036 0.707107 -4.32978e-17 -0.707107 4.32978e-17 
0 0.008 0.008 0.12 -0.024 -0.0024 0.036 0.707107 -4.32978e-17 0.707107 -4.32978e-17 
0 0.008 0.008 0.12 -0.024 -0.0024 0.036 -0.218508 0.672498 -0.218508 0.672499 
0 0.008 0.008 0.12 0.024 -0.0008 0.036 0.707107 -4.32978e-17 -0.707107 4.32978e-17 
0 0.008 0.008 0.12 -0.024 -0.0008 0.036 0.707107 -4.32978e-17 0.707107 -4.32978e-17 
0 0.008 0.008 0.12 -0.024 -0.0008 0.036 -0.218508 0.672498 -0.218508 0.672499 
0 0.008 0.008 0.12 0.024 0.0008 0.036 0.707107 -4.32978e-17 -0.707107 4.32978e-17 
0 0.008 0.008 0.12 -0.024 0.0008 0.036 0.707107 -4.32978e-17 0.707107 -4.32978e-17 
0 0.008 0.008 0.12 -0.024 0.0008 0.036 -0.218508 0.672498 -0.218508 0.672499 
0 0.008 0.008 0.12 0.024 0.0024 0.036 0.707107 -4.32978e-17 -0.707107 4.32978e-17 
0 0.008 0.008 0.12 -0.024 0.0024 0.036 0.707107 -4.32978e-17 0.707107 -4.32978e-17 
0 0.008 0.008 0.12 -0.024 0.0024 0.036 -0.218508 0.672498 -0.218508 0.672499 
0 0.008 0.008 0.12 0.024 0.004 0.036 0.707107 -4.32978e-17 -0.707107 4.32978e-17 
0 0.008 0.008 0.12 -0.024 0.004 0.036 0.707107 -4.32978e-17 0.707107 -4.32978e-17 
0 0.008 0.008 0.12 -0.004 0.024 0.036 0.415627 0.572061 -0.572061 0.415629 
0 0.008 0.008 0.12 -0.004 0.024 0.036 0.415627 -0.572061 0.572061 0.415629 
0 0.008 0.008 0.12 -0.004 -0.024 0.036 -0.415627 -0.572061 -0.572061 0.415629 
0 0.008 0.008 0.12 -0.0024 0.024 0.036 0.415627 0.572061 -0.572061 0.415629 
0 0.008 0.008 0.12 -0.0024 0.024 0.036 0.415627 -0.572061 0.572061 0.415629 
0 0.008 0.008 0.12 -0.0024 -0.024 0.036 -0.415627 -0.572061 -0.572061 0.415629 
0 0.008 0.008 0.12 -0.0008 0.024 0.036 0.415627 0.572061 -0.572061 0.415629 
0 0.008 0.008 0.12 -0.0008 0.024 0.036 0.415627 -0.572061 0.572061 0.415629 
0 0.008 0.008 0.12 -0.0008 -0.024 0.036 -0.415627 -0.572061 -0.572061 0.415629 
0 0.008 0.008 0.12 0.0008 0.024 0.036 0.415627 0.572061 -0.572061 0.415629 
0 0.008 0.008 0.12 0.0008 0.024 0.036 0.415627 -0.572061 0.572061 0.415629 
0 0.008 0.008 0.12 0.0008 -0.024 0.036 -0.415627 -0.572061 -0.572061 0.415629 
0 0.008 0.008 0.12 0.0024 0.024 0.036 0.415627 0.572061 -0.572061 0.415629 
0 0.008 0.008 0.12 0.0024 0.024 0.036 0.415627 -0.572061 0.572061 0.415629 
0.0100149 0.008 0.008 0.12 0.0024 -0.024 0.036 -0.415627 -0.572061 -0.572061 0.415629 
0 0.008 0.008 0.12 0.004 0.024 0.036 0.415627 0.572061 -0.572061 0.415629 
0 0.008 0.008 0.12 0.004 0.024 0.036 0.415627 -0.572061 0.572061 0.415629 
0.0157245 0.008 0.008 0.12 0.004 -0.024 0.036 -0.415627 -0.572061 -0.572061 0.415629 
0 0.008 0.008 0.12 -0.004 -0.004 0.08 6.12323e-17 1 -6.12323e-17 3.7494e-33 
0 0.008 0.008 0.12 -0.004 -0.004 0.08 0.587785 0.809017 -4.9538e-17 3.59915e-17 
0 0.008 0.008 0.12 -0.004 -0.004 0.08 0.951057 0.309017 3.78436e-17 5.82354e-17 
0 0.008 0.008 0.12 -0.004 -0.0024 0.08 6.12323e-17 1 -6.12323e-17 3.7494e-33 
0 0.008 0.008 0.12 -0.004 -0.0024 0.08 0.587785 0.809017 -4.9538e-17 3.59915e-17 
0 0.008 0.008 0.12 -0.004 -0.0024 0.08 0.951057 0.309017 3.78436e-17 5.82354e-17 
0 0.008 0.008 0.12 -0.004 -0.0008 0.08 6.12323e-17 1 -6.12323e-17 3.7494e-33 
0 0.008 0.008 0.12 -0.004 -0.0008 0.08 0.587785 0.809017 -4.9538e-17 3.59915e-17 
0 0.008 0.008 0.12 -0.004 -0.0008 0.08 0.951057 0.309017 3.78436e-17 5.82354e-17 
0 0.008 0.008 0.12 -0.004 0.0008 0.08 6.12323e-17 1 -6.12323e-17 3.7494e-33 
0 0.008 0.008 0.12 -0.004 0.0008 0.08 0.587785 0.809017 -4.9538e-17 3.59915e-17 
0 0.008 0.008 0.12 -0.004 0.0008 0.08 0.951057 0.309017 3.78436e-17 5.82354e-17 
0 0.008 0.008 0.12 -0.004 0.0024 0.08 6.12323e-17 1 -6.12323e-17 3.7494e-33 
0 0.008 0.008 0.12 -0.004 0.0024 0.08 0.587785 0.809017 -4.9538e-17 3.59915e-17 
0 0.008 0.008 0.12 -0.004 0.0024 0.08 0.951057 0.309017 3.78436e-17 5.82354e-17 
0 0.008 0.008 0.12 -0.004 0.004 0.08 6.12323e-17 1 -6.12323e-17 3.7494e-33 
0 0.008 0.008 0.12 -0.004 0.004 0.08 0.587785 0.809017 -4.9538e-17 3.59915e-17 
0 0.008 0.008 0.12 -0.004 0.004 0.08 0.951057 0.309017 3.78436e-17 5.82354e-17 
0 0.008 0.008 0.12 -0.0024 -0.004 0.08 6.12323e-17 1 -6.12323e-17 3.7494e-33 
0 0.008 0.008 0.12 -0.0024 -0.004 0.08 0.587785 0.809017 -4.9538e-17 3.59915e-17 
0 0.008 0.008 0.12 -0.0024 -0.004 0.08 0.951057 0.309017 3.78436e-17 5.82354e-17 
0 0.008 0.008 0.12 -0.0024 -0.0024 0.08 6.12323e-17 1 -6.12323e-17 3.7494e-33 
0 0.008 0.008 0.12 -0.0024 -0.0024 0.08 0.587785 0.809017 -4.9538e-17 3.59915e-17 
0 0.008 0.008 0.12 -0.0024 -0.0024 0.08 0.951057 0.309017 3.78436e-17 5.82354e-17 
0 0.008 0.008 0.12 -0.0024 -0.0008 0.08 6.12323e-17 1 -6.12323e-17 3.7494e-33 
0 0.008 0.008 0.12 -0.0024 -0.0008 0.08 0.587785 0.809017 -4.9538e-17 3.59915e-17 
0 0.008 0.008 0.12 -0.0024 -0.0008 0.08 0.951057 0.309017 3.78436e-17 5.82354e-17 
0 0.008 0.008 0.12 -0.0024 0.0008 0.08 6.12323e-17 1 -6.12323e-17 3.7494e-33 
0 0.008 0.008 0.12 -0.0024 0.0008 0.08 0.587785 0.809017 -4.9538e-17 3.59915e-17 
0 0.008 0.008 0.12 -0.0024 0.0008 0.08 0.951057 0.309017 3.78436e-17 5.82354e-17 
0 0.008 0.008 0.12 -0.0024 0.0024 0.08 6.12323e-17 1 -6.12323e-17 3.7494e-33 
0 0.008 0.008 0.12 -0.0024 0.0024 0.08 0.587785 0.809017 -4.9538e-17 3.59915e-17 
0 0.008 0.008 0.12 -0.0024 0.0024 0.08 0.951057 0.309017 3.78436e-17 5.82354e-17 
0 0.008 0.008 0.12 -0.0024 0.004 0.08 6.12323e-17 1 -6.12323e-17 3.7494e-33 
0 0.008 0.008 0.12 -0.0024 0.004 0.08 0.587785 0.809017 -4.9538e-17 3.59915e-17 
0 0.008 0.008 0.12 -0.0024 0.004 0.08 0.951057 0.309017 3.78436e-17 5.82354e-17 
0 0.008 0.008 0.12 -0.0008 -0.004 0.08 6.12323e-17 1 -6.12323e-17 3.7494e-33 
0 0.008 0.008 0.12 -0.0008 -0.004 0.08 0.587785 0.809017 -4.9538e-17 3.59915e-17 
0 0.008 0.008 0.12 -0.0008 -0.004 0.08 0.951057 0.309017 3.78436e-17 5.82354e-17 
0 0.008 0.008 0.12 -0.0008 -0.0024 0.08 6.12323e-17 1 -6.12323e-17 3.7494e-33 
0 0.008 0.008 0.12 -0.0008 -0.0024 0.08 0.587785 0.809017 -4.9538e-17 3.59915e-17 
-0.000352747 0.008 0.008 0.12 -0.0008 -0.0024 0.08 0.951057 0.309017 3.78436e-17 5.82354e-17 
0 0.008 0.008 0.12 -0.0008 -0.0008 0.08 6.12323e-17 1 -6.12323e-17 3.7494e-33 
0 0.008 0.008 0.12 -0.0008 -0.0008 0.08 0.587785 0.809017 -4.9538e-17 3.59915e-17 
0 0.008 0.008 0.12 -0.0008 -0.0008 0.08 0.951057 0.309017 3.78436e-17 5.82354e-17 
0 0.008 0.008 0.12 -0.0008 0.0008 0.08 6.12323e-17 1 -6.12323e-17 3.7494e-33 
0 0.008 0.008 0.12 -0.0008 0.0008 0.08 0.587785 0.809017 -4.9538e-17 3.59915e-17 
0 0.008 0.008 0.12 -0.0008 0.0008 0.08 0.951057 0.309017 3.78436e-17 5.82354e-17 
0 0.008 0.008 0.12 -0.0008 0.0024 0.08 6.12323e-17 1 -6.12323e-17 3.7494e-33 
0 0.008 0.008 0.12 -0.0008 0.0024 0.08 0.587785 0.809017 -4.9538e-17 3.59915e-17 
0 0.008 0.008 0.12 -0.0008 0.0024 0.08 0.951057 0.309017 3.78436e-17 5.82354e-17 
0 0.008 0.008 0.12 -0.0008 0.004 0.08 6.12323e-17 1 -6.12323e-17 3.7494e-33 
0 0.008 0.008 0.12 -0.0008 0.004 0.08 0.587785 0.809017 -4.9538e-17 3.59915e-17 
0 0.008 0.008 0.12 -0.0008 0.004 0.08 0.951057 0.309017 3.78436e-17 5.82354e-17 
0 0.008 0.008 0.12 0.0008 -0.004 0.08 6.12323e-17 1 -6.12323e-17 3.7494e-33 
0 0.008 0.008 0.12 0.0008 -0.004 0.08 0.587785 0.809017 -4.9538e-17 3.59915e-17 
0 0.008 0.008 0.12 0.0008 -0.004 0.08 0.951057 0.309017 3.78436e-17 5.82354e-17 
0 0.008 0.008 0.12 0.0008 -0.0024 0.08 6.12323e-17 1 -6.12323e-17 3.7494e-33 
0 0.008 0.008 0.12 0.0008 -0.0024 0.08 0.587785 0.809017 -4.9538e-17 3.59915e-17 
0 0.008 0.008 0.12 0.0008 -0.0024 0.08 0.951057 0.309017 3.78436e-17 5.82354e-17 
0 0.008 0.008 0.12 0.0008 -0.0008 0.08 6.12323e-17 1 -6.12323e-17 3.7494e-33 
0 0.008 0.008 0.12 0.0008 -0.0008 0.08 0.587785 0.809017 -4.9538e-17 3.59915e-17 
-6.9769e-05 0.008 0.008 0.12 0.0008 -0.0008 0.08 0.951057 0.309017 3.78436e-17 5.82354e-17 
0 0.008 0.008 0.12 0.0008 0.0008 0.08 6.12323e-17 1 -6.12323e-17 3.7494e-33 
0 0.008 0.008 0.12 0.0008 0.0008 0.08 0.587785 0.809017 -4.9538e-17 3.59915e-17 
0 0.008 0.008 0.12 0.0008 0.0008 0.08 0.951057 0.309017 3.78436e-17 5.82354e-17 
0 0.008 0.008 0.12 0.0008 0.0024 0.08 6.12323e-17 1 -6.12323e-17 3.7494e-33 
0 0.008 0.008 0.12 0.0008 0.0024 0.08 0.587785 0.809017 -4.9538e-17 3.59915e-17 
0 0.008 0.008 0.12 0.0008 0.0024 0.08 0.951057 0.309017 3.78436e-17 5.82354e-17 
0 0.008 0.008 0.12 0.0008 0.004 0.08 6.12323e-17 1 -6.12323e-17 3.7494e-33 
0 0.008 0.008 0.12 0.0008 0.004 0.08 0.587785 0.809017 -4.9538e-17 3.59915e-17 
0 0.008 0.008 0.12 0.0008 0.004 0.08 0.951057 0.309017 3.78436e-17 5.82354e-17 
0 0.008 0.008 0.12 0.0024 -0.004 0.08 6.12323e-17 1 -6.12323e-17 3.7494e-33 
0 0.008 0.008 0.12 0.0024 -0.004 0.08 0.587785 0.809017 -4.9538e-17 3.59915e-17 
0 0.008 0.008 0.12 0.0024 -0.004 0.08 0.951057 0.309017 3.78436e-17 5.82354e-17 
0 0.008 0.008 0.12 0.0024 -0.0024 0.08 6.12323e-17 1 -6.12323e-17 3.7494e-33 
0 0.008 0.008 0.12 0.0024 -0.0024 0.08 0.587785 0.809017 -4.9538e-17 3.59915e-17 
0 0.008 0.008 0.12 0.0024 -0.0024 0.08 0.951057 0.309017 3.78436e-17 5.82354e-17 
0 0.008 0.008 0.12 0.0024 -0.0008 0.08 6.12323e-17 1 -6.12323e-17 3.7494e-33 
0 0.008 0.008 0.12 0.0024 -0.0008 0.08 0.587785 0.809017 -4.9538e-17 3.59915e-17 
0 0.008 0.008 0.12 0.0024 -0.0008 0.08 0.951057 0.309017 3.78436e-17 5.82354e-17 
0 0.008 0.008 0.12 0.0024 0.0008 0.08 6.12323e-17 1 -6.12323e-17 3.7494e-33 
0 0.008 0.008 0.12 0.0024 0.0008 0.08 0.587785 0.809017 -4.9538e-17 3.59915e-17 
0 0.008 0.008 0.12 0.0024 0.0008 0.08 0.951057 0.309017 3.78436e-17 5.82354e-17 
0 0.008 0.008 0.12 0.0024 0.0024 0.08 6.12323e-17 1 -6.12323e-17 3.7494e-33 
0 0.008 0.008 0.12 0.0024 0.0024 0.08 0.587785 0.809017 -4.9538e-17 3.59915e-17 
0 0.008 0.008 0.12 0.0024 0.0024 0.08 0.951057 0.309017 3.78436e-17 5.82354e-17 
0 0.008 0.008 0.12 0.0024 0.004 0.08 6.12323e-17 1 -6.12323e-17 3.7494e-33 
0 0.008 0.008 0.12 0.0024 0.004 0.08 0.587785 0.809017 -4.9538e-17 3.59915e-17 
0 0.008 0.008 0.12 0.0024 0.004 0.08 0.951057 0.309017 3.78436e-17 5.82354e-17 
0 0.008 0.008 0.12 0.004 -0.004 0.08 6.12323e-17 1 -6.12323e-17 3.7494e-33 
0 0.008 0.008 0.12 0.004 -0.004 0.08 0.587785 0.809017 -4.9538e-17 3.59915e-17 
0 0.008 0.008 0.12 0.004 -0.004 0.08 0.951057 0.309017 3.78436e-17 5.82354e-17 
0 0.008 0.008 0.12 0.004 -0.0024 0.08 6.12323e-17 1 -6.12323e-17 3.7494e-33 
0 0.008 0.008 0.12 0.004 -0.0024 0.08 0.587785 0.809017 -4.9538e-17 3.59915e-17 
0 0.008 0.008 0.12 0.004 -0.0024 0.08 0.951057 0.309017 3.78436e-17 5.82354e-17 
0 0.008 0.008 0.12 0.004 -0.0008 0.08 6.12323e-17 1 -6.12323e-17 3.7494e-33 
0 0.008 0.008 0.12 0.004 -0.0008 0.08 0.587785 0.809017 -4.9538e-17 3.59915e-17 
0 0.008 0.008 0.12 0.004 -0.0008 0.08 0.951057 0.309017 3.78436e-17 5.82354e-17 
0 0.008 0.008 0.12 0.004 0.0008 0.08 6.12323e-17 1 -6.12323e-17 3.7494e-33 
0 0.008 0.008 0.12 0.004 0.0008 0.08 0.587785 0.809017 -4.9538e-17 3.59915e-17 
0 0.008 0.008 0.12 0.004 0.0008 0.08 0.951057 0.309017 3.78436e-17 5.82354e-17 
0 0.008 0.008 0.12 0.004 0.0024 0.08 6.12323e-17 1 -6.12323e-17 3.7494e-33 
0 0.008 0.008 0.12 0.004 0.0024 0.08 0.587785 0.809017 -4.9538e-17 3.59915e-17 
0 0.008 0.008 0.12 0.004 0.0024 0.08 0.951057 0.309017 3.78436e-17 5.82354e-17 
0 0.008 0.008 0.12 0.004 0.004 0.08 6.12323e-17 1 -6.12323e-17 3.7494e-33 
0 0.008 0.008 0.12 0.004 0.004 0.08 0.587785 0.809017 -4.9538e-17 3.59915e-17 
0 0.008 0.008 0.12 0.004 0.004 0.08 0.951057 0.309017 3.78436e-17 5.82354e-17 
