0.136997 0.045 0.125 0.185 -0.0225 0.0825 6.93889e-18 0.415627 0.572061 -0.572061 0.415629
0.136997 0.045 0.125 0.185 0.0225 -0.0825 6.93889e-18 -0.572061 0.415627 0.415629 0.572061
0.136997 0.045 0.125 0.185 -0.0225 -0.0825 3.16445e-18 0.415629 0.572061 0.572061 -0.415627
0.136997 0.045 0.125 0.185 0.0225 0.0825 -4.18343e-18 0.572061 -0.415629 0.415627 0.572061
0.0385895 0.045 0.125 0.185 -0.0225 -0.0825 6.93889e-18 -0.415627 -0.572061 -0.572061 0.415629
0.0385895 0.045 0.125 0.185 0.0225 0.0825 6.93889e-18 0.572061 -0.415627 0.415629 0.572061
0.0385895 0.045 0.125 0.185 -0.0225 0.0825 -1.70422e-17 0.415629 0.572061 -0.572061 0.415627
0.0385895 0.045 0.125 0.185 0.0225 -0.0825 -4.18343e-18 -0.572061 0.415629 0.415627 0.572061
0.0254334 0.045 0.125 0.185 -0.0225 0.0825 0.0185 0.415627 0.572061 -0.572061 0.415629
0.0254334 0.045 0.125 0.185 0.0225 -0.0825 0.0185 -0.572061 0.415627 0.415629 0.572061
0.0254334 0.045 0.125 0.185 -0.0225 -0.0825 -0.0185 0.415629 0.572061 0.572061 -0.415627
0.0254334 0.045 0.125 0.185 0.0225 0.0825 -0.0185 0.572061 -0.415629 0.415627 0.572061
0.016175 0.045 0.125 0.185 -0.0225 0.0825 0.037 0.415627 0.572061 -0.572061 0.415629
0.016175 0.045 0.125 0.185 0.0225 -0.0825 0.037 -0.572061 0.415627 0.415629 0.572061
0.016175 0.045 0.125 0.185 -0.0225 -0.0825 -0.037 0.415629 0.572061 0.572061 -0.415627
0.016175 0.045 0.125 0.185 0.0225 0.0825 -0.037 0.572061 -0.415629 0.415627 0.572061
0.0950285 0.045 0.125 0.185 -0.0225 -0.0825 0.037 -0.415627 -0.572061 -0.572061 0.415629
0.0950285 0.045 0.125 0.185 0.0225 0.0825 0.037 0.572061 -0.415627 0.415629 0.572061
0.0950285 0.045 0.125 0.185 -0.0225 0.0825 -0.037 0.415629 0.572061 -0.572061 0.415627
0.0950285 0.045 0.125 0.185 0.0225 -0.0825 -0.037 -0.572061 0.415629 0.415627 0.572061
0.018769 0.045 0.125 0.185 -0.0225 0.0825 0.0555 0.415627 0.572061 -0.572061 0.415629
0.018769 0.045 0.125 0.185 0.0225 -0.0825 0.0555 -0.572061 0.415627 0.415629 0.572061
0.018769 0.045 0.125 0.185 -0.0225 -0.0825 -0.0555 0.415629 0.572061 0.572061 -0.415627
0.018769 0.045 0.125 0.185 0.0225 0.0825 -0.0555 0.572061 -0.415629 0.415627 0.572061
0.0176195 0.045 0.125 0.185 -0.0225 -0.0825 0.0555 -0.415627 -0.572061 -0.572061 0.415629
0.0176195 0.045 0.125 0.185 0.0225 0.0825 0.0555 0.572061 -0.415627 0.415629 0.572061
0.0176195 0.045 0.125 0.185 -0.0225 0.0825 -0.0555 0.415629 0.572061 -0.572061 0.415627
0.0176195 0.045 0.125 0.185 0.0225 -0.0825 -0.0555 -0.572061 0.415629 0.415627 0.572061
0.0654599 0.045 0.125 0.185 -0.0225 0.0825 0.074 0.415627 0.572061 -0.572061 0.415629
0.0654599 0.045 0.125 0.185 0.0225 -0.0825 0.074 -0.572061 0.415627 0.415629 0.572061
0.0654599 0.045 0.125 0.185 -0.0225 -0.0825 -0.074 0.415629 0.572061 0.572061 -0.415627
0.0654599 0.045 0.125 0.185 0.0225 0.0825 -0.074 0.572061 -0.415629 0.415627 0.572061
0.0274286 0.045 0.125 0.185 -0.018 0.0825 6.93889e-18 0.415627 0.572061 -0.572061 0.415629
0.0274286 0.045 0.125 0.185 0.018 -0.0825 6.93889e-18 -0.572061 0.415627 0.415629 0.572061
0.0274286 0.045 0.125 0.185 -0.018 -0.0825 3.16445e-18 0.415629 0.572061 0.572061 -0.415627
0.0274286 0.045 0.125 0.185 0.018 0.0825 -4.73453e-18 0.572061 -0.415629 0.415627 0.572061
0.0121125 0.045 0.125 0.185 -0.018 -0.0825 6.93889e-18 -0.415627 -0.572061 -0.572061 0.415629
0.0121125 0.045 0.125 0.185 0.018 0.0825 6.93889e-18 0.572061 -0.415627 0.415629 0.572061
0.0121125 0.045 0.125 0.185 -0.018 0.0825 -1.70422e-17 0.415629 0.572061 -0.572061 0.415627
0.0121125 0.045 0.125 0.185 0.018 -0.0825 -4.73453e-18 -0.572061 0.415629 0.415627 0.572061
0.191912 0.045 0.125 0.185 -0.018 0.0825 0.0185 0.415627 0.572061 -0.572061 0.415629
0.191912 0.045 0.125 0.185 0.018 -0.0825 0.0185 -0.572061 0.415627 0.415629 0.572061
0.191912 0.045 0.125 0.185 -0.018 -0.0825 -0.0185 0.415629 0.572061 0.572061 -0.415627
0.191912 0.045 0.125 0.185 0.018 0.0825 -0.0185 0.572061 -0.415629 0.415627 0.572061
0.10191 0.045 0.125 0.185 -0.018 -0.0825 0.0185 -0.415627 -0.572061 -0.572061 0.415629
0.10191 0.045 0.125 0.185 0.018 0.0825 0.0185 0.572061 -0.415627 0.415629 0.572061
0.10191 0.045 0.125 0.185 -0.018 0.0825 -0.0185 0.415629 0.572061 -0.572061 0.415627
0.10191 0.045 0.125 0.185 0.018 -0.0825 -0.0185 -0.572061 0.415629 0.415627 0.572061
0.047668 0.045 0.125 0.185 -0.018 -0.0825 0.037 -0.415627 -0.572061 -0.572061 0.415629
0.047668 0.045 0.125 0.185 0.018 0.0825 0.037 0.572061 -0.415627 0.415629 0.572061
0.047668 0.045 0.125 0.185 -0.018 0.0825 -0.037 0.415629 0.572061 -0.572061 0.415627
0.047668 0.045 0.125 0.185 0.018 -0.0825 -0.037 -0.572061 0.415629 0.415627 0.572061
0.000732395 0.045 0.125 0.185 -0.018 0.0825 0.0555 0.415627 0.572061 -0.572061 0.415629
0.000732395 0.045 0.125 0.185 0.018 -0.0825 0.0555 -0.572061 0.415627 0.415629 0.572061
0.000732395 0.045 0.125 0.185 -0.018 -0.0825 -0.0555 0.415629 0.572061 0.572061 -0.415627
0.000732395 0.045 0.125 0.185 0.018 0.0825 -0.0555 0.572061 -0.415629 0.415627 0.572061
0.0255621 0.045 0.125 0.185 -0.018 -0.0825 0.0555 -0.415627 -0.572061 -0.572061 0.415629
0.0255621 0.045 0.125 0.185 0.018 0.0825 0.0555 0.572061 -0.415627 0.415629 0.572061
0.0255621 0.045 0.125 0.185 -0.018 0.0825 -0.0555 0.415629 0.572061 -0.572061 0.415627
0.0255621 0.045 0.125 0.185 0.018 -0.0825 -0.0555 -0.572061 0.415629 0.415627 0.572061
0.0269224 0.045 0.125 0.185 -0.018 0.0825 0.074 0.415627 0.572061 -0.572061 0.415629
0.0269224 0.045 0.125 0.185 0.018 -0.0825 0.074 -0.572061 0.415627 0.415629 0.572061
0.0269224 0.045 0.125 0.185 -0.018 -0.0825 -0.074 0.415629 0.572061 0.572061 -0.415627
0.0269224 0.045 0.125 0.185 0.018 0.0825 -0.074 0.572061 -0.415629 0.415627 0.572061
0.00414926 0.045 0.125 0.185 -0.0135 0.0825 6.93889e-18 0.415627 0.572061 -0.572061 0.415629
0.00414926 0.045 0.125 0.185 0.0135 -0.0825 6.93889e-18 -0.572061 0.415627 0.415629 0.572061
0.00414926 0.045 0.125 0.185 -0.0135 -0.0825 3.16445e-18 0.415629 0.572061 0.572061 -0.415627
0.00414926 0.045 0.125 0.185 0.0135 0.0825 -5.28562e-18 0.572061 -0.415629 0.415627 0.572061
0.0772607 0.045 0.125 0.185 -0.0135 -0.0825 6.93889e-18 -0.415627 -0.572061 -0.572061 0.415629
0.0772607 0.045 0.125 0.185 0.0135 0.0825 6.93889e-18 0.572061 -0.415627 0.415629 0.572061
0.0772607 0.045 0.125 0.185 -0.0135 0.0825 -1.70422e-17 0.415629 0.572061 -0.572061 0.415627
0.0772607 0.045 0.125 0.185 0.0135 -0.0825 -5.28562e-18 -0.572061 0.415629 0.415627 0.572061
0.0585244 0.045 0.125 0.185 -0.0135 0.0825 0.0185 0.415627 0.572061 -0.572061 0.415629
0.0585244 0.045 0.125 0.185 0.0135 -0.0825 0.0185 -0.572061 0.415627 0.415629 0.572061
0.0585244 0.045 0.125 0.185 -0.0135 -0.0825 -0.0185 0.415629 0.572061 0.572061 -0.415627
0.0585244 0.045 0.125 0.185 0.0135 0.0825 -0.0185 0.572061 -0.415629 0.415627 0.572061
0.198746 0.045 0.125 0.185 -0.0135 -0.0825 0.0185 -0.415627 -0.572061 -0.572061 0.415629
0.198746 0.045 0.125 0.185 0.0135 0.0825 0.0185 0.572061 -0.415627 0.415629 0.572061
0.198746 0.045 0.125 0.185 -0.0135 0.0825 -0.0185 0.415629 0.572061 -0.572061 0.415627
0.198746 0.045 0.125 0.185 0.0135 -0.0825 -0.0185 -0.572061 0.415629 0.415627 0.572061
0.0629172 0.045 0.125 0.185 -0.0135 0.0825 0.037 0.415627 0.572061 -0.572061 0.415629
0.0629172 0.045 0.125 0.185 0.0135 -0.0825 0.037 -0.572061 0.415627 0.415629 0.572061
0.0629172 0.045 0.125 0.185 -0.0135 -0.0825 -0.037 0.415629 0.572061 0.572061 -0.415627
0.0629172 0.045 0.125 0.185 0.0135 0.0825 -0.037 0.572061 -0.415629 0.415627 0.572061
0.050393 0.045 0.125 0.185 -0.0135 -0.0825 0.037 -0.415627 -0.572061 -0.572061 0.415629
0.050393 0.045 0.125 0.185 0.0135 0.0825 0.037 0.572061 -0.415627 0.415629 0.572061
0.050393 0.045 0.125 0.185 -0.0135 0.0825 -0.037 0.415629 0.572061 -0.572061 0.415627
0.050393 0.045 0.125 0.185 0.0135 -0.0825 -0.037 -0.572061 0.415629 0.415627 0.572061
0.0248958 0.045 0.125 0.185 -0.0135 0.0825 0.0555 0.415627 0.572061 -0.572061 0.415629
0.0248958 0.045 0.125 0.185 0.0135 -0.0825 0.0555 -0.572061 0.415627 0.415629 0.572061
0.0248958 0.045 0.125 0.185 -0.0135 -0.0825 -0.0555 0.415629 0.572061 0.572061 -0.415627
0.0248958 0.045 0.125 0.185 0.0135 0.0825 -0.0555 0.572061 -0.415629 0.415627 0.572061
0.196782 0.045 0.125 0.185 -0.0135 -0.0825 0.0555 -0.415627 -0.572061 -0.572061 0.415629
0.196782 0.045 0.125 0.185 0.0135 0.0825 0.0555 0.572061 -0.415627 0.415629 0.572061
0.196782 0.045 0.125 0.185 -0.0135 0.0825 -0.0555 0.415629 0.572061 -0.572061 0.415627
0.196782 0.045 0.125 0.185 0.0135 -0.0825 -0.0555 -0.572061 0.415629 0.415627 0.572061
0.0151562 0.045 0.125 0.185 -0.0135 0.0825 0.074 0.415627 0.572061 -0.572061 0.415629
0.0151562 0.045 0.125 0.185 0.0135 -0.0825 0.074 -0.572061 0.415627 0.415629 0.572061
0.0151562 0.045 0.125 0.185 -0.0135 -0.0825 -0.074 0.415629 0.572061 0.572061 -0.415627
0.0151562 0.045 0.125 0.185 0.0135 0.0825 -0.074 0.572061 -0.415629 0.415627 0.572061
0.01023 0.045 0.125 0.185 -0.009 0.0825 6.93889e-18 0.415627 0.572061 -0.572061 0.415629
0.01023 0.045 0.125 0.185 0.009 -0.0825 6.93889e-18 -0.572061 0.415627 0.415629 0.572061
0.01023 0.045 0.125 0.185 -0.009 -0.0825 3.16445e-18 0.415629 0.572061 0.572061 -0.415627
0.01023 0.045 0.125 0.185 0.009 0.0825 -5.83671e-18 0.572061 -0.415629 0.415627 0.572061
0.146211 0.045 0.125 0.185 -0.009 -0.0825 6.93889e-18 -0.415627 -0.572061 -0.572061 0.415629
0.146211 0.045 0.125 0.185 0.009 0.0825 6.93889e-18 0.572061 -0.415627 0.415629 0.572061
0.146211 0.045 0.125 0.185 -0.009 0.0825 -1.70422e-17 0.415629 0.572061 -0.572061 0.415627
0.146211 0.045 0.125 0.185 0.009 -0.0825 -5.83671e-18 -0.572061 0.415629 0.415627 0.572061
0.0326695 0.045 0.125 0.185 -0.009 0.0825 0.037 0.415627 0.572061 -0.572061 0.415629
0.0326695 0.045 0.125 0.185 0.009 -0.0825 0.037 -0.572061 0.415627 0.415629 0.572061
0.0326695 0.045 0.125 0.185 -0.009 -0.0825 -0.037 0.415629 0.572061 0.572061 -0.415627
0.0326695 0.045 0.125 0.185 0.009 0.0825 -0.037 0.572061 -0.415629 0.415627 0.572061
0.102555 0.045 0.125 0.185 -0.009 -0.0825 0.037 -0.415627 -0.572061 -0.572061 0.415629
0.102555 0.045 0.125 0.185 0.009 0.0825 0.037 0.572061 -0.415627 0.415629 0.572061
0.102555 0.045 0.125 0.185 -0.009 0.0825 -0.037 0.415629 0.572061 -0.572061 0.415627
0.102555 0.045 0.125 0.185 0.009 -0.0825 -0.037 -0.572061 0.415629 0.415627 0.572061
0.098404 0.045 0.125 0.185 -0.009 0.0825 0.0555 0.415627 0.572061 -0.572061 0.415629
0.098404 0.045 0.125 0.185 0.009 -0.0825 0.0555 -0.572061 0.415627 0.415629 0.572061
0.098404 0.045 0.125 0.185 -0.009 -0.0825 -0.0555 0.415629 0.572061 0.572061 -0.415627
0.098404 0.045 0.125 0.185 0.009 0.0825 -0.0555 0.572061 -0.415629 0.415627 0.572061
0.073103 0.045 0.125 0.185 -0.009 -0.0825 0.0555 -0.415627 -0.572061 -0.572061 0.415629
0.073103 0.045 0.125 0.185 0.009 0.0825 0.0555 0.572061 -0.415627 0.415629 0.572061
0.073103 0.045 0.125 0.185 -0.009 0.0825 -0.0555 0.415629 0.572061 -0.572061 0.415627
0.073103 0.045 0.125 0.185 0.009 -0.0825 -0.0555 -0.572061 0.415629 0.415627 0.572061
0.0995834 0.045 0.125 0.185 -0.009 0.0825 0.074 0.415627 0.572061 -0.572061 0.415629
0.0995834 0.045 0.125 0.185 0.009 -0.0825 0.074 -0.572061 0.415627 0.415629 0.572061
0.0995834 0.045 0.125 0.185 -0.009 -0.0825 -0.074 0.415629 0.572061 0.572061 -0.415627
0.0995834 0.045 0.125 0.185 0.009 0.0825 -0.074 0.572061 -0.415629 0.415627 0.572061
0.0615172 0.045 0.125 0.185 0.009 0.0825 6.93889e-18 0.572061 -0.415627 0.415627 0.572062
0.0615172 0.045 0.125 0.185 -0.009 -0.0825 6.93889e-18 0.415627 0.572061 0.572062 -0.415627
0.0615172 0.045 0.125 0.185 0.009 -0.0825 3.16445e-18 -0.572062 0.415627 0.415627 0.572061
0.0615172 0.045 0.125 0.185 -0.009 0.0825 -8.04107e-18 0.415627 0.572062 -0.572061 0.415627
0.0924805 0.045 0.125 0.185 0.009 0.0825 0.0185 0.572061 -0.415627 0.415627 0.572062
0.0924805 0.045 0.125 0.185 -0.009 -0.0825 0.0185 0.415627 0.572061 0.572062 -0.415627
0.0924805 0.045 0.125 0.185 0.009 -0.0825 -0.0185 -0.572062 0.415627 0.415627 0.572061
0.0924805 0.045 0.125 0.185 -0.009 0.0825 -0.0185 0.415627 0.572062 -0.572061 0.415627
0.187895 0.045 0.125 0.185 0.009 0.0825 0.037 0.572061 -0.415627 0.415627 0.572062
0.187895 0.045 0.125 0.185 -0.009 -0.0825 0.037 0.415627 0.572061 0.572062 -0.415627
0.187895 0.045 0.125 0.185 0.009 -0.0825 -0.037 -0.572062 0.415627 0.415627 0.572061
0.187895 0.045 0.125 0.185 -0.009 0.0825 -0.037 0.415627 0.572062 -0.572061 0.415627
0.0070804 0.045 0.125 0.185 0.009 -0.0825 0.037 -0.572061 0.415627 0.415627 0.572062
0.0070804 0.045 0.125 0.185 -0.009 0.0825 0.037 -0.415627 -0.572061 0.572062 -0.415627
0.0070804 0.045 0.125 0.185 0.009 0.0825 -0.037 0.572062 -0.415627 0.415627 0.572061
0.0070804 0.045 0.125 0.185 -0.009 -0.0825 -0.037 0.415627 0.572062 0.572061 -0.415627
0.0168388 0.045 0.125 0.185 0.009 0.0825 0.0555 0.572061 -0.415627 0.415627 0.572062
0.0168388 0.045 0.125 0.185 -0.009 -0.0825 0.0555 0.415627 0.572061 0.572062 -0.415627
0.0168388 0.045 0.125 0.185 0.009 -0.0825 -0.0555 -0.572062 0.415627 0.415627 0.572061
0.0168388 0.045 0.125 0.185 -0.009 0.0825 -0.0555 0.415627 0.572062 -0.572061 0.415627
0.0813332 0.045 0.125 0.185 0.009 -0.0825 0.0555 -0.572061 0.415627 0.415627 0.572062
0.0813332 0.045 0.125 0.185 -0.009 0.0825 0.0555 -0.415627 -0.572061 0.572062 -0.415627
0.0813332 0.045 0.125 0.185 0.009 0.0825 -0.0555 0.572062 -0.415627 0.415627 0.572061
0.0813332 0.045 0.125 0.185 -0.009 -0.0825 -0.0555 0.415627 0.572062 0.572061 -0.415627
0.0477109 0.045 0.125 0.185 0.009 -0.0825 0.074 -0.572061 0.415627 0.415627 0.572062
0.0477109 0.045 0.125 0.185 -0.009 0.0825 0.074 -0.415627 -0.572061 0.572062 -0.415627
0.0477109 0.045 0.125 0.185 0.009 0.0825 -0.074 0.572062 -0.415627 0.415627 0.572061
0.0477109 0.045 0.125 0.185 -0.009 -0.0825 -0.074 0.415627 0.572062 0.572061 -0.415627
0.0546824 0.045 0.125 0.185 0.0135 -0.0825 6.93889e-18 -0.572061 0.415627 0.415627 0.572062
0.0546824 0.045 0.125 0.185 -0.0135 0.0825 6.93889e-18 -0.415627 -0.572061 0.572062 -0.415627
0.0546824 0.045 0.125 0.185 0.0135 0.0825 -1.70422e-17 0.572062 -0.415627 0.415627 0.572061
0.0546824 0.045 0.125 0.185 -0.0135 -0.0825 -8.59216e-18 0.415627 0.572062 0.572061 -0.415627
0.016305 0.045 0.125 0.185 0.0135 0.0825 0.0185 0.572061 -0.415627 0.415627 0.572062
0.016305 0.045 0.125 0.185 -0.0135 -0.0825 0.0185 0.415627 0.572061 0.572062 -0.415627
0.016305 0.045 0.125 0.185 0.0135 -0.0825 -0.0185 -0.572062 0.415627 0.415627 0.572061
0.016305 0.045 0.125 0.185 -0.0135 0.0825 -0.0185 0.415627 0.572062 -0.572061 0.415627
0.0793535 0.045 0.125 0.185 0.0135 -0.0825 0.0185 -0.572061 0.415627 0.415627 0.572062
0.0793535 0.045 0.125 0.185 -0.0135 0.0825 0.0185 -0.415627 -0.572061 0.572062 -0.415627
0.0793535 0.045 0.125 0.185 0.0135 0.0825 -0.0185 0.572062 -0.415627 0.415627 0.572061
0.0793535 0.045 0.125 0.185 -0.0135 -0.0825 -0.0185 0.415627 0.572062 0.572061 -0.415627
0.136707 0.045 0.125 0.185 0.0135 0.0825 0.037 0.572061 -0.415627 0.415627 0.572062
0.136707 0.045 0.125 0.185 -0.0135 -0.0825 0.037 0.415627 0.572061 0.572062 -0.415627
0.136707 0.045 0.125 0.185 0.0135 -0.0825 -0.037 -0.572062 0.415627 0.415627 0.572061
0.136707 0.045 0.125 0.185 -0.0135 0.0825 -0.037 0.415627 0.572062 -0.572061 0.415627
0.040551 0.045 0.125 0.185 0.0135 -0.0825 0.037 -0.572061 0.415627 0.415627 0.572062
0.040551 0.045 0.125 0.185 -0.0135 0.0825 0.037 -0.415627 -0.572061 0.572062 -0.415627
0.040551 0.045 0.125 0.185 0.0135 0.0825 -0.037 0.572062 -0.415627 0.415627 0.572061
0.040551 0.045 0.125 0.185 -0.0135 -0.0825 -0.037 0.415627 0.572062 0.572061 -0.415627
0.271315 0.045 0.125 0.185 0.0135 0.0825 0.0555 0.572061 -0.415627 0.415627 0.572062
0.271315 0.045 0.125 0.185 -0.0135 -0.0825 0.0555 0.415627 0.572061 0.572062 -0.415627
0.271315 0.045 0.125 0.185 0.0135 -0.0825 -0.0555 -0.572062 0.415627 0.415627 0.572061
0.271315 0.045 0.125 0.185 -0.0135 0.0825 -0.0555 0.415627 0.572062 -0.572061 0.415627
0.108251 0.045 0.125 0.185 0.0135 -0.0825 0.0555 -0.572061 0.415627 0.415627 0.572062
0.108251 0.045 0.125 0.185 -0.0135 0.0825 0.0555 -0.415627 -0.572061 0.572062 -0.415627
0.108251 0.045 0.125 0.185 0.0135 0.0825 -0.0555 0.572062 -0.415627 0.415627 0.572061
0.108251 0.045 0.125 0.185 -0.0135 -0.0825 -0.0555 0.415627 0.572062 0.572061 -0.415627
0.079567 0.045 0.125 0.185 0.0135 -0.0825 0.074 -0.572061 0.415627 0.415627 0.572062
0.079567 0.045 0.125 0.185 -0.0135 0.0825 0.074 -0.415627 -0.572061 0.572062 -0.415627
0.079567 0.045 0.125 0.185 0.0135 0.0825 -0.074 0.572062 -0.415627 0.415627 0.572061
0.079567 0.045 0.125 0.185 -0.0135 -0.0825 -0.074 0.415627 0.572062 0.572061 -0.415627
0.0442163 0.045 0.125 0.185 0.018 0.0825 6.93889e-18 0.572061 -0.415627 0.415627 0.572062
0.0442163 0.045 0.125 0.185 -0.018 -0.0825 6.93889e-18 0.415627 0.572061 0.572062 -0.415627
0.0442163 0.045 0.125 0.185 0.018 -0.0825 3.16445e-18 -0.572062 0.415627 0.415627 0.572061
0.0442163 0.045 0.125 0.185 -0.018 0.0825 -9.14325e-18 0.415627 0.572062 -0.572061 0.415627
0.0377089 0.045 0.125 0.185 0.018 -0.0825 6.93889e-18 -0.572061 0.415627 0.415627 0.572062
0.0377089 0.045 0.125 0.185 -0.018 0.0825 6.93889e-18 -0.415627 -0.572061 0.572062 -0.415627
0.0377089 0.045 0.125 0.185 0.018 0.0825 -1.70422e-17 0.572062 -0.415627 0.415627 0.572061
0.0377089 0.045 0.125 0.185 -0.018 -0.0825 -9.14325e-18 0.415627 0.572062 0.572061 -0.415627
0.0481256 0.045 0.125 0.185 0.018 -0.0825 0.0185 -0.572061 0.415627 0.415627 0.572062
0.0481256 0.045 0.125 0.185 -0.018 0.0825 0.0185 -0.415627 -0.572061 0.572062 -0.415627
0.0481256 0.045 0.125 0.185 0.018 0.0825 -0.0185 0.572062 -0.415627 0.415627 0.572061
0.0481256 0.045 0.125 0.185 -0.018 -0.0825 -0.0185 0.415627 0.572062 0.572061 -0.415627
0.00932237 0.045 0.125 0.185 0.018 -0.0825 0.037 -0.572061 0.415627 0.415627 0.572062
0.00932237 0.045 0.125 0.185 -0.018 0.0825 0.037 -0.415627 -0.572061 0.572062 -0.415627
0.00932237 0.045 0.125 0.185 0.018 0.0825 -0.037 0.572062 -0.415627 0.415627 0.572061
0.00932237 0.045 0.125 0.185 -0.018 -0.0825 -0.037 0.415627 0.572062 0.572061 -0.415627
0.142189 0.045 0.125 0.185 0.018 0.0825 0.0555 0.572061 -0.415627 0.415627 0.572062
0.142189 0.045 0.125 0.185 -0.018 -0.0825 0.0555 0.415627 0.572061 0.572062 -0.415627
0.142189 0.045 0.125 0.185 0.018 -0.0825 -0.0555 -0.572062 0.415627 0.415627 0.572061
0.142189 0.045 0.125 0.185 -0.018 0.0825 -0.0555 0.415627 0.572062 -0.572061 0.415627
0.0202203 0.045 0.125 0.185 0.018 -0.0825 0.0555 -0.572061 0.415627 0.415627 0.572062
0.0202203 0.045 0.125 0.185 -0.018 0.0825 0.0555 -0.415627 -0.572061 0.572062 -0.415627
0.0202203 0.045 0.125 0.185 0.018 0.0825 -0.0555 0.572062 -0.415627 0.415627 0.572061
0.0202203 0.045 0.125 0.185 -0.018 -0.0825 -0.0555 0.415627 0.572062 0.572061 -0.415627
0.0320654 0.045 0.125 0.185 -0.0225 -0.05 0.1125 0.587785 0.809017 -4.9538e-17 3.59915e-17
0.0320654 0.045 0.125 0.185 0.0225 0.05 0.1125 0.809017 -0.587785 -3.59915e-17 -4.9538e-17
0.0320654 0.045 0.125 0.185 -0.0225 0.05 -0.1125 -7.19829e-17 -9.9076e-17 -0.809017 0.587785
0.0320654 0.045 0.125 0.185 0.0225 -0.05 -0.1125 1.35465e-17 -8.55295e-17 0.587785 0.809017
0.0674643 0.045 0.125 0.185 -0.0225 -0.0375 0.1125 0.587785 0.809017 -4.9538e-17 3.59915e-17
0.0674643 0.045 0.125 0.185 0.0225 0.0375 0.1125 0.809017 -0.587785 -3.59915e-17 -4.9538e-17
0.0674643 0.045 0.125 0.185 -0.0225 0.0375 -0.1125 -7.19829e-17 -9.9076e-17 -0.809017 0.587785
0.0674643 0.045 0.125 0.185 0.0225 -0.0375 -0.1125 1.35465e-17 -8.55295e-17 0.587785 0.809017
0.258787 0.045 0.125 0.185 -0.0225 -0.025 0.1125 0.587785 0.809017 -4.9538e-17 3.59915e-17
0.258787 0.045 0.125 0.185 0.0225 0.025 0.1125 0.809017 -0.587785 -3.59915e-17 -4.9538e-17
0.258787 0.045 0.125 0.185 -0.0225 0.025 -0.1125 -7.19829e-17 -9.9076e-17 -0.809017 0.587785
0.258787 0.045 0.125 0.185 0.0225 -0.025 -0.1125 1.35465e-17 -8.55295e-17 0.587785 0.809017
0.352183 0.045 0.125 0.185 -0.0225 -0.0125 0.1125 0.587785 0.809017 -4.9538e-17 3.59915e-17
0.352183 0.045 0.125 0.185 0.0225 0.0125 0.1125 0.809017 -0.587785 -3.59915e-17 -4.9538e-17
0.352183 0.045 0.125 0.185 -0.0225 0.0125 -0.1125 -7.19829e-17 -9.9076e-17 -0.809017 0.587785
0.352183 0.045 0.125 0.185 0.0225 -0.0125 -0.1125 1.35465e-17 -8.55295e-17 0.587785 0.809017
0.182026 0.045 0.125 0.185 -0.0225 -3.46945e-18 0.1125 0.587785 0.809017 -4.9538e-17 3.59915e-17
0.182026 0.045 0.125 0.185 0.0225 6.22491e-18 0.1125 0.809017 -0.587785 -3.59915e-17 -4.9538e-17
0.182026 0.045 0.125 0.185 -0.0225 -1.03078e-17 -0.1125 -7.19829e-17 -9.9076e-17 -0.809017 0.587785
0.182026 0.045 0.125 0.185 0.0225 -3.46945e-18 -0.1125 1.35465e-17 -8.55295e-17 0.587785 0.809017
0.0436689 0.045 0.125 0.185 -0.0225 0.0125 0.1125 0.587785 0.809017 -4.9538e-17 3.59915e-17
0.0436689 0.045 0.125 0.185 0.0225 -0.0125 0.1125 0.809017 -0.587785 -3.59915e-17 -4.9538e-17
0.0436689 0.045 0.125 0.185 -0.0225 -0.0125 -0.1125 -7.19829e-17 -9.9076e-17 -0.809017 0.587785
0.0436689 0.045 0.125 0.185 0.0225 0.0125 -0.1125 1.35465e-17 -8.55295e-17 0.587785 0.809017
0.0684582 0.045 0.125 0.185 -0.0225 0.025 0.1125 0.587785 0.809017 -4.9538e-17 3.59915e-17
0.0684582 0.045 0.125 0.185 0.0225 -0.025 0.1125 0.809017 -0.587785 -3.59915e-17 -4.9538e-17
0.0684582 0.045 0.125 0.185 -0.0225 -0.025 -0.1125 -7.19829e-17 -9.9076e-17 -0.809017 0.587785
0.0684582 0.045 0.125 0.185 0.0225 0.025 -0.1125 1.35465e-17 -8.55295e-17 0.587785 0.809017
0.155891 0.045 0.125 0.185 -0.0225 0.0375 0.1125 0.587785 0.809017 -4.9538e-17 3.59915e-17
0.155891 0.045 0.125 0.185 0.0225 -0.0375 0.1125 0.809017 -0.587785 -3.59915e-17 -4.9538e-17
0.155891 0.045 0.125 0.185 -0.0225 -0.0375 -0.1125 -7.19829e-17 -9.9076e-17 -0.809017 0.587785
0.155891 0.045 0.125 0.185 0.0225 0.0375 -0.1125 1.35465e-17 -8.55295e-17 0.587785 0.809017
0.00137436 0.045 0.125 0.185 -0.018 -0.0625 0.1125 0.309017 0.951057 -5.82354e-17 1.89218e-17
0.00137436 0.045 0.125 0.185 0.018 0.0625 0.1125 0.951057 -0.309017 -1.89218e-17 -5.82354e-17
0.00137436 0.045 0.125 0.185 -0.018 0.0625 -0.1125 3.78436e-17 1.16471e-16 0.951057 -0.309017
0.00137436 0.045 0.125 0.185 0.018 -0.0625 -0.1125 3.93136e-17 -7.71573e-17 0.309017 0.951057
0.00419892 0.045 0.125 0.185 -0.018 -0.05 0.1125 0.587785 0.809017 -4.9538e-17 3.59915e-17
0.00419892 0.045 0.125 0.185 0.018 0.05 0.1125 0.809017 -0.587785 -3.59915e-17 -4.9538e-17
0.00419892 0.045 0.125 0.185 -0.018 0.05 -0.1125 -7.19829e-17 -9.9076e-17 -0.809017 0.587785
0.00419892 0.045 0.125 0.185 0.018 -0.05 -0.1125 1.35465e-17 -8.55295e-17 0.587785 0.809017
0.0227436 0.045 0.125 0.185 -0.018 -0.0375 0.1125 0.587785 0.809017 -4.9538e-17 3.59915e-17
0.0227436 0.045 0.125 0.185 0.018 0.0375 0.1125 0.809017 -0.587785 -3.59915e-17 -4.9538e-17
0.0227436 0.045 0.125 0.185 -0.018 0.0375 -0.1125 -7.19829e-17 -9.9076e-17 -0.809017 0.587785
0.0227436 0.045 0.125 0.185 0.018 -0.0375 -0.1125 1.35465e-17 -8.55295e-17 0.587785 0.809017
0.256471 0.045 0.125 0.185 -0.018 -0.025 0.1125 0.587785 0.809017 -4.9538e-17 3.59915e-17
0.256471 0.045 0.125 0.185 0.018 0.025 0.1125 0.809017 -0.587785 -3.59915e-17 -4.9538e-17
0.256471 0.045 0.125 0.185 -0.018 0.025 -0.1125 -7.19829e-17 -9.9076e-17 -0.809017 0.587785
0.256471 0.045 0.125 0.185 0.018 -0.025 -0.1125 1.35465e-17 -8.55295e-17 0.587785 0.809017
0.0515949 0.045 0.125 0.185 -0.018 0.0125 0.1125 0.587785 0.809017 -4.9538e-17 3.59915e-17
0.0515949 0.045 0.125 0.185 0.018 -0.0125 0.1125 0.809017 -0.587785 -3.59915e-17 -4.9538e-17
0.0515949 0.045 0.125 0.185 -0.018 -0.0125 -0.1125 -7.19829e-17 -9.9076e-17 -0.809017 0.587785
0.0515949 0.045 0.125 0.185 0.018 0.0125 -0.1125 1.35465e-17 -8.55295e-17 0.587785 0.809017
0.0346499 0.045 0.125 0.185 -0.018 0.025 0.1125 0.587785 0.809017 -4.9538e-17 3.59915e-17
0.0346499 0.045 0.125 0.185 0.018 -0.025 0.1125 0.809017 -0.587785 -3.59915e-17 -4.9538e-17
0.0346499 0.045 0.125 0.185 -0.018 -0.025 -0.1125 -7.19829e-17 -9.9076e-17 -0.809017 0.587785
0.0346499 0.045 0.125 0.185 0.018 0.025 -0.1125 1.35465e-17 -8.55295e-17 0.587785 0.809017
0.0140642 0.045 0.125 0.185 -0.0135 -0.0625 0.1125 0.309017 0.951057 -5.82354e-17 1.89218e-17
0.0140642 0.045 0.125 0.185 0.0135 0.0625 0.1125 0.951057 -0.309017 -1.89218e-17 -5.82354e-17
0.0140642 0.045 0.125 0.185 -0.0135 0.0625 -0.1125 3.78436e-17 1.16471e-16 0.951057 -0.309017
0.0140642 0.045 0.125 0.185 0.0135 -0.0625 -0.1125 3.93136e-17 -7.71573e-17 0.309017 0.951057
0.126318 0.045 0.125 0.185 -0.0135 -0.0375 0.1125 0.587785 0.809017 -4.9538e-17 3.59915e-17
0.126318 0.045 0.125 0.185 0.0135 0.0375 0.1125 0.809017 -0.587785 -3.59915e-17 -4.9538e-17
0.126318 0.045 0.125 0.185 -0.0135 0.0375 -0.1125 -7.19829e-17 -9.9076e-17 -0.809017 0.587785
0.126318 0.045 0.125 0.185 0.0135 -0.0375 -0.1125 1.35465e-17 -8.55295e-17 0.587785 0.809017
0.177964 0.045 0.125 0.185 -0.0135 -0.025 0.1125 0.587785 0.809017 -4.9538e-17 3.59915e-17
0.177964 0.045 0.125 0.185 0.0135 0.025 0.1125 0.809017 -0.587785 -3.59915e-17 -4.9538e-17
0.177964 0.045 0.125 0.185 -0.0135 0.025 -0.1125 -7.19829e-17 -9.9076e-17 -0.809017 0.587785
0.177964 0.045 0.125 0.185 0.0135 -0.025 -0.1125 1.35465e-17 -8.55295e-17 0.587785 0.809017
0.0433326 0.045 0.125 0.185 -0.0135 -0.0125 0.1125 0.587785 0.809017 -4.9538e-17 3.59915e-17
0.0433326 0.045 0.125 0.185 0.0135 0.0125 0.1125 0.809017 -0.587785 -3.59915e-17 -4.9538e-17
0.0433326 0.045 0.125 0.185 -0.0135 0.0125 -0.1125 -7.19829e-17 -9.9076e-17 -0.809017 0.587785
0.0433326 0.045 0.125 0.185 0.0135 -0.0125 -0.1125 1.35465e-17 -8.55295e-17 0.587785 0.809017
0.0889622 0.045 0.125 0.185 -0.0135 -3.46945e-18 0.1125 0.587785 0.809017 -4.9538e-17 3.59915e-17
0.0889622 0.045 0.125 0.185 0.0135 5.12272e-18 0.1125 0.809017 -0.587785 -3.59915e-17 -4.9538e-17
0.0889622 0.045 0.125 0.185 -0.0135 -1.03078e-17 -0.1125 -7.19829e-17 -9.9076e-17 -0.809017 0.587785
0.0889622 0.045 0.125 0.185 0.0135 -3.46945e-18 -0.1125 1.35465e-17 -8.55295e-17 0.587785 0.809017
0.0172458 0.045 0.125 0.185 -0.0135 0.0125 0.1125 0.587785 0.809017 -4.9538e-17 3.59915e-17
0.0172458 0.045 0.125 0.185 0.0135 -0.0125 0.1125 0.809017 -0.587785 -3.59915e-17 -4.9538e-17
0.0172458 0.045 0.125 0.185 -0.0135 -0.0125 -0.1125 -7.19829e-17 -9.9076e-17 -0.809017 0.587785
0.0172458 0.045 0.125 0.185 0.0135 0.0125 -0.1125 1.35465e-17 -8.55295e-17 0.587785 0.809017
0.12812 0.045 0.125 0.185 -0.0135 0.025 0.1125 0.587785 0.809017 -4.9538e-17 3.59915e-17
0.12812 0.045 0.125 0.185 0.0135 -0.025 0.1125 0.809017 -0.587785 -3.59915e-17 -4.9538e-17
0.12812 0.045 0.125 0.185 -0.0135 -0.025 -0.1125 -7.19829e-17 -9.9076e-17 -0.809017 0.587785
0.12812 0.045 0.125 0.185 0.0135 0.025 -0.1125 1.35465e-17 -8.55295e-17 0.587785 0.809017
0.0212308 0.045 0.125 0.185 -0.009 -0.05 0.1125 0.587785 0.809017 -4.9538e-17 3.59915e-17
0.0212308 0.045 0.125 0.185 0.009 0.05 0.1125 0.809017 -0.587785 -3.59915e-17 -4.9538e-17
0.0212308 0.045 0.125 0.185 -0.009 0.05 -0.1125 -7.19829e-17 -9.9076e-17 -0.809017 0.587785
0.0212308 0.045 0.125 0.185 0.009 -0.05 -0.1125 1.35465e-17 -8.55295e-17 0.587785 0.809017
0.0479056 0.045 0.125 0.185 -0.009 -0.0375 0.1125 0.587785 0.809017 -4.9538e-17 3.59915e-17
0.0479056 0.045 0.125 0.185 0.009 0.0375 0.1125 0.809017 -0.587785 -3.59915e-17 -4.9538e-17
0.0479056 0.045 0.125 0.185 -0.009 0.0375 -0.1125 -7.19829e-17 -9.9076e-17 -0.809017 0.587785
0.0479056 0.045 0.125 0.185 0.009 -0.0375 -0.1125 1.35465e-17 -8.55295e-17 0.587785 0.809017
0.114298 0.045 0.125 0.185 -0.009 -0.025 0.1125 0.587785 0.809017 -4.9538e-17 3.59915e-17
0.114298 0.045 0.125 0.185 0.009 0.025 0.1125 0.809017 -0.587785 -3.59915e-17 -4.9538e-17
0.114298 0.045 0.125 0.185 -0.009 0.025 -0.1125 -7.19829e-17 -9.9076e-17 -0.809017 0.587785
0.114298 0.045 0.125 0.185 0.009 -0.025 -0.1125 1.35465e-17 -8.55295e-17 0.587785 0.809017
0.00391933 0.045 0.125 0.185 -0.009 -0.0125 0.1125 0.587785 0.809017 -4.9538e-17 3.59915e-17
0.00391933 0.045 0.125 0.185 0.009 0.0125 0.1125 0.809017 -0.587785 -3.59915e-17 -4.9538e-17
0.00391933 0.045 0.125 0.185 -0.009 0.0125 -0.1125 -7.19829e-17 -9.9076e-17 -0.809017 0.587785
0.00391933 0.045 0.125 0.185 0.009 -0.0125 -0.1125 1.35465e-17 -8.55295e-17 0.587785 0.809017
0.216176 0.045 0.125 0.185 -0.009 -3.46945e-18 0.1125 0.587785 0.809017 -4.9538e-17 3.59915e-17
0.216176 0.045 0.125 0.185 0.009 4.57163e-18 0.1125 0.809017 -0.587785 -3.59915e-17 -4.9538e-17
0.216176 0.045 0.125 0.185 -0.009 -1.03078e-17 -0.1125 -7.19829e-17 -9.9076e-17 -0.809017 0.587785
0.216176 0.045 0.125 0.185 0.009 -3.46945e-18 -0.1125 1.35465e-17 -8.55295e-17 0.587785 0.809017
0.105094 0.045 0.125 0.185 -0.009 0.0125 0.1125 0.587785 0.809017 -4.9538e-17 3.59915e-17
0.105094 0.045 0.125 0.185 0.009 -0.0125 0.1125 0.809017 -0.587785 -3.59915e-17 -4.9538e-17
0.105094 0.045 0.125 0.185 -0.009 -0.0125 -0.1125 -7.19829e-17 -9.9076e-17 -0.809017 0.587785
0.105094 0.045 0.125 0.185 0.009 0.0125 -0.1125 1.35465e-17 -8.55295e-17 0.587785 0.809017
0.0359963 0.045 0.125 0.185 -0.0045 -0.0625 0.1125 0.309017 0.951057 -5.82354e-17 1.89218e-17
0.0359963 0.045 0.125 0.185 0.0045 0.0625 0.1125 0.951057 -0.309017 -1.89218e-17 -5.82354e-17
0.0359963 0.045 0.125 0.185 -0.0045 0.0625 -0.1125 3.78436e-17 1.16471e-16 0.951057 -0.309017
0.0359963 0.045 0.125 0.185 0.0045 -0.0625 -0.1125 3.93136e-17 -7.71573e-17 0.309017 0.951057
0.0196819 0.045 0.125 0.185 -0.0045 -0.05 0.1125 0.309017 0.951057 -5.82354e-17 1.89218e-17
0.0196819 0.045 0.125 0.185 0.0045 0.05 0.1125 0.951057 -0.309017 -1.89218e-17 -5.82354e-17
0.0196819 0.045 0.125 0.185 -0.0045 0.05 -0.1125 3.78436e-17 1.16471e-16 0.951057 -0.309017
0.0196819 0.045 0.125 0.185 0.0045 -0.05 -0.1125 3.93136e-17 -7.71573e-17 0.309017 0.951057
0.0391947 0.045 0.125 0.185 -0.0045 0.05 0.1125 0.951057 -0.309017 -3.78436e-17 5.82354e-17
0.0391947 0.045 0.125 0.185 0.0045 -0.05 0.1125 0.309017 0.951057 5.82354e-17 3.78436e-17
0.0391947 0.045 0.125 0.185 -0.0045 -0.05 -0.1125 -1.16471e-16 -1.89218e-17 0.309017 0.951057
0.0391947 0.045 0.125 0.185 0.0045 0.05 -0.1125 -2.03919e-17 -3.93136e-17 0.951057 -0.309017
0.0685519 0.045 0.125 0.185 1.73472e-18 -0.0625 0.1125 0.309017 0.951057 -5.82354e-17 1.89218e-17
0.0685519 0.045 0.125 0.185 -9.38876e-18 0.0625 0.1125 0.951057 -0.309017 -1.89218e-17 -5.82354e-17
0.0685519 0.045 0.125 0.185 1.73472e-18 0.0625 -0.1125 3.78436e-17 1.16471e-16 0.951057 -0.309017
0.0685519 0.045 0.125 0.185 1.20426e-17 -0.0625 -0.1125 3.93136e-17 -7.71573e-17 0.309017 0.951057
0.0115072 0.045 0.125 0.185 1.73472e-18 -0.05 0.1125 0.309017 0.951057 -5.82354e-17 1.89218e-17
0.0115072 0.045 0.125 0.185 -7.85795e-18 0.05 0.1125 0.951057 -0.309017 -1.89218e-17 -5.82354e-17
0.0115072 0.045 0.125 0.185 1.73472e-18 0.05 -0.1125 3.78436e-17 1.16471e-16 0.951057 -0.309017
0.0115072 0.045 0.125 0.185 1.20426e-17 -0.05 -0.1125 3.93136e-17 -7.71573e-17 0.309017 0.951057
0.0387974 0.045 0.125 0.185 1.73472e-18 0.05 0.1125 0.951057 -0.309017 -3.78436e-17 5.82354e-17
0.0387974 0.045 0.125 0.185 4.38851e-18 -0.05 0.1125 0.309017 0.951057 5.82354e-17 3.78436e-17
0.0387974 0.045 0.125 0.185 1.73472e-18 -0.05 -0.1125 -1.16471e-16 -1.89218e-17 0.309017 0.951057
0.0387974 0.045 0.125 0.185 1.20426e-17 0.05 -0.1125 -2.03919e-17 -3.93136e-17 0.951057 -0.309017
0.108672 0.045 0.125 0.185 0.0045 -0.0625 0.1125 0.309017 0.951057 -5.82354e-17 1.89218e-17
0.108672 0.045 0.125 0.185 -0.0045 0.0625 0.1125 0.951057 -0.309017 -1.89218e-17 -5.82354e-17
0.108672 0.045 0.125 0.185 0.0045 0.0625 -0.1125 3.78436e-17 1.16471e-16 0.951057 -0.309017
0.108672 0.045 0.125 0.185 -0.0045 -0.0625 -0.1125 3.93136e-17 -7.71573e-17 0.309017 0.951057
0.000399932 0.045 0.125 0.185 0.0045 -0.05 0.1125 0.309017 0.951057 -5.82354e-17 1.89218e-17
0.000399932 0.045 0.125 0.185 -0.0045 0.05 0.1125 0.951057 -0.309017 -1.89218e-17 -5.82354e-17
0.000399932 0.045 0.125 0.185 0.0045 0.05 -0.1125 3.78436e-17 1.16471e-16 0.951057 -0.309017
0.000399932 0.045 0.125 0.185 -0.0045 -0.05 -0.1125 3.93136e-17 -7.71573e-17 0.309017 0.951057
0.0922189 0.045 0.125 0.185 0.009 -0.0625 0.1125 0.309017 0.951057 -5.82354e-17 1.89218e-17
0.0922189 0.045 0.125 0.185 -0.009 0.0625 0.1125 0.951057 -0.309017 -1.89218e-17 -5.82354e-17
0.0922189 0.045 0.125 0.185 0.009 0.0625 -0.1125 3.78436e-17 1.16471e-16 0.951057 -0.309017
0.0922189 0.045 0.125 0.185 -0.009 -0.0625 -0.1125 3.93136e-17 -7.71573e-17 0.309017 0.951057
0.0204177 0.045 0.125 0.185 0.009 -0.05 0.1125 0.309017 0.951057 -5.82354e-17 1.89218e-17
0.0204177 0.045 0.125 0.185 -0.009 0.05 0.1125 0.951057 -0.309017 -1.89218e-17 -5.82354e-17
0.0204177 0.045 0.125 0.185 0.009 0.05 -0.1125 3.78436e-17 1.16471e-16 0.951057 -0.309017
0.0204177 0.045 0.125 0.185 -0.009 -0.05 -0.1125 3.93136e-17 -7.71573e-17 0.309017 0.951057
0.109715 0.045 0.125 0.185 0.009 -0.0125 0.1125 0.809017 -0.587785 -7.19829e-17 4.9538e-17
0.109715 0.045 0.125 0.185 -0.009 0.0125 0.1125 0.587785 0.809017 4.9538e-17 7.19829e-17
0.109715 0.045 0.125 0.185 0.009 0.0125 -0.1125 -9.9076e-17 -3.59914e-17 0.587785 0.809017
0.109715 0.045 0.125 0.185 -0.009 -0.0125 -0.1125 -2.24449e-17 1.35465e-17 -0.809017 0.587785
0.0167075 0.045 0.125 0.185 0.009 -3.46945e-18 0.1125 0.809017 -0.587785 -7.19829e-17 4.9538e-17
0.0167075 0.045 0.125 0.185 -0.009 2.36727e-18 0.1125 0.587785 0.809017 4.9538e-17 7.19829e-17
0.0167075 0.045 0.125 0.185 0.009 -1.03078e-17 -0.1125 -9.9076e-17 -3.59914e-17 0.587785 0.809017
0.0167075 0.045 0.125 0.185 -0.009 -3.46945e-18 -0.1125 -2.24449e-17 1.35465e-17 -0.809017 0.587785
0.206594 0.045 0.125 0.185 0.009 0.0125 0.1125 0.809017 -0.587785 -7.19829e-17 4.9538e-17
0.206594 0.045 0.125 0.185 -0.009 -0.0125 0.1125 0.587785 0.809017 4.9538e-17 7.19829e-17
0.206594 0.045 0.125 0.185 0.009 -0.0125 -0.1125 -9.9076e-17 -3.59914e-17 0.587785 0.809017
0.206594 0.045 0.125 0.185 -0.009 0.0125 -0.1125 -2.24449e-17 1.35465e-17 -0.809017 0.587785
0.0224151 0.045 0.125 0.185 0.009 0.025 0.1125 0.809017 -0.587785 -7.19829e-17 4.9538e-17
0.0224151 0.045 0.125 0.185 -0.009 -0.025 0.1125 0.587785 0.809017 4.9538e-17 7.19829e-17
0.0224151 0.045 0.125 0.185 0.009 -0.025 -0.1125 -9.9076e-17 -3.59914e-17 0.587785 0.809017
0.0224151 0.045 0.125 0.185 -0.009 0.025 -0.1125 -2.24449e-17 1.35465e-17 -0.809017 0.587785
0.0242199 0.045 0.125 0.185 0.009 0.05 0.1125 0.951057 -0.309017 -3.78436e-17 5.82354e-17
0.0242199 0.045 0.125 0.185 -0.009 -0.05 0.1125 0.309017 0.951057 5.82354e-17 3.78436e-17
0.0242199 0.045 0.125 0.185 0.009 -0.05 -0.1125 -1.16471e-16 -1.89218e-17 0.309017 0.951057
0.0242199 0.045 0.125 0.185 -0.009 0.05 -0.1125 -2.03919e-17 -3.93136e-17 0.951057 -0.309017
0.0690619 0.045 0.125 0.185 0.0135 -0.0625 0.1125 0.309017 0.951057 -5.82354e-17 1.89218e-17
0.0690619 0.045 0.125 0.185 -0.0135 0.0625 0.1125 0.951057 -0.309017 -1.89218e-17 -5.82354e-17
0.0690619 0.045 0.125 0.185 0.0135 0.0625 -0.1125 3.78436e-17 1.16471e-16 0.951057 -0.309017
0.0690619 0.045 0.125 0.185 -0.0135 -0.0625 -0.1125 3.93136e-17 -7.71573e-17 0.309017 0.951057
0.044485 0.045 0.125 0.185 0.0135 -0.025 0.1125 0.809017 -0.587785 -7.19829e-17 4.9538e-17
0.044485 0.045 0.125 0.185 -0.0135 0.025 0.1125 0.587785 0.809017 4.9538e-17 7.19829e-17
0.044485 0.045 0.125 0.185 0.0135 0.025 -0.1125 -9.9076e-17 -3.59914e-17 0.587785 0.809017
0.044485 0.045 0.125 0.185 -0.0135 -0.025 -0.1125 -2.24449e-17 1.35465e-17 -0.809017 0.587785
0.0874354 0.045 0.125 0.185 0.0135 -0.0125 0.1125 0.809017 -0.587785 -7.19829e-17 4.9538e-17
0.0874354 0.045 0.125 0.185 -0.0135 0.0125 0.1125 0.587785 0.809017 4.9538e-17 7.19829e-17
0.0874354 0.045 0.125 0.185 0.0135 0.0125 -0.1125 -9.9076e-17 -3.59914e-17 0.587785 0.809017
0.0874354 0.045 0.125 0.185 -0.0135 -0.0125 -0.1125 -2.24449e-17 1.35465e-17 -0.809017 0.587785
0.0784222 0.045 0.125 0.185 0.0135 -3.46945e-18 0.1125 0.809017 -0.587785 -7.19829e-17 4.9538e-17
0.0784222 0.045 0.125 0.185 -0.0135 1.81618e-18 0.1125 0.587785 0.809017 4.9538e-17 7.19829e-17
0.0784222 0.045 0.125 0.185 0.0135 -1.03078e-17 -0.1125 -9.9076e-17 -3.59914e-17 0.587785 0.809017
0.0784222 0.045 0.125 0.185 -0.0135 -3.46945e-18 -0.1125 -2.24449e-17 1.35465e-17 -0.809017 0.587785
0.0895689 0.045 0.125 0.185 0.0135 0.0125 0.1125 0.809017 -0.587785 -7.19829e-17 4.9538e-17
0.0895689 0.045 0.125 0.185 -0.0135 -0.0125 0.1125 0.587785 0.809017 4.9538e-17 7.19829e-17
0.0895689 0.045 0.125 0.185 0.0135 -0.0125 -0.1125 -9.9076e-17 -3.59914e-17 0.587785 0.809017
0.0895689 0.045 0.125 0.185 -0.0135 0.0125 -0.1125 -2.24449e-17 1.35465e-17 -0.809017 0.587785
0.0459835 0.045 0.125 0.185 0.0135 0.025 0.1125 0.809017 -0.587785 -7.19829e-17 4.9538e-17
0.0459835 0.045 0.125 0.185 -0.0135 -0.025 0.1125 0.587785 0.809017 4.9538e-17 7.19829e-17
0.0459835 0.045 0.125 0.185 0.0135 -0.025 -0.1125 -9.9076e-17 -3.59914e-17 0.587785 0.809017
0.0459835 0.045 0.125 0.185 -0.0135 0.025 -0.1125 -2.24449e-17 1.35465e-17 -0.809017 0.587785
0.117001 0.045 0.125 0.185 0.0135 0.0375 0.1125 0.809017 -0.587785 -7.19829e-17 4.9538e-17
0.117001 0.045 0.125 0.185 -0.0135 -0.0375 0.1125 0.587785 0.809017 4.9538e-17 7.19829e-17
0.117001 0.045 0.125 0.185 0.0135 -0.0375 -0.1125 -9.9076e-17 -3.59914e-17 0.587785 0.809017
0.117001 0.045 0.125 0.185 -0.0135 0.0375 -0.1125 -2.24449e-17 1.35465e-17 -0.809017 0.587785
0.0159585 0.045 0.125 0.185 0.0135 0.05 0.1125 0.951057 -0.309017 -3.78436e-17 5.82354e-17
0.0159585 0.045 0.125 0.185 -0.0135 -0.05 0.1125 0.309017 0.951057 5.82354e-17 3.78436e-17
0.0159585 0.045 0.125 0.185 0.0135 -0.05 -0.1125 -1.16471e-16 -1.89218e-17 0.309017 0.951057
0.0159585 0.045 0.125 0.185 -0.0135 0.05 -0.1125 -2.03919e-17 -3.93136e-17 0.951057 -0.309017
0.0619371 0.045 0.125 0.185 0.0135 0.05 0.1125 0.809017 -0.587785 -7.19829e-17 4.9538e-17
0.0619371 0.045 0.125 0.185 -0.0135 -0.05 0.1125 0.587785 0.809017 4.9538e-17 7.19829e-17
0.0619371 0.045 0.125 0.185 0.0135 -0.05 -0.1125 -9.9076e-17 -3.59914e-17 0.587785 0.809017
0.0619371 0.045 0.125 0.185 -0.0135 0.05 -0.1125 -2.24449e-17 1.35465e-17 -0.809017 0.587785
0.0661908 0.045 0.125 0.185 0.018 -0.025 0.1125 0.809017 -0.587785 -7.19829e-17 4.9538e-17
0.0661908 0.045 0.125 0.185 -0.018 0.025 0.1125 0.587785 0.809017 4.9538e-17 7.19829e-17
0.0661908 0.045 0.125 0.185 0.018 0.025 -0.1125 -9.9076e-17 -3.59914e-17 0.587785 0.809017
0.0661908 0.045 0.125 0.185 -0.018 -0.025 -0.1125 -2.24449e-17 1.35465e-17 -0.809017 0.587785
0.0291193 0.045 0.125 0.185 0.018 -0.0125 0.1125 0.809017 -0.587785 -7.19829e-17 4.9538e-17
0.0291193 0.045 0.125 0.185 -0.018 0.0125 0.1125 0.587785 0.809017 4.9538e-17 7.19829e-17
0.0291193 0.045 0.125 0.185 0.018 0.0125 -0.1125 -9.9076e-17 -3.59914e-17 0.587785 0.809017
0.0291193 0.045 0.125 0.185 -0.018 -0.0125 -0.1125 -2.24449e-17 1.35465e-17 -0.809017 0.587785
0.215346 0.045 0.125 0.185 0.018 -3.46945e-18 0.1125 0.809017 -0.587785 -7.19829e-17 4.9538e-17
0.215346 0.045 0.125 0.185 -0.018 1.26509e-18 0.1125 0.587785 0.809017 4.9538e-17 7.19829e-17
0.215346 0.045 0.125 0.185 0.018 -1.03078e-17 -0.1125 -9.9076e-17 -3.59914e-17 0.587785 0.809017
0.215346 0.045 0.125 0.185 -0.018 -3.46945e-18 -0.1125 -2.24449e-17 1.35465e-17 -0.809017 0.587785
0.280156 0.045 0.125 0.185 0.018 0.0125 0.1125 0.809017 -0.587785 -7.19829e-17 4.9538e-17
0.280156 0.045 0.125 0.185 -0.018 -0.0125 0.1125 0.587785 0.809017 4.9538e-17 7.19829e-17
0.280156 0.045 0.125 0.185 0.018 -0.0125 -0.1125 -9.9076e-17 -3.59914e-17 0.587785 0.809017
0.280156 0.045 0.125 0.185 -0.018 0.0125 -0.1125 -2.24449e-17 1.35465e-17 -0.809017 0.587785
0.165431 0.045 0.125 0.185 0.018 0.025 0.1125 0.809017 -0.587785 -7.19829e-17 4.9538e-17
0.165431 0.045 0.125 0.185 -0.018 -0.025 0.1125 0.587785 0.809017 4.9538e-17 7.19829e-17
0.165431 0.045 0.125 0.185 0.018 -0.025 -0.1125 -9.9076e-17 -3.59914e-17 0.587785 0.809017
0.165431 0.045 0.125 0.185 -0.018 0.025 -0.1125 -2.24449e-17 1.35465e-17 -0.809017 0.587785
0.0459106 0.045 0.125 0.185 0.018 0.0375 0.1125 0.809017 -0.587785 -7.19829e-17 4.9538e-17
0.0459106 0.045 0.125 0.185 -0.018 -0.0375 0.1125 0.587785 0.809017 4.9538e-17 7.19829e-17
0.0459106 0.045 0.125 0.185 0.018 -0.0375 -0.1125 -9.9076e-17 -3.59914e-17 0.587785 0.809017
0.0459106 0.045 0.125 0.185 -0.018 0.0375 -0.1125 -2.24449e-17 1.35465e-17 -0.809017 0.587785
0.0108778 0.045 0.125 0.185 0.018 0.05 0.1125 0.951057 -0.309017 -3.78436e-17 5.82354e-17
0.0108778 0.045 0.125 0.185 -0.018 -0.05 0.1125 0.309017 0.951057 5.82354e-17 3.78436e-17
0.0108778 0.045 0.125 0.185 0.018 -0.05 -0.1125 -1.16471e-16 -1.89218e-17 0.309017 0.951057
0.0108778 0.045 0.125 0.185 -0.018 0.05 -0.1125 -2.03919e-17 -3.93136e-17 0.951057 -0.309017
0.0417367 0.045 0.125 0.185 0.018 0.05 0.1125 0.809017 -0.587785 -7.19829e-17 4.9538e-17
0.0417367 0.045 0.125 0.185 -0.018 -0.05 0.1125 0.587785 0.809017 4.9538e-17 7.19829e-17
0.0417367 0.045 0.125 0.185 0.018 -0.05 -0.1125 -9.9076e-17 -3.59914e-17 0.587785 0.809017
0.0417367 0.045 0.125 0.185 -0.018 0.05 -0.1125 -2.24449e-17 1.35465e-17 -0.809017 0.587785
