1.4622 0.05 0.05 0.1 -0.025 0.01 0.07 1 0 0 6.12323e-17 
1.40043 0.05 0.05 0.1 -0.025 -0.01 0.07 0.951057 0.309017 1.89218e-17 5.82354e-17 
1.30217 0.05 0.05 0.1 -0.02 -0.02 0.07 0.809017 0.587785 3.59914e-17 4.9538e-17 
1.30129 0.05 0.05 0.1 0.02 0.02 0.07 -0.587785 0.809017 -4.9538e-17 -3.59915e-17 
1.2913 0.05 0.05 0.1 -0.025 -0.005 0.07 0.309017 0.951057 -5.82354e-17 1.89218e-17 
1.25086 0.05 0.05 0.1 0.015 0.015 0.07 -0.587785 0.809017 -4.9538e-17 -3.59915e-17 
1.24959 0.05 0.05 0.1 -0.015 -0.015 0.07 0.809017 0.587785 3.59914e-17 4.9538e-17 
1.10483 0.05 0.05 0.1 -0.025 -0.025 0.07 0.809017 0.587785 3.59914e-17 4.9538e-17 
1.05188 0.05 0.05 0.1 -0.015 -0.01 0.07 0.309017 0.951057 -5.82354e-17 1.89218e-17 
1.05183 0.05 0.05 0.1 0.015 0.01 0.07 0.951057 -0.309017 -1.89218e-17 5.82354e-17 
1.04477 0.05 0.05 0.1 -0.01 -0.01 0.07 0.309017 0.951057 -5.82354e-17 1.89218e-17 
1.04472 0.05 0.05 0.1 0.01 0.01 0.07 0.951057 -0.309017 -1.89218e-17 5.82354e-17 
0.937696 0.05 0.05 0.1 -0.02 -0.005 0.07 0.951057 0.309017 1.89218e-17 5.82354e-17 
0.937395 0.05 0.05 0.1 0.02 0.005 0.07 -0.309017 0.951057 -5.82354e-17 -1.89218e-17 
0.931113 0.05 0.05 0.1 0.01 0.01 0.07 -0.587785 0.809017 -4.9538e-17 -3.59915e-17 
0.928632 0.05 0.05 0.1 -0.01 -0.01 0.07 0.809017 0.587785 3.59914e-17 4.9538e-17 
0.906582 0.05 0.05 0.1 -0.02 -0.01 0.07 0.309017 0.951057 -5.82354e-17 1.89218e-17 
0.906549 0.05 0.05 0.1 0.02 0.01 0.07 0.951057 -0.309017 -1.89218e-17 5.82354e-17 
0.850838 0.05 0.05 0.1 -0.025 0.015 0.07 1 0 0 6.12323e-17 
0.819958 0.05 0.05 0.1 -0.02 -0.015 0.07 0.809017 0.587785 3.59914e-17 4.9538e-17 
0.819893 0.05 0.05 0.1 0.02 0.015 0.07 -0.587785 0.809017 -4.9538e-17 -3.59915e-17 
0.72193 0.05 0.05 0.1 -0.025 -0.02 0.07 0.809017 0.587785 3.59914e-17 4.9538e-17 
0.698338 0.05 0.05 0.1 0.015 0.01 0.07 -0.587785 0.809017 -4.9538e-17 -3.59915e-17 
0.69724 0.05 0.05 0.1 -0.015 -0.01 0.07 0.809017 0.587785 3.59914e-17 4.9538e-17 
0.689751 0.05 0.05 0.1 -0.025 -0.005 0.07 0.951057 0.309017 1.89218e-17 5.82354e-17 
0.669263 0.05 0.05 0.1 -0.02 0.01 0.07 1 0 0 6.12323e-17 
0.669219 0.05 0.05 0.1 0.02 -0.01 0.07 6.12323e-17 1 -6.12323e-17 3.7494e-33 
0.669083 0.05 0.05 0.1 -0.025 -0.01 0.07 0.309017 0.951057 -5.82354e-17 1.89218e-17 
0.555876 0.05 0.05 0.1 -0.015 -0.015 0.07 0.309017 0.951057 -5.82354e-17 1.89218e-17 
0.555862 0.05 0.05 0.1 0.015 0.015 0.07 0.951057 -0.309017 -1.89218e-17 5.82354e-17 
0.55465 0.05 0.05 0.1 -0.01 -0.015 0.07 0.309017 0.951057 -5.82354e-17 1.89218e-17 
0.554631 0.05 0.05 0.1 0.01 0.015 0.07 0.951057 -0.309017 -1.89218e-17 5.82354e-17 
0.520956 0.05 0.05 0.1 0.005 -0.025 0.07 0.587785 0.809017 -4.9538e-17 3.59915e-17 
0.484157 0.05 0.05 0.1 0.02 0.01 0.07 -0.587785 0.809017 -4.9538e-17 -3.59915e-17 
0.483912 0.05 0.05 0.1 -0.02 -0.01 0.07 0.809017 0.587785 3.59914e-17 4.9538e-17 
0.462277 0.05 0.05 0.1 -0.025 -0.015 0.07 0.809017 0.587785 3.59914e-17 4.9538e-17 
0.459036 0.05 0.05 0.1 -0.02 -0.015 0.07 0.309017 0.951057 -5.82354e-17 1.89218e-17 
0.459026 0.05 0.05 0.1 0.02 0.015 0.07 0.951057 -0.309017 -1.89218e-17 5.82354e-17 
0.421479 0.05 0.05 0.1 -0.005 -0.015 0.07 0.309017 0.951057 -5.82354e-17 1.89218e-17 
0.421463 0.05 0.05 0.1 0.005 0.015 0.07 0.951057 -0.309017 -1.89218e-17 5.82354e-17 
0.415453 0.05 0.05 0.1 -0.02 0.015 0.07 1 0 0 6.12323e-17 
0.415447 0.05 0.05 0.1 0.02 -0.015 0.07 6.12323e-17 1 -6.12323e-17 3.7494e-33 
0.397905 0.05 0.05 0.1 -0.025 0.02 0.07 1 0 0 6.12323e-17 
0.394508 0.05 0.05 0.1 -0.02 1.73472e-18 0.07 0.951057 0.309017 1.89218e-17 5.82354e-17 
0.394277 0.05 0.05 0.1 0.02 1.73472e-18 0.07 -0.309017 0.951057 -5.82354e-17 -1.89218e-17 
0.389041 0.05 0.05 0.1 1.73472e-18 -0.025 0.07 0.587785 0.809017 -4.9538e-17 3.59915e-17 
0.366605 0.05 0.05 0.1 0.01 0.005 0.07 -0.587785 0.809017 -4.9538e-17 -3.59915e-17 
0.365031 0.05 0.05 0.1 -0.01 -0.005 0.07 0.809017 0.587785 3.59914e-17 4.9538e-17 
0.323083 0.05 0.05 0.1 0.015 0.005 0.07 -0.587785 0.809017 -4.9538e-17 -3.59915e-17 
0.322347 0.05 0.05 0.1 -0.015 -0.005 0.07 0.809017 0.587785 3.59914e-17 4.9538e-17 
0.304213 0.05 0.05 0.1 -0.025 -0.015 0.07 0.309017 0.951057 -5.82354e-17 1.89218e-17 
0.294384 0.05 0.05 0.1 -0.025 1.73472e-18 0.07 0.951057 0.309017 1.89218e-17 5.82354e-17 
0.293036 0.05 0.05 0.1 -0.025 -0.01 0.07 0.809017 0.587785 3.59914e-17 4.9538e-17 
0.287669 0.05 0.05 0.1 -0.005 -0.025 0.07 0.587785 0.809017 -4.9538e-17 3.59915e-17 
0.270498 0.05 0.05 0.1 -0.01 -0.02 0.07 0.309017 0.951057 -5.82354e-17 1.89218e-17 
0.270496 0.05 0.05 0.1 0.01 0.02 0.07 0.951057 -0.309017 -1.89218e-17 5.82354e-17 
0.270472 0.05 0.05 0.1 0.015 0.02 0.07 0.951057 -0.309017 -1.89218e-17 5.82354e-17 
0.270471 0.05 0.05 0.1 -0.015 -0.02 0.07 0.309017 0.951057 -5.82354e-17 1.89218e-17 
0.262763 0.05 0.05 0.1 0.02 0.005 0.07 -0.587785 0.809017 -4.9538e-17 -3.59915e-17 
0.262546 0.05 0.05 0.1 -0.02 -0.005 0.07 0.809017 0.587785 3.59914e-17 4.9538e-17 
0.225295 0.05 0.05 0.1 -0.02 0.02 0.07 1 0 0 6.12323e-17 
0.225281 0.05 0.05 0.1 0.02 -0.02 0.07 6.12323e-17 1 -6.12323e-17 3.7494e-33 
0.216762 0.05 0.05 0.1 0.02 0.02 0.07 0.951057 -0.309017 -1.89218e-17 5.82354e-17 
0.216757 0.05 0.05 0.1 -0.02 -0.02 0.07 0.309017 0.951057 -5.82354e-17 1.89218e-17 
0.205125 0.05 0.05 0.1 -0.01 -0.025 0.07 0.587785 0.809017 -4.9538e-17 3.59915e-17 
0.196303 0.05 0.05 0.1 -0.005 -0.02 0.07 0.309017 0.951057 -5.82354e-17 1.89218e-17 
0.196301 0.05 0.05 0.1 0.005 0.02 0.07 0.951057 -0.309017 -1.89218e-17 5.82354e-17 
0.188325 0.05 0.05 0.1 -0.025 -0.005 0.07 0.809017 0.587785 3.59914e-17 4.9538e-17 
0.162696 0.05 0.05 0.1 -0.005 -0.025 0.07 6.12323e-17 1 -6.12323e-17 3.7494e-33 
0.162475 0.05 0.05 0.1 -0.01 -0.025 0.07 6.12323e-17 1 -6.12323e-17 3.7494e-33 
0.153516 0.05 0.05 0.1 1.73472e-18 -0.025 0.07 6.12323e-17 1 -6.12323e-17 3.7494e-33 
0.148445 0.05 0.05 0.1 -0.015 -0.025 0.07 6.12323e-17 1 -6.12323e-17 3.7494e-33 
0.139118 0.05 0.05 0.1 0.005 -0.025 0.07 6.12323e-17 1 -6.12323e-17 3.7494e-33 
0.133917 0.05 0.05 0.1 -0.015 -0.025 0.07 0.587785 0.809017 -4.9538e-17 3.59915e-17 
0.13109 0.05 0.05 0.1 -0.025 -0.02 0.07 0.309017 0.951057 -5.82354e-17 1.89218e-17 
0.129793 0.05 0.05 0.1 0.02 1.73472e-18 0.07 -0.587785 0.809017 -4.9538e-17 -3.59915e-17 
0.129722 0.05 0.05 0.1 -0.02 1.73472e-18 0.07 0.809017 0.587785 3.59914e-17 4.9538e-17 
0.128704 0.05 0.05 0.1 -0.015 -0.025 0.07 0.309017 0.951057 -5.82354e-17 1.89218e-17 
0.128617 0.05 0.05 0.1 -0.025 1.73472e-18 0.07 0.809017 0.587785 3.59914e-17 4.9538e-17 
0.125993 0.05 0.05 0.1 -0.01 -0.025 0.07 0.309017 0.951057 -5.82354e-17 1.89218e-17 
0.12522 0.05 0.05 0.1 1.73472e-18 -0.015 0.07 0.309017 0.951057 -5.82354e-17 1.89218e-17 
0.125197 0.05 0.05 0.1 1.73472e-18 0.015 0.07 0.951057 -0.309017 -1.89218e-17 5.82354e-17 
0.122708 0.05 0.05 0.1 0.01 -0.025 0.07 6.12323e-17 1 -6.12323e-17 3.7494e-33 
0.117457 0.05 0.05 0.1 -0.02 0.005 0.07 0.951057 0.309017 1.89218e-17 5.82354e-17 
0.117333 0.05 0.05 0.1 -0.02 -0.025 0.07 6.12323e-17 1 -6.12323e-17 3.7494e-33 
0.117291 0.05 0.05 0.1 0.02 -0.005 0.07 -0.309017 0.951057 -5.82354e-17 -1.89218e-17 
0.116365 0.05 0.05 0.1 -0.015 0.02 0.07 1 0 0 6.12323e-17 
0.11635 0.05 0.05 0.1 0.015 -0.02 0.07 6.12323e-17 1 -6.12323e-17 3.7494e-33 
0.113888 0.05 0.05 0.1 0.015 -0.015 0.07 6.12323e-17 1 -6.12323e-17 3.7494e-33 
0.113874 0.05 0.05 0.1 -0.015 0.015 0.07 1 0 0 6.12323e-17 
0.111913 0.05 0.05 0.1 -0.02 -0.025 0.07 0.309017 0.951057 -5.82354e-17 1.89218e-17 
0.107549 0.05 0.05 0.1 0.015 -0.025 0.07 6.12323e-17 1 -6.12323e-17 3.7494e-33 
0.106551 0.05 0.05 0.1 -0.025 0.005 0.07 0.951057 0.309017 1.89218e-17 5.82354e-17 
0.103127 0.05 0.05 0.1 0.02 -0.025 0.07 -0.587785 0.809017 -4.9538e-17 -3.59915e-17 
0.102591 0.05 0.05 0.1 -0.015 0.01 0.07 1 0 0 6.12323e-17 
0.102559 0.05 0.05 0.1 0.015 -0.01 0.07 6.12323e-17 1 -6.12323e-17 3.7494e-33 
0.100139 0.05 0.05 0.1 -0.025 0.02 0.07 0.809017 0.587785 3.59914e-17 4.9538e-17 
0.099658 0.05 0.05 0.1 -0.025 0.005 0.07 0.809017 0.587785 3.59914e-17 4.9538e-17 
0.098796 0.05 0.05 0.1 0.02 -0.025 0.07 6.12323e-17 1 -6.12323e-17 3.7494e-33 
0.0947766 0.05 0.05 0.1 -0.005 -0.025 0.07 0.309017 0.951057 -5.82354e-17 1.89218e-17 
0.0940261 0.05 0.05 0.1 -0.025 0.015 0.07 0.809017 0.587785 3.59914e-17 4.9538e-17 
0.0916916 0.05 0.05 0.1 0.015 1.73472e-18 0.07 -0.587785 0.809017 -4.9538e-17 -3.59915e-17 
0.0913284 0.05 0.05 0.1 -0.015 1.73472e-18 0.07 0.809017 0.587785 3.59914e-17 4.9538e-17 
0.0909658 0.05 0.05 0.1 -0.025 0.01 0.07 0.809017 0.587785 3.59914e-17 4.9538e-17 
0.0847834 0.05 0.05 0.1 0.02 -0.02 0.07 -0.587785 0.809017 -4.9538e-17 -3.59915e-17 
0.0847052 0.05 0.05 0.1 -0.02 0.02 0.07 0.809017 0.587785 3.59914e-17 4.9538e-17 
0.0808635 0.05 0.05 0.1 -0.025 -0.025 0.07 0.309017 0.951057 -5.82354e-17 1.89218e-17 
0.0778219 0.05 0.05 0.1 0.015 -0.025 0.07 -0.587785 0.809017 -4.9538e-17 -3.59915e-17 
0.0710625 0.05 0.05 0.1 -0.02 -0.025 0.07 0.587785 0.809017 -4.9538e-17 3.59915e-17 
0.0698065 0.05 0.05 0.1 -0.025 -0.025 0.07 6.12323e-17 1 -6.12323e-17 3.7494e-33 
0.069612 0.05 0.05 0.1 -0.025 -0.015 0.07 0.587785 0.809017 -4.9538e-17 3.59915e-17 
0.0637039 0.05 0.05 0.1 -0.02 0.005 0.07 0.809017 0.587785 3.59914e-17 4.9538e-17 
0.0636596 0.05 0.05 0.1 0.02 -0.005 0.07 -0.587785 0.809017 -4.9538e-17 -3.59915e-17 
0.0627869 0.05 0.05 0.1 0.02 -0.025 0.07 -0.309017 0.951057 -5.82354e-17 -1.89218e-17 
0.0615321 0.05 0.05 0.1 -0.02 -0.02 0.07 0.587785 0.809017 -4.9538e-17 3.59915e-17 
0.0614482 0.05 0.05 0.1 0.02 0.02 0.07 0.809017 -0.587785 -3.59914e-17 4.9538e-17 
0.0600749 0.05 0.05 0.1 0.015 0.02 0.07 1 0 0 6.12323e-17 
0.0600474 0.05 0.05 0.1 -0.015 -0.02 0.07 6.12323e-17 1 -6.12323e-17 3.7494e-33 
0.0591393 0.05 0.05 0.1 -0.025 -0.01 0.07 0.587785 0.809017 -4.9538e-17 3.59915e-17 
0.0587861 0.05 0.05 0.1 0.02 -0.015 0.07 -0.587785 0.809017 -4.9538e-17 -3.59915e-17 
0.0587819 0.05 0.05 0.1 -0.02 0.015 0.07 0.809017 0.587785 3.59914e-17 4.9538e-17 
0.058254 0.05 0.05 0.1 -0.02 -0.02 0.07 6.12323e-17 1 -6.12323e-17 3.7494e-33 
0.0582465 0.05 0.05 0.1 0.02 0.02 0.07 1 0 0 6.12323e-17 
0.0541271 0.05 0.05 0.1 -0.01 0.02 0.07 1 0 0 6.12323e-17 
0.0541261 0.05 0.05 0.1 0.01 -0.02 0.07 6.12323e-17 1 -6.12323e-17 3.7494e-33 
0.0515805 0.05 0.05 0.1 -0.015 -0.02 0.07 0.587785 0.809017 -4.9538e-17 3.59915e-17 
0.0515758 0.05 0.05 0.1 0.015 0.02 0.07 0.809017 -0.587785 -3.59914e-17 4.9538e-17 
0.0499447 0.05 0.05 0.1 -0.025 -0.02 0.07 0.587785 0.809017 -4.9538e-17 3.59915e-17 
0.049611 0.05 0.05 0.1 -0.01 -0.02 0.07 6.12323e-17 1 -6.12323e-17 3.7494e-33 
0.0495826 0.05 0.05 0.1 0.01 0.02 0.07 1 0 0 6.12323e-17 
0.0470419 0.05 0.05 0.1 -0.025 0.02 0.07 0.951057 0.309017 1.89218e-17 5.82354e-17 
0.0458156 0.05 0.05 0.1 -0.02 0.01 0.07 0.809017 0.587785 3.59914e-17 4.9538e-17 
0.0457607 0.05 0.05 0.1 0.02 -0.01 0.07 -0.587785 0.809017 -4.9538e-17 -3.59915e-17 
0.0422472 0.05 0.05 0.1 -0.025 -0.02 0.07 6.12323e-17 1 -6.12323e-17 3.7494e-33 
0.0410565 0.05 0.05 0.1 -0.025 0.01 0.07 0.951057 0.309017 1.89218e-17 5.82354e-17 
0.0350574 0.05 0.05 0.1 -0.025 0.015 0.07 0.951057 0.309017 1.89218e-17 5.82354e-17 
0.0341218 0.05 0.05 0.1 0.005 0.02 0.07 1 0 0 6.12323e-17 
0.0341097 0.05 0.05 0.1 -0.005 -0.02 0.07 6.12323e-17 1 -6.12323e-17 3.7494e-33 
0.0286934 0.05 0.05 0.1 -0.02 0.02 0.07 0.951057 0.309017 1.89218e-17 5.82354e-17 
0.0286644 0.05 0.05 0.1 0.02 -0.02 0.07 -0.309017 0.951057 -5.82354e-17 -1.89218e-17 
0.0264077 0.05 0.05 0.1 -0.005 0.02 0.07 1 0 0 6.12323e-17 
0.0263986 0.05 0.05 0.1 0.005 -0.02 0.07 6.12323e-17 1 -6.12323e-17 3.7494e-33 
0.0247717 0.05 0.05 0.1 1.73472e-18 -0.02 0.07 0.309017 0.951057 -5.82354e-17 1.89218e-17 
0.0247674 0.05 0.05 0.1 1.73472e-18 0.02 0.07 0.951057 -0.309017 -1.89218e-17 5.82354e-17 
0.024101 0.05 0.05 0.1 0.015 -0.02 0.07 -0.587785 0.809017 -4.9538e-17 -3.59915e-17 
0.0237082 0.05 0.05 0.1 -0.015 0.02 0.07 0.809017 0.587785 3.59914e-17 4.9538e-17 
0.0230442 0.05 0.05 0.1 1.73472e-18 -0.02 0.07 6.12323e-17 1 -6.12323e-17 3.7494e-33 
0.0230331 0.05 0.05 0.1 1.73472e-18 0.02 0.07 1 0 0 6.12323e-17 
0.0220708 0.05 0.05 0.1 0.01 -0.025 0.07 -0.587785 0.809017 -4.9538e-17 -3.59915e-17 
0.0189471 0.05 0.05 0.1 0.01 0.02 0.07 0.809017 -0.587785 -3.59914e-17 4.9538e-17 
0.0188205 0.05 0.05 0.1 -0.01 -0.02 0.07 0.587785 0.809017 -4.9538e-17 3.59915e-17 
0.0183467 0.05 0.05 0.1 -0.025 -0.025 0.07 0.587785 0.809017 -4.9538e-17 3.59915e-17 
0.0183415 0.05 0.05 0.1 1.73472e-18 -0.025 0.07 0.309017 0.951057 -5.82354e-17 1.89218e-17 
0.0142924 0.05 0.05 0.1 0.045 0.01 0.04 -0.672498 -0.218508 0.672499 0.218508 
0.0142918 0.05 0.05 0.1 -0.045 -0.01 0.04 -0.218508 0.672498 -0.218508 0.672499 
0.0128232 0.05 0.05 0.1 0.01 1.73472e-18 0.07 -0.587785 0.809017 -4.9538e-17 -3.59915e-17 
0.0119318 0.05 0.05 0.1 -0.01 1.73472e-18 0.07 0.809017 0.587785 3.59914e-17 4.9538e-17 
0.0107023 0.05 0.05 0.1 -0.02 0.01 0.07 0.951057 0.309017 1.89218e-17 5.82354e-17 
0.0105924 0.05 0.05 0.1 0.02 -0.01 0.07 -0.309017 0.951057 -5.82354e-17 -1.89218e-17 
0.00694367 0.05 0.05 0.1 -0.025 -0.005 0.07 0.587785 0.809017 -4.9538e-17 3.59915e-17 
0.00477366 0.05 0.05 0.1 0.045 0.015 0.04 -0.672498 -0.218508 0.672499 0.218508 
0.00477295 0.05 0.05 0.1 -0.045 -0.015 0.04 -0.218508 0.672498 -0.218508 0.672499 
0.000769184 0.05 0.05 0.1 -0.045 -0.025 0.01 -0.218508 0.672498 -0.218508 0.672499 
0.000711939 0.05 0.05 0.1 -0.045 0.01 0.04 0.707107 -4.32978e-17 0.707107 -4.32978e-17 
0.000711873 0.05 0.05 0.1 0.045 -0.01 0.04 0 -0.707107 0 0.707106 
0.00068766 0.05 0.05 0.1 -0.045 0.01 0.03 0.707107 -4.32978e-17 0.707107 -4.32978e-17 
0.000687616 0.05 0.05 0.1 0.045 -0.01 0.03 0 -0.707107 0 0.707106 
0.000314177 0.05 0.05 0.1 0.045 0.005 0.04 -0.572061 -0.415627 0.572061 0.415629 
0.00031417 0.05 0.05 0.1 -0.045 -0.005 0.04 -0.415627 0.572061 -0.415627 0.572062 
0.000284852 0.05 0.05 0.1 0.045 0.01 0.04 -0.572061 -0.415627 0.572061 0.415629 
0.000284847 0.05 0.05 0.1 -0.045 -0.01 0.04 -0.415627 0.572061 -0.415627 0.572062 
0.00011836 0.05 0.05 0.1 0.015 -0.025 0.07 -0.309017 0.951057 -5.82354e-17 -1.89218e-17 
9.9734e-05 0.05 0.05 0.1 0.045 -0.025 0.04 0 -0.707107 0 0.707106 
9.513e-05 0.05 0.05 0.1 0.045 0.015 0.04 -0.572061 -0.415627 0.572061 0.415629 
9.51212e-05 0.05 0.05 0.1 -0.045 -0.015 0.04 -0.415627 0.572061 -0.415627 0.572062 
8.6832e-05 0.05 0.05 0.1 0.045 -0.025 0.03 0 -0.707107 0 0.707106 
1.98179e-09 0.05 0.05 0.1 -0.015 0.045 0.04 0.218508 0.672499 -0.672499 0.218502 
1.95309e-09 0.05 0.05 0.1 -0.02 0.045 0.04 0.218508 0.672499 -0.672499 0.218502 
1.92444e-09 0.05 0.05 0.1 -0.01 0.045 0.04 0.218508 0.672499 -0.672499 0.218502 
1.8823e-09 0.05 0.05 0.1 -0.025 0.045 0.03 0.218508 0.672499 -0.672499 0.218502 
1.86014e-09 0.05 0.05 0.1 -0.025 0.045 0.04 0.218508 0.672499 -0.672499 0.218502 
1.76353e-09 0.05 0.05 0.1 -0.005 0.045 0.04 0.218508 0.672499 -0.672499 0.218502 
1.48598e-09 0.05 0.05 0.1 1.73472e-18 0.045 0.04 0.218508 0.672499 -0.672499 0.218502 
1.08312e-09 0.05 0.05 0.1 0.005 0.045 0.04 0.218508 0.672499 -0.672499 0.218502 
-4.64278e-11 0.05 0.05 0.1 0.045 0.02 0.04 0.707107 -4.32978e-17 -0.707107 4.32978e-17 
-1.66261e-10 0.05 0.05 0.1 0.02 -0.045 0.03 -0.572061 0.415627 0.415627 0.572062 
-1.67078e-10 0.05 0.05 0.1 -0.025 0.045 0.03 0.415627 0.572061 -0.572061 0.415629 
-1.71921e-10 0.05 0.05 0.1 0.015 -0.045 0.03 -0.572061 0.415627 0.415627 0.572062 
-2.20583e-10 0.05 0.05 0.1 0.02 -0.045 0.04 -0.572061 0.415627 0.415627 0.572062 
-2.23627e-10 0.05 0.05 0.1 -0.025 0.045 0.04 0.415627 0.572061 -0.572061 0.415629 
-2.24849e-10 0.05 0.05 0.1 0.015 -0.045 0.04 -0.572061 0.415627 0.415627 0.572062 
-2.32548e-10 0.05 0.05 0.1 0.01 -0.045 0.04 -0.572061 0.415627 0.415627 0.572062 
-2.35154e-10 0.05 0.05 0.1 -0.005 -0.045 0.04 -0.672499 0.218508 0.218508 0.672498 
-2.38623e-10 0.05 0.05 0.1 1.73472e-18 -0.045 0.04 -0.672499 0.218508 0.218508 0.672498 
-2.42481e-10 0.05 0.05 0.1 0.005 -0.045 0.04 -0.672499 0.218508 0.218508 0.672498 
-2.44964e-10 0.05 0.05 0.1 0.01 -0.045 0.04 -0.672499 0.218508 0.218508 0.672498 
-2.456e-10 0.05 0.05 0.1 0.02 -0.045 0.04 -0.672499 0.218508 0.218508 0.672498 
-2.45713e-10 0.05 0.05 0.1 0.015 -0.045 0.04 -0.672499 0.218508 0.218508 0.672498 
-4.18837e-10 0.05 0.05 0.1 -0.02 0.045 0.03 0.415627 0.572061 -0.572061 0.415629 
-4.78477e-10 0.05 0.05 0.1 -0.02 0.045 0.04 0.415627 0.572061 -0.572061 0.415629 
-8.22624e-10 0.05 0.05 0.1 -0.015 0.045 0.03 0.415627 0.572061 -0.572061 0.415629 
-8.87328e-10 0.05 0.05 0.1 -0.015 0.045 0.04 0.415627 0.572061 -0.572061 0.415629 
-1.44735e-09 0.05 0.05 0.1 -0.01 0.045 0.04 0.415627 0.572061 -0.572061 0.415629 
-4.19067e-05 0.05 0.05 0.1 0.045 0.02 0.04 -0.572061 -0.415627 0.572061 0.415629 
-4.19175e-05 0.05 0.05 0.1 -0.045 -0.02 0.04 -0.415627 0.572061 -0.415627 0.572062 
-4.1922e-05 0.05 0.05 0.1 -0.045 -0.02 0.04 0 0.707107 0 0.707106 
-4.82601e-05 0.05 0.05 0.1 -0.045 -0.025 0.04 0 0.707107 0 0.707106 
-4.82642e-05 0.05 0.05 0.1 -0.045 -0.025 0.04 -0.415627 0.572061 -0.415627 0.572062 
-0.000166582 0.05 0.05 0.1 0.045 1.73472e-18 0.04 -0.572061 -0.415627 0.572061 0.415629 
-0.000166588 0.05 0.05 0.1 -0.045 1.73472e-18 0.04 -0.415627 0.572061 -0.415627 0.572062 
-0.000284899 0.05 0.05 0.1 -0.045 -0.025 0.02 -0.218508 0.672498 -0.218508 0.672499 
-0.00030146 0.05 0.05 0.1 -0.045 0.015 0.03 0.707107 -4.32978e-17 0.707107 -4.32978e-17 
-0.000301486 0.05 0.05 0.1 0.045 -0.015 0.03 0 -0.707107 0 0.707106 
-0.000337795 0.05 0.05 0.1 -0.045 0.015 0.04 0.707107 -4.32978e-17 0.707107 -4.32978e-17 
-0.000337818 0.05 0.05 0.1 0.045 -0.015 0.04 0 -0.707107 0 0.707106 
-0.000339124 0.05 0.05 0.1 0.045 -0.02 0.03 0 -0.707107 0 0.707106 
-0.00033913 0.05 0.05 0.1 -0.045 0.02 0.03 0.707107 -4.32978e-17 0.707107 -4.32978e-17 
-0.000362604 0.05 0.05 0.1 0.045 -0.02 0.04 0 -0.707107 0 0.707106 
-0.000362613 0.05 0.05 0.1 -0.045 0.02 0.04 0.707107 -4.32978e-17 0.707107 -4.32978e-17 
-0.000647206 0.05 0.05 0.1 -0.02 0.015 0.07 0.951057 0.309017 1.89218e-17 5.82354e-17 
-0.000710742 0.05 0.05 0.1 0.02 -0.015 0.07 -0.309017 0.951057 -5.82354e-17 -1.89218e-17 
-0.0013576 0.05 0.05 0.1 -0.045 -0.025 0.03 -0.218508 0.672498 -0.218508 0.672499 
-0.00164112 0.05 0.05 0.1 0.045 -0.005 0.04 -0.572061 -0.415627 0.572061 0.415629 
-0.0016412 0.05 0.05 0.1 -0.045 0.005 0.04 -0.415627 0.572061 -0.415627 0.572062 
-0.00210309 0.05 0.05 0.1 0.045 0.02 0.04 -0.672498 -0.218508 0.672499 0.218508 
-0.00210371 0.05 0.05 0.1 -0.045 -0.02 0.04 -0.218508 0.672498 -0.218508 0.672499 
-0.00242082 0.05 0.05 0.1 -0.045 -0.025 0.04 -0.218508 0.672498 -0.218508 0.672499 
-0.00254151 0.05 0.05 0.1 -0.025 -0.015 0.07 6.12323e-17 1 -6.12323e-17 3.7494e-33 
-0.00463554 0.05 0.05 0.1 0.045 0.02 0.03 -0.672498 -0.218508 0.672499 0.218508 
-0.00463561 0.05 0.05 0.1 -0.045 -0.02 0.03 -0.218508 0.672498 -0.218508 0.672499 
-0.00472028 0.05 0.05 0.1 0.045 -0.01 0.04 -0.572061 -0.415627 0.572061 0.415629 
-0.00472049 0.05 0.05 0.1 -0.045 0.01 0.04 -0.415627 0.572061 -0.415627 0.572062 
-0.00712453 0.05 0.05 0.1 -0.045 -0.02 0.02 -0.218508 0.672498 -0.218508 0.672499 
-0.00712462 0.05 0.05 0.1 0.045 0.02 0.02 -0.672498 -0.218508 0.672499 0.218508 
-0.00907284 0.05 0.05 0.1 -0.02 -0.015 0.07 0.587785 0.809017 -4.9538e-17 3.59915e-17 
-0.00955915 0.05 0.05 0.1 0.02 0.015 0.07 0.809017 -0.587785 -3.59914e-17 4.9538e-17 
-0.010131 0.05 0.05 0.1 0.045 -0.015 0.04 -0.572061 -0.415627 0.572061 0.415629 
-0.0101315 0.05 0.05 0.1 -0.045 0.015 0.04 -0.415627 0.572061 -0.415627 0.572062 
-0.0259568 0.05 0.05 0.1 0.015 -0.005 0.07 -0.587785 0.809017 -4.9538e-17 -3.59915e-17 
-0.026091 0.05 0.05 0.1 -0.015 0.005 0.07 0.809017 0.587785 3.59914e-17 4.9538e-17 
-0.0316828 0.05 0.05 0.1 0.015 -0.015 0.07 -0.587785 0.809017 -4.9538e-17 -3.59915e-17 
-0.0319198 0.05 0.05 0.1 -0.015 0.015 0.07 0.809017 0.587785 3.59914e-17 4.9538e-17 
-0.0326204 0.05 0.05 0.1 0.005 0.02 0.07 0.809017 -0.587785 -3.59914e-17 4.9538e-17 
-0.0328323 0.05 0.05 0.1 -0.005 -0.02 0.07 0.587785 0.809017 -4.9538e-17 3.59915e-17 
-0.0510652 0.05 0.05 0.1 0.02 0.015 0.07 1 0 0 6.12323e-17 
-0.051083 0.05 0.05 0.1 -0.02 -0.015 0.07 6.12323e-17 1 -6.12323e-17 3.7494e-33 
-0.0579109 0.05 0.05 0.1 0.015 -0.01 0.07 -0.587785 0.809017 -4.9538e-17 -3.59915e-17 
-0.058028 0.05 0.05 0.1 -0.015 0.01 0.07 0.809017 0.587785 3.59914e-17 4.9538e-17 
-0.0597337 0.05 0.05 0.1 -0.025 -0.01 0.07 6.12323e-17 1 -6.12323e-17 3.7494e-33 
-0.0789605 0.05 0.05 0.1 0.01 -0.015 0.07 6.12323e-17 1 -6.12323e-17 3.7494e-33 
-0.0789971 0.05 0.05 0.1 -0.01 0.015 0.07 1 0 0 6.12323e-17 
-0.0819451 0.05 0.05 0.1 0.01 -0.02 0.07 -0.587785 0.809017 -4.9538e-17 -3.59915e-17 
-0.0829109 0.05 0.05 0.1 -0.01 0.02 0.07 0.809017 0.587785 3.59914e-17 4.9538e-17 
-0.0842554 0.05 0.05 0.1 -0.015 0.02 0.07 0.951057 0.309017 1.89218e-17 5.82354e-17 
-0.0843175 0.05 0.05 0.1 0.015 -0.02 0.07 -0.309017 0.951057 -5.82354e-17 -1.89218e-17 
-0.0899037 0.05 0.05 0.1 -0.025 1.73472e-18 0.07 0.587785 0.809017 -4.9538e-17 3.59915e-17 
-0.107745 0.05 0.05 0.1 -0.015 -0.015 0.07 6.12323e-17 1 -6.12323e-17 3.7494e-33 
-0.107756 0.05 0.05 0.1 0.015 0.015 0.07 1 0 0 6.12323e-17 
-0.131486 0.05 0.05 0.1 0.005 -0.025 0.07 0.309017 0.951057 -5.82354e-17 1.89218e-17 
-0.154389 0.05 0.05 0.1 -0.015 0.015 0.07 0.951057 0.309017 1.89218e-17 5.82354e-17 
-0.15452 0.05 0.05 0.1 0.015 -0.015 0.07 -0.309017 0.951057 -5.82354e-17 -1.89218e-17 
-0.160256 0.05 0.05 0.1 -0.015 0.01 0.07 0.951057 0.309017 1.89218e-17 5.82354e-17 
-0.16038 0.05 0.05 0.1 -0.02 -0.01 0.07 0.587785 0.809017 -4.9538e-17 3.59915e-17 
-0.160491 0.05 0.05 0.1 0.015 -0.01 0.07 -0.309017 0.951057 -5.82354e-17 -1.89218e-17 
-0.161452 0.05 0.05 0.1 0.02 0.01 0.07 0.809017 -0.587785 -3.59914e-17 4.9538e-17 
-0.164789 0.05 0.05 0.1 0.01 -0.025 0.07 -0.309017 0.951057 -5.82354e-17 -1.89218e-17 
-0.164886 0.05 0.05 0.1 0.01 0.015 0.07 1 0 0 6.12323e-17 
-0.164891 0.05 0.05 0.1 -0.01 -0.015 0.07 6.12323e-17 1 -6.12323e-17 3.7494e-33 
-0.165907 0.05 0.05 0.1 -0.015 -0.015 0.07 0.587785 0.809017 -4.9538e-17 3.59915e-17 
-0.166828 0.05 0.05 0.1 0.015 0.015 0.07 0.809017 -0.587785 -3.59914e-17 4.9538e-17 
-0.169943 0.05 0.05 0.1 0.01 -0.005 0.07 -0.587785 0.809017 -4.9538e-17 -3.59915e-17 
-0.170447 0.05 0.05 0.1 -0.01 0.005 0.07 0.809017 0.587785 3.59914e-17 4.9538e-17 
-0.177458 0.05 0.05 0.1 0.01 -0.015 0.07 -0.587785 0.809017 -4.9538e-17 -3.59915e-17 
-0.178151 0.05 0.05 0.1 -0.01 0.015 0.07 0.809017 0.587785 3.59914e-17 4.9538e-17 
-0.184229 0.05 0.05 0.1 -0.005 0.015 0.07 1 0 0 6.12323e-17 
-0.184232 0.05 0.05 0.1 0.005 -0.015 0.07 6.12323e-17 1 -6.12323e-17 3.7494e-33 
-0.205289 0.05 0.05 0.1 0.02 0.01 0.07 1 0 0 6.12323e-17 
-0.205307 0.05 0.05 0.1 -0.02 -0.01 0.07 6.12323e-17 1 -6.12323e-17 3.7494e-33 
-0.208448 0.05 0.05 0.1 0.005 0.015 0.07 1 0 0 6.12323e-17 
-0.208483 0.05 0.05 0.1 -0.005 -0.015 0.07 6.12323e-17 1 -6.12323e-17 3.7494e-33 
-0.220376 0.05 0.05 0.1 0.01 -0.01 0.07 -0.587785 0.809017 -4.9538e-17 -3.59915e-17 
-0.220858 0.05 0.05 0.1 -0.01 0.01 0.07 0.809017 0.587785 3.59914e-17 4.9538e-17 
-0.221121 0.05 0.05 0.1 1.73472e-18 0.015 0.07 1 0 0 6.12323e-17 
-0.221131 0.05 0.05 0.1 1.73472e-18 -0.015 0.07 6.12323e-17 1 -6.12323e-17 3.7494e-33 
-0.225229 0.05 0.05 0.1 -0.025 0.005 0.07 0.587785 0.809017 -4.9538e-17 3.59915e-17 
-0.272447 0.05 0.05 0.1 0.01 -0.01 0.07 6.12323e-17 1 -6.12323e-17 3.7494e-33 
-0.272472 0.05 0.05 0.1 -0.01 0.01 0.07 1 0 0 6.12323e-17 
-0.27344 0.05 0.05 0.1 -0.005 0.02 0.07 0.951057 -0.309017 -1.89218e-17 5.82354e-17 
-0.273441 0.05 0.05 0.1 0.005 -0.02 0.07 0.309017 0.951057 -5.82354e-17 1.89218e-17 
-0.339538 0.05 0.05 0.1 -0.01 0.02 0.07 0.951057 0.309017 1.89218e-17 5.82354e-17 
-0.339636 0.05 0.05 0.1 0.01 -0.02 0.07 -0.309017 0.951057 -5.82354e-17 -1.89218e-17 
-0.349074 0.05 0.05 0.1 0.015 0.01 0.07 1 0 0 6.12323e-17 
-0.349105 0.05 0.05 0.1 -0.015 -0.01 0.07 6.12323e-17 1 -6.12323e-17 3.7494e-33 
-0.366119 0.05 0.05 0.1 0.005 -0.015 0.07 0.309017 0.951057 -5.82354e-17 1.89218e-17 
-0.366144 0.05 0.05 0.1 -0.005 0.015 0.07 0.951057 -0.309017 -1.89218e-17 5.82354e-17 
-0.385162 0.05 0.05 0.1 -0.025 0.01 0.07 0.587785 0.809017 -4.9538e-17 3.59915e-17 
-0.397626 0.05 0.05 0.1 0.01 -0.025 0.07 0.309017 0.951057 -5.82354e-17 1.89218e-17 
-0.400944 0.05 0.05 0.1 -0.01 -0.015 0.07 0.587785 0.809017 -4.9538e-17 3.59915e-17 
-0.402419 0.05 0.05 0.1 0.01 0.015 0.07 0.809017 -0.587785 -3.59914e-17 4.9538e-17 
-0.403496 0.05 0.05 0.1 -0.02 -0.005 0.07 0.587785 0.809017 -4.9538e-17 3.59915e-17 
-0.405312 0.05 0.05 0.1 0.02 0.005 0.07 0.809017 -0.587785 -3.59914e-17 4.9538e-17 
-0.456649 0.05 0.05 0.1 0.005 -0.025 0.07 -0.309017 0.951057 -5.82354e-17 -1.89218e-17 
-0.474823 0.05 0.05 0.1 0.01 0.01 0.07 1 0 0 6.12323e-17 
-0.474848 0.05 0.05 0.1 -0.01 -0.01 0.07 6.12323e-17 1 -6.12323e-17 3.7494e-33 
-0.487464 0.05 0.05 0.1 0.005 -0.01 0.07 6.12323e-17 1 -6.12323e-17 3.7494e-33 
-0.487495 0.05 0.05 0.1 -0.005 0.01 0.07 1 0 0 6.12323e-17 
-0.489499 0.05 0.05 0.1 -0.01 0.015 0.07 0.951057 0.309017 1.89218e-17 5.82354e-17 
-0.48973 0.05 0.05 0.1 0.01 -0.015 0.07 -0.309017 0.951057 -5.82354e-17 -1.89218e-17 
-0.538902 0.05 0.05 0.1 -0.015 -0.01 0.07 0.587785 0.809017 -4.9538e-17 3.59915e-17 
-0.54113 0.05 0.05 0.1 0.015 0.01 0.07 0.809017 -0.587785 -3.59914e-17 4.9538e-17 
-0.551163 0.05 0.05 0.1 -0.025 0.015 0.07 0.587785 0.809017 -4.9538e-17 3.59915e-17 
-0.558734 0.05 0.05 0.1 0.005 0.01 0.07 1 0 0 6.12323e-17 
-0.558739 0.05 0.05 0.1 -0.005 -0.01 0.07 6.12323e-17 1 -6.12323e-17 3.7494e-33 
-0.57286 0.05 0.05 0.1 1.73472e-18 -0.01 0.07 6.12323e-17 1 -6.12323e-17 3.7494e-33 
-0.572872 0.05 0.05 0.1 1.73472e-18 0.01 0.07 1 0 0 6.12323e-17 
-0.70463 0.05 0.05 0.1 -0.025 0.02 0.07 0.587785 0.809017 -4.9538e-17 3.59915e-17 
-0.737275 0.05 0.05 0.1 0.01 -0.02 0.07 0.309017 0.951057 -5.82354e-17 1.89218e-17 
-0.737278 0.05 0.05 0.1 -0.01 0.02 0.07 0.951057 -0.309017 -1.89218e-17 5.82354e-17 
-0.739043 0.05 0.05 0.1 -0.02 1.73472e-18 0.07 0.587785 0.809017 -4.9538e-17 3.59915e-17 
-0.74169 0.05 0.05 0.1 0.02 1.73472e-18 0.07 0.809017 -0.587785 -3.59914e-17 4.9538e-17 
-0.776923 0.05 0.05 0.1 -0.005 0.02 0.07 0.951057 0.309017 1.89218e-17 5.82354e-17 
-0.777076 0.05 0.05 0.1 0.005 -0.02 0.07 -0.309017 0.951057 -5.82354e-17 -1.89218e-17 
-0.840454 0.05 0.05 0.1 0.015 -0.025 0.07 0.309017 0.951057 -5.82354e-17 1.89218e-17 
-0.895204 0.05 0.05 0.1 1.73472e-18 -0.025 0.07 -0.309017 0.951057 -5.82354e-17 -1.89218e-17 
-1.07708 0.05 0.05 0.1 -0.015 -0.005 0.07 0.587785 0.809017 -4.9538e-17 3.59915e-17 
-1.0809 0.05 0.05 0.1 0.015 0.005 0.07 0.809017 -0.587785 -3.59914e-17 4.9538e-17 
-1.15687 0.05 0.05 0.1 -0.02 0.005 0.07 0.587785 0.809017 -4.9538e-17 3.59915e-17 
-1.16038 0.05 0.05 0.1 0.02 -0.005 0.07 0.809017 -0.587785 -3.59914e-17 4.9538e-17 
-1.41821 0.05 0.05 0.1 -0.015 0.02 0.07 0.951057 -0.309017 -1.89218e-17 5.82354e-17 
-1.41821 0.05 0.05 0.1 0.015 -0.02 0.07 0.309017 0.951057 -5.82354e-17 1.89218e-17 
-1.43021 0.05 0.05 0.1 1.73472e-18 0.02 0.07 0.951057 0.309017 1.89218e-17 5.82354e-17 
-1.43043 0.05 0.05 0.1 1.73472e-18 -0.02 0.07 -0.309017 0.951057 -5.82354e-17 -1.89218e-17 
-1.49728 0.05 0.05 0.1 -0.005 -0.025 0.07 -0.309017 0.951057 -5.82354e-17 -1.89218e-17 
-1.6376 0.05 0.05 0.1 -0.02 0.01 0.07 0.587785 0.809017 -4.9538e-17 3.59915e-17 
-1.64195 0.05 0.05 0.1 0.02 -0.01 0.07 0.809017 -0.587785 -3.59914e-17 4.9538e-17 
-1.77753 0.05 0.05 0.1 -0.015 1.73472e-18 0.07 0.587785 0.809017 -4.9538e-17 3.59915e-17 
-1.78315 0.05 0.05 0.1 0.015 1.73472e-18 0.07 0.809017 -0.587785 -3.59914e-17 4.9538e-17 
-2.15589 0.05 0.05 0.1 -0.02 0.015 0.07 0.587785 0.809017 -4.9538e-17 3.59915e-17 
-2.161 0.05 0.05 0.1 0.02 -0.015 0.07 0.809017 -0.587785 -3.59914e-17 4.9538e-17 
-2.27855 0.05 0.05 0.1 -0.01 -0.025 0.07 -0.309017 0.951057 -5.82354e-17 -1.89218e-17 
-2.32897 0.05 0.05 0.1 0.005 0.02 0.07 0.951057 0.309017 1.89218e-17 5.82354e-17 
-2.32926 0.05 0.05 0.1 -0.005 -0.02 0.07 -0.309017 0.951057 -5.82354e-17 -1.89218e-17 
-2.62471 0.05 0.05 0.1 -0.015 0.005 0.07 0.587785 0.809017 -4.9538e-17 3.59915e-17 
-2.63219 0.05 0.05 0.1 0.015 -0.005 0.07 0.809017 -0.587785 -3.59914e-17 4.9538e-17 
-2.68527 0.05 0.05 0.1 -0.02 0.02 0.07 0.587785 0.809017 -4.9538e-17 3.59915e-17 
-2.69102 0.05 0.05 0.1 0.02 -0.02 0.07 0.809017 -0.587785 -3.59914e-17 4.9538e-17 
-3.21053 0.05 0.05 0.1 0.02 -0.025 0.07 0.809017 -0.587785 -3.59914e-17 4.9538e-17 
-3.25479 0.05 0.05 0.1 -0.015 -0.025 0.07 -0.309017 0.951057 -5.82354e-17 -1.89218e-17 
-3.59211 0.05 0.05 0.1 -0.015 0.01 0.07 0.587785 0.809017 -4.9538e-17 3.59915e-17 
-3.6014 0.05 0.05 0.1 0.015 -0.01 0.07 0.809017 -0.587785 -3.59914e-17 4.9538e-17 
-4.44283 0.05 0.05 0.1 -0.02 -0.025 0.07 -0.309017 0.951057 -5.82354e-17 -1.89218e-17 
-4.64572 0.05 0.05 0.1 -0.015 0.015 0.07 0.587785 0.809017 -4.9538e-17 3.59915e-17 
-4.65665 0.05 0.05 0.1 0.015 -0.015 0.07 0.809017 -0.587785 -3.59914e-17 4.9538e-17 
-5.74922 0.05 0.05 0.1 -0.015 0.02 0.07 0.587785 0.809017 -4.9538e-17 3.59915e-17 
-5.7615 0.05 0.05 0.1 0.015 -0.02 0.07 0.809017 -0.587785 -3.59914e-17 4.9538e-17 
-5.86088 0.05 0.05 0.1 -0.025 -0.025 0.07 -0.309017 0.951057 -5.82354e-17 -1.89218e-17 
-6.88357 0.05 0.05 0.1 0.015 -0.025 0.07 0.809017 -0.587785 -3.59914e-17 4.9538e-17 
