2.84442 0.065 0.065 0.2 -0.0065 -0.0525 0.1 -0.672499 0.218508 0.218508 0.672498 
2.34708 0.065 0.065 0.2 0.0065 -0.0525 0.1 -0.672499 0.218508 0.218508 0.672498 
1.79483 0.065 0.065 0.2 0.0195 -0.0525 0.1 -0.672499 0.218508 0.218508 0.672498 
1.20954 0.065 0.065 0.2 0.0325 -0.0525 0.1 -0.672499 0.218508 0.218508 0.672498 
1.06357 0.065 0.065 0.2 0.0325 0.0325 0.12 0.951057 0.309017 1.89218e-17 5.82354e-17 
0.56121 0.065 0.065 0.2 0.0195 0.0325 0.12 0.951057 0.309017 1.89218e-17 5.82354e-17 
0.298371 0.065 0.065 0.2 0.0065 0.0325 0.12 0.951057 0.309017 1.89218e-17 5.82354e-17 
0.182643 0.065 0.065 0.2 -0.0325 0.0525 0.1 0.415627 0.572061 -0.572061 0.415629 
0.173639 0.065 0.065 0.2 -0.0065 -0.0325 0.12 6.12323e-17 1 -6.12323e-17 3.7494e-33 
0.171109 0.065 0.065 0.2 0.0065 -0.0325 0.12 6.12323e-17 1 -6.12323e-17 3.7494e-33 
0.152508 0.065 0.065 0.2 -0.0325 0.0525 0.1 -4.32978e-17 0.707107 -0.707107 4.32978e-17 
0.151646 0.065 0.065 0.2 -0.0195 0.0525 0.1 -4.32978e-17 0.707107 -0.707107 4.32978e-17 
0.148764 0.065 0.065 0.2 -0.0065 0.0525 0.1 -4.32978e-17 0.707107 -0.707107 4.32978e-17 
0.143977 0.065 0.065 0.2 0.0065 0.0525 0.1 -4.32978e-17 0.707107 -0.707107 4.32978e-17 
0.141985 0.065 0.065 0.2 -0.0195 -0.0325 0.12 6.12323e-17 1 -6.12323e-17 3.7494e-33 
0.137472 0.065 0.065 0.2 0.0195 0.0525 0.1 -4.32978e-17 0.707107 -0.707107 4.32978e-17 
0.1295 0.065 0.065 0.2 0.0325 0.0525 0.1 -4.32978e-17 0.707107 -0.707107 4.32978e-17 
0.126789 0.065 0.065 0.2 0.0065 -0.0195 0.12 6.12323e-17 1 -6.12323e-17 3.7494e-33 
0.124423 0.065 0.065 0.2 -0.0325 0.0065 0.12 0.587785 0.809017 -4.9538e-17 3.59915e-17 
0.112624 0.065 0.065 0.2 -0.0195 0.0195 0.12 0.951057 0.309017 1.89218e-17 5.82354e-17 
0.108528 0.065 0.065 0.2 -0.0325 0.0065 0.12 0.951057 0.309017 1.89218e-17 5.82354e-17 
0.0953207 0.065 0.065 0.2 -0.0195 0.0525 0.02 0.415627 0.572061 -0.572061 0.415629 
0.0943582 0.065 0.065 0.2 -0.0065 0.0325 0.12 0.951057 0.309017 1.89218e-17 5.82354e-17 
0.0913286 0.065 0.065 0.2 -0.0195 0.0525 0.06 0.415627 0.572061 -0.572061 0.415629 
0.086485 0.065 0.065 0.2 -0.0195 -0.0065 0.12 0.587785 0.809017 -4.9538e-17 3.59915e-17 
0.0852399 0.065 0.065 0.2 0.0325 -0.0065 0.12 -0.587785 0.809017 -4.9538e-17 -3.59915e-17 
0.0704641 0.065 0.065 0.2 -0.0195 0.0525 -0.02 0.415627 0.572061 -0.572061 0.415629 
0.0691361 0.065 0.065 0.2 0.0195 0.0195 0.12 0.951057 -0.309017 -1.89218e-17 5.82354e-17 
0.0690822 0.065 0.065 0.2 -0.0325 0.0195 0.12 0.587785 0.809017 -4.9538e-17 3.59915e-17 
0.0683887 0.065 0.065 0.2 -0.0195 -0.0195 0.12 0.587785 0.809017 -4.9538e-17 3.59915e-17 
0.0624937 0.065 0.065 0.2 -0.0065 -0.0195 0.12 6.12323e-17 1 -6.12323e-17 3.7494e-33 
0.0564803 0.065 0.065 0.2 -0.0325 -0.0065 0.12 0.587785 0.809017 -4.9538e-17 3.59915e-17 
0.0556266 0.065 0.065 0.2 -0.0195 0.0065 0.12 0.587785 0.809017 -4.9538e-17 3.59915e-17 
0.0546502 0.065 0.065 0.2 0.0195 -0.0325 0.12 6.12323e-17 1 -6.12323e-17 3.7494e-33 
0.0514803 0.065 0.065 0.2 0.0195 -0.0195 0.12 -0.587785 0.809017 -4.9538e-17 -3.59915e-17 
0.0422341 0.065 0.065 0.2 -0.0525 -0.0065 0.1 -0.218508 0.672498 -0.218508 0.672499 
0.0412287 0.065 0.065 0.2 0.0325 -0.0195 0.12 -0.587785 0.809017 -4.9538e-17 -3.59915e-17 
0.0401487 0.065 0.065 0.2 0.0195 -0.0065 0.12 -0.587785 0.809017 -4.9538e-17 -3.59915e-17 
0.038683 0.065 0.065 0.2 -0.0195 -0.0525 0.02 -0.415627 -0.572061 -0.572061 0.415629 
0.0322686 0.065 0.065 0.2 -0.0325 0.0195 0.12 0.951057 0.309017 1.89218e-17 5.82354e-17 
0.0289207 0.065 0.065 0.2 0.0065 0.0195 0.12 0.951057 -0.309017 -1.89218e-17 5.82354e-17 
0.0265717 0.065 0.065 0.2 -0.0195 0.0325 0.12 0.587785 0.809017 -4.9538e-17 3.59915e-17 
0.023387 0.065 0.065 0.2 -0.0325 0.0525 0.06 0.415627 0.572061 -0.572061 0.415629 
0.0214379 0.065 0.065 0.2 -0.0325 -0.0525 0.02 -0.415627 -0.572061 -0.572061 0.415629 
0.021097 0.065 0.065 0.2 -0.0065 -0.0325 0.12 0.587785 0.809017 -4.9538e-17 3.59915e-17 
0.0193399 0.065 0.065 0.2 0.0325 0.0525 0.1 0.415627 -0.572061 0.572061 0.415629 
0.0157378 0.065 0.065 0.2 0.0525 -0.0195 0.1 -0.572061 -0.415627 0.572061 0.415629 
0.0145302 0.065 0.065 0.2 -0.0325 0.0525 0.02 0.415627 0.572061 -0.572061 0.415629 
0.0135959 0.065 0.065 0.2 0.0195 0.0525 0.1 0.415627 -0.572061 0.572061 0.415629 
0.0128668 0.065 0.065 0.2 0.0195 -0.0325 0.12 -0.587785 0.809017 -4.9538e-17 -3.59915e-17 
0.0116334 0.065 0.065 0.2 0.0195 0.0065 0.12 -0.587785 0.809017 -4.9538e-17 -3.59915e-17 
0.00978837 0.065 0.065 0.2 0.0195 -0.0195 0.12 6.12323e-17 1 -6.12323e-17 3.7494e-33 
0.00683178 0.065 0.065 0.2 -0.0195 -0.0525 0.06 -0.415627 -0.572061 -0.572061 0.415629 
0.00209725 0.065 0.065 0.2 0.0325 0.0525 0.06 0.415627 -0.572061 0.572061 0.415629 
0.000692099 0.065 0.065 0.2 0.0195 0.0525 0.06 0.415627 -0.572061 0.572061 0.415629 
0.000208676 0.065 0.065 0.2 0.0525 0.0325 0.1 -0.572061 -0.415627 0.572061 0.415629 
6.20522e-06 0.065 0.065 0.2 -0.0325 -0.0525 0.1 -0.672499 -0.218508 -0.218508 0.672498 
1.46636e-08 0.065 0.065 0.2 0.0525 0.0325 0.02 0.707107 -4.32978e-17 -0.707107 4.32978e-17 
6.95272e-09 0.065 0.065 0.2 0.0525 0.0325 0.1 0.707107 -4.32978e-17 -0.707107 4.32978e-17 
6.79725e-09 0.065 0.065 0.2 0.0525 0.0325 0.06 0.707107 -4.32978e-17 -0.707107 4.32978e-17 
-5.39418e-07 0.065 0.065 0.2 0.0525 -0.0325 0.06 -0.218508 -0.672498 0.218508 0.672499 
-1.4954e-06 0.065 0.065 0.2 0.0525 -0.0325 0.1 -0.218508 -0.672498 0.218508 0.672499 
-2.21756e-06 0.065 0.065 0.2 0.0525 -0.0195 0.1 -0.218508 -0.672498 0.218508 0.672499 
-4.97603e-06 0.065 0.065 0.2 -0.0195 -0.0525 0.1 -0.672499 -0.218508 -0.218508 0.672498 
-5.92983e-06 0.065 0.065 0.2 -0.0525 0.0195 0.1 0.707107 -4.32978e-17 0.707107 -4.32978e-17 
-9.1658e-06 0.065 0.065 0.2 -0.0525 0.0195 0.06 0.707107 -4.32978e-17 0.707107 -4.32978e-17 
-1.15534e-05 0.065 0.065 0.2 -0.0525 0.0325 0.1 -0.572061 0.415627 -0.572061 0.415629 
-1.89723e-05 0.065 0.065 0.2 -0.0525 0.0325 0.1 0.707107 -4.32978e-17 0.707107 -4.32978e-17 
-2.63045e-05 0.065 0.065 0.2 -0.0065 -0.0525 0.1 -0.672499 -0.218508 -0.218508 0.672498 
-3.31112e-05 0.065 0.065 0.2 -0.0525 0.0325 0.06 0.707107 -4.32978e-17 0.707107 -4.32978e-17 
-5.12875e-05 0.065 0.065 0.2 -0.0525 0.0325 0.02 0.707107 -4.32978e-17 0.707107 -4.32978e-17 
-5.65426e-05 0.065 0.065 0.2 0.0065 -0.0525 0.1 -0.672499 -0.218508 -0.218508 0.672498 
-7.37472e-05 0.065 0.065 0.2 -0.0525 0.0325 -0.02 0.707107 -4.32978e-17 0.707107 -4.32978e-17 
-9.37469e-05 0.065 0.065 0.2 0.0195 -0.0525 0.1 -0.672499 -0.218508 -0.218508 0.672498 
-0.000135441 0.065 0.065 0.2 0.0325 -0.0525 0.1 -0.672499 -0.218508 -0.218508 0.672498 
-0.000152626 0.065 0.065 0.2 -0.0525 0.0195 0.1 -0.572061 0.415627 -0.572061 0.415629 
-0.000391043 0.065 0.065 0.2 0.0525 -0.0325 0.1 0.218508 -0.672498 -0.218508 0.672499 
-0.000741659 0.065 0.065 0.2 0.0525 0.0065 0.1 -0.572061 -0.415627 0.572061 0.415629 
-0.00090014 0.065 0.065 0.2 -0.0525 0.0065 0.1 -0.572061 0.415627 -0.572061 0.415629 
-0.00101664 0.065 0.065 0.2 0.0525 -0.0325 0.06 0.218508 -0.672498 -0.218508 0.672499 
-0.00125498 0.065 0.065 0.2 -0.0195 -0.0195 0.12 6.12323e-17 1 -6.12323e-17 3.7494e-33 
-0.001487 0.065 0.065 0.2 0.0525 0.0195 0.1 -0.572061 -0.415627 0.572061 0.415629 
-0.00206254 0.065 0.065 0.2 0.0525 -0.0325 0.02 0.218508 -0.672498 -0.218508 0.672499 
-0.00206623 0.065 0.065 0.2 -0.0525 -0.0325 -0.02 -0.218508 0.672498 -0.218508 0.672499 
-0.00221279 0.065 0.065 0.2 -0.0525 -0.0065 0.1 -0.572061 0.415627 -0.572061 0.415629 
-0.00342611 0.065 0.065 0.2 -0.0525 -0.0325 0.02 -0.218508 0.672498 -0.218508 0.672499 
-0.00391645 0.065 0.065 0.2 -0.0525 -0.0195 0.1 -0.572061 0.415627 -0.572061 0.415629 
-0.00443789 0.065 0.065 0.2 -0.0325 -0.0325 0.12 0.587785 0.809017 -4.9538e-17 3.59915e-17 
-0.00456939 0.065 0.065 0.2 -0.0195 -0.0325 0.12 0.587785 0.809017 -4.9538e-17 3.59915e-17 
-0.00461439 0.065 0.065 0.2 -0.0525 -0.0195 0.1 -0.218508 0.672498 -0.218508 0.672499 
-0.00478523 0.065 0.065 0.2 -0.0525 -0.0325 0.06 -0.218508 0.672498 -0.218508 0.672499 
-0.0056243 0.065 0.065 0.2 -0.0325 -0.0195 0.12 6.12323e-17 1 -6.12323e-17 3.7494e-33 
-0.00585152 0.065 0.065 0.2 -0.0195 0.0325 0.12 0.951057 0.309017 1.89218e-17 5.82354e-17 
-0.005902 0.065 0.065 0.2 -0.0525 -0.0325 0.1 -0.572061 0.415627 -0.572061 0.415629 
-0.00592143 0.065 0.065 0.2 0.0525 -0.0065 0.1 -0.572061 -0.415627 0.572061 0.415629 
-0.00613619 0.065 0.065 0.2 -0.0525 -0.0325 0.1 -0.218508 0.672498 -0.218508 0.672499 
-0.00731322 0.065 0.065 0.2 -0.0195 0.0195 0.12 0.587785 0.809017 -4.9538e-17 3.59915e-17 
-0.0126839 0.065 0.065 0.2 -0.0325 0.0325 0.12 0.587785 0.809017 -4.9538e-17 3.59915e-17 
-0.0129345 0.065 0.065 0.2 -0.0065 0.0325 0.12 0.951057 -0.309017 -1.89218e-17 5.82354e-17 
-0.0144029 0.065 0.065 0.2 -0.0325 -0.0325 0.12 6.12323e-17 1 -6.12323e-17 3.7494e-33 
-0.0192039 0.065 0.065 0.2 0.0065 0.0325 0.12 0.951057 -0.309017 -1.89218e-17 5.82354e-17 
-0.0217203 0.065 0.065 0.2 0.0325 0.0065 0.12 -0.587785 0.809017 -4.9538e-17 -3.59915e-17 
-0.0239198 0.065 0.065 0.2 -0.0325 -0.0195 0.12 0.587785 0.809017 -4.9538e-17 3.59915e-17 
-0.0250121 0.065 0.065 0.2 0.0195 0.0325 0.12 0.951057 -0.309017 -1.89218e-17 5.82354e-17 
-0.0289222 0.065 0.065 0.2 0.0325 -0.0325 0.12 -0.587785 0.809017 -4.9538e-17 -3.59915e-17 
-0.0306513 0.065 0.065 0.2 -0.0325 0.0325 0.12 0.951057 0.309017 1.89218e-17 5.82354e-17 
-0.0344162 0.065 0.065 0.2 0.0325 -0.0325 0.12 6.12323e-17 1 -6.12323e-17 3.7494e-33 
-0.0406796 0.065 0.065 0.2 -0.0195 -0.0525 0.1 -0.415627 -0.572061 -0.572061 0.415629 
-0.0476069 0.065 0.065 0.2 -0.0325 0.0525 -0.02 0.415627 0.572061 -0.572061 0.415629 
-0.0488406 0.065 0.065 0.2 0.0325 0.0195 0.12 0.951057 -0.309017 -1.89218e-17 5.82354e-17 
-0.0490368 0.065 0.065 0.2 -0.0325 -0.0525 0.06 -0.415627 -0.572061 -0.572061 0.415629 
-0.0523366 0.065 0.065 0.2 0.0325 0.0325 0.12 0.951057 -0.309017 -1.89218e-17 5.82354e-17 
-0.067639 0.065 0.065 0.2 -0.0325 -0.0525 0.1 -0.415627 -0.572061 -0.572061 0.415629 
-0.133193 0.065 0.065 0.2 -0.0195 0.0525 0.1 0.415627 0.572061 -0.572061 0.415629 
-0.165633 0.065 0.065 0.2 0.0325 0.0195 0.12 -0.587785 0.809017 -4.9538e-17 -3.59915e-17 
-0.476817 0.065 0.065 0.2 -0.0065 0.0525 0.1 0.415627 0.572061 -0.572061 0.415629 
