0.3742 0.033 0.033 0.1 -0.0033 -0.0033 0.07 0.587785 0.809017 -4.9538e-17 3.59915e-17 
0.349698 0.033 0.033 0.1 -0.0033 -0.0099 0.07 0.587785 0.809017 -4.9538e-17 3.59915e-17 
0.346789 0.033 0.033 0.1 -0.0033 0.0033 0.07 0.587785 0.809017 -4.9538e-17 3.59915e-17 
0.328815 0.033 0.033 0.1 0.0099 0.0165 0.07 0.951057 -0.309017 -1.89218e-17 5.82354e-17 
0.311301 0.033 0.033 0.1 0.0033 0.0165 0.07 0.951057 -0.309017 -1.89218e-17 5.82354e-17 
0.294341 0.033 0.033 0.1 0.0033 -0.0165 0.07 0.587785 0.809017 -4.9538e-17 3.59915e-17 
0.280483 0.033 0.033 0.1 -0.0033 0.0099 0.07 0.587785 0.809017 -4.9538e-17 3.59915e-17 
0.263368 0.033 0.033 0.1 -0.0033 -0.0165 0.07 0.587785 0.809017 -4.9538e-17 3.59915e-17 
0.259549 0.033 0.033 0.1 0.0165 0.0165 0.07 0.951057 -0.309017 -1.89218e-17 5.82354e-17 
0.251189 0.033 0.033 0.1 -0.0099 -0.0033 0.07 0.587785 0.809017 -4.9538e-17 3.59915e-17 
0.244698 0.033 0.033 0.1 0.0099 0.0099 0.07 0.951057 -0.309017 -1.89218e-17 5.82354e-17 
0.23634 0.033 0.033 0.1 0.0033 0.0099 0.07 0.951057 -0.309017 -1.89218e-17 5.82354e-17 
0.23596 0.033 0.033 0.1 -0.0099 -0.0099 0.07 0.587785 0.809017 -4.9538e-17 3.59915e-17 
0.225426 0.033 0.033 0.1 -0.0099 0.0033 0.07 0.587785 0.809017 -4.9538e-17 3.59915e-17 
0.210536 0.033 0.033 0.1 0.0165 -0.0033 0.07 -0.587785 0.809017 -4.9538e-17 -3.59915e-17 
0.2032 0.033 0.033 0.1 0.0099 -0.0165 0.07 0.587785 0.809017 -4.9538e-17 3.59915e-17 
0.202118 0.033 0.033 0.1 0.0165 0.0033 0.07 -0.587785 0.809017 -4.9538e-17 -3.59915e-17 
0.191331 0.033 0.033 0.1 -0.0033 0.0165 0.07 0.587785 0.809017 -4.9538e-17 3.59915e-17 
0.183603 0.033 0.033 0.1 0.0099 -0.0033 0.07 -0.587785 0.809017 -4.9538e-17 -3.59915e-17 
0.181036 0.033 0.033 0.1 0.0165 -0.0099 0.07 -0.587785 0.809017 -4.9538e-17 -3.59915e-17 
0.170793 0.033 0.033 0.1 -0.0099 0.0099 0.07 0.587785 0.809017 -4.9538e-17 3.59915e-17 
0.170676 0.033 0.033 0.1 -0.0099 -0.0165 0.07 0.587785 0.809017 -4.9538e-17 3.59915e-17 
0.16783 0.033 0.033 0.1 0.0099 0.0033 0.07 -0.587785 0.809017 -4.9538e-17 -3.59915e-17 
0.166494 0.033 0.033 0.1 0.0165 0.0099 0.07 0.951057 -0.309017 -1.89218e-17 5.82354e-17 
0.149688 0.033 0.033 0.1 0.0165 0.0099 0.07 -0.587785 0.809017 -4.9538e-17 -3.59915e-17 
0.144667 0.033 0.033 0.1 0.0165 0.0165 0.07 0.951057 0.309017 1.89218e-17 5.82354e-17 
0.133775 0.033 0.033 0.1 0.0099 -0.0099 0.07 -0.587785 0.809017 -4.9538e-17 -3.59915e-17 
0.12662 0.033 0.033 0.1 -0.0165 -0.0033 0.07 0.587785 0.809017 -4.9538e-17 3.59915e-17 
0.125348 0.033 0.033 0.1 0.0099 0.0033 0.07 0.951057 -0.309017 -1.89218e-17 5.82354e-17 
0.120813 0.033 0.033 0.1 -0.0165 -0.0099 0.07 0.587785 0.809017 -4.9538e-17 3.59915e-17 
0.120252 0.033 0.033 0.1 0.0033 0.0033 0.07 0.951057 -0.309017 -1.89218e-17 5.82354e-17 
0.120185 0.033 0.033 0.1 0.0099 0.0165 0.07 0.951057 0.309017 1.89218e-17 5.82354e-17 
0.120073 0.033 0.033 0.1 0.0165 -0.0165 0.07 -0.587785 0.809017 -4.9538e-17 -3.59915e-17 
0.116348 0.033 0.033 0.1 0.0165 0.0033 0.07 6.12323e-17 1 -6.12323e-17 3.7494e-33 
0.112976 0.033 0.033 0.1 -0.0033 0.0165 0.07 0.951057 -0.309017 -1.89218e-17 5.82354e-17 
0.111347 0.033 0.033 0.1 0.0165 -0.0033 0.07 6.12323e-17 1 -6.12323e-17 3.7494e-33 
0.110141 0.033 0.033 0.1 0.0099 -0.0099 0.07 6.12323e-17 1 -6.12323e-17 3.7494e-33 
0.107857 0.033 0.033 0.1 0.0165 -0.0099 0.07 6.12323e-17 1 -6.12323e-17 3.7494e-33 
0.104232 0.033 0.033 0.1 0.0099 -0.0165 0.07 6.12323e-17 1 -6.12323e-17 3.7494e-33 
0.102923 0.033 0.033 0.1 0.0033 0.0165 0.07 0.951057 0.309017 1.89218e-17 5.82354e-17 
0.102455 0.033 0.033 0.1 -0.0099 0.0165 0.07 0.587785 0.809017 -4.9538e-17 3.59915e-17 
0.102375 0.033 0.033 0.1 -0.0165 0.0033 0.07 0.587785 0.809017 -4.9538e-17 3.59915e-17 
0.0975783 0.033 0.033 0.1 0.0099 -0.0033 0.07 6.12323e-17 1 -6.12323e-17 3.7494e-33 
0.0923694 0.033 0.033 0.1 -0.0033 0.0165 0.07 0.951057 0.309017 1.89218e-17 5.82354e-17 
0.0923468 0.033 0.033 0.1 0.0033 -0.0165 0.07 6.12323e-17 1 -6.12323e-17 3.7494e-33 
0.0907197 0.033 0.033 0.1 0.0165 -0.0165 0.07 6.12323e-17 1 -6.12323e-17 3.7494e-33 
0.0868883 0.033 0.033 0.1 -0.0099 0.0165 0.07 0.951057 0.309017 1.89218e-17 5.82354e-17 
0.0845011 0.033 0.033 0.1 0.0033 -0.0099 0.07 6.12323e-17 1 -6.12323e-17 3.7494e-33 
0.0836293 0.033 0.033 0.1 -0.0165 0.0165 0.07 0.951057 0.309017 1.89218e-17 5.82354e-17 
0.0789801 0.033 0.033 0.1 0.0099 0.0099 0.07 -0.587785 0.809017 -4.9538e-17 -3.59915e-17 
0.0767767 0.033 0.033 0.1 -0.0165 -0.0165 0.07 0.587785 0.809017 -4.9538e-17 3.59915e-17 
0.0745116 0.033 0.033 0.1 0.0033 0.0099 0.07 0.951057 0.309017 1.89218e-17 5.82354e-17 
0.0737134 0.033 0.033 0.1 0.0033 -0.0033 0.07 -0.587785 0.809017 -4.9538e-17 -3.59915e-17 
0.0691138 0.033 0.033 0.1 -0.0033 0.0099 0.07 0.951057 0.309017 1.89218e-17 5.82354e-17 
0.0680485 0.033 0.033 0.1 -0.0099 0.0099 0.07 0.951057 0.309017 1.89218e-17 5.82354e-17 
0.0678937 0.033 0.033 0.1 -0.0165 0.0099 0.07 0.951057 0.309017 1.89218e-17 5.82354e-17 
0.0664243 0.033 0.033 0.1 -0.0033 -0.0165 0.07 6.12323e-17 1 -6.12323e-17 3.7494e-33 
0.0593341 0.033 0.033 0.1 -0.0165 0.0099 0.07 0.587785 0.809017 -4.9538e-17 3.59915e-17 
0.0533848 0.033 0.033 0.1 0.0033 -0.0033 0.07 6.12323e-17 1 -6.12323e-17 3.7494e-33 
0.0504022 0.033 0.033 0.1 0.0033 0.0033 0.07 -0.587785 0.809017 -4.9538e-17 -3.59915e-17 
0.0475671 0.033 0.033 0.1 0.0165 0.0165 0.07 -0.587785 0.809017 -4.9538e-17 -3.59915e-17 
0.0467541 0.033 0.033 0.1 -0.0033 0.0099 0.07 0.951057 -0.309017 -1.89218e-17 5.82354e-17 
0.0441602 0.033 0.033 0.1 0.0165 0.0033 0.07 0.951057 -0.309017 -1.89218e-17 5.82354e-17 
0.0433105 0.033 0.033 0.1 -0.0033 -0.0099 0.07 6.12323e-17 1 -6.12323e-17 3.7494e-33 
0.0371306 0.033 0.033 0.1 -0.0099 -0.0165 0.07 6.12323e-17 1 -6.12323e-17 3.7494e-33 
0.0262198 0.033 0.033 0.1 0.0099 -0.0165 0.07 -0.587785 0.809017 -4.9538e-17 -3.59915e-17 
0.0167773 0.033 0.033 0.1 0.0165 0.0365 0.05 -4.32978e-17 0.707107 -0.707107 4.32978e-17 
0.014471 0.033 0.033 0.1 -0.0165 0.0033 0.07 0.951057 0.309017 1.89218e-17 5.82354e-17 
0.01439 0.033 0.033 0.1 -0.0165 -0.0165 0.07 6.12323e-17 1 -6.12323e-17 3.7494e-33 
0.0124933 0.033 0.033 0.1 0.0365 0.0165 0.05 0.707107 -4.32978e-17 -0.707107 4.32978e-17 
0.0123697 0.033 0.033 0.1 0.0165 -0.0365 0.03 -0.672499 0.218508 0.218508 0.672498 
0.0122101 0.033 0.033 0.1 0.0165 -0.0365 0.05 -0.672499 0.218508 0.218508 0.672498 
0.0117182 0.033 0.033 0.1 -0.0165 0.0165 0.07 0.587785 0.809017 -4.9538e-17 3.59915e-17 
0.00916967 0.033 0.033 0.1 0.0099 0.0365 0.05 -4.32978e-17 0.707107 -0.707107 4.32978e-17 
0.0078947 0.033 0.033 0.1 0.0365 0.0099 0.05 0.707107 -4.32978e-17 -0.707107 4.32978e-17 
0.00632608 0.033 0.033 0.1 0.0365 -0.0165 0.05 -0.572061 -0.415627 0.572061 0.415629 
0.00382089 0.033 0.033 0.1 0.0033 -0.0099 0.07 -0.587785 0.809017 -4.9538e-17 -3.59915e-17 
0.00295124 0.033 0.033 0.1 0.0099 -0.0365 0.05 -0.672499 0.218508 0.218508 0.672498 
0.00106957 0.033 0.033 0.1 0.0365 0.0165 0.05 -0.572061 -0.415627 0.572061 0.415629 
0.000760893 0.033 0.033 0.1 0.0365 -0.0099 0.05 -0.572061 -0.415627 0.572061 0.415629 
-0.000673205 0.033 0.033 0.1 -0.0165 -0.0365 0.05 -0.415627 -0.572061 -0.572061 0.415629 
-0.00175008 0.033 0.033 0.1 -0.0099 -0.0099 0.07 6.12323e-17 1 -6.12323e-17 3.7494e-33 
-0.0022746 0.033 0.033 0.1 0.0365 0.0099 0.05 -0.572061 -0.415627 0.572061 0.415629 
-0.00243617 0.033 0.033 0.1 0.0365 -0.0033 0.05 -0.572061 -0.415627 0.572061 0.415629 
-0.00342787 0.033 0.033 0.1 0.0365 0.0033 0.05 -0.572061 -0.415627 0.572061 0.415629 
-0.00347815 0.033 0.033 0.1 -0.0099 -0.0365 0.05 -0.415627 -0.572061 -0.572061 0.415629 
-0.00645719 0.033 0.033 0.1 0.0033 0.0365 0.05 -4.32978e-17 0.707107 -0.707107 4.32978e-17 
-0.00651227 0.033 0.033 0.1 -0.0099 0.0033 0.07 0.951057 0.309017 1.89218e-17 5.82354e-17 
-0.00685096 0.033 0.033 0.1 -0.0033 -0.0365 0.05 -0.415627 -0.572061 -0.572061 0.415629 
-0.00785648 0.033 0.033 0.1 -0.0033 -0.0033 0.07 6.12323e-17 1 -6.12323e-17 3.7494e-33 
-0.0100133 0.033 0.033 0.1 0.0033 -0.0365 0.05 -0.672499 0.218508 0.218508 0.672498 
-0.0168924 0.033 0.033 0.1 -0.0365 -0.0099 0.05 -0.218508 0.672498 -0.218508 0.672499 
-0.0169815 0.033 0.033 0.1 -0.0365 -0.0099 0.03 -0.218508 0.672498 -0.218508 0.672499 
-0.0187711 0.033 0.033 0.1 -0.0365 -0.0165 0.05 -0.218508 0.672498 -0.218508 0.672499 
-0.0188238 0.033 0.033 0.1 -0.0365 -0.0165 0.01 -0.218508 0.672498 -0.218508 0.672499 
-0.0188344 0.033 0.033 0.1 -0.0365 -0.0165 0.03 -0.218508 0.672498 -0.218508 0.672499 
-0.0236554 0.033 0.033 0.1 -0.0365 -0.0033 0.05 -0.218508 0.672498 -0.218508 0.672499 
-0.0274486 0.033 0.033 0.1 -0.0033 0.0365 0.05 -4.32978e-17 0.707107 -0.707107 4.32978e-17 
-0.0278704 0.033 0.033 0.1 -0.0033 0.0033 0.07 0.951057 0.309017 1.89218e-17 5.82354e-17 
-0.028927 0.033 0.033 0.1 -0.0165 0.0365 0.05 0.415627 0.572061 -0.572061 0.415629 
-0.0292921 0.033 0.033 0.1 -0.0165 0.0365 0.03 0.415627 0.572061 -0.572061 0.415629 
-0.0307085 0.033 0.033 0.1 -0.0033 -0.0365 0.05 -0.672499 0.218508 0.218508 0.672498 
-0.0372959 0.033 0.033 0.1 -0.0099 0.0365 0.05 0.415627 0.572061 -0.572061 0.415629 
-0.0377641 0.033 0.033 0.1 -0.0099 0.0365 0.03 0.415627 0.572061 -0.572061 0.415629 
-0.0380036 0.033 0.033 0.1 -0.0365 0.0033 0.05 -0.218508 0.672498 -0.218508 0.672499 
-0.0397227 0.033 0.033 0.1 -0.0165 -0.0099 0.07 6.12323e-17 1 -6.12323e-17 3.7494e-33 
-0.0434225 0.033 0.033 0.1 0.0165 0.0365 0.05 0.415627 -0.572061 0.572061 0.415629 
-0.047539 0.033 0.033 0.1 -0.0033 0.0365 0.05 0.415627 0.572061 -0.572061 0.415629 
-0.0481181 0.033 0.033 0.1 -0.0033 0.0365 0.03 0.415627 0.572061 -0.572061 0.415629 
-0.0511762 0.033 0.033 0.1 -0.0099 0.0365 0.05 -4.32978e-17 0.707107 -0.707107 4.32978e-17 
-0.0556264 0.033 0.033 0.1 0.0099 0.0365 0.05 0.415627 -0.572061 0.572061 0.415629 
-0.0587939 0.033 0.033 0.1 -0.0365 0.0099 0.05 -0.218508 0.672498 -0.218508 0.672499 
-0.0612726 0.033 0.033 0.1 -0.0165 -0.0033 0.07 0.951057 0.309017 1.89218e-17 5.82354e-17 
-0.0631547 0.033 0.033 0.1 -0.0099 -0.0365 0.05 -0.672499 0.218508 0.218508 0.672498 
-0.0647966 0.033 0.033 0.1 0.0033 0.0365 0.05 0.415627 0.572061 -0.572061 0.415629 
-0.0659178 0.033 0.033 0.1 0.0033 0.0365 0.05 0.415627 -0.572061 0.572061 0.415629 
-0.0663707 0.033 0.033 0.1 -0.0033 0.0033 0.07 0.951057 -0.309017 -1.89218e-17 5.82354e-17 
-0.0686384 0.033 0.033 0.1 -0.0365 0.0033 0.05 -0.572061 0.415627 -0.572061 0.415629 
-0.0734247 0.033 0.033 0.1 -0.0099 -0.0033 0.07 6.12323e-17 1 -6.12323e-17 3.7494e-33 
-0.0737213 0.033 0.033 0.1 -0.0365 0.0099 0.05 -0.572061 0.415627 -0.572061 0.415629 
-0.0737869 0.033 0.033 0.1 -0.0365 -0.0033 0.05 -0.572061 0.415627 -0.572061 0.415629 
-0.0749445 0.033 0.033 0.1 0.0033 0.0099 0.07 -0.587785 0.809017 -4.9538e-17 -3.59915e-17 
-0.0750471 0.033 0.033 0.1 -0.0165 0.0365 0.05 -4.32978e-17 0.707107 -0.707107 4.32978e-17 
-0.0814376 0.033 0.033 0.1 -0.0365 0.0165 0.03 0.707107 -4.32978e-17 0.707107 -4.32978e-17 
-0.0817445 0.033 0.033 0.1 -0.0365 0.0165 0.05 0.707107 -4.32978e-17 0.707107 -4.32978e-17 
-0.0848032 0.033 0.033 0.1 -0.0365 0.0165 0.05 -0.218508 0.672498 -0.218508 0.672499 
-0.0873218 0.033 0.033 0.1 -0.0365 0.0099 0.03 0.707107 -4.32978e-17 0.707107 -4.32978e-17 
-0.0875436 0.033 0.033 0.1 -0.0365 0.0099 0.05 0.707107 -4.32978e-17 0.707107 -4.32978e-17 
-0.0878894 0.033 0.033 0.1 -0.0365 -0.0099 0.05 -0.572061 0.415627 -0.572061 0.415629 
-0.0899315 0.033 0.033 0.1 0.0099 0.0165 0.07 -0.587785 0.809017 -4.9538e-17 -3.59915e-17 
-0.0901212 0.033 0.033 0.1 -0.0365 0.0165 0.05 -0.572061 0.415627 -0.572061 0.415629 
-0.0942131 0.033 0.033 0.1 0.0099 0.0365 0.05 0.415627 0.572061 -0.572061 0.415629 
-0.0987377 0.033 0.033 0.1 0.0165 -0.0033 0.07 0.951057 -0.309017 -1.89218e-17 5.82354e-17 
-0.0991519 0.033 0.033 0.1 -0.0365 0.0033 0.03 0.707107 -4.32978e-17 0.707107 -4.32978e-17 
-0.0992156 0.033 0.033 0.1 -0.0365 0.0033 0.05 0.707107 -4.32978e-17 0.707107 -4.32978e-17 
-0.109482 0.033 0.033 0.1 -0.0365 -0.0165 0.05 -0.572061 0.415627 -0.572061 0.415629 
-0.11135 0.033 0.033 0.1 -0.0165 -0.0365 0.05 -0.672499 0.218508 0.218508 0.672498 
-0.122311 0.033 0.033 0.1 -0.0099 -0.0033 0.07 0.951057 0.309017 1.89218e-17 5.82354e-17 
-0.131359 0.033 0.033 0.1 -0.0165 -0.0033 0.07 6.12323e-17 1 -6.12323e-17 3.7494e-33 
-0.143407 0.033 0.033 0.1 -0.0165 -0.0099 0.07 0.951057 0.309017 1.89218e-17 5.82354e-17 
-0.14993 0.033 0.033 0.1 0.0033 -0.0165 0.07 -0.587785 0.809017 -4.9538e-17 -3.59915e-17 
-0.215452 0.033 0.033 0.1 -0.0165 -0.0165 0.07 0.951057 0.309017 1.89218e-17 5.82354e-17 
-0.264203 0.033 0.033 0.1 -0.0099 -0.0099 0.07 0.951057 0.309017 1.89218e-17 5.82354e-17 
-0.310611 0.033 0.033 0.1 0.0033 0.0165 0.07 -0.587785 0.809017 -4.9538e-17 -3.59915e-17 
-0.359752 0.033 0.033 0.1 -0.0099 0.0165 0.07 0.951057 -0.309017 -1.89218e-17 5.82354e-17 
-0.416477 0.033 0.033 0.1 -0.0099 -0.0165 0.07 0.951057 0.309017 1.89218e-17 5.82354e-17 
-0.418289 0.033 0.033 0.1 -0.0099 0.0099 0.07 0.951057 -0.309017 -1.89218e-17 5.82354e-17 
-0.529347 0.033 0.033 0.1 -0.0099 0.0033 0.07 0.951057 -0.309017 -1.89218e-17 5.82354e-17 
-1.19966 0.033 0.033 0.1 -0.0165 0.0165 0.07 0.951057 -0.309017 -1.89218e-17 5.82354e-17 
-1.25221 0.033 0.033 0.1 -0.0165 0.0099 0.07 0.951057 -0.309017 -1.89218e-17 5.82354e-17 
