20.3902 0.05 0.1 0.2 -0.045 -0.05 0.1 -0.572061 0.415627 -0.572061 0.415629 
20.3222 0.05 0.1 0.2 -0.045 -0.03 0.1 -0.572061 0.415627 -0.572061 0.415629 
20.2527 0.05 0.1 0.2 -0.045 -0.01 0.1 -0.572061 0.415627 -0.572061 0.415629 
20.1589 0.05 0.1 0.2 -0.045 0.01 0.1 -0.572061 0.415627 -0.572061 0.415629 
20.0112 0.05 0.1 0.2 -0.045 0.03 0.1 -0.572061 0.415627 -0.572061 0.415629 
19.7741 0.05 0.1 0.2 -0.045 0.05 0.1 -0.572061 0.415627 -0.572061 0.415629 
10.5021 0.05 0.1 0.2 -0.015 -0.07 0.1 -0.672499 0.218508 0.218508 0.672498 
9.70546 0.05 0.1 0.2 -0.005 -0.07 0.1 -0.672499 0.218508 0.218508 0.672498 
8.80948 0.05 0.1 0.2 0.005 -0.07 0.1 -0.672499 0.218508 0.218508 0.672498 
7.8815 0.05 0.1 0.2 0.015 -0.07 0.1 -0.672499 0.218508 0.218508 0.672498 
6.98917 0.05 0.1 0.2 0.025 -0.07 0.1 -0.672499 0.218508 0.218508 0.672498 
1.28119 0.05 0.1 0.2 0.005 -0.07 0.1 -0.672499 -0.218508 -0.218508 0.672498 
1.2808 0.05 0.1 0.2 -0.005 -0.07 0.1 -0.672499 -0.218508 -0.218508 0.672498 
1.27212 0.05 0.1 0.2 -0.015 -0.07 0.1 -0.672499 -0.218508 -0.218508 0.672498 
1.27044 0.05 0.1 0.2 0.015 -0.07 0.1 -0.672499 -0.218508 -0.218508 0.672498 
1.25801 0.05 0.1 0.2 -0.025 -0.07 0.1 -0.672499 -0.218508 -0.218508 0.672498 
1.24583 0.05 0.1 0.2 0.025 -0.07 0.1 -0.672499 -0.218508 -0.218508 0.672498 
0.427794 0.05 0.1 0.2 -0.045 -0.05 0.1 -0.218508 0.672498 -0.218508 0.672499 
0.327676 0.05 0.1 0.2 -0.045 -0.05 0.06 -0.218508 0.672498 -0.218508 0.672499 
0.26934 0.05 0.1 0.2 0.045 -0.05 0.1 0.218508 -0.672498 -0.218508 0.672499 
0.247788 0.05 0.1 0.2 -0.045 -0.05 0.02 -0.218508 0.672498 -0.218508 0.672499 
0.241198 0.05 0.1 0.2 -0.025 -0.07 0.06 -0.415627 -0.572061 -0.572061 0.415629 
0.204931 0.05 0.1 0.2 0.025 0.07 0.1 0.415627 -0.572061 0.572061 0.415629 
0.193289 0.05 0.1 0.2 0.045 -0.05 0.06 0.218508 -0.672498 -0.218508 0.672499 
0.190865 0.05 0.1 0.2 0.015 0.07 0.1 0.415627 -0.572061 0.572061 0.415629 
0.17565 0.05 0.1 0.2 -0.045 -0.05 -0.02 -0.218508 0.672498 -0.218508 0.672499 
0.142083 0.05 0.1 0.2 -0.015 -0.07 0.06 -0.415627 -0.572061 -0.572061 0.415629 
0.112265 0.05 0.1 0.2 0.045 -0.05 0.02 0.218508 -0.672498 -0.218508 0.672499 
0.0869314 0.05 0.1 0.2 -0.025 0.07 0.06 0.415627 0.572061 -0.572061 0.415629 
0.0747144 0.05 0.1 0.2 -0.015 -0.07 0.02 -0.415627 -0.572061 -0.572061 0.415629 
0.0649635 0.05 0.1 0.2 -0.025 -0.07 0.02 -0.415627 -0.572061 -0.572061 0.415629 
0.0598331 0.05 0.1 0.2 -0.025 -0.01 0.12 0.587785 0.809017 -4.9538e-17 3.59915e-17 
0.0570591 0.05 0.1 0.2 -0.025 0.07 -0.02 0.415627 0.572061 -0.572061 0.415629 
0.0538274 0.05 0.1 0.2 -0.045 0.05 -0.02 0.707107 -4.32978e-17 0.707107 -4.32978e-17 
0.0521533 0.05 0.1 0.2 -0.025 0.01 0.12 0.587785 0.809017 -4.9538e-17 3.59915e-17 
0.0513816 0.05 0.1 0.2 -0.015 0.07 0.06 0.415627 0.572061 -0.572061 0.415629 
0.0482594 0.05 0.1 0.2 -0.015 -0.01 0.12 0.587785 0.809017 -4.9538e-17 3.59915e-17 
0.0406042 0.05 0.1 0.2 -0.015 0.07 -0.02 0.415627 0.572061 -0.572061 0.415629 
0.0404986 0.05 0.1 0.2 -0.025 0.05 0.12 0.951057 0.309017 1.89218e-17 5.82354e-17 
0.0380511 0.05 0.1 0.2 -0.025 0.07 0.02 0.415627 0.572061 -0.572061 0.415629 
0.0361765 0.05 0.1 0.2 -0.025 -0.03 0.12 0.587785 0.809017 -4.9538e-17 3.59915e-17 
0.0357493 0.05 0.1 0.2 -0.015 0.01 0.12 0.587785 0.809017 -4.9538e-17 3.59915e-17 
0.0353363 0.05 0.1 0.2 -0.015 0.07 0.02 0.415627 0.572061 -0.572061 0.415629 
0.0329042 0.05 0.1 0.2 -0.015 -0.03 0.12 0.587785 0.809017 -4.9538e-17 3.59915e-17 
0.0294297 0.05 0.1 0.2 0.025 -0.03 0.12 -0.587785 0.809017 -4.9538e-17 -3.59915e-17 
0.0279011 0.05 0.1 0.2 -0.015 0.05 0.12 0.951057 -0.309017 -1.89218e-17 5.82354e-17 
0.0213176 0.05 0.1 0.2 -0.025 0.03 0.12 0.587785 0.809017 -4.9538e-17 3.59915e-17 
0.0202281 0.05 0.1 0.2 -0.005 0.05 0.12 0.951057 -0.309017 -1.89218e-17 5.82354e-17 
0.0165375 0.05 0.1 0.2 0.025 -0.01 0.12 -0.587785 0.809017 -4.9538e-17 -3.59915e-17 
0.010307 0.05 0.1 0.2 0.025 -0.05 0.12 -0.587785 0.809017 -4.9538e-17 -3.59915e-17 
0.00906642 0.05 0.1 0.2 0.025 0.07 0.06 0.415627 -0.572061 0.572061 0.415629 
0.00891085 0.05 0.1 0.2 0.005 0.05 0.12 0.951057 -0.309017 -1.89218e-17 5.82354e-17 
0.0088319 0.05 0.1 0.2 0.015 -0.05 0.12 -0.587785 0.809017 -4.9538e-17 -3.59915e-17 
0.0086178 0.05 0.1 0.2 -0.015 0.03 0.12 0.587785 0.809017 -4.9538e-17 3.59915e-17 
0.00500646 0.05 0.1 0.2 -0.025 0.03 0.12 0.951057 0.309017 1.89218e-17 5.82354e-17 
0.00385985 0.05 0.1 0.2 0.015 0.07 0.06 0.415627 -0.572061 0.572061 0.415629 
0.00216634 0.05 0.1 0.2 -0.025 -0.05 0.12 6.12323e-17 1 -6.12323e-17 3.7494e-33 
0.00177073 0.05 0.1 0.2 0.005 -0.05 0.12 6.12323e-17 1 -6.12323e-17 3.7494e-33 
0.00155522 0.05 0.1 0.2 0.015 -0.01 0.12 -0.587785 0.809017 -4.9538e-17 -3.59915e-17 
0.00121954 0.05 0.1 0.2 -0.005 -0.05 0.12 0.587785 0.809017 -4.9538e-17 3.59915e-17 
0.000429913 0.05 0.1 0.2 0.025 0.05 0.12 0.951057 -0.309017 -1.89218e-17 5.82354e-17 
0.000267878 0.05 0.1 0.2 0.015 0.05 0.12 0.951057 -0.309017 -1.89218e-17 5.82354e-17 
0.00017206 0.05 0.1 0.2 0.015 -0.05 0.12 6.12323e-17 1 -6.12323e-17 3.7494e-33 
4.88106e-05 0.05 0.1 0.2 -0.005 -0.05 0.12 6.12323e-17 1 -6.12323e-17 3.7494e-33 
-0.00049141 0.05 0.1 0.2 0.015 -0.03 0.12 -0.587785 0.809017 -4.9538e-17 -3.59915e-17 
-0.000868948 0.05 0.1 0.2 0.025 0.03 0.12 0.951057 -0.309017 -1.89218e-17 5.82354e-17 
-0.00102293 0.05 0.1 0.2 -0.015 -0.05 0.12 6.12323e-17 1 -6.12323e-17 3.7494e-33 
-0.00102899 0.05 0.1 0.2 -0.015 0.05 0.12 0.951057 0.309017 1.89218e-17 5.82354e-17 
-0.00131142 0.05 0.1 0.2 -0.015 0.05 0.12 0.587785 0.809017 -4.9538e-17 3.59915e-17 
-0.00300052 0.05 0.1 0.2 -0.015 -0.05 0.12 0.587785 0.809017 -4.9538e-17 3.59915e-17 
-0.00589182 0.05 0.1 0.2 -0.025 0.05 0.12 0.587785 0.809017 -4.9538e-17 3.59915e-17 
-0.00610243 0.05 0.1 0.2 -0.025 -0.05 0.12 0.587785 0.809017 -4.9538e-17 3.59915e-17 
-0.00895711 0.05 0.1 0.2 0.025 -0.05 0.12 6.12323e-17 1 -6.12323e-17 3.7494e-33 
-0.0109848 0.05 0.1 0.2 0.045 -0.03 0.1 -0.218508 -0.672498 0.218508 0.672499 
-0.0293464 0.05 0.1 0.2 -0.045 0.05 0.02 0.707107 -4.32978e-17 0.707107 -4.32978e-17 
-0.0323318 0.05 0.1 0.2 -0.005 0.05 0.12 0.951057 0.309017 1.89218e-17 5.82354e-17 
-0.0765883 0.05 0.1 0.2 0.005 0.05 0.12 0.951057 0.309017 1.89218e-17 5.82354e-17 
-0.0863014 0.05 0.1 0.2 -0.005 0.07 0.1 0.415627 0.572061 -0.572061 0.415629 
-0.087779 0.05 0.1 0.2 0.045 -0.05 0.1 -0.218508 -0.672498 0.218508 0.672499 
-0.0971134 0.05 0.1 0.2 -0.045 0.05 0.06 0.707107 -4.32978e-17 0.707107 -4.32978e-17 
-0.105141 0.05 0.1 0.2 -0.025 0.07 0.1 0.415627 0.572061 -0.572061 0.415629 
-0.116973 0.05 0.1 0.2 0.045 -0.05 0.06 -0.218508 -0.672498 0.218508 0.672499 
-0.120443 0.05 0.1 0.2 -0.015 0.07 0.1 0.415627 0.572061 -0.572061 0.415629 
-0.156953 0.05 0.1 0.2 0.015 0.05 0.12 0.951057 0.309017 1.89218e-17 5.82354e-17 
-0.160848 0.05 0.1 0.2 -0.045 0.05 0.1 0.707107 -4.32978e-17 0.707107 -4.32978e-17 
-0.29638 0.05 0.1 0.2 0.025 0.05 0.12 0.951057 0.309017 1.89218e-17 5.82354e-17 
-0.625076 0.05 0.1 0.2 0.045 0.05 0.1 0.707107 -4.32978e-17 -0.707107 4.32978e-17 
-0.672467 0.05 0.1 0.2 -0.025 -0.07 0.1 -0.415627 -0.572061 -0.572061 0.415629 
-0.689801 0.05 0.1 0.2 -0.015 -0.07 0.1 -0.415627 -0.572061 -0.572061 0.415629 
-0.718087 0.05 0.1 0.2 0.045 0.05 0.06 0.707107 -4.32978e-17 -0.707107 4.32978e-17 
-0.787063 0.05 0.1 0.2 0.045 0.05 0.02 0.707107 -4.32978e-17 -0.707107 4.32978e-17 
-2.72548 0.05 0.1 0.2 -0.045 -0.03 0.1 -0.218508 0.672498 -0.218508 0.672499 
-8.9942 0.05 0.1 0.2 0.025 0.07 0.1 -4.32978e-17 0.707107 -0.707107 4.32978e-17 
-15.6977 0.05 0.1 0.2 0.015 0.07 0.1 -4.32978e-17 0.707107 -0.707107 4.32978e-17 
-17.1446 0.05 0.1 0.2 0.045 0.05 0.1 -0.572061 -0.415627 0.572061 0.415629 
-18.5916 0.05 0.1 0.2 0.045 0.03 0.1 -0.572061 -0.415627 0.572061 0.415629 
-19.9822 0.05 0.1 0.2 0.045 0.01 0.1 -0.572061 -0.415627 0.572061 0.415629 
-22.4142 0.05 0.1 0.2 0.005 0.07 0.1 -4.32978e-17 0.707107 -0.707107 4.32978e-17 
-29.1198 0.05 0.1 0.2 -0.005 0.07 0.1 -4.32978e-17 0.707107 -0.707107 4.32978e-17 
-35.7908 0.05 0.1 0.2 -0.015 0.07 0.1 -4.32978e-17 0.707107 -0.707107 4.32978e-17 
-42.4034 0.05 0.1 0.2 -0.025 0.07 0.1 -4.32978e-17 0.707107 -0.707107 4.32978e-17 
