0.367392 0.033 0.033 0.033 -0.0033 -0.0033 0.0365 0.587785 0.809017 -4.9538e-17 3.59915e-17 
0.343996 0.033 0.033 0.033 -0.0033 -0.0099 0.0365 0.587785 0.809017 -4.9538e-17 3.59915e-17 
0.340697 0.033 0.033 0.033 -0.0033 0.0033 0.0365 0.587785 0.809017 -4.9538e-17 3.59915e-17 
0.330789 0.033 0.033 0.033 0.0099 0.0165 0.0365 0.951057 -0.309017 -1.89218e-17 5.82354e-17 
0.294923 0.033 0.033 0.033 0.0033 0.0165 0.0365 0.951057 -0.309017 -1.89218e-17 5.82354e-17 
0.290417 0.033 0.033 0.033 0.0033 -0.0165 0.0365 0.587785 0.809017 -4.9538e-17 3.59915e-17 
0.279151 0.033 0.033 0.033 0.0165 0.0165 0.0365 0.951057 -0.309017 -1.89218e-17 5.82354e-17 
0.275769 0.033 0.033 0.033 -0.0033 0.0099 0.0365 0.587785 0.809017 -4.9538e-17 3.59915e-17 
0.260069 0.033 0.033 0.033 -0.0033 -0.0165 0.0365 0.587785 0.809017 -4.9538e-17 3.59915e-17 
0.253466 0.033 0.033 0.033 0.0099 0.0099 0.0365 0.951057 -0.309017 -1.89218e-17 5.82354e-17 
0.248671 0.033 0.033 0.033 -0.0099 -0.0033 0.0365 0.587785 0.809017 -4.9538e-17 3.59915e-17 
0.234627 0.033 0.033 0.033 -0.0099 -0.0099 0.0365 0.587785 0.809017 -4.9538e-17 3.59915e-17 
0.226093 0.033 0.033 0.033 0.0033 0.0099 0.0365 0.951057 -0.309017 -1.89218e-17 5.82354e-17 
0.223458 0.033 0.033 0.033 -0.0099 0.0033 0.0365 0.587785 0.809017 -4.9538e-17 3.59915e-17 
0.21139 0.033 0.033 0.033 0.0165 -0.0033 0.0365 -0.587785 0.809017 -4.9538e-17 -3.59915e-17 
0.205407 0.033 0.033 0.033 0.0099 -0.0165 0.0365 0.587785 0.809017 -4.9538e-17 3.59915e-17 
0.201914 0.033 0.033 0.033 0.0165 0.0033 0.0365 -0.587785 0.809017 -4.9538e-17 -3.59915e-17 
0.19296 0.033 0.033 0.033 0.0165 0.0099 0.0365 0.951057 -0.309017 -1.89218e-17 5.82354e-17 
0.186452 0.033 0.033 0.033 0.0099 -0.0033 0.0365 -0.587785 0.809017 -4.9538e-17 -3.59915e-17 
0.185888 0.033 0.033 0.033 -0.0033 0.0165 0.0365 0.587785 0.809017 -4.9538e-17 3.59915e-17 
0.183263 0.033 0.033 0.033 0.0165 -0.0099 0.0365 -0.587785 0.809017 -4.9538e-17 -3.59915e-17 
0.175344 0.033 0.033 0.033 0.0165 0.0165 0.0365 0.951057 0.309017 1.89218e-17 5.82354e-17 
0.171256 0.033 0.033 0.033 -0.0099 -0.0165 0.0365 0.587785 0.809017 -4.9538e-17 3.59915e-17 
0.170459 0.033 0.033 0.033 -0.0099 0.0099 0.0365 0.587785 0.809017 -4.9538e-17 3.59915e-17 
0.1691 0.033 0.033 0.033 0.0099 0.0033 0.0365 -0.587785 0.809017 -4.9538e-17 -3.59915e-17 
0.149928 0.033 0.033 0.033 0.0165 0.0099 0.0365 -0.587785 0.809017 -4.9538e-17 -3.59915e-17 
0.1461 0.033 0.033 0.033 0.0099 0.0165 0.0365 0.951057 0.309017 1.89218e-17 5.82354e-17 
0.138878 0.033 0.033 0.033 0.0099 -0.0099 0.0365 -0.587785 0.809017 -4.9538e-17 -3.59915e-17 
0.133622 0.033 0.033 0.033 0.0099 0.0033 0.0365 0.951057 -0.309017 -1.89218e-17 5.82354e-17 
0.127743 0.033 0.033 0.033 -0.0165 -0.0033 0.0365 0.587785 0.809017 -4.9538e-17 3.59915e-17 
0.12342 0.033 0.033 0.033 -0.0165 -0.0099 0.0365 0.587785 0.809017 -4.9538e-17 3.59915e-17 
0.122738 0.033 0.033 0.033 0.0033 0.0165 0.0365 0.951057 0.309017 1.89218e-17 5.82354e-17 
0.122679 0.033 0.033 0.033 0.0165 -0.0165 0.0365 -0.587785 0.809017 -4.9538e-17 -3.59915e-17 
0.108951 0.033 0.033 0.033 0.0033 0.0033 0.0365 0.951057 -0.309017 -1.89218e-17 5.82354e-17 
0.107636 0.033 0.033 0.033 0.0099 -0.0099 0.0365 6.12323e-17 1 -6.12323e-17 3.7494e-33 
0.107128 0.033 0.033 0.033 0.0165 -0.0099 0.0365 6.12323e-17 1 -6.12323e-17 3.7494e-33 
0.106326 0.033 0.033 0.033 0.0099 -0.0165 0.0365 6.12323e-17 1 -6.12323e-17 3.7494e-33 
0.106096 0.033 0.033 0.033 -0.0033 0.0165 0.0365 0.951057 -0.309017 -1.89218e-17 5.82354e-17 
0.105702 0.033 0.033 0.033 0.0165 -0.0033 0.0365 6.12323e-17 1 -6.12323e-17 3.7494e-33 
0.105006 0.033 0.033 0.033 -0.0033 0.0165 0.0365 0.951057 0.309017 1.89218e-17 5.82354e-17 
0.103661 0.033 0.033 0.033 -0.0165 0.0033 0.0365 0.587785 0.809017 -4.9538e-17 3.59915e-17 
0.102476 0.033 0.033 0.033 -0.0099 0.0165 0.0365 0.587785 0.809017 -4.9538e-17 3.59915e-17 
0.10041 0.033 0.033 0.033 0.0033 0.0099 0.0365 0.951057 0.309017 1.89218e-17 5.82354e-17 
0.100327 0.033 0.033 0.033 0.0165 0.0033 0.0365 6.12323e-17 1 -6.12323e-17 3.7494e-33 
0.095021 0.033 0.033 0.033 0.0033 -0.0165 0.0365 6.12323e-17 1 -6.12323e-17 3.7494e-33 
0.0921948 0.033 0.033 0.033 -0.0099 0.0165 0.0365 0.951057 0.309017 1.89218e-17 5.82354e-17 
0.0916735 0.033 0.033 0.033 0.0165 -0.0165 0.0365 6.12323e-17 1 -6.12323e-17 3.7494e-33 
0.0864466 0.033 0.033 0.033 -0.0033 0.0099 0.0365 0.951057 0.309017 1.89218e-17 5.82354e-17 
0.0846659 0.033 0.033 0.033 0.0099 -0.0033 0.0365 6.12323e-17 1 -6.12323e-17 3.7494e-33 
0.0830983 0.033 0.033 0.033 -0.0165 0.0165 0.0365 0.951057 0.309017 1.89218e-17 5.82354e-17 
0.081337 0.033 0.033 0.033 0.0099 0.0099 0.0365 -0.587785 0.809017 -4.9538e-17 -3.59915e-17 
0.0810445 0.033 0.033 0.033 -0.0165 -0.0165 0.0365 0.587785 0.809017 -4.9538e-17 3.59915e-17 
0.0804982 0.033 0.033 0.033 0.0033 -0.0099 0.0365 6.12323e-17 1 -6.12323e-17 3.7494e-33 
0.0768137 0.033 0.033 0.033 -0.0099 0.0099 0.0365 0.951057 0.309017 1.89218e-17 5.82354e-17 
0.0748015 0.033 0.033 0.033 0.0033 -0.0033 0.0365 -0.587785 0.809017 -4.9538e-17 -3.59915e-17 
0.0700853 0.033 0.033 0.033 0.0165 0.0033 0.0365 0.951057 -0.309017 -1.89218e-17 5.82354e-17 
0.0700515 0.033 0.033 0.033 -0.0165 0.0099 0.0365 0.951057 0.309017 1.89218e-17 5.82354e-17 
0.0689075 0.033 0.033 0.033 -0.0033 -0.0165 0.0365 6.12323e-17 1 -6.12323e-17 3.7494e-33 
0.0622327 0.033 0.033 0.033 -0.0165 0.0099 0.0365 0.587785 0.809017 -4.9538e-17 3.59915e-17 
0.050708 0.033 0.033 0.033 0.0165 0.0165 0.0365 -0.587785 0.809017 -4.9538e-17 -3.59915e-17 
0.0493945 0.033 0.033 0.033 0.0033 0.0033 0.0365 -0.587785 0.809017 -4.9538e-17 -3.59915e-17 
0.0450665 0.033 0.033 0.033 -0.0033 0.0099 0.0365 0.951057 -0.309017 -1.89218e-17 5.82354e-17 
0.0389077 0.033 0.033 0.033 -0.0099 -0.0165 0.0365 6.12323e-17 1 -6.12323e-17 3.7494e-33 
0.0373209 0.033 0.033 0.033 -0.0033 -0.0099 0.0365 6.12323e-17 1 -6.12323e-17 3.7494e-33 
0.0343235 0.033 0.033 0.033 0.0033 -0.0033 0.0365 6.12323e-17 1 -6.12323e-17 3.7494e-33 
0.0321295 0.033 0.033 0.033 0.0099 -0.0165 0.0365 -0.587785 0.809017 -4.9538e-17 -3.59915e-17 
0.0160008 0.033 0.033 0.033 -0.0165 0.0033 0.0365 0.951057 0.309017 1.89218e-17 5.82354e-17 
0.0158434 0.033 0.033 0.033 -0.0165 0.0165 0.0365 0.587785 0.809017 -4.9538e-17 3.59915e-17 
0.0156662 0.033 0.033 0.033 -0.0165 -0.0165 0.0365 6.12323e-17 1 -6.12323e-17 3.7494e-33 
0.00804212 0.033 0.033 0.033 0.0033 -0.0099 0.0365 -0.587785 0.809017 -4.9538e-17 -3.59915e-17 
-0.000203773 0.033 0.033 0.033 -0.0099 0.0033 0.0365 0.951057 0.309017 1.89218e-17 5.82354e-17 
-0.0105304 0.033 0.033 0.033 -0.0099 -0.0099 0.0365 6.12323e-17 1 -6.12323e-17 3.7494e-33 
-0.0143477 0.033 0.033 0.033 -0.0033 0.0033 0.0365 0.951057 0.309017 1.89218e-17 5.82354e-17 
-0.0332759 0.033 0.033 0.033 -0.0033 -0.0033 0.0365 6.12323e-17 1 -6.12323e-17 3.7494e-33 
-0.0519623 0.033 0.033 0.033 -0.0165 -0.0099 0.0365 6.12323e-17 1 -6.12323e-17 3.7494e-33 
-0.0685247 0.033 0.033 0.033 -0.0165 -0.0033 0.0365 0.951057 0.309017 1.89218e-17 5.82354e-17 
-0.0699724 0.033 0.033 0.033 -0.0033 0.0033 0.0365 0.951057 -0.309017 -1.89218e-17 5.82354e-17 
-0.0742468 0.033 0.033 0.033 0.0033 0.0099 0.0365 -0.587785 0.809017 -4.9538e-17 -3.59915e-17 
-0.079079 0.033 0.033 0.033 0.0165 -0.0033 0.0365 0.951057 -0.309017 -1.89218e-17 5.82354e-17 
-0.0820618 0.033 0.033 0.033 0.0099 0.0165 0.0365 -0.587785 0.809017 -4.9538e-17 -3.59915e-17 
-0.10631 0.033 0.033 0.033 -0.0099 -0.0033 0.0365 6.12323e-17 1 -6.12323e-17 3.7494e-33 
-0.128723 0.033 0.033 0.033 -0.0099 -0.0033 0.0365 0.951057 0.309017 1.89218e-17 5.82354e-17 
-0.144516 0.033 0.033 0.033 0.0033 -0.0165 0.0365 -0.587785 0.809017 -4.9538e-17 -3.59915e-17 
-0.172581 0.033 0.033 0.033 -0.0165 -0.0099 0.0365 0.951057 0.309017 1.89218e-17 5.82354e-17 
-0.173223 0.033 0.033 0.033 -0.0165 -0.0033 0.0365 6.12323e-17 1 -6.12323e-17 3.7494e-33 
-0.28482 0.033 0.033 0.033 -0.0165 -0.0165 0.0365 0.951057 0.309017 1.89218e-17 5.82354e-17 
-0.298164 0.033 0.033 0.033 -0.0099 -0.0099 0.0365 0.951057 0.309017 1.89218e-17 5.82354e-17 
-0.300817 0.033 0.033 0.033 -0.0099 0.0165 0.0365 0.951057 -0.309017 -1.89218e-17 5.82354e-17 
-0.301829 0.033 0.033 0.033 0.0033 0.0165 0.0365 -0.587785 0.809017 -4.9538e-17 -3.59915e-17 
-0.35504 0.033 0.033 0.033 -0.0099 0.0099 0.0365 0.951057 -0.309017 -1.89218e-17 5.82354e-17 
-0.468857 0.033 0.033 0.033 -0.0099 0.0033 0.0365 0.951057 -0.309017 -1.89218e-17 5.82354e-17 
-0.497489 0.033 0.033 0.033 -0.0099 -0.0165 0.0365 0.951057 0.309017 1.89218e-17 5.82354e-17 
-0.990367 0.033 0.033 0.033 -0.0165 0.0165 0.0365 0.951057 -0.309017 -1.89218e-17 5.82354e-17 
-1.03909 0.033 0.033 0.033 -0.0165 0.0099 0.0365 0.951057 -0.309017 -1.89218e-17 5.82354e-17 
