1.33428 0.07 0.07 0.073 0.035 -0.035 0.0565 6.12323e-17 1 -6.12323e-17 3.7494e-33 
1.33428 0.07 0.07 0.073 -0.035 0.035 0.0565 1 0 0 6.12323e-17 
1.19336 0.07 0.07 0.073 -0.007 -0.035 0.0565 0.587785 0.809017 -4.9538e-17 3.59915e-17 
1.18339 0.07 0.07 0.073 0.007 0.035 0.0565 0.809017 -0.587785 -3.59914e-17 4.9538e-17 
1.08417 0.07 0.07 0.073 0.035 0.035 0.0565 0.951057 -0.309017 -1.89218e-17 5.82354e-17 
1.08249 0.07 0.07 0.073 -0.035 -0.035 0.0565 0.309017 0.951057 -5.82354e-17 1.89218e-17 
1.07823 0.07 0.07 0.073 -0.014 -0.035 0.0565 0.587785 0.809017 -4.9538e-17 3.59915e-17 
1.06445 0.07 0.07 0.073 0.014 0.035 0.0565 0.809017 -0.587785 -3.59914e-17 4.9538e-17 
1.01774 0.07 0.07 0.073 -0.035 -0.035 0.0565 0.587785 0.809017 -4.9538e-17 3.59915e-17 
0.992025 0.07 0.07 0.073 0.035 0.035 0.0565 0.809017 -0.587785 -3.59914e-17 4.9538e-17 
0.982056 0.07 0.07 0.073 -0.021 -0.035 0.0565 0.587785 0.809017 -4.9538e-17 3.59915e-17 
0.964407 0.07 0.07 0.073 0.021 0.035 0.0565 0.809017 -0.587785 -3.59914e-17 4.9538e-17 
0.955418 0.07 0.07 0.073 0.035 0.028 0.0565 0.951057 -0.309017 -1.89218e-17 5.82354e-17 
0.954559 0.07 0.07 0.073 -0.035 -0.028 0.0565 0.309017 0.951057 -5.82354e-17 1.89218e-17 
0.948262 0.07 0.07 0.073 -0.028 -0.035 0.0565 0.587785 0.809017 -4.9538e-17 3.59915e-17 
0.9287 0.07 0.07 0.073 -0.035 -0.021 0.0565 0.809017 0.587785 3.59914e-17 4.9538e-17 
0.927494 0.07 0.07 0.073 0.035 0.021 0.0565 -0.587785 0.809017 -4.9538e-17 -3.59915e-17 
0.926645 0.07 0.07 0.073 0.028 0.035 0.0565 0.809017 -0.587785 -3.59914e-17 4.9538e-17 
0.830924 0.07 0.07 0.073 0.035 0.021 0.0565 0.951057 -0.309017 -1.89218e-17 5.82354e-17 
0.830627 0.07 0.07 0.073 -0.035 -0.021 0.0565 0.309017 0.951057 -5.82354e-17 1.89218e-17 
0.733603 0.07 0.07 0.073 0.035 -0.028 0.0565 6.12323e-17 1 -6.12323e-17 3.7494e-33 
0.7336 0.07 0.07 0.073 -0.035 0.028 0.0565 1 0 0 6.12323e-17 
0.705266 0.07 0.07 0.073 -0.035 -0.014 0.0565 0.309017 0.951057 -5.82354e-17 1.89218e-17 
0.705232 0.07 0.07 0.073 0.035 0.014 0.0565 0.951057 -0.309017 -1.89218e-17 5.82354e-17 
0.696777 0.07 0.07 0.073 -0.007 -0.035 0.0565 0.309017 0.951057 -5.82354e-17 1.89218e-17 
0.692903 0.07 0.07 0.073 0.007 0.035 0.0565 0.951057 -0.309017 -1.89218e-17 5.82354e-17 
0.620226 0.07 0.07 0.073 -1.73472e-18 -0.035 0.0565 0.309017 0.951057 -5.82354e-17 1.89218e-17 
0.619757 0.07 0.07 0.073 0.028 0.035 0.0565 0.951057 -0.309017 -1.89218e-17 5.82354e-17 
0.619465 0.07 0.07 0.073 -0.028 -0.035 0.0565 0.309017 0.951057 -5.82354e-17 1.89218e-17 
0.615013 0.07 0.07 0.073 -1.73472e-18 0.035 0.0565 0.951057 -0.309017 -1.89218e-17 5.82354e-17 
0.601485 0.07 0.07 0.073 -0.014 -0.035 0.0565 0.309017 0.951057 -5.82354e-17 1.89218e-17 
0.598986 0.07 0.07 0.073 0.014 0.035 0.0565 0.951057 -0.309017 -1.89218e-17 5.82354e-17 
0.559239 0.07 0.07 0.073 -0.007 -0.028 0.0565 0.309017 0.951057 -5.82354e-17 1.89218e-17 
0.557396 0.07 0.07 0.073 0.007 0.028 0.0565 0.951057 -0.309017 -1.89218e-17 5.82354e-17 
0.515848 0.07 0.07 0.073 -0.021 -0.035 0.0565 0.309017 0.951057 -5.82354e-17 1.89218e-17 
0.514743 0.07 0.07 0.073 0.021 0.035 0.0565 0.951057 -0.309017 -1.89218e-17 5.82354e-17 
0.48744 0.07 0.07 0.073 0.028 0.028 0.0565 0.951057 -0.309017 -1.89218e-17 5.82354e-17 
0.487255 0.07 0.07 0.073 -0.028 -0.028 0.0565 0.309017 0.951057 -5.82354e-17 1.89218e-17 
0.481819 0.07 0.07 0.073 -1.73472e-18 -0.028 0.0565 0.309017 0.951057 -5.82354e-17 1.89218e-17 
0.479324 0.07 0.07 0.073 -1.73472e-18 0.028 0.0565 0.951057 -0.309017 -1.89218e-17 5.82354e-17 
0.464628 0.07 0.07 0.073 -0.014 -0.028 0.0565 0.309017 0.951057 -5.82354e-17 1.89218e-17 
0.463455 0.07 0.07 0.073 0.014 0.028 0.0565 0.951057 -0.309017 -1.89218e-17 5.82354e-17 
0.434859 0.07 0.07 0.073 -0.007 -0.021 0.0565 0.309017 0.951057 -5.82354e-17 1.89218e-17 
0.434272 0.07 0.07 0.073 0.007 0.021 0.0565 0.951057 -0.309017 -1.89218e-17 5.82354e-17 
0.380608 0.07 0.07 0.073 -0.021 -0.028 0.0565 0.309017 0.951057 -5.82354e-17 1.89218e-17 
0.380114 0.07 0.07 0.073 0.021 0.028 0.0565 0.951057 -0.309017 -1.89218e-17 5.82354e-17 
0.362908 0.07 0.07 0.073 0.028 0.021 0.0565 0.951057 -0.309017 -1.89218e-17 5.82354e-17 
0.362831 0.07 0.07 0.073 -0.028 -0.021 0.0565 0.309017 0.951057 -5.82354e-17 1.89218e-17 
0.348493 0.07 0.07 0.073 -0.035 0.021 0.0565 0.809017 0.587785 3.59914e-17 4.9538e-17 
0.344774 0.07 0.07 0.073 0.035 -0.021 0.0565 -0.587785 0.809017 -4.9538e-17 -3.59915e-17 
0.33947 0.07 0.07 0.073 -0.014 -0.021 0.0565 0.309017 0.951057 -5.82354e-17 1.89218e-17 
0.339102 0.07 0.07 0.073 0.014 0.021 0.0565 0.951057 -0.309017 -1.89218e-17 5.82354e-17 
0.318795 0.07 0.07 0.073 -0.035 0.014 0.0565 0.809017 0.587785 3.59914e-17 4.9538e-17 
0.315555 0.07 0.07 0.073 0.035 -0.014 0.0565 -0.587785 0.809017 -4.9538e-17 -3.59915e-17 
0.312252 0.07 0.07 0.073 -0.035 -0.028 0.0565 0.587785 0.809017 -4.9538e-17 3.59915e-17 
0.308049 0.07 0.07 0.073 0.035 0.028 0.0565 0.809017 -0.587785 -3.59914e-17 4.9538e-17 
0.259566 0.07 0.07 0.073 -0.028 0.021 0.0565 0.809017 0.587785 3.59914e-17 4.9538e-17 
0.258572 0.07 0.07 0.073 0.028 -0.021 0.0565 -0.587785 0.809017 -4.9538e-17 -3.59915e-17 
0.255505 0.07 0.07 0.073 -0.021 -0.021 0.0565 0.309017 0.951057 -5.82354e-17 1.89218e-17 
0.25536 0.07 0.07 0.073 0.021 0.021 0.0565 0.951057 -0.309017 -1.89218e-17 5.82354e-17 
0.228119 0.07 0.07 0.073 -0.028 0.014 0.0565 0.809017 0.587785 3.59914e-17 4.9538e-17 
0.227563 0.07 0.07 0.073 0.028 -0.014 0.0565 -0.587785 0.809017 -4.9538e-17 -3.59915e-17 
0.196117 0.07 0.07 0.073 0.007 -0.035 0.0565 0.309017 0.951057 -5.82354e-17 1.89218e-17 
0.191824 0.07 0.07 0.073 -0.028 0.035 0.0565 1 0 0 6.12323e-17 
0.191823 0.07 0.07 0.073 0.028 -0.035 0.0565 6.12323e-17 1 -6.12323e-17 3.7494e-33 
0.189614 0.07 0.07 0.073 -0.007 0.035 0.0565 0.951057 -0.309017 -1.89218e-17 5.82354e-17 
0.183991 0.07 0.07 0.073 -0.035 -0.007 0.0565 0.587785 0.809017 -4.9538e-17 3.59915e-17 
0.182935 0.07 0.07 0.073 0.035 0.007 0.0565 0.809017 -0.587785 -3.59914e-17 4.9538e-17 
0.180344 0.07 0.07 0.073 0.035 -0.028 0.0565 0.809017 -0.587785 -3.59914e-17 4.9538e-17 
0.179981 0.07 0.07 0.073 -0.035 0.028 0.0565 0.587785 0.809017 -4.9538e-17 3.59915e-17 
0.163153 0.07 0.07 0.073 0.035 0.014 0.0565 0.809017 -0.587785 -3.59914e-17 4.9538e-17 
0.162974 0.07 0.07 0.073 -0.035 -0.014 0.0565 0.587785 0.809017 -4.9538e-17 3.59915e-17 
0.162964 0.07 0.07 0.073 -0.021 0.021 0.0565 0.809017 0.587785 3.59914e-17 4.9538e-17 
0.162876 0.07 0.07 0.073 0.021 -0.021 0.0565 -0.587785 0.809017 -4.9538e-17 -3.59915e-17 
0.158773 0.07 0.07 0.073 -0.035 -1.73472e-18 0.0565 0.587785 0.809017 -4.9538e-17 3.59915e-17 
0.158697 0.07 0.07 0.073 -0.035 0.021 0.0565 0.587785 0.809017 -4.9538e-17 3.59915e-17 
0.158116 0.07 0.07 0.073 0.035 -0.021 0.0565 0.809017 -0.587785 -3.59914e-17 4.9538e-17 
0.157764 0.07 0.07 0.073 0.035 -1.73472e-18 0.0565 0.809017 -0.587785 -3.59914e-17 4.9538e-17 
0.157571 0.07 0.07 0.073 -0.028 -0.028 0.0565 0.587785 0.809017 -4.9538e-17 3.59915e-17 
0.154467 0.07 0.07 0.073 0.028 0.028 0.0565 0.809017 -0.587785 -3.59914e-17 4.9538e-17 
0.146319 0.07 0.07 0.073 0.035 0.021 0.0565 0.809017 -0.587785 -3.59914e-17 4.9538e-17 
0.14536 0.07 0.07 0.073 -0.035 -0.021 0.0565 0.587785 0.809017 -4.9538e-17 3.59915e-17 
0.130211 0.07 0.07 0.073 0.021 -0.014 0.0565 -0.587785 0.809017 -4.9538e-17 -3.59915e-17 
0.129949 0.07 0.07 0.073 -0.021 0.014 0.0565 0.809017 0.587785 3.59914e-17 4.9538e-17 
0.120728 0.07 0.07 0.073 0.021 -1.73472e-18 0.0565 -0.587785 0.809017 -4.9538e-17 -3.59915e-17 
0.120472 0.07 0.07 0.073 -0.021 -1.73472e-18 0.0565 0.809017 0.587785 3.59914e-17 4.9538e-17 
0.117444 0.07 0.07 0.073 -0.035 0.007 0.0565 0.587785 0.809017 -4.9538e-17 3.59915e-17 
0.117196 0.07 0.07 0.073 0.035 -0.007 0.0565 0.809017 -0.587785 -3.59914e-17 4.9538e-17 
0.11226 0.07 0.07 0.073 -0.035 0.014 0.0565 0.587785 0.809017 -4.9538e-17 3.59915e-17 
0.112241 0.07 0.07 0.073 0.035 -0.014 0.0565 0.809017 -0.587785 -3.59914e-17 4.9538e-17 
0.108949 0.07 0.07 0.073 -0.021 -0.028 0.0565 0.587785 0.809017 -4.9538e-17 3.59915e-17 
0.106712 0.07 0.07 0.073 0.021 0.028 0.0565 0.809017 -0.587785 -3.59914e-17 4.9538e-17 
0.0963871 0.07 0.07 0.073 -0.028 -0.007 0.0565 0.587785 0.809017 -4.9538e-17 3.59915e-17 
0.095774 0.07 0.07 0.073 0.028 0.007 0.0565 0.809017 -0.587785 -3.59914e-17 4.9538e-17 
0.089595 0.07 0.07 0.073 0.028 -0.028 0.0565 6.12323e-17 1 -6.12323e-17 3.7494e-33 
0.0895935 0.07 0.07 0.073 -0.028 0.028 0.0565 1 0 0 6.12323e-17 
0.0846674 0.07 0.07 0.073 0.007 0.035 0.0565 1 0 0 6.12323e-17 
0.0846673 0.07 0.07 0.073 -0.007 -0.035 0.0565 6.12323e-17 1 -6.12323e-17 3.7494e-33 
0.0833482 0.07 0.07 0.073 -0.028 -1.73472e-18 0.0565 0.587785 0.809017 -4.9538e-17 3.59915e-17 
0.082967 0.07 0.07 0.073 0.028 -1.73472e-18 0.0565 0.809017 -0.587785 -3.59914e-17 4.9538e-17 
0.0788904 0.07 0.07 0.073 0.021 -0.007 0.0565 -0.587785 0.809017 -4.9538e-17 -3.59915e-17 
0.0785458 0.07 0.07 0.073 -0.035 -0.014 0.0565 0.809017 0.587785 3.59914e-17 4.9538e-17 
0.0784303 0.07 0.07 0.073 -0.021 0.007 0.0565 0.809017 0.587785 3.59914e-17 4.9538e-17 
0.0751927 0.07 0.07 0.073 0.035 0.014 0.0565 -0.587785 0.809017 -4.9538e-17 -3.59915e-17 
0.0693753 0.07 0.07 0.073 0.007 -0.021 0.0565 6.12323e-17 1 -6.12323e-17 3.7494e-33 
0.0693738 0.07 0.07 0.073 -0.007 0.021 0.0565 1 0 0 6.12323e-17 
0.0574431 0.07 0.07 0.073 -0.007 -0.028 0.0565 6.12323e-17 1 -6.12323e-17 3.7494e-33 
0.057443 0.07 0.07 0.073 0.007 0.028 0.0565 1 0 0 6.12323e-17 
0.0569297 0.07 0.07 0.073 -0.028 0.007 0.0565 0.809017 0.587785 3.59914e-17 4.9538e-17 
0.0566671 0.07 0.07 0.073 0.028 -0.007 0.0565 -0.587785 0.809017 -4.9538e-17 -3.59915e-17 
0.0549747 0.07 0.07 0.073 0.014 -0.021 0.0565 6.12323e-17 1 -6.12323e-17 3.7494e-33 
0.0549738 0.07 0.07 0.073 -0.014 0.021 0.0565 1 0 0 6.12323e-17 
0.0542529 0.07 0.07 0.073 0.014 0.035 0.0565 1 0 0 6.12323e-17 
0.0542527 0.07 0.07 0.073 -0.014 -0.035 0.0565 6.12323e-17 1 -6.12323e-17 3.7494e-33 
0.0533473 0.07 0.07 0.073 0.028 -0.028 0.0565 0.809017 -0.587785 -3.59914e-17 4.9538e-17 
0.0524377 0.07 0.07 0.073 -1.73472e-18 -0.028 0.0565 6.12323e-17 1 -6.12323e-17 3.7494e-33 
0.052437 0.07 0.07 0.073 -1.73472e-18 0.028 0.0565 1 0 0 6.12323e-17 
0.0519856 0.07 0.07 0.073 -0.028 0.028 0.0565 0.587785 0.809017 -4.9538e-17 3.59915e-17 
0.0516807 0.07 0.07 0.073 -1.73472e-18 0.035 0.0565 1 0 0 6.12323e-17 
0.0516795 0.07 0.07 0.073 -1.73472e-18 -0.035 0.0565 6.12323e-17 1 -6.12323e-17 3.7494e-33 
0.0511344 0.07 0.07 0.073 -1.73472e-18 -0.021 0.0565 6.12323e-17 1 -6.12323e-17 3.7494e-33 
0.0511334 0.07 0.07 0.073 -1.73472e-18 0.021 0.0565 1 0 0 6.12323e-17 
0.0418488 0.07 0.07 0.073 0.028 0.014 0.0565 0.809017 -0.587785 -3.59914e-17 4.9538e-17 
0.041569 0.07 0.07 0.073 -0.028 -0.014 0.0565 0.587785 0.809017 -4.9538e-17 3.59915e-17 
0.0397073 0.07 0.07 0.073 -0.014 -0.028 0.0565 6.12323e-17 1 -6.12323e-17 3.7494e-33 
0.0397059 0.07 0.07 0.073 0.014 0.028 0.0565 1 0 0 6.12323e-17 
0.0311978 0.07 0.07 0.073 0.021 -0.028 0.0565 -0.309017 0.951057 -5.82354e-17 -1.89218e-17 
0.0311917 0.07 0.07 0.073 -0.021 0.028 0.0565 0.951057 0.309017 1.89218e-17 5.82354e-17 
0.0297719 0.07 0.07 0.073 -0.035 0.007 0.0565 0.809017 0.587785 3.59914e-17 4.9538e-17 
0.0279159 0.07 0.07 0.073 -0.007 -0.021 0.0565 6.12323e-17 1 -6.12323e-17 3.7494e-33 
0.0279154 0.07 0.07 0.073 0.007 0.021 0.0565 1 0 0 6.12323e-17 
0.0272465 0.07 0.07 0.073 0.028 -0.007 0.0565 0.809017 -0.587785 -3.59914e-17 4.9538e-17 
0.0270172 0.07 0.07 0.073 -0.028 0.007 0.0565 0.587785 0.809017 -4.9538e-17 3.59915e-17 
0.0268832 0.07 0.07 0.073 0.035 -0.007 0.0565 -0.587785 0.809017 -4.9538e-17 -3.59915e-17 
0.0241944 0.07 0.07 0.073 -0.021 -0.021 0.0565 6.12323e-17 1 -6.12323e-17 3.7494e-33 
0.0241935 0.07 0.07 0.073 0.021 0.021 0.0565 1 0 0 6.12323e-17 
0.0230772 0.07 0.07 0.073 -0.014 -0.021 0.0565 6.12323e-17 1 -6.12323e-17 3.7494e-33 
0.0230761 0.07 0.07 0.073 0.014 0.021 0.0565 1 0 0 6.12323e-17 
0.013819 0.07 0.07 0.073 -0.021 -0.028 0.0565 6.12323e-17 1 -6.12323e-17 3.7494e-33 
0.0138185 0.07 0.07 0.073 0.021 0.028 0.0565 1 0 0 6.12323e-17 
0.0110669 0.07 0.07 0.073 -0.028 0.021 0.0565 0.587785 0.809017 -4.9538e-17 3.59915e-17 
0.0105371 0.07 0.07 0.073 0.028 -0.021 0.0565 0.809017 -0.587785 -3.59914e-17 4.9538e-17 
0.00797558 0.07 0.07 0.073 0.007 -0.028 0.0565 6.12323e-17 1 -6.12323e-17 3.7494e-33 
0.00797452 0.07 0.07 0.073 -0.007 0.028 0.0565 1 0 0 6.12323e-17 
0.00769925 0.07 0.07 0.073 0.021 -0.021 0.0565 6.12323e-17 1 -6.12323e-17 3.7494e-33 
0.00769837 0.07 0.07 0.073 -0.021 0.021 0.0565 1 0 0 6.12323e-17 
0.00482628 0.07 0.07 0.073 0.014 -0.028 0.0565 -0.309017 0.951057 -5.82354e-17 -1.89218e-17 
0.0048172 0.07 0.07 0.073 -0.014 0.028 0.0565 0.951057 0.309017 1.89218e-17 5.82354e-17 
0.00174529 0.07 0.07 0.073 0.021 0.035 0.0565 1 0 0 6.12323e-17 
0.00174316 0.07 0.07 0.073 -0.021 -0.035 0.0565 6.12323e-17 1 -6.12323e-17 3.7494e-33 
1.06044e-10 0.07 0.07 0.073 0.035 -0.055 0.0365 -0.672499 0.218508 0.218508 0.672498 
1.05592e-10 0.07 0.07 0.073 -1.73472e-18 -0.055 0.0365 -0.672499 0.218508 0.218508 0.672498 
1.05472e-10 0.07 0.07 0.073 0.007 -0.055 0.0365 -0.672499 0.218508 0.218508 0.672498 
9.60713e-11 0.07 0.07 0.073 0.014 -0.055 0.0365 -0.672499 0.218508 0.218508 0.672498 
8.77367e-11 0.07 0.07 0.073 -0.007 -0.055 0.0365 -0.672499 0.218508 0.218508 0.672498 
8.69796e-11 0.07 0.07 0.073 0.028 -0.055 0.0365 -0.672499 0.218508 0.218508 0.672498 
8.67322e-11 0.07 0.07 0.073 0.021 -0.055 0.0365 -0.672499 0.218508 0.218508 0.672498 
1.07189e-11 0.07 0.07 0.073 -1.73472e-18 0.055 0.0365 0.218508 0.672499 -0.672499 0.218502 
2.4842e-12 0.07 0.07 0.073 -0.007 0.055 0.0365 0.218508 0.672499 -0.672499 0.218502 
4.24691e-13 0.07 0.07 0.073 0.007 0.055 0.0365 0.218508 0.672499 -0.672499 0.218502 
-1.38255e-11 0.07 0.07 0.073 -0.014 0.055 0.0365 0.218508 0.672499 -0.672499 0.218502 
-2.4836e-11 0.07 0.07 0.073 -0.035 0.055 0.0365 0.218508 0.672499 -0.672499 0.218502 
-2.88055e-11 0.07 0.07 0.073 -0.021 0.055 0.0365 0.218508 0.672499 -0.672499 0.218502 
-3.45202e-11 0.07 0.07 0.073 -0.028 0.055 0.0365 0.218508 0.672499 -0.672499 0.218502 
-3.43817e-10 0.07 0.07 0.073 0.055 0.028 0.0365 -0.672498 -0.218508 0.672499 0.218508 
-3.47353e-10 0.07 0.07 0.073 0.055 0.035 0.0365 -0.672498 -0.218508 0.672499 0.218508 
-3.50702e-10 0.07 0.07 0.073 0.055 0.021 0.0365 -0.672498 -0.218508 0.672499 0.218508 
-3.59809e-10 0.07 0.07 0.073 0.055 0.028 0.0292 -0.672498 -0.218508 0.672499 0.218508 
-3.62172e-10 0.07 0.07 0.073 -0.055 -0.035 0.0365 -0.218508 0.672498 -0.218508 0.672499 
-3.6351e-10 0.07 0.07 0.073 0.055 0.035 0.0292 -0.672498 -0.218508 0.672499 0.218508 
-3.63568e-10 0.07 0.07 0.073 0.055 0.014 0.0365 -0.672498 -0.218508 0.672499 0.218508 
-3.67015e-10 0.07 0.07 0.073 0.055 0.021 0.0292 -0.672498 -0.218508 0.672499 0.218508 
-3.74343e-10 0.07 0.07 0.073 -0.055 -0.028 0.0365 -0.218508 0.672498 -0.218508 0.672499 
-3.78224e-10 0.07 0.07 0.073 -0.055 -0.035 0.0292 -0.218508 0.672498 -0.218508 0.672499 
-3.78523e-10 0.07 0.07 0.073 0.055 0.007 0.0365 -0.672498 -0.218508 0.672499 0.218508 
-3.80478e-10 0.07 0.07 0.073 0.055 0.014 0.0292 -0.672498 -0.218508 0.672499 0.218508 
-3.9012e-10 0.07 0.07 0.073 -0.055 -0.028 0.0292 -0.218508 0.672498 -0.218508 0.672499 
-3.92088e-10 0.07 0.07 0.073 0.055 -1.73472e-18 0.0365 -0.672498 -0.218508 0.672499 0.218508 
-3.9613e-10 0.07 0.07 0.073 0.055 0.007 0.0292 -0.672498 -0.218508 0.672499 0.218508 
-3.9741e-10 0.07 0.07 0.073 -0.055 -0.021 0.0365 -0.218508 0.672498 -0.218508 0.672499 
-4.13393e-10 0.07 0.07 0.073 -0.055 -0.021 0.0292 -0.218508 0.672498 -0.218508 0.672499 
-4.24141e-10 0.07 0.07 0.073 -0.055 -0.014 0.0365 -0.218508 0.672498 -0.218508 0.672499 
-4.40624e-10 0.07 0.07 0.073 -0.055 -0.014 0.0292 -0.218508 0.672498 -0.218508 0.672499 
-4.50098e-10 0.07 0.07 0.073 -0.055 -0.007 0.0365 -0.218508 0.672498 -0.218508 0.672499 
-4.67199e-10 0.07 0.07 0.073 -0.055 -0.007 0.0292 -0.218508 0.672498 -0.218508 0.672499 
-4.73249e-10 0.07 0.07 0.073 -0.055 -1.73472e-18 0.0365 -0.218508 0.672498 -0.218508 0.672499 
-0.00931254 0.07 0.07 0.073 0.028 0.021 0.0565 0.809017 -0.587785 -3.59914e-17 4.9538e-17 
-0.00962329 0.07 0.07 0.073 0.028 -0.014 0.0565 -0.309017 0.951057 -5.82354e-17 -1.89218e-17 
-0.00962331 0.07 0.07 0.073 -0.028 0.014 0.0565 0.951057 0.309017 1.89218e-17 5.82354e-17 
-0.0102935 0.07 0.07 0.073 0.028 -0.014 0.0565 0.809017 -0.587785 -3.59914e-17 4.9538e-17 
-0.0103485 0.07 0.07 0.073 -0.028 -0.021 0.0565 0.587785 0.809017 -4.9538e-17 3.59915e-17 
-0.0104065 0.07 0.07 0.073 -0.028 0.014 0.0565 0.587785 0.809017 -4.9538e-17 3.59915e-17 
-0.0173004 0.07 0.07 0.073 -0.028 0.021 0.0565 0.951057 0.309017 1.89218e-17 5.82354e-17 
-0.0173018 0.07 0.07 0.073 0.028 -0.021 0.0565 -0.309017 0.951057 -5.82354e-17 -1.89218e-17 
-0.0300529 0.07 0.07 0.073 -0.028 -0.007 0.0565 0.809017 0.587785 3.59914e-17 4.9538e-17 
-0.0309432 0.07 0.07 0.073 0.028 0.007 0.0565 -0.587785 0.809017 -4.9538e-17 -3.59915e-17 
-0.0314696 0.07 0.07 0.073 0.035 -0.035 0.0565 0.809017 -0.587785 -3.59914e-17 4.9538e-17 
-0.0331043 0.07 0.07 0.073 0.028 0.035 0.0565 1 0 0 6.12323e-17 
-0.0331082 0.07 0.07 0.073 -0.028 -0.035 0.0565 6.12323e-17 1 -6.12323e-17 3.7494e-33 
-0.0385672 0.07 0.07 0.073 0.028 0.028 0.0565 1 0 0 6.12323e-17 
-0.0385685 0.07 0.07 0.073 -0.028 -0.028 0.0565 6.12323e-17 1 -6.12323e-17 3.7494e-33 
-0.0397083 0.07 0.07 0.073 -0.028 0.007 0.0565 0.951057 0.309017 1.89218e-17 5.82354e-17 
-0.0397094 0.07 0.07 0.073 0.028 -0.007 0.0565 -0.309017 0.951057 -5.82354e-17 -1.89218e-17 
-0.0404825 0.07 0.07 0.073 -0.035 0.035 0.0565 0.587785 0.809017 -4.9538e-17 3.59915e-17 
-0.0433403 0.07 0.07 0.073 0.035 0.035 0.0565 1 0 0 6.12323e-17 
-0.0433482 0.07 0.07 0.073 -0.035 -0.035 0.0565 6.12323e-17 1 -6.12323e-17 3.7494e-33 
-0.0435712 0.07 0.07 0.073 0.028 -0.035 0.0565 0.809017 -0.587785 -3.59914e-17 4.9538e-17 
-0.0436429 0.07 0.07 0.073 -0.028 -1.73472e-18 0.0565 0.809017 0.587785 3.59914e-17 4.9538e-17 
-0.0442109 0.07 0.07 0.073 0.028 -1.73472e-18 0.0565 -0.587785 0.809017 -4.9538e-17 -3.59915e-17 
-0.0456308 0.07 0.07 0.073 -0.028 -0.021 0.0565 6.12323e-17 1 -6.12323e-17 3.7494e-33 
-0.0456318 0.07 0.07 0.073 0.028 0.021 0.0565 1 0 0 6.12323e-17 
-0.0547715 0.07 0.07 0.073 -0.007 0.035 0.0565 1 0 0 6.12323e-17 
-0.0547744 0.07 0.07 0.073 0.007 -0.035 0.0565 6.12323e-17 1 -6.12323e-17 3.7494e-33 
-0.0565935 0.07 0.07 0.073 -0.028 0.035 0.0565 0.587785 0.809017 -4.9538e-17 3.59915e-17 
-0.0584784 0.07 0.07 0.073 0.021 0.021 0.0565 0.809017 -0.587785 -3.59914e-17 4.9538e-17 
-0.0593352 0.07 0.07 0.073 -0.021 -0.021 0.0565 0.587785 0.809017 -4.9538e-17 3.59915e-17 
-0.0631137 0.07 0.07 0.073 0.014 -0.028 0.0565 6.12323e-17 1 -6.12323e-17 3.7494e-33 
-0.063114 0.07 0.07 0.073 -0.014 0.028 0.0565 1 0 0 6.12323e-17 
-0.0805742 0.07 0.07 0.073 -0.021 -0.035 0.0565 -0.309017 0.951057 -5.82354e-17 -1.89218e-17 
-0.0807094 0.07 0.07 0.073 0.021 0.035 0.0565 0.951057 0.309017 1.89218e-17 5.82354e-17 
-0.0884739 0.07 0.07 0.073 -0.021 0.028 0.0565 1 0 0 6.12323e-17 
-0.088474 0.07 0.07 0.073 0.021 -0.028 0.0565 6.12323e-17 1 -6.12323e-17 3.7494e-33 
-0.101913 0.07 0.07 0.073 0.028 -0.028 0.0565 -0.309017 0.951057 -5.82354e-17 -1.89218e-17 
-0.101916 0.07 0.07 0.073 -0.028 0.028 0.0565 0.951057 0.309017 1.89218e-17 5.82354e-17 
-0.11001 0.07 0.07 0.073 -0.014 -0.035 0.0565 -0.309017 0.951057 -5.82354e-17 -1.89218e-17 
-0.110133 0.07 0.07 0.073 0.014 0.035 0.0565 0.951057 0.309017 1.89218e-17 5.82354e-17 
-0.112784 0.07 0.07 0.073 -0.028 -0.035 0.0565 -0.309017 0.951057 -5.82354e-17 -1.89218e-17 
-0.112931 0.07 0.07 0.073 0.028 0.035 0.0565 0.951057 0.309017 1.89218e-17 5.82354e-17 
-0.162693 0.07 0.07 0.073 0.021 -0.035 0.0565 -0.309017 0.951057 -5.82354e-17 -1.89218e-17 
-0.162738 0.07 0.07 0.073 -0.021 0.035 0.0565 0.951057 0.309017 1.89218e-17 5.82354e-17 
-0.166628 0.07 0.07 0.073 -0.007 -0.035 0.0565 -0.309017 0.951057 -5.82354e-17 -1.89218e-17 
-0.166737 0.07 0.07 0.073 0.007 0.035 0.0565 0.951057 0.309017 1.89218e-17 5.82354e-17 
-0.17301 0.07 0.07 0.073 0.014 -0.035 0.0565 -0.309017 0.951057 -5.82354e-17 -1.89218e-17 
-0.173072 0.07 0.07 0.073 -0.014 0.035 0.0565 0.951057 0.309017 1.89218e-17 5.82354e-17 
-0.18178 0.07 0.07 0.073 -0.014 0.035 0.0565 1 0 0 6.12323e-17 
-0.181782 0.07 0.07 0.073 0.014 -0.035 0.0565 6.12323e-17 1 -6.12323e-17 3.7494e-33 
-0.185329 0.07 0.07 0.073 -0.021 0.035 0.0565 1 0 0 6.12323e-17 
-0.185331 0.07 0.07 0.073 0.021 -0.035 0.0565 6.12323e-17 1 -6.12323e-17 3.7494e-33 
-0.19622 0.07 0.07 0.073 0.035 0.028 0.0565 1 0 0 6.12323e-17 
-0.196222 0.07 0.07 0.073 -0.035 -0.028 0.0565 6.12323e-17 1 -6.12323e-17 3.7494e-33 
-0.208533 0.07 0.07 0.073 0.007 -0.035 0.0565 -0.309017 0.951057 -5.82354e-17 -1.89218e-17 
-0.208611 0.07 0.07 0.073 -0.007 0.035 0.0565 0.951057 0.309017 1.89218e-17 5.82354e-17 
-0.208728 0.07 0.07 0.073 -1.73472e-18 -0.035 0.0565 -0.309017 0.951057 -5.82354e-17 -1.89218e-17 
-0.208821 0.07 0.07 0.073 -1.73472e-18 0.035 0.0565 0.951057 0.309017 1.89218e-17 5.82354e-17 
-0.211629 0.07 0.07 0.073 -0.035 -1.73472e-18 0.0565 0.809017 0.587785 3.59914e-17 4.9538e-17 
-0.21401 0.07 0.07 0.073 -0.035 -0.035 0.0565 -0.309017 0.951057 -5.82354e-17 -1.89218e-17 
-0.214167 0.07 0.07 0.073 0.035 0.035 0.0565 0.951057 0.309017 1.89218e-17 5.82354e-17 
-0.214954 0.07 0.07 0.073 0.035 -1.73472e-18 0.0565 -0.587785 0.809017 -4.9538e-17 -3.59915e-17 
-0.223561 0.07 0.07 0.073 0.021 -0.028 0.0565 -0.587785 0.809017 -4.9538e-17 -3.59915e-17 
-0.224843 0.07 0.07 0.073 -0.021 0.028 0.0565 0.809017 0.587785 3.59914e-17 4.9538e-17 
-0.238008 0.07 0.07 0.073 -0.035 -0.007 0.0565 0.809017 0.587785 3.59914e-17 4.9538e-17 
-0.241866 0.07 0.07 0.073 0.035 0.007 0.0565 -0.587785 0.809017 -4.9538e-17 -3.59915e-17 
-0.306964 0.07 0.07 0.073 0.028 -0.035 0.0565 -0.309017 0.951057 -5.82354e-17 -1.89218e-17 
-0.306993 0.07 0.07 0.073 -0.028 0.035 0.0565 0.951057 0.309017 1.89218e-17 5.82354e-17 
-0.318324 0.07 0.07 0.073 0.028 -0.028 0.0565 -0.587785 0.809017 -4.9538e-17 -3.59915e-17 
-0.319125 0.07 0.07 0.073 -0.028 0.028 0.0565 0.809017 0.587785 3.59914e-17 4.9538e-17 
-0.351353 0.07 0.07 0.073 -0.035 -0.021 0.0565 6.12323e-17 1 -6.12323e-17 3.7494e-33 
-0.351355 0.07 0.07 0.073 0.035 0.021 0.0565 1 0 0 6.12323e-17 
-0.417171 0.07 0.07 0.073 -0.035 0.028 0.0565 0.809017 0.587785 3.59914e-17 4.9538e-17 
-0.418631 0.07 0.07 0.073 0.035 -0.028 0.0565 -0.587785 0.809017 -4.9538e-17 -3.59915e-17 
-0.514097 0.07 0.07 0.073 -0.035 0.014 0.0565 0.951057 0.309017 1.89218e-17 5.82354e-17 
-0.514097 0.07 0.07 0.073 0.035 -0.014 0.0565 -0.309017 0.951057 -5.82354e-17 -1.89218e-17 
-0.521127 0.07 0.07 0.073 0.035 -0.021 0.0565 -0.309017 0.951057 -5.82354e-17 -1.89218e-17 
-0.521127 0.07 0.07 0.073 -0.035 0.021 0.0565 0.951057 0.309017 1.89218e-17 5.82354e-17 
-0.545101 0.07 0.07 0.073 -0.035 0.007 0.0565 0.951057 0.309017 1.89218e-17 5.82354e-17 
-0.545106 0.07 0.07 0.073 0.035 -0.007 0.0565 -0.309017 0.951057 -5.82354e-17 -1.89218e-17 
-0.577239 0.07 0.07 0.073 -0.035 -1.73472e-18 0.0565 0.951057 0.309017 1.89218e-17 5.82354e-17 
-0.577247 0.07 0.07 0.073 0.035 -1.73472e-18 0.0565 -0.309017 0.951057 -5.82354e-17 -1.89218e-17 
-0.60656 0.07 0.07 0.073 0.035 -0.028 0.0565 -0.309017 0.951057 -5.82354e-17 -1.89218e-17 
-0.606562 0.07 0.07 0.073 -0.035 0.028 0.0565 0.951057 0.309017 1.89218e-17 5.82354e-17 
-0.814473 0.07 0.07 0.073 0.035 -0.035 0.0565 -0.309017 0.951057 -5.82354e-17 -1.89218e-17 
-0.814485 0.07 0.07 0.073 -0.035 0.035 0.0565 0.951057 0.309017 1.89218e-17 5.82354e-17 
-1.79234 0.07 0.07 0.073 0.021 -0.035 0.0565 -0.587785 0.809017 -4.9538e-17 -3.59915e-17 
-1.80093 0.07 0.07 0.073 -0.021 0.035 0.0565 0.809017 0.587785 3.59914e-17 4.9538e-17 
-2.30177 0.07 0.07 0.073 0.028 -0.035 0.0565 -0.587785 0.809017 -4.9538e-17 -3.59915e-17 
-2.31158 0.07 0.07 0.073 -0.028 0.035 0.0565 0.809017 0.587785 3.59914e-17 4.9538e-17 
-2.80526 0.07 0.07 0.073 0.035 -0.035 0.0565 -0.587785 0.809017 -4.9538e-17 -3.59915e-17 
-2.81452 0.07 0.07 0.073 -0.035 0.035 0.0565 0.809017 0.587785 3.59914e-17 4.9538e-17 
