0.363353 0.033 0.033 0.1 -0.0033 -0.0033 0.07 0.587785 0.809017 -4.9538e-17 3.59915e-17 
0.340219 0.033 0.033 0.1 -0.0033 -0.0099 0.07 0.587785 0.809017 -4.9538e-17 3.59915e-17 
0.336951 0.033 0.033 0.1 -0.0033 0.0033 0.07 0.587785 0.809017 -4.9538e-17 3.59915e-17 
0.327158 0.033 0.033 0.1 0.0099 0.0165 0.07 0.951057 -0.309017 -1.89218e-17 5.82354e-17 
0.291682 0.033 0.033 0.1 0.0033 0.0165 0.07 0.951057 -0.309017 -1.89218e-17 5.82354e-17 
0.287225 0.033 0.033 0.1 0.0033 -0.0165 0.07 0.587785 0.809017 -4.9538e-17 3.59915e-17 
0.276101 0.033 0.033 0.1 0.0165 0.0165 0.07 0.951057 -0.309017 -1.89218e-17 5.82354e-17 
0.272745 0.033 0.033 0.1 -0.0033 0.0099 0.07 0.587785 0.809017 -4.9538e-17 3.59915e-17 
0.257201 0.033 0.033 0.1 -0.0033 -0.0165 0.07 0.587785 0.809017 -4.9538e-17 3.59915e-17 
0.250687 0.033 0.033 0.1 0.0099 0.0099 0.07 0.951057 -0.309017 -1.89218e-17 5.82354e-17 
0.245937 0.033 0.033 0.1 -0.0099 -0.0033 0.07 0.587785 0.809017 -4.9538e-17 3.59915e-17 
0.232045 0.033 0.033 0.1 -0.0099 -0.0099 0.07 0.587785 0.809017 -4.9538e-17 3.59915e-17 
0.223606 0.033 0.033 0.1 0.0033 0.0099 0.07 0.951057 -0.309017 -1.89218e-17 5.82354e-17 
0.221001 0.033 0.033 0.1 -0.0099 0.0033 0.07 0.587785 0.809017 -4.9538e-17 3.59915e-17 
0.209073 0.033 0.033 0.1 0.0165 -0.0033 0.07 -0.587785 0.809017 -4.9538e-17 -3.59915e-17 
0.203155 0.033 0.033 0.1 0.0099 -0.0165 0.07 0.587785 0.809017 -4.9538e-17 3.59915e-17 
0.199707 0.033 0.033 0.1 0.0165 0.0033 0.07 -0.587785 0.809017 -4.9538e-17 -3.59915e-17 
0.190851 0.033 0.033 0.1 0.0165 0.0099 0.07 0.951057 -0.309017 -1.89218e-17 5.82354e-17 
0.184403 0.033 0.033 0.1 0.0099 -0.0033 0.07 -0.587785 0.809017 -4.9538e-17 -3.59915e-17 
0.183847 0.033 0.033 0.1 -0.0033 0.0165 0.07 0.587785 0.809017 -4.9538e-17 3.59915e-17 
0.181255 0.033 0.033 0.1 0.0165 -0.0099 0.07 -0.587785 0.809017 -4.9538e-17 -3.59915e-17 
0.173423 0.033 0.033 0.1 0.0165 0.0165 0.07 0.951057 0.309017 1.89218e-17 5.82354e-17 
0.169384 0.033 0.033 0.1 -0.0099 -0.0165 0.07 0.587785 0.809017 -4.9538e-17 3.59915e-17 
0.168576 0.033 0.033 0.1 -0.0099 0.0099 0.07 0.587785 0.809017 -4.9538e-17 3.59915e-17 
0.167246 0.033 0.033 0.1 0.0099 0.0033 0.07 -0.587785 0.809017 -4.9538e-17 -3.59915e-17 
0.148286 0.033 0.033 0.1 0.0165 0.0099 0.07 -0.587785 0.809017 -4.9538e-17 -3.59915e-17 
0.144498 0.033 0.033 0.1 0.0099 0.0165 0.07 0.951057 0.309017 1.89218e-17 5.82354e-17 
0.137347 0.033 0.033 0.1 0.0099 -0.0099 0.07 -0.587785 0.809017 -4.9538e-17 -3.59915e-17 
0.132155 0.033 0.033 0.1 0.0099 0.0033 0.07 0.951057 -0.309017 -1.89218e-17 5.82354e-17 
0.126333 0.033 0.033 0.1 -0.0165 -0.0033 0.07 0.587785 0.809017 -4.9538e-17 3.59915e-17 
0.122076 0.033 0.033 0.1 -0.0165 -0.0099 0.07 0.587785 0.809017 -4.9538e-17 3.59915e-17 
0.121392 0.033 0.033 0.1 0.0033 0.0165 0.07 0.951057 0.309017 1.89218e-17 5.82354e-17 
0.121338 0.033 0.033 0.1 0.0165 -0.0165 0.07 -0.587785 0.809017 -4.9538e-17 -3.59915e-17 
0.107752 0.033 0.033 0.1 0.0033 0.0033 0.07 0.951057 -0.309017 -1.89218e-17 5.82354e-17 
0.106455 0.033 0.033 0.1 0.0099 -0.0099 0.07 6.12323e-17 1 -6.12323e-17 3.7494e-33 
0.105958 0.033 0.033 0.1 0.0165 -0.0099 0.07 6.12323e-17 1 -6.12323e-17 3.7494e-33 
0.105161 0.033 0.033 0.1 0.0099 -0.0165 0.07 6.12323e-17 1 -6.12323e-17 3.7494e-33 
0.10493 0.033 0.033 0.1 -0.0033 0.0165 0.07 0.951057 -0.309017 -1.89218e-17 5.82354e-17 
0.104549 0.033 0.033 0.1 0.0165 -0.0033 0.07 6.12323e-17 1 -6.12323e-17 3.7494e-33 
0.103853 0.033 0.033 0.1 -0.0033 0.0165 0.07 0.951057 0.309017 1.89218e-17 5.82354e-17 
0.10252 0.033 0.033 0.1 -0.0165 0.0033 0.07 0.587785 0.809017 -4.9538e-17 3.59915e-17 
0.101346 0.033 0.033 0.1 -0.0099 0.0165 0.07 0.587785 0.809017 -4.9538e-17 3.59915e-17 
0.0993071 0.033 0.033 0.1 0.0033 0.0099 0.07 0.951057 0.309017 1.89218e-17 5.82354e-17 
0.0992323 0.033 0.033 0.1 0.0165 0.0033 0.07 6.12323e-17 1 -6.12323e-17 3.7494e-33 
0.0939803 0.033 0.033 0.1 0.0033 -0.0165 0.07 6.12323e-17 1 -6.12323e-17 3.7494e-33 
0.0911808 0.033 0.033 0.1 -0.0099 0.0165 0.07 0.951057 0.309017 1.89218e-17 5.82354e-17 
0.0906777 0.033 0.033 0.1 0.0165 -0.0165 0.07 6.12323e-17 1 -6.12323e-17 3.7494e-33 
0.0854888 0.033 0.033 0.1 -0.0033 0.0099 0.07 0.951057 0.309017 1.89218e-17 5.82354e-17 
0.0837404 0.033 0.033 0.1 0.0099 -0.0033 0.07 6.12323e-17 1 -6.12323e-17 3.7494e-33 
0.082194 0.033 0.033 0.1 -0.0165 0.0165 0.07 0.951057 0.309017 1.89218e-17 5.82354e-17 
0.0804424 0.033 0.033 0.1 0.0099 0.0099 0.07 -0.587785 0.809017 -4.9538e-17 -3.59915e-17 
0.0801673 0.033 0.033 0.1 -0.0165 -0.0165 0.07 0.587785 0.809017 -4.9538e-17 3.59915e-17 
0.0796168 0.033 0.033 0.1 0.0033 -0.0099 0.07 6.12323e-17 1 -6.12323e-17 3.7494e-33 
0.0759704 0.033 0.033 0.1 -0.0099 0.0099 0.07 0.951057 0.309017 1.89218e-17 5.82354e-17 
0.0739778 0.033 0.033 0.1 0.0033 -0.0033 0.07 -0.587785 0.809017 -4.9538e-17 -3.59915e-17 
0.0693222 0.033 0.033 0.1 0.0165 0.0033 0.07 0.951057 -0.309017 -1.89218e-17 5.82354e-17 
0.069278 0.033 0.033 0.1 -0.0165 0.0099 0.07 0.951057 0.309017 1.89218e-17 5.82354e-17 
0.068156 0.033 0.033 0.1 -0.0033 -0.0165 0.07 6.12323e-17 1 -6.12323e-17 3.7494e-33 
0.0615454 0.033 0.033 0.1 -0.0165 0.0099 0.07 0.587785 0.809017 -4.9538e-17 3.59915e-17 
0.0501627 0.033 0.033 0.1 0.0165 0.0165 0.07 -0.587785 0.809017 -4.9538e-17 -3.59915e-17 
0.0488429 0.033 0.033 0.1 0.0033 0.0033 0.07 -0.587785 0.809017 -4.9538e-17 -3.59915e-17 
0.0446293 0.033 0.033 0.1 0.0365 0.0165 0.05 0.707107 -4.32978e-17 -0.707107 4.32978e-17 
0.0445688 0.033 0.033 0.1 -0.0033 0.0099 0.07 0.951057 -0.309017 -1.89218e-17 5.82354e-17 
0.0388643 0.033 0.033 0.1 0.0365 0.0099 0.05 0.707107 -4.32978e-17 -0.707107 4.32978e-17 
0.038485 0.033 0.033 0.1 -0.0099 -0.0165 0.07 6.12323e-17 1 -6.12323e-17 3.7494e-33 
0.0369095 0.033 0.033 0.1 -0.0033 -0.0099 0.07 6.12323e-17 1 -6.12323e-17 3.7494e-33 
0.0339444 0.033 0.033 0.1 0.0033 -0.0033 0.07 6.12323e-17 1 -6.12323e-17 3.7494e-33 
0.0317802 0.033 0.033 0.1 0.0099 -0.0165 0.07 -0.587785 0.809017 -4.9538e-17 -3.59915e-17 
0.023614 0.033 0.033 0.1 0.0365 -0.0165 0.05 -0.572061 -0.415627 0.572061 0.415629 
0.0158265 0.033 0.033 0.1 -0.0165 0.0033 0.07 0.951057 0.309017 1.89218e-17 5.82354e-17 
0.0156697 0.033 0.033 0.1 -0.0165 0.0165 0.07 0.587785 0.809017 -4.9538e-17 3.59915e-17 
0.015505 0.033 0.033 0.1 -0.0165 -0.0165 0.07 6.12323e-17 1 -6.12323e-17 3.7494e-33 
0.0140397 0.033 0.033 0.1 0.0365 -0.0099 0.05 -0.572061 -0.415627 0.572061 0.415629 
0.0115763 0.033 0.033 0.1 0.0365 0.0165 0.05 -0.572061 -0.415627 0.572061 0.415629 
0.00945696 0.033 0.033 0.1 0.0165 -0.0365 0.03 -0.672499 0.218508 0.218508 0.672498 
0.0094322 0.033 0.033 0.1 0.0165 -0.0365 0.05 -0.672499 0.218508 0.218508 0.672498 
0.00796859 0.033 0.033 0.1 0.0365 -0.0033 0.05 -0.572061 -0.415627 0.572061 0.415629 
0.00795591 0.033 0.033 0.1 0.0033 -0.0099 0.07 -0.587785 0.809017 -4.9538e-17 -3.59915e-17 
0.00791481 0.033 0.033 0.1 0.0165 0.0365 0.05 -4.32978e-17 0.707107 -0.707107 4.32978e-17 
0.0065689 0.033 0.033 0.1 0.0365 0.0099 0.05 -0.572061 -0.415627 0.572061 0.415629 
0.00543677 0.033 0.033 0.1 0.0365 0.0033 0.05 -0.572061 -0.415627 0.572061 0.415629 
-0.000205125 0.033 0.033 0.1 -0.0099 0.0033 0.07 0.951057 0.309017 1.89218e-17 5.82354e-17 
-0.00437114 0.033 0.033 0.1 -0.0165 -0.0365 0.05 -0.415627 -0.572061 -0.572061 0.415629 
-0.0085991 0.033 0.033 0.1 -0.0099 -0.0365 0.05 -0.415627 -0.572061 -0.572061 0.415629 
-0.0104147 0.033 0.033 0.1 -0.0099 -0.0099 0.07 6.12323e-17 1 -6.12323e-17 3.7494e-33 
-0.0135655 0.033 0.033 0.1 -0.0033 -0.0365 0.05 -0.415627 -0.572061 -0.572061 0.415629 
-0.0141858 0.033 0.033 0.1 -0.0033 0.0033 0.07 0.951057 0.309017 1.89218e-17 5.82354e-17 
-0.0198874 0.033 0.033 0.1 0.0099 -0.0365 0.05 -0.672499 0.218508 0.218508 0.672498 
-0.0203622 0.033 0.033 0.1 0.0099 0.0365 0.05 -4.32978e-17 0.707107 -0.707107 4.32978e-17 
-0.0329091 0.033 0.033 0.1 -0.0033 -0.0033 0.07 6.12323e-17 1 -6.12323e-17 3.7494e-33 
-0.0467156 0.033 0.033 0.1 -0.0365 -0.0099 0.05 -0.218508 0.672498 -0.218508 0.672499 
-0.0468938 0.033 0.033 0.1 -0.0365 -0.0099 0.03 -0.218508 0.672498 -0.218508 0.672499 
-0.0513855 0.033 0.033 0.1 -0.0165 -0.0099 0.07 6.12323e-17 1 -6.12323e-17 3.7494e-33 
-0.0514152 0.033 0.033 0.1 -0.0365 -0.0165 0.05 -0.218508 0.672498 -0.218508 0.672499 
-0.0515599 0.033 0.033 0.1 -0.0365 -0.0165 0.01 -0.218508 0.672498 -0.218508 0.672499 
-0.0515695 0.033 0.033 0.1 -0.0365 -0.0165 0.03 -0.218508 0.672498 -0.218508 0.672499 
-0.0560926 0.033 0.033 0.1 0.0033 -0.0365 0.05 -0.672499 0.218508 0.218508 0.672498 
-0.0586781 0.033 0.033 0.1 -0.0365 -0.0033 0.05 -0.218508 0.672498 -0.218508 0.672499 
-0.060765 0.033 0.033 0.1 0.0033 0.0365 0.05 -4.32978e-17 0.707107 -0.707107 4.32978e-17 
-0.0677705 0.033 0.033 0.1 -0.0165 -0.0033 0.07 0.951057 0.309017 1.89218e-17 5.82354e-17 
-0.0692079 0.033 0.033 0.1 -0.0033 0.0033 0.07 0.951057 -0.309017 -1.89218e-17 5.82354e-17 
-0.0699873 0.033 0.033 0.1 -0.0165 0.0365 0.05 0.415627 0.572061 -0.572061 0.415629 
-0.0706465 0.033 0.033 0.1 -0.0165 0.0365 0.03 0.415627 0.572061 -0.572061 0.415629 
-0.0734276 0.033 0.033 0.1 0.0033 0.0099 0.07 -0.587785 0.809017 -4.9538e-17 -3.59915e-17 
-0.0782018 0.033 0.033 0.1 0.0165 -0.0033 0.07 0.951057 -0.309017 -1.89218e-17 5.82354e-17 
-0.0811522 0.033 0.033 0.1 0.0099 0.0165 0.07 -0.587785 0.809017 -4.9538e-17 -3.59915e-17 
-0.0827613 0.033 0.033 0.1 -0.0099 0.0365 0.05 0.415627 0.572061 -0.572061 0.415629 
-0.0835531 0.033 0.033 0.1 -0.0099 0.0365 0.03 0.415627 0.572061 -0.572061 0.415629 
-0.0859134 0.033 0.033 0.1 -0.0365 0.0033 0.05 -0.218508 0.672498 -0.218508 0.672499 
-0.098599 0.033 0.033 0.1 -0.0033 0.0365 0.05 0.415627 0.572061 -0.572061 0.415629 
-0.099532 0.033 0.033 0.1 -0.0033 0.0365 0.03 0.415627 0.572061 -0.572061 0.415629 
-0.0999208 0.033 0.033 0.1 0.0165 0.0365 0.05 0.415627 -0.572061 0.572061 0.415629 
-0.1043 0.033 0.033 0.1 -0.0033 -0.0365 0.05 -0.672499 0.218508 0.218508 0.672498 
-0.105142 0.033 0.033 0.1 -0.0099 -0.0033 0.07 6.12323e-17 1 -6.12323e-17 3.7494e-33 
-0.109442 0.033 0.033 0.1 -0.0033 0.0365 0.05 -4.32978e-17 0.707107 -0.707107 4.32978e-17 
-0.117032 0.033 0.033 0.1 0.0099 0.0365 0.05 0.415627 -0.572061 0.572061 0.415629 
-0.121763 0.033 0.033 0.1 -0.0365 0.0165 0.03 0.707107 -4.32978e-17 0.707107 -4.32978e-17 
-0.122143 0.033 0.033 0.1 -0.0365 0.0165 0.05 0.707107 -4.32978e-17 0.707107 -4.32978e-17 
-0.12523 0.033 0.033 0.1 0.0033 0.0365 0.05 0.415627 0.572061 -0.572061 0.415629 
-0.126927 0.033 0.033 0.1 -0.0365 0.0099 0.05 -0.218508 0.672498 -0.218508 0.672499 
-0.127303 0.033 0.033 0.1 -0.0099 -0.0033 0.07 0.951057 0.309017 1.89218e-17 5.82354e-17 
-0.128003 0.033 0.033 0.1 0.0033 0.0365 0.05 0.415627 -0.572061 0.572061 0.415629 
-0.132579 0.033 0.033 0.1 -0.0365 0.0099 0.03 0.707107 -4.32978e-17 0.707107 -4.32978e-17 
-0.132816 0.033 0.033 0.1 -0.0365 0.0099 0.05 0.707107 -4.32978e-17 0.707107 -4.32978e-17 
-0.142925 0.033 0.033 0.1 0.0033 -0.0165 0.07 -0.587785 0.809017 -4.9538e-17 -3.59915e-17 
-0.156906 0.033 0.033 0.1 -0.0365 0.0033 0.05 0.707107 -4.32978e-17 0.707107 -4.32978e-17 
-0.156953 0.033 0.033 0.1 -0.0365 0.0033 0.03 0.707107 -4.32978e-17 0.707107 -4.32978e-17 
-0.162547 0.033 0.033 0.1 -0.0099 0.0365 0.05 -4.32978e-17 0.707107 -0.707107 4.32978e-17 
-0.16961 0.033 0.033 0.1 -0.0099 -0.0365 0.05 -0.672499 0.218508 0.218508 0.672498 
-0.170375 0.033 0.033 0.1 0.0099 0.0365 0.05 0.415627 0.572061 -0.572061 0.415629 
-0.170675 0.033 0.033 0.1 -0.0165 -0.0099 0.07 0.951057 0.309017 1.89218e-17 5.82354e-17 
-0.171316 0.033 0.033 0.1 -0.0165 -0.0033 0.07 6.12323e-17 1 -6.12323e-17 3.7494e-33 
-0.18012 0.033 0.033 0.1 -0.0365 0.0165 0.05 -0.218508 0.672498 -0.218508 0.672499 
-0.199724 0.033 0.033 0.1 -0.0365 0.0033 0.05 -0.572061 0.415627 -0.572061 0.415629 
-0.206195 0.033 0.033 0.1 -0.0365 0.0099 0.05 -0.572061 0.415627 -0.572061 0.415629 
-0.211651 0.033 0.033 0.1 -0.0365 -0.0033 0.05 -0.572061 0.415627 -0.572061 0.415629 
-0.216255 0.033 0.033 0.1 -0.0165 0.0365 0.05 -4.32978e-17 0.707107 -0.707107 4.32978e-17 
-0.232705 0.033 0.033 0.1 -0.0365 0.0165 0.05 -0.572061 0.415627 -0.572061 0.415629 
-0.240165 0.033 0.033 0.1 -0.0365 -0.0099 0.05 -0.572061 0.415627 -0.572061 0.415629 
-0.257092 0.033 0.033 0.1 -0.0165 -0.0365 0.05 -0.672499 0.218508 0.218508 0.672498 
-0.28168 0.033 0.033 0.1 -0.0165 -0.0165 0.07 0.951057 0.309017 1.89218e-17 5.82354e-17 
-0.283286 0.033 0.033 0.1 -0.0365 -0.0165 0.05 -0.572061 0.415627 -0.572061 0.415629 
-0.294884 0.033 0.033 0.1 -0.0099 -0.0099 0.07 0.951057 0.309017 1.89218e-17 5.82354e-17 
-0.297506 0.033 0.033 0.1 -0.0099 0.0165 0.07 0.951057 -0.309017 -1.89218e-17 5.82354e-17 
-0.298509 0.033 0.033 0.1 0.0033 0.0165 0.07 -0.587785 0.809017 -4.9538e-17 -3.59915e-17 
-0.351138 0.033 0.033 0.1 -0.0099 0.0099 0.07 0.951057 -0.309017 -1.89218e-17 5.82354e-17 
-0.463707 0.033 0.033 0.1 -0.0099 0.0033 0.07 0.951057 -0.309017 -1.89218e-17 5.82354e-17 
-0.492009 0.033 0.033 0.1 -0.0099 -0.0165 0.07 0.951057 0.309017 1.89218e-17 5.82354e-17 
-0.979477 0.033 0.033 0.1 -0.0165 0.0165 0.07 0.951057 -0.309017 -1.89218e-17 5.82354e-17 
-1.02767 0.033 0.033 0.1 -0.0165 0.0099 0.07 0.951057 -0.309017 -1.89218e-17 5.82354e-17 
