0 0.08 0.065 0.06 -0.06 -0.0325 0.03 -0.218508 0.672498 -0.218508 0.672499
0 0.08 0.065 0.06 0.06 0.0325 0.03 -0.672498 -0.218508 0.672499 0.218508
0 0.08 0.065 0.06 -0.06 0.0325 -0.03 0.672499 0.218508 0.672498 0.218508
0 0.08 0.065 0.06 0.06 -0.0325 -0.03 0.218508 -0.672499 -0.218508 0.672498
0 0.08 0.065 0.06 -0.06 -0.026 0.03 -0.218508 0.672498 -0.218508 0.672499
0 0.08 0.065 0.06 0.06 0.026 0.03 -0.672498 -0.218508 0.672499 0.218508
0 0.08 0.065 0.06 -0.06 0.026 -0.03 0.672499 0.218508 0.672498 0.218508
0 0.08 0.065 0.06 0.06 -0.026 -0.03 0.218508 -0.672499 -0.218508 0.672498
0 0.08 0.065 0.06 -0.06 -0.0195 0.03 -0.218508 0.672498 -0.218508 0.672499
0 0.08 0.065 0.06 0.06 0.0195 0.03 -0.672498 -0.218508 0.672499 0.218508
0 0.08 0.065 0.06 -0.06 0.0195 -0.03 0.672499 0.218508 0.672498 0.218508
0 0.08 0.065 0.06 0.06 -0.0195 -0.03 0.218508 -0.672499 -0.218508 0.672498
0.0410473 0.08 0.065 0.06 -0.06 -0.013 0.03 -0.218508 0.672498 -0.218508 0.672499
0.0410473 0.08 0.065 0.06 0.06 0.013 0.03 -0.672498 -0.218508 0.672499 0.218508
0.0410473 0.08 0.065 0.06 -0.06 0.013 -0.03 0.672499 0.218508 0.672498 0.218508
0.0410473 0.08 0.065 0.06 0.06 -0.013 -0.03 0.218508 -0.672499 -0.218508 0.672498
0 0.08 0.065 0.06 -0.06 -0.0065 0.03 -0.218508 0.672498 -0.218508 0.672499
0 0.08 0.065 0.06 0.06 0.0065 0.03 -0.672498 -0.218508 0.672499 0.218508
0 0.08 0.065 0.06 -0.06 0.0065 -0.03 0.672499 0.218508 0.672498 0.218508
0 0.08 0.065 0.06 0.06 -0.0065 -0.03 0.218508 -0.672499 -0.218508 0.672498
0 0.08 0.065 0.06 0.06 -1.73472e-18 0.03 -0.672498 -0.218508 0.672499 0.218508
0 0.08 0.065 0.06 -0.06 -5.61316e-18 0.03 -0.218508 0.672498 -0.218508 0.672499
0 0.08 0.065 0.06 0.06 -1.93922e-18 -0.03 0.218508 -0.672499 -0.218508 0.672498
0 0.08 0.065 0.06 -0.06 -1.73472e-18 -0.03 0.672499 0.218508 0.672498 0.218508
0.0501531 0.08 0.065 0.06 -0.06 -1.73472e-18 0.03 -0.218508 0.672498 -0.218508 0.672499
0.0501531 0.08 0.065 0.06 0.06 9.0826e-18 0.03 -0.672498 -0.218508 0.672499 0.218508
0.0501531 0.08 0.065 0.06 -0.06 -1.93922e-18 -0.03 0.672499 0.218508 0.672498 0.218508
0.0501531 0.08 0.065 0.06 0.06 -1.73472e-18 -0.03 0.218508 -0.672499 -0.218508 0.672498
0 0.08 0.065 0.06 0.06 0.0065 0.03 -0.672498 -0.218508 0.672499 0.218508
0 0.08 0.065 0.06 -0.06 -0.0065 0.03 -0.218508 0.672498 -0.218508 0.672499
0 0.08 0.065 0.06 0.06 -0.0065 -0.03 0.218508 -0.672499 -0.218508 0.672498
0 0.08 0.065 0.06 -0.06 0.0065 -0.03 0.672499 0.218508 0.672498 0.218508
0.0307717 0.08 0.065 0.06 0.06 0.013 0.03 -0.672498 -0.218508 0.672499 0.218508
0.0307717 0.08 0.065 0.06 -0.06 -0.013 0.03 -0.218508 0.672498 -0.218508 0.672499
0.0307717 0.08 0.065 0.06 0.06 -0.013 -0.03 0.218508 -0.672499 -0.218508 0.672498
0.0307717 0.08 0.065 0.06 -0.06 0.013 -0.03 0.672499 0.218508 0.672498 0.218508
0 0.08 0.065 0.06 0.06 0.0195 0.03 -0.672498 -0.218508 0.672499 0.218508
0 0.08 0.065 0.06 -0.06 -0.0195 0.03 -0.218508 0.672498 -0.218508 0.672499
0 0.08 0.065 0.06 0.06 -0.0195 -0.03 0.218508 -0.672499 -0.218508 0.672498
0 0.08 0.065 0.06 -0.06 0.0195 -0.03 0.672499 0.218508 0.672498 0.218508
0 0.08 0.065 0.06 0.06 0.026 0.03 -0.672498 -0.218508 0.672499 0.218508
0 0.08 0.065 0.06 -0.06 -0.026 0.03 -0.218508 0.672498 -0.218508 0.672499
0 0.08 0.065 0.06 0.06 -0.026 -0.03 0.218508 -0.672499 -0.218508 0.672498
0 0.08 0.065 0.06 -0.06 0.026 -0.03 0.672499 0.218508 0.672498 0.218508
0 0.08 0.065 0.06 0.06 0.0325 0.03 -0.672498 -0.218508 0.672499 0.218508
0 0.08 0.065 0.06 -0.06 -0.0325 0.03 -0.218508 0.672498 -0.218508 0.672499
0 0.08 0.065 0.06 0.06 -0.0325 -0.03 0.218508 -0.672499 -0.218508 0.672498
0 0.08 0.065 0.06 -0.06 0.0325 -0.03 0.672499 0.218508 0.672498 0.218508
0 0.08 0.065 0.06 -0.04 -0.0325 0.05 6.12323e-17 1 -6.12323e-17 3.7494e-33
0 0.08 0.065 0.06 0.04 0.0325 0.05 1 3.99574e-23 -7.4988e-33 -6.12323e-17
0 0.08 0.065 0.06 -0.04 0.0325 -0.05 7.4988e-33 1.22465e-16 1 -6.12323e-17
0 0.08 0.065 0.06 0.04 -0.0325 -0.05 6.12323e-17 -6.12323e-17 6.12323e-17 1
0 0.08 0.065 0.06 -0.04 -0.0325 0.05 0.309017 0.951057 -5.82354e-17 1.89218e-17
0 0.08 0.065 0.06 0.04 0.0325 0.05 0.951057 -0.309017 -1.89218e-17 -5.82354e-17
0 0.08 0.065 0.06 -0.04 0.0325 -0.05 3.78436e-17 1.16471e-16 0.951057 -0.309017
0 0.08 0.065 0.06 0.04 -0.0325 -0.05 3.93136e-17 -7.71573e-17 0.309017 0.951057
0 0.08 0.065 0.06 -0.04 -0.0325 0.05 0.587785 0.809017 -4.9538e-17 3.59915e-17
0 0.08 0.065 0.06 0.04 0.0325 0.05 0.809017 -0.587785 -3.59915e-17 -4.9538e-17
0 0.08 0.065 0.06 -0.04 0.0325 -0.05 -7.19829e-17 -9.9076e-17 -0.809017 0.587785
0 0.08 0.065 0.06 0.04 -0.0325 -0.05 1.35465e-17 -8.55295e-17 0.587785 0.809017
0 0.08 0.065 0.06 -0.04 -0.026 0.05 6.12323e-17 1 -6.12323e-17 3.7494e-33
0 0.08 0.065 0.06 0.04 0.026 0.05 1 3.99574e-23 -7.4988e-33 -6.12323e-17
0 0.08 0.065 0.06 -0.04 0.026 -0.05 7.4988e-33 1.22465e-16 1 -6.12323e-17
0 0.08 0.065 0.06 0.04 -0.026 -0.05 6.12323e-17 -6.12323e-17 6.12323e-17 1
0 0.08 0.065 0.06 -0.04 -0.026 0.05 0.309017 0.951057 -5.82354e-17 1.89218e-17
0 0.08 0.065 0.06 0.04 0.026 0.05 0.951057 -0.309017 -1.89218e-17 -5.82354e-17
0 0.08 0.065 0.06 -0.04 0.026 -0.05 3.78436e-17 1.16471e-16 0.951057 -0.309017
0 0.08 0.065 0.06 0.04 -0.026 -0.05 3.93136e-17 -7.71573e-17 0.309017 0.951057
0 0.08 0.065 0.06 -0.04 -0.026 0.05 0.587785 0.809017 -4.9538e-17 3.59915e-17
0 0.08 0.065 0.06 0.04 0.026 0.05 0.809017 -0.587785 -3.59915e-17 -4.9538e-17
0 0.08 0.065 0.06 -0.04 0.026 -0.05 -7.19829e-17 -9.9076e-17 -0.809017 0.587785
0 0.08 0.065 0.06 0.04 -0.026 -0.05 1.35465e-17 -8.55295e-17 0.587785 0.809017
0 0.08 0.065 0.06 -0.04 -0.0195 0.05 6.12323e-17 1 -6.12323e-17 3.7494e-33
0 0.08 0.065 0.06 0.04 0.0195 0.05 1 3.99574e-23 -7.4988e-33 -6.12323e-17
0 0.08 0.065 0.06 -0.04 0.0195 -0.05 7.4988e-33 1.22465e-16 1 -6.12323e-17
0 0.08 0.065 0.06 0.04 -0.0195 -0.05 6.12323e-17 -6.12323e-17 6.12323e-17 1
-0.05026 0.08 0.065 0.06 -0.04 -0.0195 0.05 0.309017 0.951057 -5.82354e-17 1.89218e-17
-0.05026 0.08 0.065 0.06 0.04 0.0195 0.05 0.951057 -0.309017 -1.89218e-17 -5.82354e-17
-0.05026 0.08 0.065 0.06 -0.04 0.0195 -0.05 3.78436e-17 1.16471e-16 0.951057 -0.309017
-0.05026 0.08 0.065 0.06 0.04 -0.0195 -0.05 3.93136e-17 -7.71573e-17 0.309017 0.951057
0 0.08 0.065 0.06 -0.04 -0.0195 0.05 0.587785 0.809017 -4.9538e-17 3.59915e-17
0 0.08 0.065 0.06 0.04 0.0195 0.05 0.809017 -0.587785 -3.59915e-17 -4.9538e-17
0 0.08 0.065 0.06 -0.04 0.0195 -0.05 -7.19829e-17 -9.9076e-17 -0.809017 0.587785
0 0.08 0.065 0.06 0.04 -0.0195 -0.05 1.35465e-17 -8.55295e-17 0.587785 0.809017
0 0.08 0.065 0.06 -0.04 -0.0195 0.05 0.809017 0.587785 7.19829e-17 4.9538e-17
0 0.08 0.065 0.06 0.04 0.0195 0.05 -0.587785 0.809017 4.9538e-17 -7.19829e-17
0 0.08 0.065 0.06 -0.04 0.0195 -0.05 -9.9076e-17 3.59914e-17 -0.587785 0.809017
0 0.08 0.065 0.06 0.04 -0.0195 -0.05 -1.21521e-16 -8.55294e-17 0.809017 0.587785
0 0.08 0.065 0.06 -0.04 -0.013 0.05 0.309017 0.951057 -5.82354e-17 1.89218e-17
0 0.08 0.065 0.06 0.04 0.013 0.05 0.951057 -0.309017 -1.89218e-17 -5.82354e-17
0 0.08 0.065 0.06 -0.04 0.013 -0.05 3.78436e-17 1.16471e-16 0.951057 -0.309017
0 0.08 0.065 0.06 0.04 -0.013 -0.05 3.93136e-17 -7.71573e-17 0.309017 0.951057
0 0.08 0.065 0.06 -0.04 -0.013 0.05 0.587785 0.809017 -4.9538e-17 3.59915e-17
0 0.08 0.065 0.06 0.04 0.013 0.05 0.809017 -0.587785 -3.59915e-17 -4.9538e-17
0 0.08 0.065 0.06 -0.04 0.013 -0.05 -7.19829e-17 -9.9076e-17 -0.809017 0.587785
0 0.08 0.065 0.06 0.04 -0.013 -0.05 1.35465e-17 -8.55295e-17 0.587785 0.809017
0 0.08 0.065 0.06 -0.04 -0.013 0.05 0.809017 0.587785 7.19829e-17 4.9538e-17
0 0.08 0.065 0.06 0.04 0.013 0.05 -0.587785 0.809017 4.9538e-17 -7.19829e-17
0 0.08 0.065 0.06 -0.04 0.013 -0.05 -9.9076e-17 3.59914e-17 -0.587785 0.809017
0 0.08 0.065 0.06 0.04 -0.013 -0.05 -1.21521e-16 -8.55294e-17 0.809017 0.587785
0 0.08 0.065 0.06 -0.04 -0.0065 0.05 0.587785 0.809017 -4.9538e-17 3.59915e-17
0 0.08 0.065 0.06 0.04 0.0065 0.05 0.809017 -0.587785 -3.59915e-17 -4.9538e-17
0 0.08 0.065 0.06 -0.04 0.0065 -0.05 -7.19829e-17 -9.9076e-17 -0.809017 0.587785
0 0.08 0.065 0.06 0.04 -0.0065 -0.05 1.35465e-17 -8.55295e-17 0.587785 0.809017
0 0.08 0.065 0.06 -0.04 -0.0065 0.05 0.809017 0.587785 7.19829e-17 4.9538e-17
0 0.08 0.065 0.06 0.04 0.0065 0.05 -0.587785 0.809017 4.9538e-17 -7.19829e-17
0 0.08 0.065 0.06 -0.04 0.0065 -0.05 -9.9076e-17 3.59914e-17 -0.587785 0.809017
0 0.08 0.065 0.06 0.04 -0.0065 -0.05 -1.21521e-16 -8.55294e-17 0.809017 0.587785
0.112888 0.08 0.065 0.06 -0.04 -1.73472e-18 0.05 0.587785 0.809017 -4.9538e-17 3.59915e-17
0.112888 0.08 0.065 0.06 0.04 6.63331e-18 0.05 0.809017 -0.587785 -3.59915e-17 -4.9538e-17
0.112888 0.08 0.065 0.06 -0.04 -4.38851e-18 -0.05 -7.19829e-17 -9.9076e-17 -0.809017 0.587785
0.112888 0.08 0.065 0.06 0.04 -1.73472e-18 -0.05 1.35465e-17 -8.55295e-17 0.587785 0.809017
0 0.08 0.065 0.06 -0.04 -1.73472e-18 0.05 0.809017 0.587785 7.19829e-17 4.9538e-17
0 0.08 0.065 0.06 0.04 6.63331e-18 0.05 -0.587785 0.809017 4.9538e-17 -7.19829e-17
0 0.08 0.065 0.06 -0.04 -4.38851e-18 -0.05 -9.9076e-17 3.59914e-17 -0.587785 0.809017
0 0.08 0.065 0.06 0.04 -1.73472e-18 -0.05 -1.21521e-16 -8.55294e-17 0.809017 0.587785
0.035962 0.08 0.065 0.06 -0.04 -1.73472e-18 0.05 0.951057 0.309017 3.78436e-17 5.82354e-17
0.035962 0.08 0.065 0.06 0.04 6.63331e-18 0.05 -0.309017 0.951057 5.82354e-17 -3.78436e-17
0.035962 0.08 0.065 0.06 -0.04 -4.38851e-18 -0.05 -1.16471e-16 1.89218e-17 -0.309017 0.951057
0.035962 0.08 0.065 0.06 0.04 -1.73472e-18 -0.05 -9.60791e-17 -7.71572e-17 0.951057 0.309017
0 0.08 0.065 0.06 -0.04 0.0065 0.05 0.587785 0.809017 -4.9538e-17 3.59915e-17
0 0.08 0.065 0.06 0.04 -0.0065 0.05 0.809017 -0.587785 -3.59915e-17 -4.9538e-17
0 0.08 0.065 0.06 -0.04 -0.0065 -0.05 -7.19829e-17 -9.9076e-17 -0.809017 0.587785
0 0.08 0.065 0.06 0.04 0.0065 -0.05 1.35465e-17 -8.55295e-17 0.587785 0.809017
0.108188 0.08 0.065 0.06 -0.04 0.0065 0.05 0.809017 0.587785 7.19829e-17 4.9538e-17
0.108188 0.08 0.065 0.06 0.04 -0.0065 0.05 -0.587785 0.809017 4.9538e-17 -7.19829e-17
0.108188 0.08 0.065 0.06 -0.04 -0.0065 -0.05 -9.9076e-17 3.59914e-17 -0.587785 0.809017
0.108188 0.08 0.065 0.06 0.04 0.0065 -0.05 -1.21521e-16 -8.55294e-17 0.809017 0.587785
0.0368507 0.08 0.065 0.06 -0.04 0.0065 0.05 0.951057 0.309017 3.78436e-17 5.82354e-17
0.0368507 0.08 0.065 0.06 0.04 -0.0065 0.05 -0.309017 0.951057 5.82354e-17 -3.78436e-17
0.0368507 0.08 0.065 0.06 -0.04 -0.0065 -0.05 -1.16471e-16 1.89218e-17 -0.309017 0.951057
0.0368507 0.08 0.065 0.06 0.04 0.0065 -0.05 -9.60791e-17 -7.71572e-17 0.951057 0.309017
0.0301234 0.08 0.065 0.06 -0.04 0.013 0.05 0.587785 0.809017 -4.9538e-17 3.59915e-17
0.0301234 0.08 0.065 0.06 0.04 -0.013 0.05 0.809017 -0.587785 -3.59915e-17 -4.9538e-17
0.0301234 0.08 0.065 0.06 -0.04 -0.013 -0.05 -7.19829e-17 -9.9076e-17 -0.809017 0.587785
0.0301234 0.08 0.065 0.06 0.04 0.013 -0.05 1.35465e-17 -8.55295e-17 0.587785 0.809017
0 0.08 0.065 0.06 -0.04 0.013 0.05 0.809017 0.587785 7.19829e-17 4.9538e-17
0 0.08 0.065 0.06 0.04 -0.013 0.05 -0.587785 0.809017 4.9538e-17 -7.19829e-17
0 0.08 0.065 0.06 -0.04 -0.013 -0.05 -9.9076e-17 3.59914e-17 -0.587785 0.809017
0 0.08 0.065 0.06 0.04 0.013 -0.05 -1.21521e-16 -8.55294e-17 0.809017 0.587785
0.0720813 0.08 0.065 0.06 -0.04 0.013 0.05 0.951057 0.309017 3.78436e-17 5.82354e-17
0.0720813 0.08 0.065 0.06 0.04 -0.013 0.05 -0.309017 0.951057 5.82354e-17 -3.78436e-17
0.0720813 0.08 0.065 0.06 -0.04 -0.013 -0.05 -1.16471e-16 1.89218e-17 -0.309017 0.951057
0.0720813 0.08 0.065 0.06 0.04 0.013 -0.05 -9.60791e-17 -7.71572e-17 0.951057 0.309017
0 0.08 0.065 0.06 -0.04 0.0195 0.05 0.587785 0.809017 -4.9538e-17 3.59915e-17
0 0.08 0.065 0.06 0.04 -0.0195 0.05 0.809017 -0.587785 -3.59915e-17 -4.9538e-17
0 0.08 0.065 0.06 -0.04 -0.0195 -0.05 -7.19829e-17 -9.9076e-17 -0.809017 0.587785
0 0.08 0.065 0.06 0.04 0.0195 -0.05 1.35465e-17 -8.55295e-17 0.587785 0.809017
0 0.08 0.065 0.06 -0.04 0.0195 0.05 0.809017 0.587785 7.19829e-17 4.9538e-17
0 0.08 0.065 0.06 0.04 -0.0195 0.05 -0.587785 0.809017 4.9538e-17 -7.19829e-17
0 0.08 0.065 0.06 -0.04 -0.0195 -0.05 -9.9076e-17 3.59914e-17 -0.587785 0.809017
0 0.08 0.065 0.06 0.04 0.0195 -0.05 -1.21521e-16 -8.55294e-17 0.809017 0.587785
0 0.08 0.065 0.06 -0.04 0.0195 0.05 0.951057 0.309017 3.78436e-17 5.82354e-17
0 0.08 0.065 0.06 0.04 -0.0195 0.05 -0.309017 0.951057 5.82354e-17 -3.78436e-17
0 0.08 0.065 0.06 -0.04 -0.0195 -0.05 -1.16471e-16 1.89218e-17 -0.309017 0.951057
0 0.08 0.065 0.06 0.04 0.0195 -0.05 -9.60791e-17 -7.71572e-17 0.951057 0.309017
0 0.08 0.065 0.06 -0.04 0.026 0.05 0.587785 0.809017 -4.9538e-17 3.59915e-17
0 0.08 0.065 0.06 0.04 -0.026 0.05 0.809017 -0.587785 -3.59915e-17 -4.9538e-17
0 0.08 0.065 0.06 -0.04 -0.026 -0.05 -7.19829e-17 -9.9076e-17 -0.809017 0.587785
0 0.08 0.065 0.06 0.04 0.026 -0.05 1.35465e-17 -8.55295e-17 0.587785 0.809017
0 0.08 0.065 0.06 -0.04 0.026 0.05 0.809017 0.587785 7.19829e-17 4.9538e-17
0 0.08 0.065 0.06 0.04 -0.026 0.05 -0.587785 0.809017 4.9538e-17 -7.19829e-17
0 0.08 0.065 0.06 -0.04 -0.026 -0.05 -9.9076e-17 3.59914e-17 -0.587785 0.809017
0 0.08 0.065 0.06 0.04 0.026 -0.05 -1.21521e-16 -8.55294e-17 0.809017 0.587785
0 0.08 0.065 0.06 -0.04 0.026 0.05 0.951057 0.309017 3.78436e-17 5.82354e-17
0 0.08 0.065 0.06 0.04 -0.026 0.05 -0.309017 0.951057 5.82354e-17 -3.78436e-17
0 0.08 0.065 0.06 -0.04 -0.026 -0.05 -1.16471e-16 1.89218e-17 -0.309017 0.951057
0 0.08 0.065 0.06 0.04 0.026 -0.05 -9.60791e-17 -7.71572e-17 0.951057 0.309017
0 0.08 0.065 0.06 -0.04 0.026 0.05 1 0 0 6.12323e-17
0 0.08 0.065 0.06 0.04 -0.026 0.05 -6.12323e-17 1 6.12323e-17 -3.7494e-33
0 0.08 0.065 0.06 -0.04 -0.026 -0.05 -1.22465e-16 0 0 1
0 0.08 0.065 0.06 0.04 0.026 -0.05 -6.12323e-17 -6.12323e-17 1 -3.7494e-33
0 0.08 0.065 0.06 -0.04 0.0325 0.05 0.587785 0.809017 -4.9538e-17 3.59915e-17
0 0.08 0.065 0.06 0.04 -0.0325 0.05 0.809017 -0.587785 -3.59915e-17 -4.9538e-17
0 0.08 0.065 0.06 -0.04 -0.0325 -0.05 -7.19829e-17 -9.9076e-17 -0.809017 0.587785
0 0.08 0.065 0.06 0.04 0.0325 -0.05 1.35465e-17 -8.55295e-17 0.587785 0.809017
0 0.08 0.065 0.06 -0.04 0.0325 0.05 0.809017 0.587785 7.19829e-17 4.9538e-17
0 0.08 0.065 0.06 0.04 -0.0325 0.05 -0.587785 0.809017 4.9538e-17 -7.19829e-17
0 0.08 0.065 0.06 -0.04 -0.0325 -0.05 -9.9076e-17 3.59914e-17 -0.587785 0.809017
0 0.08 0.065 0.06 0.04 0.0325 -0.05 -1.21521e-16 -8.55294e-17 0.809017 0.587785
0 0.08 0.065 0.06 -0.04 0.0325 0.05 0.951057 0.309017 3.78436e-17 5.82354e-17
0 0.08 0.065 0.06 0.04 -0.0325 0.05 -0.309017 0.951057 5.82354e-17 -3.78436e-17
0 0.08 0.065 0.06 -0.04 -0.0325 -0.05 -1.16471e-16 1.89218e-17 -0.309017 0.951057
0 0.08 0.065 0.06 0.04 0.0325 -0.05 -9.60791e-17 -7.71572e-17 0.951057 0.309017
0 0.08 0.065 0.06 -0.04 0.0325 0.05 1 0 0 6.12323e-17
0 0.08 0.065 0.06 0.04 -0.0325 0.05 -6.12323e-17 1 6.12323e-17 -3.7494e-33
0 0.08 0.065 0.06 -0.04 -0.0325 -0.05 -1.22465e-16 0 0 1
0 0.08 0.065 0.06 0.04 0.0325 -0.05 -6.12323e-17 -6.12323e-17 1 -3.7494e-33
0 0.08 0.065 0.06 -0.032 -0.0325 0.05 6.12323e-17 1 -6.12323e-17 3.7494e-33
0 0.08 0.065 0.06 0.032 0.0325 0.05 1 3.99574e-23 -7.4988e-33 -6.12323e-17
0 0.08 0.065 0.06 -0.032 0.0325 -0.05 7.4988e-33 1.22465e-16 1 -6.12323e-17
0 0.08 0.065 0.06 0.032 -0.0325 -0.05 6.12323e-17 -6.12323e-17 6.12323e-17 1
0 0.08 0.065 0.06 -0.032 -0.0325 0.05 0.309017 0.951057 -5.82354e-17 1.89218e-17
0 0.08 0.065 0.06 0.032 0.0325 0.05 0.951057 -0.309017 -1.89218e-17 -5.82354e-17
0 0.08 0.065 0.06 -0.032 0.0325 -0.05 3.78436e-17 1.16471e-16 0.951057 -0.309017
0 0.08 0.065 0.06 0.032 -0.0325 -0.05 3.93136e-17 -7.71573e-17 0.309017 0.951057
0 0.08 0.065 0.06 -0.032 -0.0325 0.05 0.587785 0.809017 -4.9538e-17 3.59915e-17
0 0.08 0.065 0.06 0.032 0.0325 0.05 0.809017 -0.587785 -3.59915e-17 -4.9538e-17
0 0.08 0.065 0.06 -0.032 0.0325 -0.05 -7.19829e-17 -9.9076e-17 -0.809017 0.587785
0 0.08 0.065 0.06 0.032 -0.0325 -0.05 1.35465e-17 -8.55295e-17 0.587785 0.809017
0 0.08 0.065 0.06 -0.032 -0.026 0.05 6.12323e-17 1 -6.12323e-17 3.7494e-33
0 0.08 0.065 0.06 0.032 0.026 0.05 1 3.99574e-23 -7.4988e-33 -6.12323e-17
0 0.08 0.065 0.06 -0.032 0.026 -0.05 7.4988e-33 1.22465e-16 1 -6.12323e-17
0 0.08 0.065 0.06 0.032 -0.026 -0.05 6.12323e-17 -6.12323e-17 6.12323e-17 1
0 0.08 0.065 0.06 -0.032 -0.026 0.05 0.309017 0.951057 -5.82354e-17 1.89218e-17
0 0.08 0.065 0.06 0.032 0.026 0.05 0.951057 -0.309017 -1.89218e-17 -5.82354e-17
0 0.08 0.065 0.06 -0.032 0.026 -0.05 3.78436e-17 1.16471e-16 0.951057 -0.309017
0 0.08 0.065 0.06 0.032 -0.026 -0.05 3.93136e-17 -7.71573e-17 0.309017 0.951057
0.0585266 0.08 0.065 0.06 -0.032 -0.026 0.05 0.587785 0.809017 -4.9538e-17 3.59915e-17
0.0585266 0.08 0.065 0.06 0.032 0.026 0.05 0.809017 -0.587785 -3.59915e-17 -4.9538e-17
0.0585266 0.08 0.065 0.06 -0.032 0.026 -0.05 -7.19829e-17 -9.9076e-17 -0.809017 0.587785
0.0585266 0.08 0.065 0.06 0.032 -0.026 -0.05 1.35465e-17 -8.55295e-17 0.587785 0.809017
0 0.08 0.065 0.06 -0.032 -0.0195 0.05 6.12323e-17 1 -6.12323e-17 3.7494e-33
0 0.08 0.065 0.06 0.032 0.0195 0.05 1 3.99574e-23 -7.4988e-33 -6.12323e-17
0 0.08 0.065 0.06 -0.032 0.0195 -0.05 7.4988e-33 1.22465e-16 1 -6.12323e-17
0 0.08 0.065 0.06 0.032 -0.0195 -0.05 6.12323e-17 -6.12323e-17 6.12323e-17 1
0.239368 0.08 0.065 0.06 -0.032 -0.0195 0.05 0.309017 0.951057 -5.82354e-17 1.89218e-17
0.239368 0.08 0.065 0.06 0.032 0.0195 0.05 0.951057 -0.309017 -1.89218e-17 -5.82354e-17
0.239368 0.08 0.065 0.06 -0.032 0.0195 -0.05 3.78436e-17 1.16471e-16 0.951057 -0.309017
0.239368 0.08 0.065 0.06 0.032 -0.0195 -0.05 3.93136e-17 -7.71573e-17 0.309017 0.951057
0 0.08 0.065 0.06 -0.032 -0.0195 0.05 0.587785 0.809017 -4.9538e-17 3.59915e-17
0 0.08 0.065 0.06 0.032 0.0195 0.05 0.809017 -0.587785 -3.59915e-17 -4.9538e-17
0 0.08 0.065 0.06 -0.032 0.0195 -0.05 -7.19829e-17 -9.9076e-17 -0.809017 0.587785
0 0.08 0.065 0.06 0.032 -0.0195 -0.05 1.35465e-17 -8.55295e-17 0.587785 0.809017
0 0.08 0.065 0.06 -0.032 -0.013 0.05 0.587785 0.809017 -4.9538e-17 3.59915e-17
0 0.08 0.065 0.06 0.032 0.013 0.05 0.809017 -0.587785 -3.59915e-17 -4.9538e-17
0 0.08 0.065 0.06 -0.032 0.013 -0.05 -7.19829e-17 -9.9076e-17 -0.809017 0.587785
0 0.08 0.065 0.06 0.032 -0.013 -0.05 1.35465e-17 -8.55295e-17 0.587785 0.809017
0 0.08 0.065 0.06 -0.032 -0.0065 0.05 0.587785 0.809017 -4.9538e-17 3.59915e-17
0 0.08 0.065 0.06 0.032 0.0065 0.05 0.809017 -0.587785 -3.59915e-17 -4.9538e-17
0 0.08 0.065 0.06 -0.032 0.0065 -0.05 -7.19829e-17 -9.9076e-17 -0.809017 0.587785
0 0.08 0.065 0.06 0.032 -0.0065 -0.05 1.35465e-17 -8.55295e-17 0.587785 0.809017
0 0.08 0.065 0.06 -0.032 -0.0065 0.05 0.809017 0.587785 7.19829e-17 4.9538e-17
0 0.08 0.065 0.06 0.032 0.0065 0.05 -0.587785 0.809017 4.9538e-17 -7.19829e-17
0 0.08 0.065 0.06 -0.032 0.0065 -0.05 -9.9076e-17 3.59914e-17 -0.587785 0.809017
0 0.08 0.065 0.06 0.032 -0.0065 -0.05 -1.21521e-16 -8.55294e-17 0.809017 0.587785
0.139955 0.08 0.065 0.06 -0.032 -1.73472e-18 0.05 0.587785 0.809017 -4.9538e-17 3.59915e-17
0.139955 0.08 0.065 0.06 0.032 5.65359e-18 0.05 0.809017 -0.587785 -3.59915e-17 -4.9538e-17
0.139955 0.08 0.065 0.06 -0.032 -4.38851e-18 -0.05 -7.19829e-17 -9.9076e-17 -0.809017 0.587785
0.139955 0.08 0.065 0.06 0.032 -1.73472e-18 -0.05 1.35465e-17 -8.55295e-17 0.587785 0.809017
0 0.08 0.065 0.06 -0.032 -1.73472e-18 0.05 0.809017 0.587785 7.19829e-17 4.9538e-17
0 0.08 0.065 0.06 0.032 5.65359e-18 0.05 -0.587785 0.809017 4.9538e-17 -7.19829e-17
0 0.08 0.065 0.06 -0.032 -4.38851e-18 -0.05 -9.9076e-17 3.59914e-17 -0.587785 0.809017
0 0.08 0.065 0.06 0.032 -1.73472e-18 -0.05 -1.21521e-16 -8.55294e-17 0.809017 0.587785
0.0482407 0.08 0.065 0.06 -0.032 -1.73472e-18 0.05 0.951057 0.309017 3.78436e-17 5.82354e-17
0.0482407 0.08 0.065 0.06 0.032 5.65359e-18 0.05 -0.309017 0.951057 5.82354e-17 -3.78436e-17
0.0482407 0.08 0.065 0.06 -0.032 -4.38851e-18 -0.05 -1.16471e-16 1.89218e-17 -0.309017 0.951057
0.0482407 0.08 0.065 0.06 0.032 -1.73472e-18 -0.05 -9.60791e-17 -7.71572e-17 0.951057 0.309017
0.0724156 0.08 0.065 0.06 -0.032 0.0065 0.05 0.587785 0.809017 -4.9538e-17 3.59915e-17
0.0724156 0.08 0.065 0.06 0.032 -0.0065 0.05 0.809017 -0.587785 -3.59915e-17 -4.9538e-17
0.0724156 0.08 0.065 0.06 -0.032 -0.0065 -0.05 -7.19829e-17 -9.9076e-17 -0.809017 0.587785
0.0724156 0.08 0.065 0.06 0.032 0.0065 -0.05 1.35465e-17 -8.55295e-17 0.587785 0.809017
0.109951 0.08 0.065 0.06 -0.032 0.0065 0.05 0.809017 0.587785 7.19829e-17 4.9538e-17
0.109951 0.08 0.065 0.06 0.032 -0.0065 0.05 -0.587785 0.809017 4.9538e-17 -7.19829e-17
0.109951 0.08 0.065 0.06 -0.032 -0.0065 -0.05 -9.9076e-17 3.59914e-17 -0.587785 0.809017
0.109951 0.08 0.065 0.06 0.032 0.0065 -0.05 -1.21521e-16 -8.55294e-17 0.809017 0.587785
0.0595911 0.08 0.065 0.06 -0.032 0.0065 0.05 0.951057 0.309017 3.78436e-17 5.82354e-17
0.0595911 0.08 0.065 0.06 0.032 -0.0065 0.05 -0.309017 0.951057 5.82354e-17 -3.78436e-17
0.0595911 0.08 0.065 0.06 -0.032 -0.0065 -0.05 -1.16471e-16 1.89218e-17 -0.309017 0.951057
0.0595911 0.08 0.065 0.06 0.032 0.0065 -0.05 -9.60791e-17 -7.71572e-17 0.951057 0.309017
0 0.08 0.065 0.06 -0.032 0.013 0.05 0.587785 0.809017 -4.9538e-17 3.59915e-17
0 0.08 0.065 0.06 0.032 -0.013 0.05 0.809017 -0.587785 -3.59915e-17 -4.9538e-17
0 0.08 0.065 0.06 -0.032 -0.013 -0.05 -7.19829e-17 -9.9076e-17 -0.809017 0.587785
0 0.08 0.065 0.06 0.032 0.013 -0.05 1.35465e-17 -8.55295e-17 0.587785 0.809017
0 0.08 0.065 0.06 -0.032 0.013 0.05 0.809017 0.587785 7.19829e-17 4.9538e-17
0 0.08 0.065 0.06 0.032 -0.013 0.05 -0.587785 0.809017 4.9538e-17 -7.19829e-17
0 0.08 0.065 0.06 -0.032 -0.013 -0.05 -9.9076e-17 3.59914e-17 -0.587785 0.809017
0 0.08 0.065 0.06 0.032 0.013 -0.05 -1.21521e-16 -8.55294e-17 0.809017 0.587785
0 0.08 0.065 0.06 -0.032 0.013 0.05 0.951057 0.309017 3.78436e-17 5.82354e-17
0 0.08 0.065 0.06 0.032 -0.013 0.05 -0.309017 0.951057 5.82354e-17 -3.78436e-17
0 0.08 0.065 0.06 -0.032 -0.013 -0.05 -1.16471e-16 1.89218e-17 -0.309017 0.951057
0 0.08 0.065 0.06 0.032 0.013 -0.05 -9.60791e-17 -7.71572e-17 0.951057 0.309017
0 0.08 0.065 0.06 -0.032 0.0195 0.05 0.587785 0.809017 -4.9538e-17 3.59915e-17
0 0.08 0.065 0.06 0.032 -0.0195 0.05 0.809017 -0.587785 -3.59915e-17 -4.9538e-17
0 0.08 0.065 0.06 -0.032 -0.0195 -0.05 -7.19829e-17 -9.9076e-17 -0.809017 0.587785
0 0.08 0.065 0.06 0.032 0.0195 -0.05 1.35465e-17 -8.55295e-17 0.587785 0.809017
0 0.08 0.065 0.06 -0.032 0.0195 0.05 0.809017 0.587785 7.19829e-17 4.9538e-17
0 0.08 0.065 0.06 0.032 -0.0195 0.05 -0.587785 0.809017 4.9538e-17 -7.19829e-17
0 0.08 0.065 0.06 -0.032 -0.0195 -0.05 -9.9076e-17 3.59914e-17 -0.587785 0.809017
0 0.08 0.065 0.06 0.032 0.0195 -0.05 -1.21521e-16 -8.55294e-17 0.809017 0.587785
0 0.08 0.065 0.06 -0.032 0.0195 0.05 0.951057 0.309017 3.78436e-17 5.82354e-17
0 0.08 0.065 0.06 0.032 -0.0195 0.05 -0.309017 0.951057 5.82354e-17 -3.78436e-17
0 0.08 0.065 0.06 -0.032 -0.0195 -0.05 -1.16471e-16 1.89218e-17 -0.309017 0.951057
0 0.08 0.065 0.06 0.032 0.0195 -0.05 -9.60791e-17 -7.71572e-17 0.951057 0.309017
0 0.08 0.065 0.06 -0.032 0.026 0.05 0.587785 0.809017 -4.9538e-17 3.59915e-17
0 0.08 0.065 0.06 0.032 -0.026 0.05 0.809017 -0.587785 -3.59915e-17 -4.9538e-17
0 0.08 0.065 0.06 -0.032 -0.026 -0.05 -7.19829e-17 -9.9076e-17 -0.809017 0.587785
0 0.08 0.065 0.06 0.032 0.026 -0.05 1.35465e-17 -8.55295e-17 0.587785 0.809017
0 0.08 0.065 0.06 -0.032 0.026 0.05 0.809017 0.587785 7.19829e-17 4.9538e-17
0 0.08 0.065 0.06 0.032 -0.026 0.05 -0.587785 0.809017 4.9538e-17 -7.19829e-17
0 0.08 0.065 0.06 -0.032 -0.026 -0.05 -9.9076e-17 3.59914e-17 -0.587785 0.809017
0 0.08 0.065 0.06 0.032 0.026 -0.05 -1.21521e-16 -8.55294e-17 0.809017 0.587785
0 0.08 0.065 0.06 -0.032 0.026 0.05 0.951057 0.309017 3.78436e-17 5.82354e-17
0 0.08 0.065 0.06 0.032 -0.026 0.05 -0.309017 0.951057 5.82354e-17 -3.78436e-17
0 0.08 0.065 0.06 -0.032 -0.026 -0.05 -1.16471e-16 1.89218e-17 -0.309017 0.951057
0 0.08 0.065 0.06 0.032 0.026 -0.05 -9.60791e-17 -7.71572e-17 0.951057 0.309017
0 0.08 0.065 0.06 -0.032 0.026 0.05 1 0 0 6.12323e-17
0 0.08 0.065 0.06 0.032 -0.026 0.05 -6.12323e-17 1 6.12323e-17 -3.7494e-33
0 0.08 0.065 0.06 -0.032 -0.026 -0.05 -1.22465e-16 0 0 1
0 0.08 0.065 0.06 0.032 0.026 -0.05 -6.12323e-17 -6.12323e-17 1 -3.7494e-33
0 0.08 0.065 0.06 -0.032 0.0325 0.05 0.587785 0.809017 -4.9538e-17 3.59915e-17
0 0.08 0.065 0.06 0.032 -0.0325 0.05 0.809017 -0.587785 -3.59915e-17 -4.9538e-17
0 0.08 0.065 0.06 -0.032 -0.0325 -0.05 -7.19829e-17 -9.9076e-17 -0.809017 0.587785
0 0.08 0.065 0.06 0.032 0.0325 -0.05 1.35465e-17 -8.55295e-17 0.587785 0.809017
0.0742159 0.08 0.065 0.06 -0.032 0.0325 0.05 0.809017 0.587785 7.19829e-17 4.9538e-17
0.0742159 0.08 0.065 0.06 0.032 -0.0325 0.05 -0.587785 0.809017 4.9538e-17 -7.19829e-17
0.0742159 0.08 0.065 0.06 -0.032 -0.0325 -0.05 -9.9076e-17 3.59914e-17 -0.587785 0.809017
0.0742159 0.08 0.065 0.06 0.032 0.0325 -0.05 -1.21521e-16 -8.55294e-17 0.809017 0.587785
0 0.08 0.065 0.06 -0.032 0.0325 0.05 0.951057 0.309017 3.78436e-17 5.82354e-17
0 0.08 0.065 0.06 0.032 -0.0325 0.05 -0.309017 0.951057 5.82354e-17 -3.78436e-17
0 0.08 0.065 0.06 -0.032 -0.0325 -0.05 -1.16471e-16 1.89218e-17 -0.309017 0.951057
0 0.08 0.065 0.06 0.032 0.0325 -0.05 -9.60791e-17 -7.71572e-17 0.951057 0.309017
0 0.08 0.065 0.06 -0.032 0.0325 0.05 1 0 0 6.12323e-17
0 0.08 0.065 0.06 0.032 -0.0325 0.05 -6.12323e-17 1 6.12323e-17 -3.7494e-33
0 0.08 0.065 0.06 -0.032 -0.0325 -0.05 -1.22465e-16 0 0 1
0 0.08 0.065 0.06 0.032 0.0325 -0.05 -6.12323e-17 -6.12323e-17 1 -3.7494e-33
0.0714038 0.08 0.065 0.06 -0.024 -0.0325 0.05 6.12323e-17 1 -6.12323e-17 3.7494e-33
0.0714038 0.08 0.065 0.06 0.024 0.0325 0.05 1 3.99574e-23 -7.4988e-33 -6.12323e-17
0.0714038 0.08 0.065 0.06 -0.024 0.0325 -0.05 7.4988e-33 1.22465e-16 1 -6.12323e-17
0.0714038 0.08 0.065 0.06 0.024 -0.0325 -0.05 6.12323e-17 -6.12323e-17 6.12323e-17 1
0.0920414 0.08 0.065 0.06 -0.024 -0.0325 0.05 0.309017 0.951057 -5.82354e-17 1.89218e-17
0.0920414 0.08 0.065 0.06 0.024 0.0325 0.05 0.951057 -0.309017 -1.89218e-17 -5.82354e-17
0.0920414 0.08 0.065 0.06 -0.024 0.0325 -0.05 3.78436e-17 1.16471e-16 0.951057 -0.309017
0.0920414 0.08 0.065 0.06 0.024 -0.0325 -0.05 3.93136e-17 -7.71573e-17 0.309017 0.951057
0 0.08 0.065 0.06 -0.024 -0.0325 0.05 0.587785 0.809017 -4.9538e-17 3.59915e-17
0 0.08 0.065 0.06 0.024 0.0325 0.05 0.809017 -0.587785 -3.59915e-17 -4.9538e-17
0 0.08 0.065 0.06 -0.024 0.0325 -0.05 -7.19829e-17 -9.9076e-17 -0.809017 0.587785
0 0.08 0.065 0.06 0.024 -0.0325 -0.05 1.35465e-17 -8.55295e-17 0.587785 0.809017
-0.0402267 0.08 0.065 0.06 -0.024 -0.026 0.05 6.12323e-17 1 -6.12323e-17 3.7494e-33
-0.0402267 0.08 0.065 0.06 0.024 0.026 0.05 1 3.99574e-23 -7.4988e-33 -6.12323e-17
-0.0402267 0.08 0.065 0.06 -0.024 0.026 -0.05 7.4988e-33 1.22465e-16 1 -6.12323e-17
-0.0402267 0.08 0.065 0.06 0.024 -0.026 -0.05 6.12323e-17 -6.12323e-17 6.12323e-17 1
0.297061 0.08 0.065 0.06 -0.024 -0.026 0.05 0.309017 0.951057 -5.82354e-17 1.89218e-17
0.297061 0.08 0.065 0.06 0.024 0.026 0.05 0.951057 -0.309017 -1.89218e-17 -5.82354e-17
0.297061 0.08 0.065 0.06 -0.024 0.026 -0.05 3.78436e-17 1.16471e-16 0.951057 -0.309017
0.297061 0.08 0.065 0.06 0.024 -0.026 -0.05 3.93136e-17 -7.71573e-17 0.309017 0.951057
0 0.08 0.065 0.06 -0.024 -0.026 0.05 0.587785 0.809017 -4.9538e-17 3.59915e-17
0 0.08 0.065 0.06 0.024 0.026 0.05 0.809017 -0.587785 -3.59915e-17 -4.9538e-17
0 0.08 0.065 0.06 -0.024 0.026 -0.05 -7.19829e-17 -9.9076e-17 -0.809017 0.587785
0 0.08 0.065 0.06 0.024 -0.026 -0.05 1.35465e-17 -8.55295e-17 0.587785 0.809017
0 0.08 0.065 0.06 -0.024 -0.0195 0.05 6.12323e-17 1 -6.12323e-17 3.7494e-33
0 0.08 0.065 0.06 0.024 0.0195 0.05 1 3.99574e-23 -7.4988e-33 -6.12323e-17
0 0.08 0.065 0.06 -0.024 0.0195 -0.05 7.4988e-33 1.22465e-16 1 -6.12323e-17
0 0.08 0.065 0.06 0.024 -0.0195 -0.05 6.12323e-17 -6.12323e-17 6.12323e-17 1
0.0831573 0.08 0.065 0.06 -0.024 -0.0195 0.05 0.309017 0.951057 -5.82354e-17 1.89218e-17
0.0831573 0.08 0.065 0.06 0.024 0.0195 0.05 0.951057 -0.309017 -1.89218e-17 -5.82354e-17
0.0831573 0.08 0.065 0.06 -0.024 0.0195 -0.05 3.78436e-17 1.16471e-16 0.951057 -0.309017
0.0831573 0.08 0.065 0.06 0.024 -0.0195 -0.05 3.93136e-17 -7.71573e-17 0.309017 0.951057
0 0.08 0.065 0.06 -0.024 -0.0065 0.05 0.809017 0.587785 7.19829e-17 4.9538e-17
0 0.08 0.065 0.06 0.024 0.0065 0.05 -0.587785 0.809017 4.9538e-17 -7.19829e-17
0 0.08 0.065 0.06 -0.024 0.0065 -0.05 -9.9076e-17 3.59914e-17 -0.587785 0.809017
0 0.08 0.065 0.06 0.024 -0.0065 -0.05 -1.21521e-16 -8.55294e-17 0.809017 0.587785
0 0.08 0.065 0.06 -0.024 -1.73472e-18 0.05 0.809017 0.587785 7.19829e-17 4.9538e-17
0 0.08 0.065 0.06 0.024 4.67387e-18 0.05 -0.587785 0.809017 4.9538e-17 -7.19829e-17
0 0.08 0.065 0.06 -0.024 -4.38851e-18 -0.05 -9.9076e-17 3.59914e-17 -0.587785 0.809017
0 0.08 0.065 0.06 0.024 -1.73472e-18 -0.05 -1.21521e-16 -8.55294e-17 0.809017 0.587785
0.0325778 0.08 0.065 0.06 -0.024 0.0065 0.05 0.809017 0.587785 7.19829e-17 4.9538e-17
0.0325778 0.08 0.065 0.06 0.024 -0.0065 0.05 -0.587785 0.809017 4.9538e-17 -7.19829e-17
0.0325778 0.08 0.065 0.06 -0.024 -0.0065 -0.05 -9.9076e-17 3.59914e-17 -0.587785 0.809017
0.0325778 0.08 0.065 0.06 0.024 0.0065 -0.05 -1.21521e-16 -8.55294e-17 0.809017 0.587785
0.106347 0.08 0.065 0.06 -0.024 0.013 0.05 0.809017 0.587785 7.19829e-17 4.9538e-17
0.106347 0.08 0.065 0.06 0.024 -0.013 0.05 -0.587785 0.809017 4.9538e-17 -7.19829e-17
0.106347 0.08 0.065 0.06 -0.024 -0.013 -0.05 -9.9076e-17 3.59914e-17 -0.587785 0.809017
0.106347 0.08 0.065 0.06 0.024 0.013 -0.05 -1.21521e-16 -8.55294e-17 0.809017 0.587785
0.123522 0.08 0.065 0.06 -0.024 0.0195 0.05 0.809017 0.587785 7.19829e-17 4.9538e-17
0.123522 0.08 0.065 0.06 0.024 -0.0195 0.05 -0.587785 0.809017 4.9538e-17 -7.19829e-17
0.123522 0.08 0.065 0.06 -0.024 -0.0195 -0.05 -9.9076e-17 3.59914e-17 -0.587785 0.809017
0.123522 0.08 0.065 0.06 0.024 0.0195 -0.05 -1.21521e-16 -8.55294e-17 0.809017 0.587785
0 0.08 0.065 0.06 -0.024 0.026 0.05 0.809017 0.587785 7.19829e-17 4.9538e-17
0 0.08 0.065 0.06 0.024 -0.026 0.05 -0.587785 0.809017 4.9538e-17 -7.19829e-17
0 0.08 0.065 0.06 -0.024 -0.026 -0.05 -9.9076e-17 3.59914e-17 -0.587785 0.809017
0 0.08 0.065 0.06 0.024 0.026 -0.05 -1.21521e-16 -8.55294e-17 0.809017 0.587785
0.0196288 0.08 0.065 0.06 -0.024 0.026 0.05 0.951057 0.309017 3.78436e-17 5.82354e-17
0.0196288 0.08 0.065 0.06 0.024 -0.026 0.05 -0.309017 0.951057 5.82354e-17 -3.78436e-17
0.0196288 0.08 0.065 0.06 -0.024 -0.026 -0.05 -1.16471e-16 1.89218e-17 -0.309017 0.951057
0.0196288 0.08 0.065 0.06 0.024 0.026 -0.05 -9.60791e-17 -7.71572e-17 0.951057 0.309017
0 0.08 0.065 0.06 -0.024 0.026 0.05 1 0 0 6.12323e-17
0 0.08 0.065 0.06 0.024 -0.026 0.05 -6.12323e-17 1 6.12323e-17 -3.7494e-33
0 0.08 0.065 0.06 -0.024 -0.026 -0.05 -1.22465e-16 0 0 1
0 0.08 0.065 0.06 0.024 0.026 -0.05 -6.12323e-17 -6.12323e-17 1 -3.7494e-33
0 0.08 0.065 0.06 -0.024 0.0325 0.05 0.809017 0.587785 7.19829e-17 4.9538e-17
0 0.08 0.065 0.06 0.024 -0.0325 0.05 -0.587785 0.809017 4.9538e-17 -7.19829e-17
0 0.08 0.065 0.06 -0.024 -0.0325 -0.05 -9.9076e-17 3.59914e-17 -0.587785 0.809017
0 0.08 0.065 0.06 0.024 0.0325 -0.05 -1.21521e-16 -8.55294e-17 0.809017 0.587785
0 0.08 0.065 0.06 -0.024 0.0325 0.05 0.951057 0.309017 3.78436e-17 5.82354e-17
0 0.08 0.065 0.06 0.024 -0.0325 0.05 -0.309017 0.951057 5.82354e-17 -3.78436e-17
0 0.08 0.065 0.06 -0.024 -0.0325 -0.05 -1.16471e-16 1.89218e-17 -0.309017 0.951057
0 0.08 0.065 0.06 0.024 0.0325 -0.05 -9.60791e-17 -7.71572e-17 0.951057 0.309017
0 0.08 0.065 0.06 -0.024 0.0325 0.05 1 0 0 6.12323e-17
0 0.08 0.065 0.06 0.024 -0.0325 0.05 -6.12323e-17 1 6.12323e-17 -3.7494e-33
0 0.08 0.065 0.06 -0.024 -0.0325 -0.05 -1.22465e-16 0 0 1
0 0.08 0.065 0.06 0.024 0.0325 -0.05 -6.12323e-17 -6.12323e-17 1 -3.7494e-33
0.336521 0.08 0.065 0.06 -0.016 -0.0325 0.05 6.12323e-17 1 -6.12323e-17 3.7494e-33
0.336521 0.08 0.065 0.06 0.016 0.0325 0.05 1 3.99574e-23 -7.4988e-33 -6.12323e-17
0.336521 0.08 0.065 0.06 -0.016 0.0325 -0.05 7.4988e-33 1.22465e-16 1 -6.12323e-17
0.336521 0.08 0.065 0.06 0.016 -0.0325 -0.05 6.12323e-17 -6.12323e-17 6.12323e-17 1
0.159768 0.08 0.065 0.06 -0.016 -0.0325 0.05 0.309017 0.951057 -5.82354e-17 1.89218e-17
0.159768 0.08 0.065 0.06 0.016 0.0325 0.05 0.951057 -0.309017 -1.89218e-17 -5.82354e-17
0.159768 0.08 0.065 0.06 -0.016 0.0325 -0.05 3.78436e-17 1.16471e-16 0.951057 -0.309017
0.159768 0.08 0.065 0.06 0.016 -0.0325 -0.05 3.93136e-17 -7.71573e-17 0.309017 0.951057
0 0.08 0.065 0.06 -0.016 -0.0325 0.05 0.587785 0.809017 -4.9538e-17 3.59915e-17
0 0.08 0.065 0.06 0.016 0.0325 0.05 0.809017 -0.587785 -3.59915e-17 -4.9538e-17
0 0.08 0.065 0.06 -0.016 0.0325 -0.05 -7.19829e-17 -9.9076e-17 -0.809017 0.587785
0 0.08 0.065 0.06 0.016 -0.0325 -0.05 1.35465e-17 -8.55295e-17 0.587785 0.809017
-0.363871 0.08 0.065 0.06 -0.016 -0.026 0.05 6.12323e-17 1 -6.12323e-17 3.7494e-33
-0.363871 0.08 0.065 0.06 0.016 0.026 0.05 1 3.99574e-23 -7.4988e-33 -6.12323e-17
-0.363871 0.08 0.065 0.06 -0.016 0.026 -0.05 7.4988e-33 1.22465e-16 1 -6.12323e-17
-0.363871 0.08 0.065 0.06 0.016 -0.026 -0.05 6.12323e-17 -6.12323e-17 6.12323e-17 1
0.107422 0.08 0.065 0.06 -0.016 -0.026 0.05 0.309017 0.951057 -5.82354e-17 1.89218e-17
0.107422 0.08 0.065 0.06 0.016 0.026 0.05 0.951057 -0.309017 -1.89218e-17 -5.82354e-17
0.107422 0.08 0.065 0.06 -0.016 0.026 -0.05 3.78436e-17 1.16471e-16 0.951057 -0.309017
0.107422 0.08 0.065 0.06 0.016 -0.026 -0.05 3.93136e-17 -7.71573e-17 0.309017 0.951057
0.513693 0.08 0.065 0.06 -0.016 -0.0195 0.05 6.12323e-17 1 -6.12323e-17 3.7494e-33
0.513693 0.08 0.065 0.06 0.016 0.0195 0.05 1 3.99574e-23 -7.4988e-33 -6.12323e-17
0.513693 0.08 0.065 0.06 -0.016 0.0195 -0.05 7.4988e-33 1.22465e-16 1 -6.12323e-17
0.513693 0.08 0.065 0.06 0.016 -0.0195 -0.05 6.12323e-17 -6.12323e-17 6.12323e-17 1
0.160332 0.08 0.065 0.06 -0.016 -0.0195 0.05 0.309017 0.951057 -5.82354e-17 1.89218e-17
0.160332 0.08 0.065 0.06 0.016 0.0195 0.05 0.951057 -0.309017 -1.89218e-17 -5.82354e-17
0.160332 0.08 0.065 0.06 -0.016 0.0195 -0.05 3.78436e-17 1.16471e-16 0.951057 -0.309017
0.160332 0.08 0.065 0.06 0.016 -0.0195 -0.05 3.93136e-17 -7.71573e-17 0.309017 0.951057
-0.0674083 0.08 0.065 0.06 -0.016 0.0195 0.05 1 0 0 6.12323e-17
-0.0674083 0.08 0.065 0.06 0.016 -0.0195 0.05 -6.12323e-17 1 6.12323e-17 -3.7494e-33
-0.0674083 0.08 0.065 0.06 -0.016 -0.0195 -0.05 -1.22465e-16 0 0 1
-0.0674083 0.08 0.065 0.06 0.016 0.0195 -0.05 -6.12323e-17 -6.12323e-17 1 -3.7494e-33
0.282943 0.08 0.065 0.06 -0.016 0.026 0.05 0.951057 0.309017 3.78436e-17 5.82354e-17
0.282943 0.08 0.065 0.06 0.016 -0.026 0.05 -0.309017 0.951057 5.82354e-17 -3.78436e-17
0.282943 0.08 0.065 0.06 -0.016 -0.026 -0.05 -1.16471e-16 1.89218e-17 -0.309017 0.951057
0.282943 0.08 0.065 0.06 0.016 0.026 -0.05 -9.60791e-17 -7.71572e-17 0.951057 0.309017
0.187533 0.08 0.065 0.06 -0.016 0.026 0.05 1 0 0 6.12323e-17
0.187533 0.08 0.065 0.06 0.016 -0.026 0.05 -6.12323e-17 1 6.12323e-17 -3.7494e-33
0.187533 0.08 0.065 0.06 -0.016 -0.026 -0.05 -1.22465e-16 0 0 1
0.187533 0.08 0.065 0.06 0.016 0.026 -0.05 -6.12323e-17 -6.12323e-17 1 -3.7494e-33
0.04163 0.08 0.065 0.06 -0.016 0.0325 0.05 0.951057 0.309017 3.78436e-17 5.82354e-17
0.04163 0.08 0.065 0.06 0.016 -0.0325 0.05 -0.309017 0.951057 5.82354e-17 -3.78436e-17
0.04163 0.08 0.065 0.06 -0.016 -0.0325 -0.05 -1.16471e-16 1.89218e-17 -0.309017 0.951057
0.04163 0.08 0.065 0.06 0.016 0.0325 -0.05 -9.60791e-17 -7.71572e-17 0.951057 0.309017
0 0.08 0.065 0.06 -0.016 0.0325 0.05 1 0 0 6.12323e-17
0 0.08 0.065 0.06 0.016 -0.0325 0.05 -6.12323e-17 1 6.12323e-17 -3.7494e-33
0 0.08 0.065 0.06 -0.016 -0.0325 -0.05 -1.22465e-16 0 0 1
0 0.08 0.065 0.06 0.016 0.0325 -0.05 -6.12323e-17 -6.12323e-17 1 -3.7494e-33
0.177644 0.08 0.065 0.06 -0.008 -0.0325 0.05 6.12323e-17 1 -6.12323e-17 3.7494e-33
0.177644 0.08 0.065 0.06 0.008 0.0325 0.05 1 3.99574e-23 -7.4988e-33 -6.12323e-17
0.177644 0.08 0.065 0.06 -0.008 0.0325 -0.05 7.4988e-33 1.22465e-16 1 -6.12323e-17
0.177644 0.08 0.065 0.06 0.008 -0.0325 -0.05 6.12323e-17 -6.12323e-17 6.12323e-17 1
0.153822 0.08 0.065 0.06 -0.008 -0.0325 0.05 0.309017 0.951057 -5.82354e-17 1.89218e-17
0.153822 0.08 0.065 0.06 0.008 0.0325 0.05 0.951057 -0.309017 -1.89218e-17 -5.82354e-17
0.153822 0.08 0.065 0.06 -0.008 0.0325 -0.05 3.78436e-17 1.16471e-16 0.951057 -0.309017
0.153822 0.08 0.065 0.06 0.008 -0.0325 -0.05 3.93136e-17 -7.71573e-17 0.309017 0.951057
0 0.08 0.065 0.06 -0.008 -0.026 0.05 6.12323e-17 1 -6.12323e-17 3.7494e-33
0 0.08 0.065 0.06 0.008 0.026 0.05 1 3.99574e-23 -7.4988e-33 -6.12323e-17
0 0.08 0.065 0.06 -0.008 0.026 -0.05 7.4988e-33 1.22465e-16 1 -6.12323e-17
0 0.08 0.065 0.06 0.008 -0.026 -0.05 6.12323e-17 -6.12323e-17 6.12323e-17 1
-0.00595163 0.08 0.065 0.06 -0.008 -0.026 0.05 0.309017 0.951057 -5.82354e-17 1.89218e-17
-0.00595163 0.08 0.065 0.06 0.008 0.026 0.05 0.951057 -0.309017 -1.89218e-17 -5.82354e-17
-0.00595163 0.08 0.065 0.06 -0.008 0.026 -0.05 3.78436e-17 1.16471e-16 0.951057 -0.309017
-0.00595163 0.08 0.065 0.06 0.008 -0.026 -0.05 3.93136e-17 -7.71573e-17 0.309017 0.951057
-0.000574384 0.08 0.065 0.06 -0.008 -0.0195 0.05 6.12323e-17 1 -6.12323e-17 3.7494e-33
-0.000574384 0.08 0.065 0.06 0.008 0.0195 0.05 1 3.99574e-23 -7.4988e-33 -6.12323e-17
-0.000574384 0.08 0.065 0.06 -0.008 0.0195 -0.05 7.4988e-33 1.22465e-16 1 -6.12323e-17
-0.000574384 0.08 0.065 0.06 0.008 -0.0195 -0.05 6.12323e-17 -6.12323e-17 6.12323e-17 1
-0.0345729 0.08 0.065 0.06 -0.008 -0.0195 0.05 0.309017 0.951057 -5.82354e-17 1.89218e-17
-0.0345729 0.08 0.065 0.06 0.008 0.0195 0.05 0.951057 -0.309017 -1.89218e-17 -5.82354e-17
-0.0345729 0.08 0.065 0.06 -0.008 0.0195 -0.05 3.78436e-17 1.16471e-16 0.951057 -0.309017
-0.0345729 0.08 0.065 0.06 0.008 -0.0195 -0.05 3.93136e-17 -7.71573e-17 0.309017 0.951057
0.0239997 0.08 0.065 0.06 -0.008 0.0195 0.05 1 0 0 6.12323e-17
0.0239997 0.08 0.065 0.06 0.008 -0.0195 0.05 -6.12323e-17 1 6.12323e-17 -3.7494e-33
0.0239997 0.08 0.065 0.06 -0.008 -0.0195 -0.05 -1.22465e-16 0 0 1
0.0239997 0.08 0.065 0.06 0.008 0.0195 -0.05 -6.12323e-17 -6.12323e-17 1 -3.7494e-33
0 0.08 0.065 0.06 -0.008 0.026 0.05 1 0 0 6.12323e-17
0 0.08 0.065 0.06 0.008 -0.026 0.05 -6.12323e-17 1 6.12323e-17 -3.7494e-33
0 0.08 0.065 0.06 -0.008 -0.026 -0.05 -1.22465e-16 0 0 1
0 0.08 0.065 0.06 0.008 0.026 -0.05 -6.12323e-17 -6.12323e-17 1 -3.7494e-33
0.0936981 0.08 0.065 0.06 -0.008 0.0325 0.05 0.951057 0.309017 3.78436e-17 5.82354e-17
0.0936981 0.08 0.065 0.06 0.008 -0.0325 0.05 -0.309017 0.951057 5.82354e-17 -3.78436e-17
0.0936981 0.08 0.065 0.06 -0.008 -0.0325 -0.05 -1.16471e-16 1.89218e-17 -0.309017 0.951057
0.0936981 0.08 0.065 0.06 0.008 0.0325 -0.05 -9.60791e-17 -7.71572e-17 0.951057 0.309017
0.190729 0.08 0.065 0.06 -0.008 0.0325 0.05 1 0 0 6.12323e-17
0.190729 0.08 0.065 0.06 0.008 -0.0325 0.05 -6.12323e-17 1 6.12323e-17 -3.7494e-33
0.190729 0.08 0.065 0.06 -0.008 -0.0325 -0.05 -1.22465e-16 0 0 1
0.190729 0.08 0.065 0.06 0.008 0.0325 -0.05 -6.12323e-17 -6.12323e-17 1 -3.7494e-33
0.181708 0.08 0.065 0.06 0 -0.0325 0.05 6.12323e-17 1 -6.12323e-17 3.7494e-33
0.181708 0.08 0.065 0.06 -3.9801e-18 0.0325 0.05 1 3.99574e-23 -7.4988e-33 -6.12323e-17
0.181708 0.08 0.065 0.06 0 0.0325 -0.05 7.4988e-33 1.22465e-16 1 -6.12323e-17
0.181708 0.08 0.065 0.06 6.12323e-18 -0.0325 -0.05 6.12323e-17 -6.12323e-17 6.12323e-17 1
-0.00153467 0.08 0.065 0.06 0 -0.0325 0.05 0.309017 0.951057 -5.82354e-17 1.89218e-17
-0.00153467 0.08 0.065 0.06 -3.9801e-18 0.0325 0.05 0.951057 -0.309017 -1.89218e-17 -5.82354e-17
-0.00153467 0.08 0.065 0.06 0 0.0325 -0.05 3.78436e-17 1.16471e-16 0.951057 -0.309017
-0.00153467 0.08 0.065 0.06 6.12323e-18 -0.0325 -0.05 3.93136e-17 -7.71573e-17 0.309017 0.951057
0.249119 0.08 0.065 0.06 0 -0.026 0.05 6.12323e-17 1 -6.12323e-17 3.7494e-33
0.249119 0.08 0.065 0.06 -3.18408e-18 0.026 0.05 1 3.99574e-23 -7.4988e-33 -6.12323e-17
0.249119 0.08 0.065 0.06 0 0.026 -0.05 7.4988e-33 1.22465e-16 1 -6.12323e-17
0.249119 0.08 0.065 0.06 6.12323e-18 -0.026 -0.05 6.12323e-17 -6.12323e-17 6.12323e-17 1
-0.290248 0.08 0.065 0.06 0 -0.0195 0.05 6.12323e-17 1 -6.12323e-17 3.7494e-33
-0.290248 0.08 0.065 0.06 -2.38806e-18 0.0195 0.05 1 3.99574e-23 -7.4988e-33 -6.12323e-17
-0.290248 0.08 0.065 0.06 0 0.0195 -0.05 7.4988e-33 1.22465e-16 1 -6.12323e-17
-0.290248 0.08 0.065 0.06 6.12323e-18 -0.0195 -0.05 6.12323e-17 -6.12323e-17 6.12323e-17 1
0.0456694 0.08 0.065 0.06 0 0.0195 0.05 1 0 0 6.12323e-17
0.0456694 0.08 0.065 0.06 2.38806e-18 -0.0195 0.05 -6.12323e-17 1 6.12323e-17 -3.7494e-33
0.0456694 0.08 0.065 0.06 0 -0.0195 -0.05 -1.22465e-16 0 0 1
0.0456694 0.08 0.065 0.06 6.12323e-18 0.0195 -0.05 -6.12323e-17 -6.12323e-17 1 -3.7494e-33
0 0.08 0.065 0.06 0 0.026 0.05 1 0 0 6.12323e-17
0 0.08 0.065 0.06 3.18408e-18 -0.026 0.05 -6.12323e-17 1 6.12323e-17 -3.7494e-33
0 0.08 0.065 0.06 0 -0.026 -0.05 -1.22465e-16 0 0 1
0 0.08 0.065 0.06 6.12323e-18 0.026 -0.05 -6.12323e-17 -6.12323e-17 1 -3.7494e-33
0.193658 0.08 0.065 0.06 0 0.0325 0.05 0.951057 0.309017 3.78436e-17 5.82354e-17
0.193658 0.08 0.065 0.06 3.9801e-18 -0.0325 0.05 -0.309017 0.951057 5.82354e-17 -3.78436e-17
0.193658 0.08 0.065 0.06 0 -0.0325 -0.05 -1.16471e-16 1.89218e-17 -0.309017 0.951057
0.193658 0.08 0.065 0.06 6.12323e-18 0.0325 -0.05 -9.60791e-17 -7.71572e-17 0.951057 0.309017
0 0.08 0.065 0.06 0 0.0325 0.05 1 0 0 6.12323e-17
0 0.08 0.065 0.06 3.9801e-18 -0.0325 0.05 -6.12323e-17 1 6.12323e-17 -3.7494e-33
0 0.08 0.065 0.06 0 -0.0325 -0.05 -1.22465e-16 0 0 1
0 0.08 0.065 0.06 6.12323e-18 0.0325 -0.05 -6.12323e-17 -6.12323e-17 1 -3.7494e-33
0.0646184 0.08 0.065 0.06 0.008 -0.0325 0.05 6.12323e-17 1 -6.12323e-17 3.7494e-33
0.0646184 0.08 0.065 0.06 -0.008 0.0325 0.05 1 3.99574e-23 -7.4988e-33 -6.12323e-17
0.0646184 0.08 0.065 0.06 0.008 0.0325 -0.05 7.4988e-33 1.22465e-16 1 -6.12323e-17
0.0646184 0.08 0.065 0.06 -0.008 -0.0325 -0.05 6.12323e-17 -6.12323e-17 6.12323e-17 1
0.037566 0.08 0.065 0.06 0.008 -0.0325 0.05 -0.309017 0.951057 -5.82354e-17 -1.89218e-17
0.037566 0.08 0.065 0.06 -0.008 0.0325 0.05 0.951057 0.309017 1.89218e-17 -5.82354e-17
0.037566 0.08 0.065 0.06 0.008 0.0325 -0.05 -3.78436e-17 1.16471e-16 0.951057 0.309017
0.037566 0.08 0.065 0.06 -0.008 -0.0325 -0.05 7.71572e-17 -3.93136e-17 -0.309017 0.951057
0.0577726 0.08 0.065 0.06 0.008 -0.026 0.05 6.12323e-17 1 -6.12323e-17 3.7494e-33
0.0577726 0.08 0.065 0.06 -0.008 0.026 0.05 1 3.99574e-23 -7.4988e-33 -6.12323e-17
0.0577726 0.08 0.065 0.06 0.008 0.026 -0.05 7.4988e-33 1.22465e-16 1 -6.12323e-17
0.0577726 0.08 0.065 0.06 -0.008 -0.026 -0.05 6.12323e-17 -6.12323e-17 6.12323e-17 1
0.134793 0.08 0.065 0.06 0.008 -0.0195 0.05 6.12323e-17 1 -6.12323e-17 3.7494e-33
0.134793 0.08 0.065 0.06 -0.008 0.0195 0.05 1 3.99574e-23 -7.4988e-33 -6.12323e-17
0.134793 0.08 0.065 0.06 0.008 0.0195 -0.05 7.4988e-33 1.22465e-16 1 -6.12323e-17
0.134793 0.08 0.065 0.06 -0.008 -0.0195 -0.05 6.12323e-17 -6.12323e-17 6.12323e-17 1
0.133729 0.08 0.065 0.06 0.008 0.0195 0.05 1 0 0 6.12323e-17
0.133729 0.08 0.065 0.06 -0.008 -0.0195 0.05 -6.12323e-17 1 6.12323e-17 -3.7494e-33
0.133729 0.08 0.065 0.06 0.008 -0.0195 -0.05 -1.22465e-16 0 0 1
0.133729 0.08 0.065 0.06 -0.008 0.0195 -0.05 -6.12323e-17 -6.12323e-17 1 -3.7494e-33
0.232464 0.08 0.065 0.06 0.008 0.0195 0.05 0.951057 -0.309017 -3.78436e-17 5.82354e-17
0.232464 0.08 0.065 0.06 -0.008 -0.0195 0.05 0.309017 0.951057 5.82354e-17 3.78436e-17
0.232464 0.08 0.065 0.06 0.008 -0.0195 -0.05 -1.16471e-16 -1.89218e-17 0.309017 0.951057
0.232464 0.08 0.065 0.06 -0.008 0.0195 -0.05 -2.03919e-17 -3.93136e-17 0.951057 -0.309017
0.095184 0.08 0.065 0.06 0.008 0.026 0.05 1 0 0 6.12323e-17
0.095184 0.08 0.065 0.06 -0.008 -0.026 0.05 -6.12323e-17 1 6.12323e-17 -3.7494e-33
0.095184 0.08 0.065 0.06 0.008 -0.026 -0.05 -1.22465e-16 0 0 1
0.095184 0.08 0.065 0.06 -0.008 0.026 -0.05 -6.12323e-17 -6.12323e-17 1 -3.7494e-33
0.188147 0.08 0.065 0.06 0.008 0.026 0.05 0.951057 -0.309017 -3.78436e-17 5.82354e-17
0.188147 0.08 0.065 0.06 -0.008 -0.026 0.05 0.309017 0.951057 5.82354e-17 3.78436e-17
0.188147 0.08 0.065 0.06 0.008 -0.026 -0.05 -1.16471e-16 -1.89218e-17 0.309017 0.951057
0.188147 0.08 0.065 0.06 -0.008 0.026 -0.05 -2.03919e-17 -3.93136e-17 0.951057 -0.309017
0.00145043 0.08 0.065 0.06 0.008 0.0325 0.05 0.951057 0.309017 3.78436e-17 5.82354e-17
0.00145043 0.08 0.065 0.06 -0.008 -0.0325 0.05 -0.309017 0.951057 5.82354e-17 -3.78436e-17
0.00145043 0.08 0.065 0.06 0.008 -0.0325 -0.05 -1.16471e-16 1.89218e-17 -0.309017 0.951057
0.00145043 0.08 0.065 0.06 -0.008 0.0325 -0.05 -9.60791e-17 -7.71572e-17 0.951057 0.309017
0.291316 0.08 0.065 0.06 0.008 0.0325 0.05 1 0 0 6.12323e-17
0.291316 0.08 0.065 0.06 -0.008 -0.0325 0.05 -6.12323e-17 1 6.12323e-17 -3.7494e-33
0.291316 0.08 0.065 0.06 0.008 -0.0325 -0.05 -1.22465e-16 0 0 1
0.291316 0.08 0.065 0.06 -0.008 0.0325 -0.05 -6.12323e-17 -6.12323e-17 1 -3.7494e-33
0 0.08 0.065 0.06 0.016 -0.0325 0.05 6.12323e-17 1 -6.12323e-17 3.7494e-33
0 0.08 0.065 0.06 -0.016 0.0325 0.05 1 3.99574e-23 -7.4988e-33 -6.12323e-17
0 0.08 0.065 0.06 0.016 0.0325 -0.05 7.4988e-33 1.22465e-16 1 -6.12323e-17
0 0.08 0.065 0.06 -0.016 -0.0325 -0.05 6.12323e-17 -6.12323e-17 6.12323e-17 1
0.00625684 0.08 0.065 0.06 0.016 -0.0325 0.05 -0.309017 0.951057 -5.82354e-17 -1.89218e-17
0.00625684 0.08 0.065 0.06 -0.016 0.0325 0.05 0.951057 0.309017 1.89218e-17 -5.82354e-17
0.00625684 0.08 0.065 0.06 0.016 0.0325 -0.05 -3.78436e-17 1.16471e-16 0.951057 0.309017
0.00625684 0.08 0.065 0.06 -0.016 -0.0325 -0.05 7.71572e-17 -3.93136e-17 -0.309017 0.951057
0 0.08 0.065 0.06 0.016 -0.026 0.05 6.12323e-17 1 -6.12323e-17 3.7494e-33
0 0.08 0.065 0.06 -0.016 0.026 0.05 1 3.99574e-23 -7.4988e-33 -6.12323e-17
0 0.08 0.065 0.06 0.016 0.026 -0.05 7.4988e-33 1.22465e-16 1 -6.12323e-17
0 0.08 0.065 0.06 -0.016 -0.026 -0.05 6.12323e-17 -6.12323e-17 6.12323e-17 1
0.106397 0.08 0.065 0.06 0.016 -0.026 0.05 -0.309017 0.951057 -5.82354e-17 -1.89218e-17
0.106397 0.08 0.065 0.06 -0.016 0.026 0.05 0.951057 0.309017 1.89218e-17 -5.82354e-17
0.106397 0.08 0.065 0.06 0.016 0.026 -0.05 -3.78436e-17 1.16471e-16 0.951057 0.309017
0.106397 0.08 0.065 0.06 -0.016 -0.026 -0.05 7.71572e-17 -3.93136e-17 -0.309017 0.951057
0.317774 0.08 0.065 0.06 0.016 -0.0195 0.05 6.12323e-17 1 -6.12323e-17 3.7494e-33
0.317774 0.08 0.065 0.06 -0.016 0.0195 0.05 1 3.99574e-23 -7.4988e-33 -6.12323e-17
0.317774 0.08 0.065 0.06 0.016 0.0195 -0.05 7.4988e-33 1.22465e-16 1 -6.12323e-17
0.317774 0.08 0.065 0.06 -0.016 -0.0195 -0.05 6.12323e-17 -6.12323e-17 6.12323e-17 1
0.25579 0.08 0.065 0.06 0.016 0.0195 0.05 1 0 0 6.12323e-17
0.25579 0.08 0.065 0.06 -0.016 -0.0195 0.05 -6.12323e-17 1 6.12323e-17 -3.7494e-33
0.25579 0.08 0.065 0.06 0.016 -0.0195 -0.05 -1.22465e-16 0 0 1
0.25579 0.08 0.065 0.06 -0.016 0.0195 -0.05 -6.12323e-17 -6.12323e-17 1 -3.7494e-33
0.199794 0.08 0.065 0.06 0.016 0.0195 0.05 0.951057 -0.309017 -3.78436e-17 5.82354e-17
0.199794 0.08 0.065 0.06 -0.016 -0.0195 0.05 0.309017 0.951057 5.82354e-17 3.78436e-17
0.199794 0.08 0.065 0.06 0.016 -0.0195 -0.05 -1.16471e-16 -1.89218e-17 0.309017 0.951057
0.199794 0.08 0.065 0.06 -0.016 0.0195 -0.05 -2.03919e-17 -3.93136e-17 0.951057 -0.309017
-0.00156601 0.08 0.065 0.06 0.016 0.026 0.05 1 0 0 6.12323e-17
-0.00156601 0.08 0.065 0.06 -0.016 -0.026 0.05 -6.12323e-17 1 6.12323e-17 -3.7494e-33
-0.00156601 0.08 0.065 0.06 0.016 -0.026 -0.05 -1.22465e-16 0 0 1
-0.00156601 0.08 0.065 0.06 -0.016 0.026 -0.05 -6.12323e-17 -6.12323e-17 1 -3.7494e-33
0.0211136 0.08 0.065 0.06 0.016 0.026 0.05 0.951057 -0.309017 -3.78436e-17 5.82354e-17
0.0211136 0.08 0.065 0.06 -0.016 -0.026 0.05 0.309017 0.951057 5.82354e-17 3.78436e-17
0.0211136 0.08 0.065 0.06 0.016 -0.026 -0.05 -1.16471e-16 -1.89218e-17 0.309017 0.951057
0.0211136 0.08 0.065 0.06 -0.016 0.026 -0.05 -2.03919e-17 -3.93136e-17 0.951057 -0.309017
0 0.08 0.065 0.06 0.016 0.0325 0.05 0.951057 0.309017 3.78436e-17 5.82354e-17
0 0.08 0.065 0.06 -0.016 -0.0325 0.05 -0.309017 0.951057 5.82354e-17 -3.78436e-17
0 0.08 0.065 0.06 0.016 -0.0325 -0.05 -1.16471e-16 1.89218e-17 -0.309017 0.951057
0 0.08 0.065 0.06 -0.016 0.0325 -0.05 -9.60791e-17 -7.71572e-17 0.951057 0.309017
-0.056011 0.08 0.065 0.06 0.016 0.0325 0.05 1 0 0 6.12323e-17
-0.056011 0.08 0.065 0.06 -0.016 -0.0325 0.05 -6.12323e-17 1 6.12323e-17 -3.7494e-33
-0.056011 0.08 0.065 0.06 0.016 -0.0325 -0.05 -1.22465e-16 0 0 1
-0.056011 0.08 0.065 0.06 -0.016 0.0325 -0.05 -6.12323e-17 -6.12323e-17 1 -3.7494e-33
0 0.08 0.065 0.06 0.016 0.0325 0.05 0.809017 -0.587785 -7.19829e-17 4.9538e-17
0 0.08 0.065 0.06 -0.016 -0.0325 0.05 0.587785 0.809017 4.9538e-17 7.19829e-17
0 0.08 0.065 0.06 0.016 -0.0325 -0.05 -9.9076e-17 -3.59914e-17 0.587785 0.809017
0 0.08 0.065 0.06 -0.016 0.0325 -0.05 -2.24449e-17 1.35465e-17 -0.809017 0.587785
0 0.08 0.065 0.06 0.024 -0.0325 0.05 6.12323e-17 1 -6.12323e-17 3.7494e-33
0 0.08 0.065 0.06 -0.024 0.0325 0.05 1 3.99574e-23 -7.4988e-33 -6.12323e-17
0 0.08 0.065 0.06 0.024 0.0325 -0.05 7.4988e-33 1.22465e-16 1 -6.12323e-17
0 0.08 0.065 0.06 -0.024 -0.0325 -0.05 6.12323e-17 -6.12323e-17 6.12323e-17 1
-0.10301 0.08 0.065 0.06 0.024 -0.0325 0.05 -0.587785 0.809017 -4.9538e-17 -3.59915e-17
-0.10301 0.08 0.065 0.06 -0.024 0.0325 0.05 0.809017 0.587785 3.59915e-17 -4.9538e-17
-0.10301 0.08 0.065 0.06 0.024 0.0325 -0.05 -7.19829e-17 9.9076e-17 0.809017 0.587785
-0.10301 0.08 0.065 0.06 -0.024 -0.0325 -0.05 8.55294e-17 -1.35465e-17 -0.587785 0.809017
-0.00567476 0.08 0.065 0.06 0.024 -0.0325 0.05 -0.309017 0.951057 -5.82354e-17 -1.89218e-17
-0.00567476 0.08 0.065 0.06 -0.024 0.0325 0.05 0.951057 0.309017 1.89218e-17 -5.82354e-17
-0.00567476 0.08 0.065 0.06 0.024 0.0325 -0.05 -3.78436e-17 1.16471e-16 0.951057 0.309017
-0.00567476 0.08 0.065 0.06 -0.024 -0.0325 -0.05 7.71572e-17 -3.93136e-17 -0.309017 0.951057
0 0.08 0.065 0.06 0.024 -0.026 0.05 6.12323e-17 1 -6.12323e-17 3.7494e-33
0 0.08 0.065 0.06 -0.024 0.026 0.05 1 3.99574e-23 -7.4988e-33 -6.12323e-17
0 0.08 0.065 0.06 0.024 0.026 -0.05 7.4988e-33 1.22465e-16 1 -6.12323e-17
0 0.08 0.065 0.06 -0.024 -0.026 -0.05 6.12323e-17 -6.12323e-17 6.12323e-17 1
-0.0101338 0.08 0.065 0.06 0.024 -0.026 0.05 -0.587785 0.809017 -4.9538e-17 -3.59915e-17
-0.0101338 0.08 0.065 0.06 -0.024 0.026 0.05 0.809017 0.587785 3.59915e-17 -4.9538e-17
-0.0101338 0.08 0.065 0.06 0.024 0.026 -0.05 -7.19829e-17 9.9076e-17 0.809017 0.587785
-0.0101338 0.08 0.065 0.06 -0.024 -0.026 -0.05 8.55294e-17 -1.35465e-17 -0.587785 0.809017
0.383656 0.08 0.065 0.06 0.024 -0.026 0.05 -0.309017 0.951057 -5.82354e-17 -1.89218e-17
0.383656 0.08 0.065 0.06 -0.024 0.026 0.05 0.951057 0.309017 1.89218e-17 -5.82354e-17
0.383656 0.08 0.065 0.06 0.024 0.026 -0.05 -3.78436e-17 1.16471e-16 0.951057 0.309017
0.383656 0.08 0.065 0.06 -0.024 -0.026 -0.05 7.71572e-17 -3.93136e-17 -0.309017 0.951057
-0.0141668 0.08 0.065 0.06 0.024 -0.0195 0.05 -0.587785 0.809017 -4.9538e-17 -3.59915e-17
-0.0141668 0.08 0.065 0.06 -0.024 0.0195 0.05 0.809017 0.587785 3.59915e-17 -4.9538e-17
-0.0141668 0.08 0.065 0.06 0.024 0.0195 -0.05 -7.19829e-17 9.9076e-17 0.809017 0.587785
-0.0141668 0.08 0.065 0.06 -0.024 -0.0195 -0.05 8.55294e-17 -1.35465e-17 -0.587785 0.809017
0.0495113 0.08 0.065 0.06 0.024 -0.013 0.05 -0.587785 0.809017 -4.9538e-17 -3.59915e-17
0.0495113 0.08 0.065 0.06 -0.024 0.013 0.05 0.809017 0.587785 3.59915e-17 -4.9538e-17
0.0495113 0.08 0.065 0.06 0.024 0.013 -0.05 -7.19829e-17 9.9076e-17 0.809017 0.587785
0.0495113 0.08 0.065 0.06 -0.024 -0.013 -0.05 8.55294e-17 -1.35465e-17 -0.587785 0.809017
-0.120344 0.08 0.065 0.06 0.024 -0.0065 0.05 -0.587785 0.809017 -4.9538e-17 -3.59915e-17
-0.120344 0.08 0.065 0.06 -0.024 0.0065 0.05 0.809017 0.587785 3.59915e-17 -4.9538e-17
-0.120344 0.08 0.065 0.06 0.024 0.0065 -0.05 -7.19829e-17 9.9076e-17 0.809017 0.587785
-0.120344 0.08 0.065 0.06 -0.024 -0.0065 -0.05 8.55294e-17 -1.35465e-17 -0.587785 0.809017
0 0.08 0.065 0.06 0.024 -1.73472e-18 0.05 -0.587785 0.809017 -4.9538e-17 -3.59915e-17
0 0.08 0.065 0.06 -0.024 -1.20443e-18 0.05 0.809017 0.587785 3.59915e-17 -4.9538e-17
0 0.08 0.065 0.06 0.024 -4.38851e-18 -0.05 -7.19829e-17 9.9076e-17 0.809017 0.587785
0 0.08 0.065 0.06 -0.024 -1.73472e-18 -0.05 8.55294e-17 -1.35465e-17 -0.587785 0.809017
0 0.08 0.065 0.06 0.024 0.0065 0.05 -0.587785 0.809017 -4.9538e-17 -3.59915e-17
0 0.08 0.065 0.06 -0.024 -0.0065 0.05 0.809017 0.587785 3.59915e-17 -4.9538e-17
0 0.08 0.065 0.06 0.024 -0.0065 -0.05 -7.19829e-17 9.9076e-17 0.809017 0.587785
0 0.08 0.065 0.06 -0.024 0.0065 -0.05 8.55294e-17 -1.35465e-17 -0.587785 0.809017
0 0.08 0.065 0.06 0.024 0.0195 0.05 1 0 0 6.12323e-17
0 0.08 0.065 0.06 -0.024 -0.0195 0.05 -6.12323e-17 1 6.12323e-17 -3.7494e-33
0 0.08 0.065 0.06 0.024 -0.0195 -0.05 -1.22465e-16 0 0 1
0 0.08 0.065 0.06 -0.024 0.0195 -0.05 -6.12323e-17 -6.12323e-17 1 -3.7494e-33
0.221959 0.08 0.065 0.06 0.024 0.0195 0.05 0.951057 -0.309017 -3.78436e-17 5.82354e-17
0.221959 0.08 0.065 0.06 -0.024 -0.0195 0.05 0.309017 0.951057 5.82354e-17 3.78436e-17
0.221959 0.08 0.065 0.06 0.024 -0.0195 -0.05 -1.16471e-16 -1.89218e-17 0.309017 0.951057
0.221959 0.08 0.065 0.06 -0.024 0.0195 -0.05 -2.03919e-17 -3.93136e-17 0.951057 -0.309017
-0.471548 0.08 0.065 0.06 0.024 0.026 0.05 1 0 0 6.12323e-17
-0.471548 0.08 0.065 0.06 -0.024 -0.026 0.05 -6.12323e-17 1 6.12323e-17 -3.7494e-33
-0.471548 0.08 0.065 0.06 0.024 -0.026 -0.05 -1.22465e-16 0 0 1
-0.471548 0.08 0.065 0.06 -0.024 0.026 -0.05 -6.12323e-17 -6.12323e-17 1 -3.7494e-33
0.0271557 0.08 0.065 0.06 0.024 0.026 0.05 0.951057 -0.309017 -3.78436e-17 5.82354e-17
0.0271557 0.08 0.065 0.06 -0.024 -0.026 0.05 0.309017 0.951057 5.82354e-17 3.78436e-17
0.0271557 0.08 0.065 0.06 0.024 -0.026 -0.05 -1.16471e-16 -1.89218e-17 0.309017 0.951057
0.0271557 0.08 0.065 0.06 -0.024 0.026 -0.05 -2.03919e-17 -3.93136e-17 0.951057 -0.309017
0 0.08 0.065 0.06 0.024 0.026 0.05 0.809017 -0.587785 -7.19829e-17 4.9538e-17
0 0.08 0.065 0.06 -0.024 -0.026 0.05 0.587785 0.809017 4.9538e-17 7.19829e-17
0 0.08 0.065 0.06 0.024 -0.026 -0.05 -9.9076e-17 -3.59914e-17 0.587785 0.809017
0 0.08 0.065 0.06 -0.024 0.026 -0.05 -2.24449e-17 1.35465e-17 -0.809017 0.587785
0 0.08 0.065 0.06 0.024 0.0325 0.05 0.951057 0.309017 3.78436e-17 5.82354e-17
0 0.08 0.065 0.06 -0.024 -0.0325 0.05 -0.309017 0.951057 5.82354e-17 -3.78436e-17
0 0.08 0.065 0.06 0.024 -0.0325 -0.05 -1.16471e-16 1.89218e-17 -0.309017 0.951057
0 0.08 0.065 0.06 -0.024 0.0325 -0.05 -9.60791e-17 -7.71572e-17 0.951057 0.309017
0.153213 0.08 0.065 0.06 0.024 0.0325 0.05 1 0 0 6.12323e-17
0.153213 0.08 0.065 0.06 -0.024 -0.0325 0.05 -6.12323e-17 1 6.12323e-17 -3.7494e-33
0.153213 0.08 0.065 0.06 0.024 -0.0325 -0.05 -1.22465e-16 0 0 1
0.153213 0.08 0.065 0.06 -0.024 0.0325 -0.05 -6.12323e-17 -6.12323e-17 1 -3.7494e-33
0 0.08 0.065 0.06 0.024 0.0325 0.05 0.809017 -0.587785 -7.19829e-17 4.9538e-17
0 0.08 0.065 0.06 -0.024 -0.0325 0.05 0.587785 0.809017 4.9538e-17 7.19829e-17
0 0.08 0.065 0.06 0.024 -0.0325 -0.05 -9.9076e-17 -3.59914e-17 0.587785 0.809017
0 0.08 0.065 0.06 -0.024 0.0325 -0.05 -2.24449e-17 1.35465e-17 -0.809017 0.587785
0 0.08 0.065 0.06 0.032 -0.0325 0.05 6.12323e-17 1 -6.12323e-17 3.7494e-33
0 0.08 0.065 0.06 -0.032 0.0325 0.05 1 3.99574e-23 -7.4988e-33 -6.12323e-17
0 0.08 0.065 0.06 0.032 0.0325 -0.05 7.4988e-33 1.22465e-16 1 -6.12323e-17
0 0.08 0.065 0.06 -0.032 -0.0325 -0.05 6.12323e-17 -6.12323e-17 6.12323e-17 1
0 0.08 0.065 0.06 0.032 -0.0325 0.05 0.809017 -0.587785 -7.19829e-17 4.9538e-17
0 0.08 0.065 0.06 -0.032 0.0325 0.05 0.587785 0.809017 4.9538e-17 7.19829e-17
0 0.08 0.065 0.06 0.032 0.0325 -0.05 -9.9076e-17 -3.59914e-17 0.587785 0.809017
0 0.08 0.065 0.06 -0.032 -0.0325 -0.05 -2.24449e-17 1.35465e-17 -0.809017 0.587785
0 0.08 0.065 0.06 0.032 -0.0325 0.05 -0.587785 0.809017 -4.9538e-17 -3.59915e-17
0 0.08 0.065 0.06 -0.032 0.0325 0.05 0.809017 0.587785 3.59915e-17 -4.9538e-17
0 0.08 0.065 0.06 0.032 0.0325 -0.05 -7.19829e-17 9.9076e-17 0.809017 0.587785
0 0.08 0.065 0.06 -0.032 -0.0325 -0.05 8.55294e-17 -1.35465e-17 -0.587785 0.809017
0 0.08 0.065 0.06 0.032 -0.0325 0.05 -0.309017 0.951057 -5.82354e-17 -1.89218e-17
0 0.08 0.065 0.06 -0.032 0.0325 0.05 0.951057 0.309017 1.89218e-17 -5.82354e-17
0 0.08 0.065 0.06 0.032 0.0325 -0.05 -3.78436e-17 1.16471e-16 0.951057 0.309017
0 0.08 0.065 0.06 -0.032 -0.0325 -0.05 7.71572e-17 -3.93136e-17 -0.309017 0.951057
0 0.08 0.065 0.06 0.032 -0.026 0.05 6.12323e-17 1 -6.12323e-17 3.7494e-33
0 0.08 0.065 0.06 -0.032 0.026 0.05 1 3.99574e-23 -7.4988e-33 -6.12323e-17
0 0.08 0.065 0.06 0.032 0.026 -0.05 7.4988e-33 1.22465e-16 1 -6.12323e-17
0 0.08 0.065 0.06 -0.032 -0.026 -0.05 6.12323e-17 -6.12323e-17 6.12323e-17 1
0 0.08 0.065 0.06 0.032 -0.026 0.05 0.809017 -0.587785 -7.19829e-17 4.9538e-17
0 0.08 0.065 0.06 -0.032 0.026 0.05 0.587785 0.809017 4.9538e-17 7.19829e-17
0 0.08 0.065 0.06 0.032 0.026 -0.05 -9.9076e-17 -3.59914e-17 0.587785 0.809017
0 0.08 0.065 0.06 -0.032 -0.026 -0.05 -2.24449e-17 1.35465e-17 -0.809017 0.587785
0 0.08 0.065 0.06 0.032 -0.026 0.05 -0.587785 0.809017 -4.9538e-17 -3.59915e-17
0 0.08 0.065 0.06 -0.032 0.026 0.05 0.809017 0.587785 3.59915e-17 -4.9538e-17
0 0.08 0.065 0.06 0.032 0.026 -0.05 -7.19829e-17 9.9076e-17 0.809017 0.587785
0 0.08 0.065 0.06 -0.032 -0.026 -0.05 8.55294e-17 -1.35465e-17 -0.587785 0.809017
0 0.08 0.065 0.06 0.032 -0.026 0.05 -0.309017 0.951057 -5.82354e-17 -1.89218e-17
0 0.08 0.065 0.06 -0.032 0.026 0.05 0.951057 0.309017 1.89218e-17 -5.82354e-17
0 0.08 0.065 0.06 0.032 0.026 -0.05 -3.78436e-17 1.16471e-16 0.951057 0.309017
0 0.08 0.065 0.06 -0.032 -0.026 -0.05 7.71572e-17 -3.93136e-17 -0.309017 0.951057
0 0.08 0.065 0.06 0.032 -0.0195 0.05 0.809017 -0.587785 -7.19829e-17 4.9538e-17
0 0.08 0.065 0.06 -0.032 0.0195 0.05 0.587785 0.809017 4.9538e-17 7.19829e-17
0 0.08 0.065 0.06 0.032 0.0195 -0.05 -9.9076e-17 -3.59914e-17 0.587785 0.809017
0 0.08 0.065 0.06 -0.032 -0.0195 -0.05 -2.24449e-17 1.35465e-17 -0.809017 0.587785
0 0.08 0.065 0.06 0.032 -0.0195 0.05 -0.587785 0.809017 -4.9538e-17 -3.59915e-17
0 0.08 0.065 0.06 -0.032 0.0195 0.05 0.809017 0.587785 3.59915e-17 -4.9538e-17
0 0.08 0.065 0.06 0.032 0.0195 -0.05 -7.19829e-17 9.9076e-17 0.809017 0.587785
0 0.08 0.065 0.06 -0.032 -0.0195 -0.05 8.55294e-17 -1.35465e-17 -0.587785 0.809017
0.0245025 0.08 0.065 0.06 0.032 -0.0195 0.05 -0.309017 0.951057 -5.82354e-17 -1.89218e-17
0.0245025 0.08 0.065 0.06 -0.032 0.0195 0.05 0.951057 0.309017 1.89218e-17 -5.82354e-17
0.0245025 0.08 0.065 0.06 0.032 0.0195 -0.05 -3.78436e-17 1.16471e-16 0.951057 0.309017
0.0245025 0.08 0.065 0.06 -0.032 -0.0195 -0.05 7.71572e-17 -3.93136e-17 -0.309017 0.951057
0.347472 0.08 0.065 0.06 0.032 -0.013 0.05 0.809017 -0.587785 -7.19829e-17 4.9538e-17
0.347472 0.08 0.065 0.06 -0.032 0.013 0.05 0.587785 0.809017 4.9538e-17 7.19829e-17
0.347472 0.08 0.065 0.06 0.032 0.013 -0.05 -9.9076e-17 -3.59914e-17 0.587785 0.809017
0.347472 0.08 0.065 0.06 -0.032 -0.013 -0.05 -2.24449e-17 1.35465e-17 -0.809017 0.587785
0 0.08 0.065 0.06 0.032 -0.013 0.05 -0.587785 0.809017 -4.9538e-17 -3.59915e-17
0 0.08 0.065 0.06 -0.032 0.013 0.05 0.809017 0.587785 3.59915e-17 -4.9538e-17
0 0.08 0.065 0.06 0.032 0.013 -0.05 -7.19829e-17 9.9076e-17 0.809017 0.587785
0 0.08 0.065 0.06 -0.032 -0.013 -0.05 8.55294e-17 -1.35465e-17 -0.587785 0.809017
0.119081 0.08 0.065 0.06 0.032 -0.013 0.05 -0.309017 0.951057 -5.82354e-17 -1.89218e-17
0.119081 0.08 0.065 0.06 -0.032 0.013 0.05 0.951057 0.309017 1.89218e-17 -5.82354e-17
0.119081 0.08 0.065 0.06 0.032 0.013 -0.05 -3.78436e-17 1.16471e-16 0.951057 0.309017
0.119081 0.08 0.065 0.06 -0.032 -0.013 -0.05 7.71572e-17 -3.93136e-17 -0.309017 0.951057
0 0.08 0.065 0.06 0.032 -0.0065 0.05 0.809017 -0.587785 -7.19829e-17 4.9538e-17
0 0.08 0.065 0.06 -0.032 0.0065 0.05 0.587785 0.809017 4.9538e-17 7.19829e-17
0 0.08 0.065 0.06 0.032 0.0065 -0.05 -9.9076e-17 -3.59914e-17 0.587785 0.809017
0 0.08 0.065 0.06 -0.032 -0.0065 -0.05 -2.24449e-17 1.35465e-17 -0.809017 0.587785
0.0632655 0.08 0.065 0.06 0.032 -0.0065 0.05 -0.587785 0.809017 -4.9538e-17 -3.59915e-17
0.0632655 0.08 0.065 0.06 -0.032 0.0065 0.05 0.809017 0.587785 3.59915e-17 -4.9538e-17
0.0632655 0.08 0.065 0.06 0.032 0.0065 -0.05 -7.19829e-17 9.9076e-17 0.809017 0.587785
0.0632655 0.08 0.065 0.06 -0.032 -0.0065 -0.05 8.55294e-17 -1.35465e-17 -0.587785 0.809017
-0.0496793 0.08 0.065 0.06 0.032 -0.0065 0.05 -0.309017 0.951057 -5.82354e-17 -1.89218e-17
-0.0496793 0.08 0.065 0.06 -0.032 0.0065 0.05 0.951057 0.309017 1.89218e-17 -5.82354e-17
-0.0496793 0.08 0.065 0.06 0.032 0.0065 -0.05 -3.78436e-17 1.16471e-16 0.951057 0.309017
-0.0496793 0.08 0.065 0.06 -0.032 -0.0065 -0.05 7.71572e-17 -3.93136e-17 -0.309017 0.951057
-0.016102 0.08 0.065 0.06 0.032 -1.73472e-18 0.05 0.809017 -0.587785 -7.19829e-17 4.9538e-17
-0.016102 0.08 0.065 0.06 -0.032 -2.18415e-18 0.05 0.587785 0.809017 4.9538e-17 7.19829e-17
-0.016102 0.08 0.065 0.06 0.032 -4.38851e-18 -0.05 -9.9076e-17 -3.59914e-17 0.587785 0.809017
-0.016102 0.08 0.065 0.06 -0.032 -1.73472e-18 -0.05 -2.24449e-17 1.35465e-17 -0.809017 0.587785
0 0.08 0.065 0.06 0.032 -1.73472e-18 0.05 -0.587785 0.809017 -4.9538e-17 -3.59915e-17
0 0.08 0.065 0.06 -0.032 -2.18415e-18 0.05 0.809017 0.587785 3.59915e-17 -4.9538e-17
0 0.08 0.065 0.06 0.032 -4.38851e-18 -0.05 -7.19829e-17 9.9076e-17 0.809017 0.587785
0 0.08 0.065 0.06 -0.032 -1.73472e-18 -0.05 8.55294e-17 -1.35465e-17 -0.587785 0.809017
0.0858455 0.08 0.065 0.06 0.032 -1.73472e-18 0.05 -0.309017 0.951057 -5.82354e-17 -1.89218e-17
0.0858455 0.08 0.065 0.06 -0.032 -2.18415e-18 0.05 0.951057 0.309017 1.89218e-17 -5.82354e-17
0.0858455 0.08 0.065 0.06 0.032 -4.38851e-18 -0.05 -3.78436e-17 1.16471e-16 0.951057 0.309017
0.0858455 0.08 0.065 0.06 -0.032 -1.73472e-18 -0.05 7.71572e-17 -3.93136e-17 -0.309017 0.951057
0 0.08 0.065 0.06 0.032 0.0065 0.05 0.809017 -0.587785 -7.19829e-17 4.9538e-17
0 0.08 0.065 0.06 -0.032 -0.0065 0.05 0.587785 0.809017 4.9538e-17 7.19829e-17
0 0.08 0.065 0.06 0.032 -0.0065 -0.05 -9.9076e-17 -3.59914e-17 0.587785 0.809017
0 0.08 0.065 0.06 -0.032 0.0065 -0.05 -2.24449e-17 1.35465e-17 -0.809017 0.587785
0.0509505 0.08 0.065 0.06 0.032 0.0065 0.05 -0.587785 0.809017 -4.9538e-17 -3.59915e-17
0.0509505 0.08 0.065 0.06 -0.032 -0.0065 0.05 0.809017 0.587785 3.59915e-17 -4.9538e-17
0.0509505 0.08 0.065 0.06 0.032 -0.0065 -0.05 -7.19829e-17 9.9076e-17 0.809017 0.587785
0.0509505 0.08 0.065 0.06 -0.032 0.0065 -0.05 8.55294e-17 -1.35465e-17 -0.587785 0.809017
0 0.08 0.065 0.06 0.032 0.013 0.05 0.809017 -0.587785 -7.19829e-17 4.9538e-17
0 0.08 0.065 0.06 -0.032 -0.013 0.05 0.587785 0.809017 4.9538e-17 7.19829e-17
0 0.08 0.065 0.06 0.032 -0.013 -0.05 -9.9076e-17 -3.59914e-17 0.587785 0.809017
0 0.08 0.065 0.06 -0.032 0.013 -0.05 -2.24449e-17 1.35465e-17 -0.809017 0.587785
0 0.08 0.065 0.06 0.032 0.0195 0.05 1 0 0 6.12323e-17
0 0.08 0.065 0.06 -0.032 -0.0195 0.05 -6.12323e-17 1 6.12323e-17 -3.7494e-33
0 0.08 0.065 0.06 0.032 -0.0195 -0.05 -1.22465e-16 0 0 1
0 0.08 0.065 0.06 -0.032 0.0195 -0.05 -6.12323e-17 -6.12323e-17 1 -3.7494e-33
0.912788 0.08 0.065 0.06 0.032 0.0195 0.05 0.951057 -0.309017 -3.78436e-17 5.82354e-17
0.912788 0.08 0.065 0.06 -0.032 -0.0195 0.05 0.309017 0.951057 5.82354e-17 3.78436e-17
0.912788 0.08 0.065 0.06 0.032 -0.0195 -0.05 -1.16471e-16 -1.89218e-17 0.309017 0.951057
0.912788 0.08 0.065 0.06 -0.032 0.0195 -0.05 -2.03919e-17 -3.93136e-17 0.951057 -0.309017
0.0261534 0.08 0.065 0.06 0.032 0.0195 0.05 0.809017 -0.587785 -7.19829e-17 4.9538e-17
0.0261534 0.08 0.065 0.06 -0.032 -0.0195 0.05 0.587785 0.809017 4.9538e-17 7.19829e-17
0.0261534 0.08 0.065 0.06 0.032 -0.0195 -0.05 -9.9076e-17 -3.59914e-17 0.587785 0.809017
0.0261534 0.08 0.065 0.06 -0.032 0.0195 -0.05 -2.24449e-17 1.35465e-17 -0.809017 0.587785
0 0.08 0.065 0.06 0.032 0.026 0.05 1 0 0 6.12323e-17
0 0.08 0.065 0.06 -0.032 -0.026 0.05 -6.12323e-17 1 6.12323e-17 -3.7494e-33
0 0.08 0.065 0.06 0.032 -0.026 -0.05 -1.22465e-16 0 0 1
0 0.08 0.065 0.06 -0.032 0.026 -0.05 -6.12323e-17 -6.12323e-17 1 -3.7494e-33
0 0.08 0.065 0.06 0.032 0.026 0.05 0.951057 -0.309017 -3.78436e-17 5.82354e-17
0 0.08 0.065 0.06 -0.032 -0.026 0.05 0.309017 0.951057 5.82354e-17 3.78436e-17
0 0.08 0.065 0.06 0.032 -0.026 -0.05 -1.16471e-16 -1.89218e-17 0.309017 0.951057
0 0.08 0.065 0.06 -0.032 0.026 -0.05 -2.03919e-17 -3.93136e-17 0.951057 -0.309017
0 0.08 0.065 0.06 0.032 0.026 0.05 0.809017 -0.587785 -7.19829e-17 4.9538e-17
0 0.08 0.065 0.06 -0.032 -0.026 0.05 0.587785 0.809017 4.9538e-17 7.19829e-17
0 0.08 0.065 0.06 0.032 -0.026 -0.05 -9.9076e-17 -3.59914e-17 0.587785 0.809017
0 0.08 0.065 0.06 -0.032 0.026 -0.05 -2.24449e-17 1.35465e-17 -0.809017 0.587785
0 0.08 0.065 0.06 0.032 0.0325 0.05 0.951057 0.309017 3.78436e-17 5.82354e-17
0 0.08 0.065 0.06 -0.032 -0.0325 0.05 -0.309017 0.951057 5.82354e-17 -3.78436e-17
0 0.08 0.065 0.06 0.032 -0.0325 -0.05 -1.16471e-16 1.89218e-17 -0.309017 0.951057
0 0.08 0.065 0.06 -0.032 0.0325 -0.05 -9.60791e-17 -7.71572e-17 0.951057 0.309017
0 0.08 0.065 0.06 0.032 0.0325 0.05 1 0 0 6.12323e-17
0 0.08 0.065 0.06 -0.032 -0.0325 0.05 -6.12323e-17 1 6.12323e-17 -3.7494e-33
0 0.08 0.065 0.06 0.032 -0.0325 -0.05 -1.22465e-16 0 0 1
0 0.08 0.065 0.06 -0.032 0.0325 -0.05 -6.12323e-17 -6.12323e-17 1 -3.7494e-33
0 0.08 0.065 0.06 0.032 0.0325 0.05 0.809017 -0.587785 -7.19829e-17 4.9538e-17
0 0.08 0.065 0.06 -0.032 -0.0325 0.05 0.587785 0.809017 4.9538e-17 7.19829e-17
0 0.08 0.065 0.06 0.032 -0.0325 -0.05 -9.9076e-17 -3.59914e-17 0.587785 0.809017
0 0.08 0.065 0.06 -0.032 0.0325 -0.05 -2.24449e-17 1.35465e-17 -0.809017 0.587785
0 0.08 0.065 0.06 0.04 -0.0325 0.05 6.12323e-17 1 -6.12323e-17 3.7494e-33
0 0.08 0.065 0.06 -0.04 0.0325 0.05 1 3.99574e-23 -7.4988e-33 -6.12323e-17
0 0.08 0.065 0.06 0.04 0.0325 -0.05 7.4988e-33 1.22465e-16 1 -6.12323e-17
0 0.08 0.065 0.06 -0.04 -0.0325 -0.05 6.12323e-17 -6.12323e-17 6.12323e-17 1
0 0.08 0.065 0.06 0.04 -0.0325 0.05 0.809017 -0.587785 -7.19829e-17 4.9538e-17
0 0.08 0.065 0.06 -0.04 0.0325 0.05 0.587785 0.809017 4.9538e-17 7.19829e-17
0 0.08 0.065 0.06 0.04 0.0325 -0.05 -9.9076e-17 -3.59914e-17 0.587785 0.809017
0 0.08 0.065 0.06 -0.04 -0.0325 -0.05 -2.24449e-17 1.35465e-17 -0.809017 0.587785
0 0.08 0.065 0.06 0.04 -0.0325 0.05 -0.587785 0.809017 -4.9538e-17 -3.59915e-17
0 0.08 0.065 0.06 -0.04 0.0325 0.05 0.809017 0.587785 3.59915e-17 -4.9538e-17
0 0.08 0.065 0.06 0.04 0.0325 -0.05 -7.19829e-17 9.9076e-17 0.809017 0.587785
0 0.08 0.065 0.06 -0.04 -0.0325 -0.05 8.55294e-17 -1.35465e-17 -0.587785 0.809017
0 0.08 0.065 0.06 0.04 -0.0325 0.05 -0.309017 0.951057 -5.82354e-17 -1.89218e-17
0 0.08 0.065 0.06 -0.04 0.0325 0.05 0.951057 0.309017 1.89218e-17 -5.82354e-17
0 0.08 0.065 0.06 0.04 0.0325 -0.05 -3.78436e-17 1.16471e-16 0.951057 0.309017
0 0.08 0.065 0.06 -0.04 -0.0325 -0.05 7.71572e-17 -3.93136e-17 -0.309017 0.951057
0 0.08 0.065 0.06 0.04 -0.026 0.05 6.12323e-17 1 -6.12323e-17 3.7494e-33
0 0.08 0.065 0.06 -0.04 0.026 0.05 1 3.99574e-23 -7.4988e-33 -6.12323e-17
0 0.08 0.065 0.06 0.04 0.026 -0.05 7.4988e-33 1.22465e-16 1 -6.12323e-17
0 0.08 0.065 0.06 -0.04 -0.026 -0.05 6.12323e-17 -6.12323e-17 6.12323e-17 1
0 0.08 0.065 0.06 0.04 -0.026 0.05 0.809017 -0.587785 -7.19829e-17 4.9538e-17
0 0.08 0.065 0.06 -0.04 0.026 0.05 0.587785 0.809017 4.9538e-17 7.19829e-17
0 0.08 0.065 0.06 0.04 0.026 -0.05 -9.9076e-17 -3.59914e-17 0.587785 0.809017
0 0.08 0.065 0.06 -0.04 -0.026 -0.05 -2.24449e-17 1.35465e-17 -0.809017 0.587785
0 0.08 0.065 0.06 0.04 -0.026 0.05 -0.587785 0.809017 -4.9538e-17 -3.59915e-17
0 0.08 0.065 0.06 -0.04 0.026 0.05 0.809017 0.587785 3.59915e-17 -4.9538e-17
0 0.08 0.065 0.06 0.04 0.026 -0.05 -7.19829e-17 9.9076e-17 0.809017 0.587785
0 0.08 0.065 0.06 -0.04 -0.026 -0.05 8.55294e-17 -1.35465e-17 -0.587785 0.809017
0 0.08 0.065 0.06 0.04 -0.026 0.05 -0.309017 0.951057 -5.82354e-17 -1.89218e-17
0 0.08 0.065 0.06 -0.04 0.026 0.05 0.951057 0.309017 1.89218e-17 -5.82354e-17
0 0.08 0.065 0.06 0.04 0.026 -0.05 -3.78436e-17 1.16471e-16 0.951057 0.309017
0 0.08 0.065 0.06 -0.04 -0.026 -0.05 7.71572e-17 -3.93136e-17 -0.309017 0.951057
0 0.08 0.065 0.06 0.04 -0.0195 0.05 0.809017 -0.587785 -7.19829e-17 4.9538e-17
0 0.08 0.065 0.06 -0.04 0.0195 0.05 0.587785 0.809017 4.9538e-17 7.19829e-17
0 0.08 0.065 0.06 0.04 0.0195 -0.05 -9.9076e-17 -3.59914e-17 0.587785 0.809017
0 0.08 0.065 0.06 -0.04 -0.0195 -0.05 -2.24449e-17 1.35465e-17 -0.809017 0.587785
0 0.08 0.065 0.06 0.04 -0.0195 0.05 -0.587785 0.809017 -4.9538e-17 -3.59915e-17
0 0.08 0.065 0.06 -0.04 0.0195 0.05 0.809017 0.587785 3.59915e-17 -4.9538e-17
0 0.08 0.065 0.06 0.04 0.0195 -0.05 -7.19829e-17 9.9076e-17 0.809017 0.587785
0 0.08 0.065 0.06 -0.04 -0.0195 -0.05 8.55294e-17 -1.35465e-17 -0.587785 0.809017
0 0.08 0.065 0.06 0.04 -0.0195 0.05 -0.309017 0.951057 -5.82354e-17 -1.89218e-17
0 0.08 0.065 0.06 -0.04 0.0195 0.05 0.951057 0.309017 1.89218e-17 -5.82354e-17
0 0.08 0.065 0.06 0.04 0.0195 -0.05 -3.78436e-17 1.16471e-16 0.951057 0.309017
0 0.08 0.065 0.06 -0.04 -0.0195 -0.05 7.71572e-17 -3.93136e-17 -0.309017 0.951057
0.0608653 0.08 0.065 0.06 0.04 -0.013 0.05 0.809017 -0.587785 -7.19829e-17 4.9538e-17
0.0608653 0.08 0.065 0.06 -0.04 0.013 0.05 0.587785 0.809017 4.9538e-17 7.19829e-17
0.0608653 0.08 0.065 0.06 0.04 0.013 -0.05 -9.9076e-17 -3.59914e-17 0.587785 0.809017
0.0608653 0.08 0.065 0.06 -0.04 -0.013 -0.05 -2.24449e-17 1.35465e-17 -0.809017 0.587785
0 0.08 0.065 0.06 0.04 -0.013 0.05 -0.587785 0.809017 -4.9538e-17 -3.59915e-17
0 0.08 0.065 0.06 -0.04 0.013 0.05 0.809017 0.587785 3.59915e-17 -4.9538e-17
0 0.08 0.065 0.06 0.04 0.013 -0.05 -7.19829e-17 9.9076e-17 0.809017 0.587785
0 0.08 0.065 0.06 -0.04 -0.013 -0.05 8.55294e-17 -1.35465e-17 -0.587785 0.809017
0.0745324 0.08 0.065 0.06 0.04 -0.013 0.05 -0.309017 0.951057 -5.82354e-17 -1.89218e-17
0.0745324 0.08 0.065 0.06 -0.04 0.013 0.05 0.951057 0.309017 1.89218e-17 -5.82354e-17
0.0745324 0.08 0.065 0.06 0.04 0.013 -0.05 -3.78436e-17 1.16471e-16 0.951057 0.309017
0.0745324 0.08 0.065 0.06 -0.04 -0.013 -0.05 7.71572e-17 -3.93136e-17 -0.309017 0.951057
0.0379655 0.08 0.065 0.06 0.04 -0.0065 0.05 0.809017 -0.587785 -7.19829e-17 4.9538e-17
0.0379655 0.08 0.065 0.06 -0.04 0.0065 0.05 0.587785 0.809017 4.9538e-17 7.19829e-17
0.0379655 0.08 0.065 0.06 0.04 0.0065 -0.05 -9.9076e-17 -3.59914e-17 0.587785 0.809017
0.0379655 0.08 0.065 0.06 -0.04 -0.0065 -0.05 -2.24449e-17 1.35465e-17 -0.809017 0.587785
0.282972 0.08 0.065 0.06 0.04 -0.0065 0.05 -0.587785 0.809017 -4.9538e-17 -3.59915e-17
0.282972 0.08 0.065 0.06 -0.04 0.0065 0.05 0.809017 0.587785 3.59915e-17 -4.9538e-17
0.282972 0.08 0.065 0.06 0.04 0.0065 -0.05 -7.19829e-17 9.9076e-17 0.809017 0.587785
0.282972 0.08 0.065 0.06 -0.04 -0.0065 -0.05 8.55294e-17 -1.35465e-17 -0.587785 0.809017
0 0.08 0.065 0.06 0.04 -0.0065 0.05 -0.309017 0.951057 -5.82354e-17 -1.89218e-17
0 0.08 0.065 0.06 -0.04 0.0065 0.05 0.951057 0.309017 1.89218e-17 -5.82354e-17
0 0.08 0.065 0.06 0.04 0.0065 -0.05 -3.78436e-17 1.16471e-16 0.951057 0.309017
0 0.08 0.065 0.06 -0.04 -0.0065 -0.05 7.71572e-17 -3.93136e-17 -0.309017 0.951057
0.0410704 0.08 0.065 0.06 0.04 -1.73472e-18 0.05 0.809017 -0.587785 -7.19829e-17 4.9538e-17
0.0410704 0.08 0.065 0.06 -0.04 -3.16387e-18 0.05 0.587785 0.809017 4.9538e-17 7.19829e-17
0.0410704 0.08 0.065 0.06 0.04 -4.38851e-18 -0.05 -9.9076e-17 -3.59914e-17 0.587785 0.809017
0.0410704 0.08 0.065 0.06 -0.04 -1.73472e-18 -0.05 -2.24449e-17 1.35465e-17 -0.809017 0.587785
0 0.08 0.065 0.06 0.04 -1.73472e-18 0.05 -0.587785 0.809017 -4.9538e-17 -3.59915e-17
0 0.08 0.065 0.06 -0.04 -3.16387e-18 0.05 0.809017 0.587785 3.59915e-17 -4.9538e-17
0 0.08 0.065 0.06 0.04 -4.38851e-18 -0.05 -7.19829e-17 9.9076e-17 0.809017 0.587785
0 0.08 0.065 0.06 -0.04 -1.73472e-18 -0.05 8.55294e-17 -1.35465e-17 -0.587785 0.809017
0.0646905 0.08 0.065 0.06 0.04 -1.73472e-18 0.05 -0.309017 0.951057 -5.82354e-17 -1.89218e-17
0.0646905 0.08 0.065 0.06 -0.04 -3.16387e-18 0.05 0.951057 0.309017 1.89218e-17 -5.82354e-17
0.0646905 0.08 0.065 0.06 0.04 -4.38851e-18 -0.05 -3.78436e-17 1.16471e-16 0.951057 0.309017
0.0646905 0.08 0.065 0.06 -0.04 -1.73472e-18 -0.05 7.71572e-17 -3.93136e-17 -0.309017 0.951057
0 0.08 0.065 0.06 0.04 0.0065 0.05 0.809017 -0.587785 -7.19829e-17 4.9538e-17
0 0.08 0.065 0.06 -0.04 -0.0065 0.05 0.587785 0.809017 4.9538e-17 7.19829e-17
0 0.08 0.065 0.06 0.04 -0.0065 -0.05 -9.9076e-17 -3.59914e-17 0.587785 0.809017
0 0.08 0.065 0.06 -0.04 0.0065 -0.05 -2.24449e-17 1.35465e-17 -0.809017 0.587785
0 0.08 0.065 0.06 0.04 0.0065 0.05 -0.587785 0.809017 -4.9538e-17 -3.59915e-17
0 0.08 0.065 0.06 -0.04 -0.0065 0.05 0.809017 0.587785 3.59915e-17 -4.9538e-17
0 0.08 0.065 0.06 0.04 -0.0065 -0.05 -7.19829e-17 9.9076e-17 0.809017 0.587785
0 0.08 0.065 0.06 -0.04 0.0065 -0.05 8.55294e-17 -1.35465e-17 -0.587785 0.809017
0 0.08 0.065 0.06 0.04 0.013 0.05 0.951057 -0.309017 -3.78436e-17 5.82354e-17
0 0.08 0.065 0.06 -0.04 -0.013 0.05 0.309017 0.951057 5.82354e-17 3.78436e-17
0 0.08 0.065 0.06 0.04 -0.013 -0.05 -1.16471e-16 -1.89218e-17 0.309017 0.951057
0 0.08 0.065 0.06 -0.04 0.013 -0.05 -2.03919e-17 -3.93136e-17 0.951057 -0.309017
0 0.08 0.065 0.06 0.04 0.013 0.05 0.809017 -0.587785 -7.19829e-17 4.9538e-17
0 0.08 0.065 0.06 -0.04 -0.013 0.05 0.587785 0.809017 4.9538e-17 7.19829e-17
0 0.08 0.065 0.06 0.04 -0.013 -0.05 -9.9076e-17 -3.59914e-17 0.587785 0.809017
0 0.08 0.065 0.06 -0.04 0.013 -0.05 -2.24449e-17 1.35465e-17 -0.809017 0.587785
0 0.08 0.065 0.06 0.04 0.013 0.05 -0.587785 0.809017 -4.9538e-17 -3.59915e-17
0 0.08 0.065 0.06 -0.04 -0.013 0.05 0.809017 0.587785 3.59915e-17 -4.9538e-17
0 0.08 0.065 0.06 0.04 -0.013 -0.05 -7.19829e-17 9.9076e-17 0.809017 0.587785
0 0.08 0.065 0.06 -0.04 0.013 -0.05 8.55294e-17 -1.35465e-17 -0.587785 0.809017
0 0.08 0.065 0.06 0.04 0.0195 0.05 1 0 0 6.12323e-17
0 0.08 0.065 0.06 -0.04 -0.0195 0.05 -6.12323e-17 1 6.12323e-17 -3.7494e-33
0 0.08 0.065 0.06 0.04 -0.0195 -0.05 -1.22465e-16 0 0 1
0 0.08 0.065 0.06 -0.04 0.0195 -0.05 -6.12323e-17 -6.12323e-17 1 -3.7494e-33
-0.071758 0.08 0.065 0.06 0.04 0.0195 0.05 0.951057 -0.309017 -3.78436e-17 5.82354e-17
-0.071758 0.08 0.065 0.06 -0.04 -0.0195 0.05 0.309017 0.951057 5.82354e-17 3.78436e-17
-0.071758 0.08 0.065 0.06 0.04 -0.0195 -0.05 -1.16471e-16 -1.89218e-17 0.309017 0.951057
-0.071758 0.08 0.065 0.06 -0.04 0.0195 -0.05 -2.03919e-17 -3.93136e-17 0.951057 -0.309017
0 0.08 0.065 0.06 0.04 0.0195 0.05 0.809017 -0.587785 -7.19829e-17 4.9538e-17
0 0.08 0.065 0.06 -0.04 -0.0195 0.05 0.587785 0.809017 4.9538e-17 7.19829e-17
0 0.08 0.065 0.06 0.04 -0.0195 -0.05 -9.9076e-17 -3.59914e-17 0.587785 0.809017
0 0.08 0.065 0.06 -0.04 0.0195 -0.05 -2.24449e-17 1.35465e-17 -0.809017 0.587785
0.0409279 0.08 0.065 0.06 0.04 0.0195 0.05 -0.587785 0.809017 -4.9538e-17 -3.59915e-17
0.0409279 0.08 0.065 0.06 -0.04 -0.0195 0.05 0.809017 0.587785 3.59915e-17 -4.9538e-17
0.0409279 0.08 0.065 0.06 0.04 -0.0195 -0.05 -7.19829e-17 9.9076e-17 0.809017 0.587785
0.0409279 0.08 0.065 0.06 -0.04 0.0195 -0.05 8.55294e-17 -1.35465e-17 -0.587785 0.809017
0 0.08 0.065 0.06 0.04 0.026 0.05 1 0 0 6.12323e-17
0 0.08 0.065 0.06 -0.04 -0.026 0.05 -6.12323e-17 1 6.12323e-17 -3.7494e-33
0 0.08 0.065 0.06 0.04 -0.026 -0.05 -1.22465e-16 0 0 1
0 0.08 0.065 0.06 -0.04 0.026 -0.05 -6.12323e-17 -6.12323e-17 1 -3.7494e-33
0 0.08 0.065 0.06 0.04 0.026 0.05 0.951057 -0.309017 -3.78436e-17 5.82354e-17
0 0.08 0.065 0.06 -0.04 -0.026 0.05 0.309017 0.951057 5.82354e-17 3.78436e-17
0 0.08 0.065 0.06 0.04 -0.026 -0.05 -1.16471e-16 -1.89218e-17 0.309017 0.951057
0 0.08 0.065 0.06 -0.04 0.026 -0.05 -2.03919e-17 -3.93136e-17 0.951057 -0.309017
0 0.08 0.065 0.06 0.04 0.026 0.05 0.809017 -0.587785 -7.19829e-17 4.9538e-17
0 0.08 0.065 0.06 -0.04 -0.026 0.05 0.587785 0.809017 4.9538e-17 7.19829e-17
0 0.08 0.065 0.06 0.04 -0.026 -0.05 -9.9076e-17 -3.59914e-17 0.587785 0.809017
0 0.08 0.065 0.06 -0.04 0.026 -0.05 -2.24449e-17 1.35465e-17 -0.809017 0.587785
0 0.08 0.065 0.06 0.04 0.0325 0.05 0.951057 0.309017 3.78436e-17 5.82354e-17
0 0.08 0.065 0.06 -0.04 -0.0325 0.05 -0.309017 0.951057 5.82354e-17 -3.78436e-17
0 0.08 0.065 0.06 0.04 -0.0325 -0.05 -1.16471e-16 1.89218e-17 -0.309017 0.951057
0 0.08 0.065 0.06 -0.04 0.0325 -0.05 -9.60791e-17 -7.71572e-17 0.951057 0.309017
0 0.08 0.065 0.06 0.04 0.0325 0.05 1 0 0 6.12323e-17
0 0.08 0.065 0.06 -0.04 -0.0325 0.05 -6.12323e-17 1 6.12323e-17 -3.7494e-33
0 0.08 0.065 0.06 0.04 -0.0325 -0.05 -1.22465e-16 0 0 1
0 0.08 0.065 0.06 -0.04 0.0325 -0.05 -6.12323e-17 -6.12323e-17 1 -3.7494e-33
0 0.08 0.065 0.06 0.04 0.0325 0.05 0.809017 -0.587785 -7.19829e-17 4.9538e-17
0 0.08 0.065 0.06 -0.04 -0.0325 0.05 0.587785 0.809017 4.9538e-17 7.19829e-17
0 0.08 0.065 0.06 0.04 -0.0325 -0.05 -9.9076e-17 -3.59914e-17 0.587785 0.809017
0 0.08 0.065 0.06 -0.04 0.0325 -0.05 -2.24449e-17 1.35465e-17 -0.809017 0.587785
