35.4122 0.07 0.07 0.15 0.035 -0.035 0.095 -0.587785 0.809017 -4.9538e-17 -3.59915e-17 
35.3408 0.07 0.07 0.15 0.021 -0.035 0.095 -0.587785 0.809017 -4.9538e-17 -3.59915e-17 
35.2688 0.07 0.07 0.15 0.035 -0.021 0.095 -0.587785 0.809017 -4.9538e-17 -3.59915e-17 
35.2063 0.07 0.07 0.15 0.021 -0.021 0.095 -0.587785 0.809017 -4.9538e-17 -3.59915e-17 
34.971 0.07 0.07 0.15 0.035 -0.007 0.095 -0.587785 0.809017 -4.9538e-17 -3.59915e-17 
34.9495 0.07 0.07 0.15 0.021 -0.007 0.095 -0.587785 0.809017 -4.9538e-17 -3.59915e-17 
34.3974 0.07 0.07 0.15 0.035 0.007 0.095 -0.587785 0.809017 -4.9538e-17 -3.59915e-17 
33.4041 0.07 0.07 0.15 0.035 0.021 0.095 -0.587785 0.809017 -4.9538e-17 -3.59915e-17 
24.0555 0.07 0.07 0.15 -0.055 -0.035 0.075 -0.572061 0.415627 -0.572061 0.415629 
23.9528 0.07 0.07 0.15 -0.055 -0.021 0.075 -0.572061 0.415627 -0.572061 0.415629 
23.8436 0.07 0.07 0.15 -0.055 -0.007 0.075 -0.572061 0.415627 -0.572061 0.415629 
23.7202 0.07 0.07 0.15 -0.055 0.007 0.075 -0.572061 0.415627 -0.572061 0.415629 
23.5732 0.07 0.07 0.15 -0.055 0.021 0.075 -0.572061 0.415627 -0.572061 0.415629 
23.3917 0.07 0.07 0.15 -0.055 0.035 0.075 -0.572061 0.415627 -0.572061 0.415629 
13.4863 0.07 0.07 0.15 0.035 0.055 0.075 -4.32978e-17 0.707107 -0.707107 4.32978e-17 
5.14685 0.07 0.07 0.15 -0.035 0.035 0.095 0.951057 0.309017 1.89218e-17 5.82354e-17 
5.09703 0.07 0.07 0.15 -0.021 0.035 0.095 0.951057 0.309017 1.89218e-17 5.82354e-17 
5.08814 0.07 0.07 0.15 -0.035 0.021 0.095 0.951057 0.309017 1.89218e-17 5.82354e-17 
5.06618 0.07 0.07 0.15 -0.035 0.007 0.095 0.951057 0.309017 1.89218e-17 5.82354e-17 
5.05473 0.07 0.07 0.15 -0.007 0.035 0.095 0.951057 0.309017 1.89218e-17 5.82354e-17 
4.95723 0.07 0.07 0.15 0.007 0.035 0.095 0.951057 0.309017 1.89218e-17 5.82354e-17 
4.74196 0.07 0.07 0.15 0.021 0.035 0.095 0.951057 0.309017 1.89218e-17 5.82354e-17 
4.48411 0.07 0.07 0.15 0.021 0.055 0.075 -4.32978e-17 0.707107 -0.707107 4.32978e-17 
4.34767 0.07 0.07 0.15 0.035 0.035 0.095 0.951057 0.309017 1.89218e-17 5.82354e-17 
2.91735 0.07 0.07 0.15 -0.035 0.055 0.075 0.415627 0.572061 -0.572061 0.415629 
2.81237 0.07 0.07 0.15 -0.021 0.055 0.075 0.415627 0.572061 -0.572061 0.415629 
2.80608 0.07 0.07 0.15 -0.035 0.055 0.045 0.415627 0.572061 -0.572061 0.415629 
2.76036 0.07 0.07 0.15 -0.007 0.055 0.075 0.415627 0.572061 -0.572061 0.415629 
2.64008 0.07 0.07 0.15 -0.035 0.055 0.015 0.415627 0.572061 -0.572061 0.415629 
1.60228 0.07 0.07 0.15 -0.035 -0.055 0.075 -0.415627 -0.572061 -0.572061 0.415629 
1.57985 0.07 0.07 0.15 -0.035 0.035 0.095 0.587785 0.809017 -4.9538e-17 3.59915e-17 
1.50517 0.07 0.07 0.15 -0.035 -0.055 0.045 -0.415627 -0.572061 -0.572061 0.415629 
1.09145 0.07 0.07 0.15 -0.035 0.021 0.095 0.587785 0.809017 -4.9538e-17 3.59915e-17 
0.775215 0.07 0.07 0.15 0.035 0.055 0.045 0.415627 -0.572061 0.572061 0.415629 
0.7416 0.07 0.07 0.15 0.021 0.055 0.045 0.415627 -0.572061 0.572061 0.415629 
0.595809 0.07 0.07 0.15 0.035 0.055 0.075 0.415627 -0.572061 0.572061 0.415629 
0.590206 0.07 0.07 0.15 -0.035 0.007 0.095 0.587785 0.809017 -4.9538e-17 3.59915e-17 
0.490341 0.07 0.07 0.15 0.021 0.055 0.075 0.415627 -0.572061 0.572061 0.415629 
0.0729047 0.07 0.07 0.15 -0.035 -0.007 0.095 0.587785 0.809017 -4.9538e-17 3.59915e-17 
-0.0760537 0.07 0.07 0.15 -0.055 0.035 0.015 0.707107 -4.32978e-17 0.707107 -4.32978e-17 
-0.0842634 0.07 0.07 0.15 0.007 -0.055 0.075 -0.672499 -0.218508 -0.218508 0.672498 
-0.0889629 0.07 0.07 0.15 -0.007 -0.055 0.075 -0.672499 -0.218508 -0.218508 0.672498 
-0.0950544 0.07 0.07 0.15 0.021 -0.055 0.075 -0.672499 -0.218508 -0.218508 0.672498 
-0.101221 0.07 0.07 0.15 -0.021 -0.055 0.075 -0.672499 -0.218508 -0.218508 0.672498 
-0.112951 0.07 0.07 0.15 -0.035 -0.055 0.075 -0.672499 -0.218508 -0.218508 0.672498 
-0.128976 0.07 0.07 0.15 0.035 -0.055 0.075 -0.672499 -0.218508 -0.218508 0.672498 
-0.148733 0.07 0.07 0.15 -0.055 0.021 0.045 0.707107 -4.32978e-17 0.707107 -4.32978e-17 
-0.238067 0.07 0.07 0.15 -0.055 0.035 0.045 0.707107 -4.32978e-17 0.707107 -4.32978e-17 
-0.271816 0.07 0.07 0.15 -0.055 0.021 0.075 0.707107 -4.32978e-17 0.707107 -4.32978e-17 
-0.316237 0.07 0.07 0.15 0.055 -0.035 0.075 -0.218508 -0.672498 0.218508 0.672499 
-0.322716 0.07 0.07 0.15 0.055 -0.021 0.075 -0.218508 -0.672498 0.218508 0.672499 
-0.362872 0.07 0.07 0.15 -0.055 0.035 0.075 0.707107 -4.32978e-17 0.707107 -4.32978e-17 
-0.451756 0.07 0.07 0.15 -0.007 -0.055 0.075 -0.672499 0.218508 0.218508 0.672498 
-0.459046 0.07 0.07 0.15 -0.035 -0.021 0.095 0.587785 0.809017 -4.9538e-17 3.59915e-17 
-0.459931 0.07 0.07 0.15 0.055 -0.035 0.045 -0.218508 -0.672498 0.218508 0.672499 
-0.464652 0.07 0.07 0.15 -0.021 -0.021 0.095 0.587785 0.809017 -4.9538e-17 3.59915e-17 
-0.539396 0.07 0.07 0.15 0.055 -0.021 0.045 -0.218508 -0.672498 0.218508 0.672499 
-0.999371 0.07 0.07 0.15 -0.035 -0.035 0.095 0.587785 0.809017 -4.9538e-17 3.59915e-17 
-1.00174 0.07 0.07 0.15 -0.021 -0.035 0.095 0.587785 0.809017 -4.9538e-17 3.59915e-17 
-1.03051 0.07 0.07 0.15 -0.007 -0.035 0.095 0.587785 0.809017 -4.9538e-17 3.59915e-17 
-1.45273 0.07 0.07 0.15 -0.055 -0.035 0.075 -0.218508 0.672498 -0.218508 0.672499 
-1.64764 0.07 0.07 0.15 0.007 -0.055 0.075 -0.672499 0.218508 0.218508 0.672498 
-1.83129 0.07 0.07 0.15 -0.055 -0.035 0.045 -0.218508 0.672498 -0.218508 0.672499 
-1.93183 0.07 0.07 0.15 0.055 -0.035 0.075 0.218508 -0.672498 -0.218508 0.672499 
-1.96204 0.07 0.07 0.15 0.055 -0.035 0.045 0.218508 -0.672498 -0.218508 0.672499 
-1.99314 0.07 0.07 0.15 0.055 0.035 0.075 0.707107 -4.32978e-17 -0.707107 4.32978e-17 
-2.17135 0.07 0.07 0.15 -0.055 -0.035 0.015 -0.218508 0.672498 -0.218508 0.672499 
-2.17951 0.07 0.07 0.15 0.055 0.035 0.045 0.707107 -4.32978e-17 -0.707107 4.32978e-17 
-2.33241 0.07 0.07 0.15 0.055 0.035 0.015 0.707107 -4.32978e-17 -0.707107 4.32978e-17 
-2.36499 0.07 0.07 0.15 -0.035 -0.055 0.045 -0.672499 -0.218508 -0.218508 0.672498 
-2.46637 0.07 0.07 0.15 -0.055 -0.035 -0.015 -0.218508 0.672498 -0.218508 0.672499 
-2.88427 0.07 0.07 0.15 0.021 -0.055 0.075 -0.672499 0.218508 0.218508 0.672498 
-3.8435 0.07 0.07 0.15 -0.055 -0.021 0.075 -0.218508 0.672498 -0.218508 0.672499 
-3.97681 0.07 0.07 0.15 0.035 -0.055 0.075 -0.672499 0.218508 0.218508 0.672498 
-4.61031 0.07 0.07 0.15 0.007 0.055 0.075 -4.32978e-17 0.707107 -0.707107 4.32978e-17 
-5.96275 0.07 0.07 0.15 0.021 -0.021 0.095 6.12323e-17 1 -6.12323e-17 3.7494e-33 
-6.00984 0.07 0.07 0.15 0.035 -0.035 0.095 6.12323e-17 1 -6.12323e-17 3.7494e-33 
-6.07953 0.07 0.07 0.15 0.021 -0.035 0.095 6.12323e-17 1 -6.12323e-17 3.7494e-33 
-6.16097 0.07 0.07 0.15 0.007 -0.035 0.095 6.12323e-17 1 -6.12323e-17 3.7494e-33 
-6.18727 0.07 0.07 0.15 0.007 -0.021 0.095 6.12323e-17 1 -6.12323e-17 3.7494e-33 
-6.24226 0.07 0.07 0.15 -0.007 -0.035 0.095 6.12323e-17 1 -6.12323e-17 3.7494e-33 
-6.31042 0.07 0.07 0.15 -0.055 -0.007 0.075 -0.218508 0.672498 -0.218508 0.672499 
-6.31257 0.07 0.07 0.15 -0.021 -0.035 0.095 6.12323e-17 1 -6.12323e-17 3.7494e-33 
-6.36232 0.07 0.07 0.15 -0.035 -0.035 0.095 6.12323e-17 1 -6.12323e-17 3.7494e-33 
-6.40287 0.07 0.07 0.15 -0.007 -0.021 0.095 6.12323e-17 1 -6.12323e-17 3.7494e-33 
-6.59845 0.07 0.07 0.15 -0.021 -0.021 0.095 6.12323e-17 1 -6.12323e-17 3.7494e-33 
-6.76425 0.07 0.07 0.15 -0.035 -0.021 0.095 6.12323e-17 1 -6.12323e-17 3.7494e-33 
-13.7332 0.07 0.07 0.15 -0.007 0.055 0.075 -4.32978e-17 0.707107 -0.707107 4.32978e-17 
-19.9074 0.07 0.07 0.15 0.055 0.035 0.075 -0.572061 -0.415627 0.572061 0.415629 
-21.0377 0.07 0.07 0.15 0.055 0.021 0.075 -0.572061 -0.415627 0.572061 0.415629 
-22.1406 0.07 0.07 0.15 0.055 0.007 0.075 -0.572061 -0.415627 0.572061 0.415629 
-22.7185 0.07 0.07 0.15 -0.007 0.035 0.095 0.951057 -0.309017 -1.89218e-17 5.82354e-17 
-22.7276 0.07 0.07 0.15 0.035 0.021 0.095 0.951057 -0.309017 -1.89218e-17 5.82354e-17 
-22.7314 0.07 0.07 0.15 0.007 0.021 0.095 0.951057 -0.309017 -1.89218e-17 5.82354e-17 
-22.7634 0.07 0.07 0.15 0.035 0.035 0.095 0.951057 -0.309017 -1.89218e-17 5.82354e-17 
-22.7875 0.07 0.07 0.15 0.021 0.021 0.095 0.951057 -0.309017 -1.89218e-17 5.82354e-17 
-22.8039 0.07 0.07 0.15 0.007 0.035 0.095 0.951057 -0.309017 -1.89218e-17 5.82354e-17 
-22.8203 0.07 0.07 0.15 -0.021 0.055 0.075 -4.32978e-17 0.707107 -0.707107 4.32978e-17 
-22.8243 0.07 0.07 0.15 0.021 0.035 0.095 0.951057 -0.309017 -1.89218e-17 5.82354e-17 
-23.2189 0.07 0.07 0.15 0.055 -0.007 0.075 -0.572061 -0.415627 0.572061 0.415629 
-24.2763 0.07 0.07 0.15 0.055 -0.021 0.075 -0.572061 -0.415627 0.572061 0.415629 
-31.8077 0.07 0.07 0.15 -0.035 0.055 0.075 -4.32978e-17 0.707107 -0.707107 4.32978e-17 
