0.02,0.038,0.001,0.015,-0.019,-0.0005,-0.707107,4.32978e-17,0.707107,-4.32978e-17
0.02,0.038,0.001,0.015,-0.019,-0.0005,0.353553,-0.612372,-0.353553,0.612372
0.02,0.038,0.001,0.015,-0.019,-0.0005,-0.353553,-0.612372,0.353553,0.612372
0.02,0.038,0.001,0.015,-0.019,-0.0005,-0.707107,-2.00307e-16,0.707107,2.00307e-16
0.02,0.038,0.001,-0.015,-0.019,-0.0005,0.707107,-4.32978e-17,0.707107,-4.32978e-17
0.02,0.038,0.001,-0.015,-0.019,-0.0005,-0.353553,0.612372,-0.353553,0.612372
0.02,0.038,0.001,-0.015,-0.019,-0.0005,0.353553,0.612372,0.353553,0.612372
0.02,0.038,0.001,-0.015,-0.019,-0.0005,0.707107,2.00307e-16,0.707107,2.00307e-16
0.02,0.038,0.001,0.015,-0.019,-0.000166667,-0.707107,4.32978e-17,0.707107,-4.32978e-17
0.02,0.038,0.001,0.015,-0.019,-0.000166667,0.353553,-0.612372,-0.353553,0.612372
0.02,0.038,0.001,0.015,-0.019,-0.000166667,-0.353553,-0.612372,0.353553,0.612372
0.02,0.038,0.001,0.015,-0.019,-0.000166667,-0.707107,-2.00307e-16,0.707107,2.00307e-16
0.02,0.038,0.001,-0.015,-0.019,-0.000166667,0.707107,-4.32978e-17,0.707107,-4.32978e-17
0.02,0.038,0.001,-0.015,-0.019,-0.000166667,-0.353553,0.612372,-0.353553,0.612372
0.02,0.038,0.001,-0.015,-0.019,-0.000166667,0.353553,0.612372,0.353553,0.612372
0.02,0.038,0.001,-0.015,-0.019,-0.000166667,0.707107,2.00307e-16,0.707107,2.00307e-16
0.02,0.038,0.001,0.015,-0.019,0.000166667,-0.707107,4.32978e-17,0.707107,-4.32978e-17
0.02,0.038,0.001,0.015,-0.019,0.000166667,0.353553,-0.612372,-0.353553,0.612372
0.02,0.038,0.001,0.015,-0.019,0.000166667,-0.353553,-0.612372,0.353553,0.612372
0.02,0.038,0.001,0.015,-0.019,0.000166667,-0.707107,-2.00307e-16,0.707107,2.00307e-16
0.02,0.038,0.001,-0.015,-0.019,0.000166667,0.707107,-4.32978e-17,0.707107,-4.32978e-17
0.02,0.038,0.001,-0.015,-0.019,0.000166667,-0.353553,0.612372,-0.353553,0.612372
0.02,0.038,0.001,-0.015,-0.019,0.000166667,0.353553,0.612372,0.353553,0.612372
0.02,0.038,0.001,-0.015,-0.019,0.000166667,0.707107,2.00307e-16,0.707107,2.00307e-16
0.02,0.038,0.001,0.015,-0.019,0.0005,-0.707107,4.32978e-17,0.707107,-4.32978e-17
0.02,0.038,0.001,0.015,-0.019,0.0005,0.353553,-0.612372,-0.353553,0.612372
0.02,0.038,0.001,0.015,-0.019,0.0005,-0.353553,-0.612372,0.353553,0.612372
0.02,0.038,0.001,0.015,-0.019,0.0005,-0.707107,-2.00307e-16,0.707107,2.00307e-16
0.02,0.038,0.001,-0.015,-0.019,0.0005,0.707107,-4.32978e-17,0.707107,-4.32978e-17
0.02,0.038,0.001,-0.015,-0.019,0.0005,-0.353553,0.612372,-0.353553,0.612372
0.02,0.038,0.001,-0.015,-0.019,0.0005,0.353553,0.612372,0.353553,0.612372
0.02,0.038,0.001,-0.015,-0.019,0.0005,0.707107,2.00307e-16,0.707107,2.00307e-16
0.02,0.038,0.001,0.015,-0.00633333,-0.0005,-0.707107,4.32978e-17,0.707107,-4.32978e-17
0.02,0.038,0.001,0.015,-0.00633333,-0.0005,0.353553,-0.612372,-0.353553,0.612372
0.02,0.038,0.001,0.015,-0.00633333,-0.0005,-0.353553,-0.612372,0.353553,0.612372
0.02,0.038,0.001,0.015,-0.00633333,-0.0005,-0.707107,-2.00307e-16,0.707107,2.00307e-16
0.02,0.038,0.001,-0.015,-0.00633333,-0.0005,0.707107,-4.32978e-17,0.707107,-4.32978e-17
0.02,0.038,0.001,-0.015,-0.00633333,-0.0005,-0.353553,0.612372,-0.353553,0.612372
0.02,0.038,0.001,-0.015,-0.00633333,-0.0005,0.353553,0.612372,0.353553,0.612372
0.02,0.038,0.001,-0.015,-0.00633333,-0.0005,0.707107,2.00307e-16,0.707107,2.00307e-16
0.02,0.038,0.001,0.015,-0.00633333,-0.000166667,-0.707107,4.32978e-17,0.707107,-4.32978e-17
0.02,0.038,0.001,0.015,-0.00633333,-0.000166667,0.353553,-0.612372,-0.353553,0.612372
0.02,0.038,0.001,0.015,-0.00633333,-0.000166667,-0.353553,-0.612372,0.353553,0.612372
0.02,0.038,0.001,0.015,-0.00633333,-0.000166667,-0.707107,-2.00307e-16,0.707107,2.00307e-16
0.02,0.038,0.001,-0.015,-0.00633333,-0.000166667,0.707107,-4.32978e-17,0.707107,-4.32978e-17
0.02,0.038,0.001,-0.015,-0.00633333,-0.000166667,-0.353553,0.612372,-0.353553,0.612372
0.02,0.038,0.001,-0.015,-0.00633333,-0.000166667,0.353553,0.612372,0.353553,0.612372
0.02,0.038,0.001,-0.015,-0.00633333,-0.000166667,0.707107,2.00307e-16,0.707107,2.00307e-16
0.02,0.038,0.001,0.015,-0.00633333,0.000166667,-0.707107,4.32978e-17,0.707107,-4.32978e-17
0.02,0.038,0.001,0.015,-0.00633333,0.000166667,0.353553,-0.612372,-0.353553,0.612372
0.02,0.038,0.001,0.015,-0.00633333,0.000166667,-0.353553,-0.612372,0.353553,0.612372
0.02,0.038,0.001,0.015,-0.00633333,0.000166667,-0.707107,-2.00307e-16,0.707107,2.00307e-16
0.02,0.038,0.001,-0.015,-0.00633333,0.000166667,0.707107,-4.32978e-17,0.707107,-4.32978e-17
0.02,0.038,0.001,-0.015,-0.00633333,0.000166667,-0.353553,0.612372,-0.353553,0.612372
0.02,0.038,0.001,-0.015,-0.00633333,0.000166667,0.353553,0.612372,0.353553,0.612372
0.02,0.038,0.001,-0.015,-0.00633333,0.000166667,0.707107,2.00307e-16,0.707107,2.00307e-16
0.02,0.038,0.001,0.015,-0.00633333,0.0005,-0.707107,4.32978e-17,0.707107,-4.32978e-17
0.02,0.038,0.001,0.015,-0.00633333,0.0005,0.353553,-0.612372,-0.353553,0.612372
0.02,0.038,0.001,0.015,-0.00633333,0.0005,-0.353553,-0.612372,0.353553,0.612372
0.02,0.038,0.001,0.015,-0.00633333,0.0005,-0.707107,-2.00307e-16,0.707107,2.00307e-16
0.02,0.038,0.001,-0.015,-0.00633333,0.0005,0.707107,-4.32978e-17,0.707107,-4.32978e-17
0.02,0.038,0.001,-0.015,-0.00633333,0.0005,-0.353553,0.612372,-0.353553,0.612372
0.02,0.038,0.001,-0.015,-0.00633333,0.0005,0.353553,0.612372,0.353553,0.612372
0.02,0.038,0.001,-0.015,-0.00633333,0.0005,0.707107,2.00307e-16,0.707107,2.00307e-16
0.02,0.038,0.001,0.015,0.00633333,-0.0005,-0.707107,4.32978e-17,0.707107,-4.32978e-17
0.02,0.038,0.001,0.015,0.00633333,-0.0005,0.353553,-0.612372,-0.353553,0.612372
0.02,0.038,0.001,0.015,0.00633333,-0.0005,-0.353553,-0.612372,0.353553,0.612372
0.02,0.038,0.001,0.015,0.00633333,-0.0005,-0.707107,-2.00307e-16,0.707107,2.00307e-16
0.02,0.038,0.001,-0.015,0.00633333,-0.0005,0.707107,-4.32978e-17,0.707107,-4.32978e-17
0.02,0.038,0.001,-0.015,0.00633333,-0.0005,-0.353553,0.612372,-0.353553,0.612372
0.02,0.038,0.001,-0.015,0.00633333,-0.0005,0.353553,0.612372,0.353553,0.612372
0.02,0.038,0.001,-0.015,0.00633333,-0.0005,0.707107,2.00307e-16,0.707107,2.00307e-16
0.02,0.038,0.001,0.015,0.00633333,-0.000166667,-0.707107,4.32978e-17,0.707107,-4.32978e-17
0.02,0.038,0.001,0.015,0.00633333,-0.000166667,0.353553,-0.612372,-0.353553,0.612372
0.02,0.038,0.001,0.015,0.00633333,-0.000166667,-0.353553,-0.612372,0.353553,0.612372
0.02,0.038,0.001,0.015,0.00633333,-0.000166667,-0.707107,-2.00307e-16,0.707107,2.00307e-16
0.02,0.038,0.001,-0.015,0.00633333,-0.000166667,0.707107,-4.32978e-17,0.707107,-4.32978e-17
0.02,0.038,0.001,-0.015,0.00633333,-0.000166667,-0.353553,0.612372,-0.353553,0.612372
0.02,0.038,0.001,-0.015,0.00633333,-0.000166667,0.353553,0.612372,0.353553,0.612372
0.02,0.038,0.001,-0.015,0.00633333,-0.000166667,0.707107,2.00307e-16,0.707107,2.00307e-16
0.02,0.038,0.001,0.015,0.00633333,0.000166667,-0.707107,4.32978e-17,0.707107,-4.32978e-17
0.02,0.038,0.001,0.015,0.00633333,0.000166667,0.353553,-0.612372,-0.353553,0.612372
0.02,0.038,0.001,0.015,0.00633333,0.000166667,-0.353553,-0.612372,0.353553,0.612372
0.02,0.038,0.001,0.015,0.00633333,0.000166667,-0.707107,-2.00307e-16,0.707107,2.00307e-16
0.02,0.038,0.001,-0.015,0.00633333,0.000166667,0.707107,-4.32978e-17,0.707107,-4.32978e-17
0.02,0.038,0.001,-0.015,0.00633333,0.000166667,-0.353553,0.612372,-0.353553,0.612372
0.02,0.038,0.001,-0.015,0.00633333,0.000166667,0.353553,0.612372,0.353553,0.612372
0.02,0.038,0.001,-0.015,0.00633333,0.000166667,0.707107,2.00307e-16,0.707107,2.00307e-16
0.02,0.038,0.001,0.015,0.00633333,0.0005,-0.707107,4.32978e-17,0.707107,-4.32978e-17
0.02,0.038,0.001,0.015,0.00633333,0.0005,0.353553,-0.612372,-0.353553,0.612372
0.02,0.038,0.001,0.015,0.00633333,0.0005,-0.353553,-0.612372,0.353553,0.612372
0.02,0.038,0.001,0.015,0.00633333,0.0005,-0.707107,-2.00307e-16,0.707107,2.00307e-16
0.02,0.038,0.001,-0.015,0.00633333,0.0005,0.707107,-4.32978e-17,0.707107,-4.32978e-17
0.02,0.038,0.001,-0.015,0.00633333,0.0005,-0.353553,0.612372,-0.353553,0.612372
0.02,0.038,0.001,-0.015,0.00633333,0.0005,0.353553,0.612372,0.353553,0.612372
0.02,0.038,0.001,-0.015,0.00633333,0.0005,0.707107,2.00307e-16,0.707107,2.00307e-16
0.02,0.038,0.001,0.015,0.019,-0.0005,-0.707107,4.32978e-17,0.707107,-4.32978e-17
0.02,0.038,0.001,0.015,0.019,-0.0005,0.353553,-0.612372,-0.353553,0.612372
0.02,0.038,0.001,0.015,0.019,-0.0005,-0.353553,-0.612372,0.353553,0.612372
0.02,0.038,0.001,0.015,0.019,-0.0005,-0.707107,-2.00307e-16,0.707107,2.00307e-16
0.02,0.038,0.001,-0.015,0.019,-0.0005,0.707107,-4.32978e-17,0.707107,-4.32978e-17
0.02,0.038,0.001,-0.015,0.019,-0.0005,-0.353553,0.612372,-0.353553,0.612372
0.02,0.038,0.001,-0.015,0.019,-0.0005,0.353553,0.612372,0.353553,0.612372
0.02,0.038,0.001,-0.015,0.019,-0.0005,0.707107,2.00307e-16,0.707107,2.00307e-16
0.02,0.038,0.001,0.015,0.019,-0.000166667,-0.707107,4.32978e-17,0.707107,-4.32978e-17
0.02,0.038,0.001,0.015,0.019,-0.000166667,0.353553,-0.612372,-0.353553,0.612372
0.02,0.038,0.001,0.015,0.019,-0.000166667,-0.353553,-0.612372,0.353553,0.612372
0.02,0.038,0.001,0.015,0.019,-0.000166667,-0.707107,-2.00307e-16,0.707107,2.00307e-16
0.02,0.038,0.001,-0.015,0.019,-0.000166667,0.707107,-4.32978e-17,0.707107,-4.32978e-17
0.02,0.038,0.001,-0.015,0.019,-0.000166667,-0.353553,0.612372,-0.353553,0.612372
0.02,0.038,0.001,-0.015,0.019,-0.000166667,0.353553,0.612372,0.353553,0.612372
0.02,0.038,0.001,-0.015,0.019,-0.000166667,0.707107,2.00307e-16,0.707107,2.00307e-16
0.02,0.038,0.001,0.015,0.019,0.000166667,-0.707107,4.32978e-17,0.707107,-4.32978e-17
0.02,0.038,0.001,0.015,0.019,0.000166667,0.353553,-0.612372,-0.353553,0.612372
0.02,0.038,0.001,0.015,0.019,0.000166667,-0.353553,-0.612372,0.353553,0.612372
0.02,0.038,0.001,0.015,0.019,0.000166667,-0.707107,-2.00307e-16,0.707107,2.00307e-16
0.02,0.038,0.001,-0.015,0.019,0.000166667,0.707107,-4.32978e-17,0.707107,-4.32978e-17
0.02,0.038,0.001,-0.015,0.019,0.000166667,-0.353553,0.612372,-0.353553,0.612372
0.02,0.038,0.001,-0.015,0.019,0.000166667,0.353553,0.612372,0.353553,0.612372
0.02,0.038,0.001,-0.015,0.019,0.000166667,0.707107,2.00307e-16,0.707107,2.00307e-16
0.02,0.038,0.001,0.015,0.019,0.0005,-0.707107,4.32978e-17,0.707107,-4.32978e-17
0.02,0.038,0.001,0.015,0.019,0.0005,0.353553,-0.612372,-0.353553,0.612372
0.02,0.038,0.001,0.015,0.019,0.0005,-0.353553,-0.612372,0.353553,0.612372
0.02,0.038,0.001,0.015,0.019,0.0005,-0.707107,-2.00307e-16,0.707107,2.00307e-16
0.02,0.038,0.001,-0.015,0.019,0.0005,0.707107,-4.32978e-17,0.707107,-4.32978e-17
0.02,0.038,0.001,-0.015,0.019,0.0005,-0.353553,0.612372,-0.353553,0.612372
0.02,0.038,0.001,-0.015,0.019,0.0005,0.353553,0.612372,0.353553,0.612372
0.02,0.038,0.001,-0.015,0.019,0.0005,0.707107,2.00307e-16,0.707107,2.00307e-16
0.02,0.038,0.001,-0.01,0.024,-0.0005,-4.32978e-17,-0.707107,0.707107,-4.32978e-17
0.02,0.038,0.001,-0.01,0.024,-0.0005,0.612372,0.353553,-0.353553,0.612373
0.02,0.038,0.001,-0.01,0.024,-0.0005,0.612372,-0.353553,0.353553,0.612373
0.02,0.038,0.001,-0.01,0.024,-0.0005,2.00307e-16,-0.707107,0.707107,2.00307e-16
0.02,0.038,0.001,-0.01,-0.024,-0.0005,4.32978e-17,0.707107,0.707107,-4.32978e-17
0.02,0.038,0.001,-0.01,-0.024,-0.0005,-0.612372,-0.353553,-0.353553,0.612373
0.02,0.038,0.001,-0.01,-0.024,-0.0005,-0.612372,0.353553,0.353553,0.612373
0.02,0.038,0.001,-0.01,-0.024,-0.0005,-2.00307e-16,0.707107,0.707107,2.00307e-16
0.02,0.038,0.001,-0.01,0.024,-0.000166667,-4.32978e-17,-0.707107,0.707107,-4.32978e-17
0.02,0.038,0.001,-0.01,0.024,-0.000166667,0.612372,0.353553,-0.353553,0.612373
0.02,0.038,0.001,-0.01,0.024,-0.000166667,0.612372,-0.353553,0.353553,0.612373
0.02,0.038,0.001,-0.01,0.024,-0.000166667,2.00307e-16,-0.707107,0.707107,2.00307e-16
0.02,0.038,0.001,-0.01,-0.024,-0.000166667,4.32978e-17,0.707107,0.707107,-4.32978e-17
0.02,0.038,0.001,-0.01,-0.024,-0.000166667,-0.612372,-0.353553,-0.353553,0.612373
0.02,0.038,0.001,-0.01,-0.024,-0.000166667,-0.612372,0.353553,0.353553,0.612373
0.02,0.038,0.001,-0.01,-0.024,-0.000166667,-2.00307e-16,0.707107,0.707107,2.00307e-16
0.02,0.038,0.001,-0.01,0.024,0.000166667,-4.32978e-17,-0.707107,0.707107,-4.32978e-17
0.02,0.038,0.001,-0.01,0.024,0.000166667,0.612372,0.353553,-0.353553,0.612373
0.02,0.038,0.001,-0.01,0.024,0.000166667,0.612372,-0.353553,0.353553,0.612373
0.02,0.038,0.001,-0.01,0.024,0.000166667,2.00307e-16,-0.707107,0.707107,2.00307e-16
0.02,0.038,0.001,-0.01,-0.024,0.000166667,4.32978e-17,0.707107,0.707107,-4.32978e-17
0.02,0.038,0.001,-0.01,-0.024,0.000166667,-0.612372,-0.353553,-0.353553,0.612373
0.02,0.038,0.001,-0.01,-0.024,0.000166667,-0.612372,0.353553,0.353553,0.612373
0.02,0.038,0.001,-0.01,-0.024,0.000166667,-2.00307e-16,0.707107,0.707107,2.00307e-16
0.02,0.038,0.001,-0.01,0.024,0.0005,-4.32978e-17,-0.707107,0.707107,-4.32978e-17
0.02,0.038,0.001,-0.01,0.024,0.0005,0.612372,0.353553,-0.353553,0.612373
0.02,0.038,0.001,-0.01,0.024,0.0005,0.612372,-0.353553,0.353553,0.612373
0.02,0.038,0.001,-0.01,0.024,0.0005,2.00307e-16,-0.707107,0.707107,2.00307e-16
0.02,0.038,0.001,-0.01,-0.024,0.0005,4.32978e-17,0.707107,0.707107,-4.32978e-17
0.02,0.038,0.001,-0.01,-0.024,0.0005,-0.612372,-0.353553,-0.353553,0.612373
0.02,0.038,0.001,-0.01,-0.024,0.0005,-0.612372,0.353553,0.353553,0.612373
0.02,0.038,0.001,-0.01,-0.024,0.0005,-2.00307e-16,0.707107,0.707107,2.00307e-16
0.02,0.038,0.001,-0.00333333,0.024,-0.0005,-4.32978e-17,-0.707107,0.707107,-4.32978e-17
0.02,0.038,0.001,-0.00333333,0.024,-0.0005,0.612372,0.353553,-0.353553,0.612373
0.02,0.038,0.001,-0.00333333,0.024,-0.0005,0.612372,-0.353553,0.353553,0.612373
0.02,0.038,0.001,-0.00333333,0.024,-0.0005,2.00307e-16,-0.707107,0.707107,2.00307e-16
0.02,0.038,0.001,-0.00333333,-0.024,-0.0005,4.32978e-17,0.707107,0.707107,-4.32978e-17
0.02,0.038,0.001,-0.00333333,-0.024,-0.0005,-0.612372,-0.353553,-0.353553,0.612373
0.02,0.038,0.001,-0.00333333,-0.024,-0.0005,-0.612372,0.353553,0.353553,0.612373
0.02,0.038,0.001,-0.00333333,-0.024,-0.0005,-2.00307e-16,0.707107,0.707107,2.00307e-16
0.02,0.038,0.001,-0.00333333,0.024,-0.000166667,-4.32978e-17,-0.707107,0.707107,-4.32978e-17
0.02,0.038,0.001,-0.00333333,0.024,-0.000166667,0.612372,0.353553,-0.353553,0.612373
0.02,0.038,0.001,-0.00333333,0.024,-0.000166667,0.612372,-0.353553,0.353553,0.612373
0.02,0.038,0.001,-0.00333333,0.024,-0.000166667,2.00307e-16,-0.707107,0.707107,2.00307e-16
0.02,0.038,0.001,-0.00333333,-0.024,-0.000166667,4.32978e-17,0.707107,0.707107,-4.32978e-17
0.02,0.038,0.001,-0.00333333,-0.024,-0.000166667,-0.612372,-0.353553,-0.353553,0.612373
0.02,0.038,0.001,-0.00333333,-0.024,-0.000166667,-0.612372,0.353553,0.353553,0.612373
0.02,0.038,0.001,-0.00333333,-0.024,-0.000166667,-2.00307e-16,0.707107,0.707107,2.00307e-16
0.02,0.038,0.001,-0.00333333,0.024,0.000166667,-4.32978e-17,-0.707107,0.707107,-4.32978e-17
0.02,0.038,0.001,-0.00333333,0.024,0.000166667,0.612372,0.353553,-0.353553,0.612373
0.02,0.038,0.001,-0.00333333,0.024,0.000166667,0.612372,-0.353553,0.353553,0.612373
0.02,0.038,0.001,-0.00333333,0.024,0.000166667,2.00307e-16,-0.707107,0.707107,2.00307e-16
0.02,0.038,0.001,-0.00333333,-0.024,0.000166667,4.32978e-17,0.707107,0.707107,-4.32978e-17
0.02,0.038,0.001,-0.00333333,-0.024,0.000166667,-0.612372,-0.353553,-0.353553,0.612373
0.02,0.038,0.001,-0.00333333,-0.024,0.000166667,-0.612372,0.353553,0.353553,0.612373
0.02,0.038,0.001,-0.00333333,-0.024,0.000166667,-2.00307e-16,0.707107,0.707107,2.00307e-16
0.02,0.038,0.001,-0.00333333,0.024,0.0005,-4.32978e-17,-0.707107,0.707107,-4.32978e-17
0.02,0.038,0.001,-0.00333333,0.024,0.0005,0.612372,0.353553,-0.353553,0.612373
0.02,0.038,0.001,-0.00333333,0.024,0.0005,0.612372,-0.353553,0.353553,0.612373
0.02,0.038,0.001,-0.00333333,0.024,0.0005,2.00307e-16,-0.707107,0.707107,2.00307e-16
0.02,0.038,0.001,-0.00333333,-0.024,0.0005,4.32978e-17,0.707107,0.707107,-4.32978e-17
0.02,0.038,0.001,-0.00333333,-0.024,0.0005,-0.612372,-0.353553,-0.353553,0.612373
0.02,0.038,0.001,-0.00333333,-0.024,0.0005,-0.612372,0.353553,0.353553,0.612373
0.02,0.038,0.001,-0.00333333,-0.024,0.0005,-2.00307e-16,0.707107,0.707107,2.00307e-16
0.02,0.038,0.001,0.00333333,0.024,-0.0005,-4.32978e-17,-0.707107,0.707107,-4.32978e-17
0.02,0.038,0.001,0.00333333,0.024,-0.0005,0.612372,0.353553,-0.353553,0.612373
0.02,0.038,0.001,0.00333333,0.024,-0.0005,0.612372,-0.353553,0.353553,0.612373
0.02,0.038,0.001,0.00333333,0.024,-0.0005,2.00307e-16,-0.707107,0.707107,2.00307e-16
0.02,0.038,0.001,0.00333333,-0.024,-0.0005,4.32978e-17,0.707107,0.707107,-4.32978e-17
0.02,0.038,0.001,0.00333333,-0.024,-0.0005,-0.612372,-0.353553,-0.353553,0.612373
0.02,0.038,0.001,0.00333333,-0.024,-0.0005,-0.612372,0.353553,0.353553,0.612373
0.02,0.038,0.001,0.00333333,-0.024,-0.0005,-2.00307e-16,0.707107,0.707107,2.00307e-16
0.02,0.038,0.001,0.00333333,0.024,-0.000166667,-4.32978e-17,-0.707107,0.707107,-4.32978e-17
0.02,0.038,0.001,0.00333333,0.024,-0.000166667,0.612372,0.353553,-0.353553,0.612373
0.02,0.038,0.001,0.00333333,0.024,-0.000166667,0.612372,-0.353553,0.353553,0.612373
0.02,0.038,0.001,0.00333333,0.024,-0.000166667,2.00307e-16,-0.707107,0.707107,2.00307e-16
0.02,0.038,0.001,0.00333333,-0.024,-0.000166667,4.32978e-17,0.707107,0.707107,-4.32978e-17
0.02,0.038,0.001,0.00333333,-0.024,-0.000166667,-0.612372,-0.353553,-0.353553,0.612373
0.02,0.038,0.001,0.00333333,-0.024,-0.000166667,-0.612372,0.353553,0.353553,0.612373
0.02,0.038,0.001,0.00333333,-0.024,-0.000166667,-2.00307e-16,0.707107,0.707107,2.00307e-16
0.02,0.038,0.001,0.00333333,0.024,0.000166667,-4.32978e-17,-0.707107,0.707107,-4.32978e-17
0.02,0.038,0.001,0.00333333,0.024,0.000166667,0.612372,0.353553,-0.353553,0.612373
0.02,0.038,0.001,0.00333333,0.024,0.000166667,0.612372,-0.353553,0.353553,0.612373
0.02,0.038,0.001,0.00333333,0.024,0.000166667,2.00307e-16,-0.707107,0.707107,2.00307e-16
0.02,0.038,0.001,0.00333333,-0.024,0.000166667,4.32978e-17,0.707107,0.707107,-4.32978e-17
0.02,0.038,0.001,0.00333333,-0.024,0.000166667,-0.612372,-0.353553,-0.353553,0.612373
0.02,0.038,0.001,0.00333333,-0.024,0.000166667,-0.612372,0.353553,0.353553,0.612373
0.02,0.038,0.001,0.00333333,-0.024,0.000166667,-2.00307e-16,0.707107,0.707107,2.00307e-16
0.02,0.038,0.001,0.00333333,0.024,0.0005,-4.32978e-17,-0.707107,0.707107,-4.32978e-17
0.02,0.038,0.001,0.00333333,0.024,0.0005,0.612372,0.353553,-0.353553,0.612373
0.02,0.038,0.001,0.00333333,0.024,0.0005,0.612372,-0.353553,0.353553,0.612373
0.02,0.038,0.001,0.00333333,0.024,0.0005,2.00307e-16,-0.707107,0.707107,2.00307e-16
0.02,0.038,0.001,0.00333333,-0.024,0.0005,4.32978e-17,0.707107,0.707107,-4.32978e-17
0.02,0.038,0.001,0.00333333,-0.024,0.0005,-0.612372,-0.353553,-0.353553,0.612373
0.02,0.038,0.001,0.00333333,-0.024,0.0005,-0.612372,0.353553,0.353553,0.612373
0.02,0.038,0.001,0.00333333,-0.024,0.0005,-2.00307e-16,0.707107,0.707107,2.00307e-16
0.02,0.038,0.001,-0.01,-0.019,0.0055,6.12323e-17,1,-6.12323e-17,3.7494e-33
0.02,0.038,0.001,-0.01,-0.019,0.0055,0.866025,0.5,-3.06162e-17,5.30288e-17
0.02,0.038,0.001,-0.01,-0.019,0.0055,0.866025,-0.5,3.06162e-17,5.30288e-17
0.02,0.038,0.001,-0.01,-0.019,0.0055,-2.83277e-16,1,-6.12323e-17,-1.73457e-32
0.02,0.038,0.001,-0.01,-0.019,-0.0055,0,0,1,-6.12323e-17
0.02,0.038,0.001,-0.01,-0.019,-0.0055,0,0,-0.5,0.866025
0.02,0.038,0.001,-0.01,-0.019,-0.0055,0,0,0.5,0.866025
0.02,0.038,0.001,-0.01,-0.019,-0.0055,0,0,1,2.83277e-16
0.02,0.038,0.001,-0.01,-0.00633333,0.0055,6.12323e-17,1,-6.12323e-17,3.7494e-33
0.02,0.038,0.001,-0.01,-0.00633333,0.0055,0.866025,0.5,-3.06162e-17,5.30288e-17
0.02,0.038,0.001,-0.01,-0.00633333,0.0055,0.866025,-0.5,3.06162e-17,5.30288e-17
0.02,0.038,0.001,-0.01,-0.00633333,0.0055,-2.83277e-16,1,-6.12323e-17,-1.73457e-32
0.02,0.038,0.001,-0.01,-0.00633333,-0.0055,0,0,1,-6.12323e-17
0.02,0.038,0.001,-0.01,-0.00633333,-0.0055,0,0,-0.5,0.866025
0.02,0.038,0.001,-0.01,-0.00633333,-0.0055,0,0,0.5,0.866025
0.02,0.038,0.001,-0.01,-0.00633333,-0.0055,0,0,1,2.83277e-16
0.02,0.038,0.001,-0.01,0.00633333,0.0055,6.12323e-17,1,-6.12323e-17,3.7494e-33
0.02,0.038,0.001,-0.01,0.00633333,0.0055,0.866025,0.5,-3.06162e-17,5.30288e-17
0.02,0.038,0.001,-0.01,0.00633333,0.0055,0.866025,-0.5,3.06162e-17,5.30288e-17
0.02,0.038,0.001,-0.01,0.00633333,0.0055,-2.83277e-16,1,-6.12323e-17,-1.73457e-32
0.02,0.038,0.001,-0.01,0.00633333,-0.0055,0,0,1,-6.12323e-17
0.02,0.038,0.001,-0.01,0.00633333,-0.0055,0,0,-0.5,0.866025
0.02,0.038,0.001,-0.01,0.00633333,-0.0055,0,0,0.5,0.866025
0.02,0.038,0.001,-0.01,0.00633333,-0.0055,0,0,1,2.83277e-16
0.02,0.038,0.001,-0.01,0.019,0.0055,6.12323e-17,1,-6.12323e-17,3.7494e-33
0.02,0.038,0.001,-0.01,0.019,0.0055,0.866025,0.5,-3.06162e-17,5.30288e-17
0.02,0.038,0.001,-0.01,0.019,0.0055,0.866025,-0.5,3.06162e-17,5.30288e-17
0.02,0.038,0.001,-0.01,0.019,0.0055,-2.83277e-16,1,-6.12323e-17,-1.73457e-32
0.02,0.038,0.001,-0.01,0.019,-0.0055,0,0,1,-6.12323e-17
0.02,0.038,0.001,-0.01,0.019,-0.0055,0,0,-0.5,0.866025
0.02,0.038,0.001,-0.01,0.019,-0.0055,0,0,0.5,0.866025
0.02,0.038,0.001,-0.01,0.019,-0.0055,0,0,1,2.83277e-16
0.02,0.038,0.001,-0.00333333,-0.019,0.0055,6.12323e-17,1,-6.12323e-17,3.7494e-33
0.02,0.038,0.001,-0.00333333,-0.019,0.0055,0.866025,0.5,-3.06162e-17,5.30288e-17
0.02,0.038,0.001,-0.00333333,-0.019,0.0055,0.866025,-0.5,3.06162e-17,5.30288e-17
0.02,0.038,0.001,-0.00333333,-0.019,0.0055,-2.83277e-16,1,-6.12323e-17,-1.73457e-32
0.02,0.038,0.001,-0.00333333,-0.019,-0.0055,0,0,1,-6.12323e-17
0.02,0.038,0.001,-0.00333333,-0.019,-0.0055,0,0,-0.5,0.866025
0.02,0.038,0.001,-0.00333333,-0.019,-0.0055,0,0,0.5,0.866025
0.02,0.038,0.001,-0.00333333,-0.019,-0.0055,0,0,1,2.83277e-16
0.02,0.038,0.001,-0.00333333,-0.00633333,0.0055,6.12323e-17,1,-6.12323e-17,3.7494e-33
0.02,0.038,0.001,-0.00333333,-0.00633333,0.0055,0.866025,0.5,-3.06162e-17,5.30288e-17
0.02,0.038,0.001,-0.00333333,-0.00633333,0.0055,0.866025,-0.5,3.06162e-17,5.30288e-17
0.02,0.038,0.001,-0.00333333,-0.00633333,0.0055,-2.83277e-16,1,-6.12323e-17,-1.73457e-32
0.02,0.038,0.001,-0.00333333,-0.00633333,-0.0055,0,0,1,-6.12323e-17
0.02,0.038,0.001,-0.00333333,-0.00633333,-0.0055,0,0,-0.5,0.866025
0.02,0.038,0.001,-0.00333333,-0.00633333,-0.0055,0,0,0.5,0.866025
0.02,0.038,0.001,-0.00333333,-0.00633333,-0.0055,0,0,1,2.83277e-16
0.02,0.038,0.001,-0.00333333,0.00633333,0.0055,6.12323e-17,1,-6.12323e-17,3.7494e-33
0.02,0.038,0.001,-0.00333333,0.00633333,0.0055,0.866025,0.5,-3.06162e-17,5.30288e-17
0.02,0.038,0.001,-0.00333333,0.00633333,0.0055,0.866025,-0.5,3.06162e-17,5.30288e-17
0.02,0.038,0.001,-0.00333333,0.00633333,0.0055,-2.83277e-16,1,-6.12323e-17,-1.73457e-32
0.02,0.038,0.001,-0.00333333,0.00633333,-0.0055,0,0,1,-6.12323e-17
0.02,0.038,0.001,-0.00333333,0.00633333,-0.0055,0,0,-0.5,0.866025
0.02,0.038,0.001,-0.00333333,0.00633333,-0.0055,0,0,0.5,0.866025
0.02,0.038,0.001,-0.00333333,0.00633333,-0.0055,0,0,1,2.83277e-16
0.02,0.038,0.001,-0.00333333,0.019,0.0055,6.12323e-17,1,-6.12323e-17,3.7494e-33
0.02,0.038,0.001,-0.00333333,0.019,0.0055,0.866025,0.5,-3.06162e-17,5.30288e-17
0.02,0.038,0.001,-0.00333333,0.019,0.0055,0.866025,-0.5,3.06162e-17,5.30288e-17
0.02,0.038,0.001,-0.00333333,0.019,0.0055,-2.83277e-16,1,-6.12323e-17,-1.73457e-32
0.02,0.038,0.001,-0.00333333,0.019,-0.0055,0,0,1,-6.12323e-17
0.02,0.038,0.001,-0.00333333,0.019,-0.0055,0,0,-0.5,0.866025
0.02,0.038,0.001,-0.00333333,0.019,-0.0055,0,0,0.5,0.866025
0.02,0.038,0.001,-0.00333333,0.019,-0.0055,0,0,1,2.83277e-16
0.02,0.038,0.001,0.00333333,-0.019,0.0055,6.12323e-17,1,-6.12323e-17,3.7494e-33
0.02,0.038,0.001,0.00333333,-0.019,0.0055,0.866025,0.5,-3.06162e-17,5.30288e-17
0.02,0.038,0.001,0.00333333,-0.019,0.0055,0.866025,-0.5,3.06162e-17,5.30288e-17
0.02,0.038,0.001,0.00333333,-0.019,0.0055,-2.83277e-16,1,-6.12323e-17,-1.73457e-32
0.02,0.038,0.001,0.00333333,-0.019,-0.0055,0,0,1,-6.12323e-17
0.02,0.038,0.001,0.00333333,-0.019,-0.0055,0,0,-0.5,0.866025
0.02,0.038,0.001,0.00333333,-0.019,-0.0055,0,0,0.5,0.866025
0.02,0.038,0.001,0.00333333,-0.019,-0.0055,0,0,1,2.83277e-16
0.02,0.038,0.001,0.00333333,-0.00633333,0.0055,6.12323e-17,1,-6.12323e-17,3.7494e-33
0.02,0.038,0.001,0.00333333,-0.00633333,0.0055,0.866025,0.5,-3.06162e-17,5.30288e-17
0.02,0.038,0.001,0.00333333,-0.00633333,0.0055,0.866025,-0.5,3.06162e-17,5.30288e-17
0.02,0.038,0.001,0.00333333,-0.00633333,0.0055,-2.83277e-16,1,-6.12323e-17,-1.73457e-32
0.02,0.038,0.001,0.00333333,-0.00633333,-0.0055,0,0,1,-6.12323e-17
0.02,0.038,0.001,0.00333333,-0.00633333,-0.0055,0,0,-0.5,0.866025
0.02,0.038,0.001,0.00333333,-0.00633333,-0.0055,0,0,0.5,0.866025
0.02,0.038,0.001,0.00333333,-0.00633333,-0.0055,0,0,1,2.83277e-16
0.02,0.038,0.001,0.00333333,0.00633333,0.0055,6.12323e-17,1,-6.12323e-17,3.7494e-33
0.02,0.038,0.001,0.00333333,0.00633333,0.0055,0.866025,0.5,-3.06162e-17,5.30288e-17
0.02,0.038,0.001,0.00333333,0.00633333,0.0055,0.866025,-0.5,3.06162e-17,5.30288e-17
0.02,0.038,0.001,0.00333333,0.00633333,0.0055,-2.83277e-16,1,-6.12323e-17,-1.73457e-32
0.02,0.038,0.001,0.00333333,0.00633333,-0.0055,0,0,1,-6.12323e-17
0.02,0.038,0.001,0.00333333,0.00633333,-0.0055,0,0,-0.5,0.866025
0.02,0.038,0.001,0.00333333,0.00633333,-0.0055,0,0,0.5,0.866025
0.02,0.038,0.001,0.00333333,0.00633333,-0.0055,0,0,1,2.83277e-16
0.02,0.038,0.001,0.00333333,0.019,0.0055,6.12323e-17,1,-6.12323e-17,3.7494e-33
0.02,0.038,0.001,0.00333333,0.019,0.0055,0.866025,0.5,-3.06162e-17,5.30288e-17
0.02,0.038,0.001,0.00333333,0.019,0.0055,0.866025,-0.5,3.06162e-17,5.30288e-17
0.02,0.038,0.001,0.00333333,0.019,0.0055,-2.83277e-16,1,-6.12323e-17,-1.73457e-32
0.02,0.038,0.001,0.00333333,0.019,-0.0055,0,0,1,-6.12323e-17
0.02,0.038,0.001,0.00333333,0.019,-0.0055,0,0,-0.5,0.866025
0.02,0.038,0.001,0.00333333,0.019,-0.0055,0,0,0.5,0.866025
0.02,0.038,0.001,0.00333333,0.019,-0.0055,0,0,1,2.83277e-16
0.082,0.058,0.07,0.046,-0.029,-0.035,-0.707107,4.32978e-17,0.707107,-4.32978e-17
0.082,0.058,0.07,0.046,-0.029,-0.035,0.353553,-0.612372,-0.353553,0.612372
0.082,0.058,0.07,0.046,-0.029,-0.035,-0.353553,-0.612372,0.353553,0.612372
0.082,0.058,0.07,0.046,-0.029,-0.035,-0.707107,-2.00307e-16,0.707107,2.00307e-16
0.082,0.058,0.07,-0.046,-0.029,-0.035,0.707107,-4.32978e-17,0.707107,-4.32978e-17
0.082,0.058,0.07,-0.046,-0.029,-0.035,-0.353553,0.612372,-0.353553,0.612372
0.082,0.058,0.07,-0.046,-0.029,-0.035,0.353553,0.612372,0.353553,0.612372
0.082,0.058,0.07,-0.046,-0.029,-0.035,0.707107,2.00307e-16,0.707107,2.00307e-16
0.082,0.058,0.07,0.046,-0.029,-0.0116667,-0.707107,4.32978e-17,0.707107,-4.32978e-17
0.082,0.058,0.07,0.046,-0.029,-0.0116667,0.353553,-0.612372,-0.353553,0.612372
0.082,0.058,0.07,0.046,-0.029,-0.0116667,-0.353553,-0.612372,0.353553,0.612372
0.082,0.058,0.07,0.046,-0.029,-0.0116667,-0.707107,-2.00307e-16,0.707107,2.00307e-16
0.082,0.058,0.07,-0.046,-0.029,-0.0116667,0.707107,-4.32978e-17,0.707107,-4.32978e-17
0.082,0.058,0.07,-0.046,-0.029,-0.0116667,-0.353553,0.612372,-0.353553,0.612372
0.082,0.058,0.07,-0.046,-0.029,-0.0116667,0.353553,0.612372,0.353553,0.612372
0.082,0.058,0.07,-0.046,-0.029,-0.0116667,0.707107,2.00307e-16,0.707107,2.00307e-16
0.082,0.058,0.07,0.046,-0.029,0.0116667,-0.707107,4.32978e-17,0.707107,-4.32978e-17
0.082,0.058,0.07,0.046,-0.029,0.0116667,0.353553,-0.612372,-0.353553,0.612372
0.082,0.058,0.07,0.046,-0.029,0.0116667,-0.353553,-0.612372,0.353553,0.612372
0.082,0.058,0.07,0.046,-0.029,0.0116667,-0.707107,-2.00307e-16,0.707107,2.00307e-16
0.082,0.058,0.07,-0.046,-0.029,0.0116667,0.707107,-4.32978e-17,0.707107,-4.32978e-17
0.082,0.058,0.07,-0.046,-0.029,0.0116667,-0.353553,0.612372,-0.353553,0.612372
0.082,0.058,0.07,-0.046,-0.029,0.0116667,0.353553,0.612372,0.353553,0.612372
0.082,0.058,0.07,-0.046,-0.029,0.0116667,0.707107,2.00307e-16,0.707107,2.00307e-16
0.082,0.058,0.07,0.046,-0.029,0.035,-0.707107,4.32978e-17,0.707107,-4.32978e-17
0.082,0.058,0.07,0.046,-0.029,0.035,0.353553,-0.612372,-0.353553,0.612372
0.082,0.058,0.07,0.046,-0.029,0.035,-0.353553,-0.612372,0.353553,0.612372
0.082,0.058,0.07,0.046,-0.029,0.035,-0.707107,-2.00307e-16,0.707107,2.00307e-16
0.082,0.058,0.07,-0.046,-0.029,0.035,0.707107,-4.32978e-17,0.707107,-4.32978e-17
0.082,0.058,0.07,-0.046,-0.029,0.035,-0.353553,0.612372,-0.353553,0.612372
0.082,0.058,0.07,-0.046,-0.029,0.035,0.353553,0.612372,0.353553,0.612372
0.082,0.058,0.07,-0.046,-0.029,0.035,0.707107,2.00307e-16,0.707107,2.00307e-16
0.082,0.058,0.07,0.046,-0.00966667,-0.035,-0.707107,4.32978e-17,0.707107,-4.32978e-17
0.082,0.058,0.07,0.046,-0.00966667,-0.035,0.353553,-0.612372,-0.353553,0.612372
0.082,0.058,0.07,0.046,-0.00966667,-0.035,-0.353553,-0.612372,0.353553,0.612372
0.082,0.058,0.07,0.046,-0.00966667,-0.035,-0.707107,-2.00307e-16,0.707107,2.00307e-16
0.082,0.058,0.07,-0.046,-0.00966667,-0.035,0.707107,-4.32978e-17,0.707107,-4.32978e-17
0.082,0.058,0.07,-0.046,-0.00966667,-0.035,-0.353553,0.612372,-0.353553,0.612372
0.082,0.058,0.07,-0.046,-0.00966667,-0.035,0.353553,0.612372,0.353553,0.612372
0.082,0.058,0.07,-0.046,-0.00966667,-0.035,0.707107,2.00307e-16,0.707107,2.00307e-16
0.082,0.058,0.07,0.046,-0.00966667,-0.0116667,-0.707107,4.32978e-17,0.707107,-4.32978e-17
0.082,0.058,0.07,0.046,-0.00966667,-0.0116667,0.353553,-0.612372,-0.353553,0.612372
0.082,0.058,0.07,0.046,-0.00966667,-0.0116667,-0.353553,-0.612372,0.353553,0.612372
0.082,0.058,0.07,0.046,-0.00966667,-0.0116667,-0.707107,-2.00307e-16,0.707107,2.00307e-16
0.082,0.058,0.07,-0.046,-0.00966667,-0.0116667,0.707107,-4.32978e-17,0.707107,-4.32978e-17
0.082,0.058,0.07,-0.046,-0.00966667,-0.0116667,-0.353553,0.612372,-0.353553,0.612372
0.082,0.058,0.07,-0.046,-0.00966667,-0.0116667,0.353553,0.612372,0.353553,0.612372
0.082,0.058,0.07,-0.046,-0.00966667,-0.0116667,0.707107,2.00307e-16,0.707107,2.00307e-16
0.082,0.058,0.07,0.046,-0.00966667,0.0116667,-0.707107,4.32978e-17,0.707107,-4.32978e-17
0.082,0.058,0.07,0.046,-0.00966667,0.0116667,0.353553,-0.612372,-0.353553,0.612372
0.082,0.058,0.07,0.046,-0.00966667,0.0116667,-0.353553,-0.612372,0.353553,0.612372
0.082,0.058,0.07,0.046,-0.00966667,0.0116667,-0.707107,-2.00307e-16,0.707107,2.00307e-16
0.082,0.058,0.07,-0.046,-0.00966667,0.0116667,0.707107,-4.32978e-17,0.707107,-4.32978e-17
0.082,0.058,0.07,-0.046,-0.00966667,0.0116667,-0.353553,0.612372,-0.353553,0.612372
0.082,0.058,0.07,-0.046,-0.00966667,0.0116667,0.353553,0.612372,0.353553,0.612372
0.082,0.058,0.07,-0.046,-0.00966667,0.0116667,0.707107,2.00307e-16,0.707107,2.00307e-16
0.082,0.058,0.07,0.046,-0.00966667,0.035,-0.707107,4.32978e-17,0.707107,-4.32978e-17
0.082,0.058,0.07,0.046,-0.00966667,0.035,0.353553,-0.612372,-0.353553,0.612372
0.082,0.058,0.07,0.046,-0.00966667,0.035,-0.353553,-0.612372,0.353553,0.612372
0.082,0.058,0.07,0.046,-0.00966667,0.035,-0.707107,-2.00307e-16,0.707107,2.00307e-16
0.082,0.058,0.07,-0.046,-0.00966667,0.035,0.707107,-4.32978e-17,0.707107,-4.32978e-17
0.082,0.058,0.07,-0.046,-0.00966667,0.035,-0.353553,0.612372,-0.353553,0.612372
0.082,0.058,0.07,-0.046,-0.00966667,0.035,0.353553,0.612372,0.353553,0.612372
0.082,0.058,0.07,-0.046,-0.00966667,0.035,0.707107,2.00307e-16,0.707107,2.00307e-16
0.082,0.058,0.07,0.046,0.00966667,-0.035,-0.707107,4.32978e-17,0.707107,-4.32978e-17
0.082,0.058,0.07,0.046,0.00966667,-0.035,0.353553,-0.612372,-0.353553,0.612372
0.082,0.058,0.07,0.046,0.00966667,-0.035,-0.353553,-0.612372,0.353553,0.612372
0.082,0.058,0.07,0.046,0.00966667,-0.035,-0.707107,-2.00307e-16,0.707107,2.00307e-16
0.082,0.058,0.07,-0.046,0.00966667,-0.035,0.707107,-4.32978e-17,0.707107,-4.32978e-17
0.082,0.058,0.07,-0.046,0.00966667,-0.035,-0.353553,0.612372,-0.353553,0.612372
0.082,0.058,0.07,-0.046,0.00966667,-0.035,0.353553,0.612372,0.353553,0.612372
0.082,0.058,0.07,-0.046,0.00966667,-0.035,0.707107,2.00307e-16,0.707107,2.00307e-16
0.082,0.058,0.07,0.046,0.00966667,-0.0116667,-0.707107,4.32978e-17,0.707107,-4.32978e-17
0.082,0.058,0.07,0.046,0.00966667,-0.0116667,0.353553,-0.612372,-0.353553,0.612372
0.082,0.058,0.07,0.046,0.00966667,-0.0116667,-0.353553,-0.612372,0.353553,0.612372
0.082,0.058,0.07,0.046,0.00966667,-0.0116667,-0.707107,-2.00307e-16,0.707107,2.00307e-16
0.082,0.058,0.07,-0.046,0.00966667,-0.0116667,0.707107,-4.32978e-17,0.707107,-4.32978e-17
0.082,0.058,0.07,-0.046,0.00966667,-0.0116667,-0.353553,0.612372,-0.353553,0.612372
0.082,0.058,0.07,-0.046,0.00966667,-0.0116667,0.353553,0.612372,0.353553,0.612372
0.082,0.058,0.07,-0.046,0.00966667,-0.0116667,0.707107,2.00307e-16,0.707107,2.00307e-16
0.082,0.058,0.07,0.046,0.00966667,0.0116667,-0.707107,4.32978e-17,0.707107,-4.32978e-17
0.082,0.058,0.07,0.046,0.00966667,0.0116667,0.353553,-0.612372,-0.353553,0.612372
0.082,0.058,0.07,0.046,0.00966667,0.0116667,-0.353553,-0.612372,0.353553,0.612372
0.082,0.058,0.07,0.046,0.00966667,0.0116667,-0.707107,-2.00307e-16,0.707107,2.00307e-16
0.082,0.058,0.07,-0.046,0.00966667,0.0116667,0.707107,-4.32978e-17,0.707107,-4.32978e-17
0.082,0.058,0.07,-0.046,0.00966667,0.0116667,-0.353553,0.612372,-0.353553,0.612372
0.082,0.058,0.07,-0.046,0.00966667,0.0116667,0.353553,0.612372,0.353553,0.612372
0.082,0.058,0.07,-0.046,0.00966667,0.0116667,0.707107,2.00307e-16,0.707107,2.00307e-16
0.082,0.058,0.07,0.046,0.00966667,0.035,-0.707107,4.32978e-17,0.707107,-4.32978e-17
0.082,0.058,0.07,0.046,0.00966667,0.035,0.353553,-0.612372,-0.353553,0.612372
0.082,0.058,0.07,0.046,0.00966667,0.035,-0.353553,-0.612372,0.353553,0.612372
0.082,0.058,0.07,0.046,0.00966667,0.035,-0.707107,-2.00307e-16,0.707107,2.00307e-16
0.082,0.058,0.07,-0.046,0.00966667,0.035,0.707107,-4.32978e-17,0.707107,-4.32978e-17
0.082,0.058,0.07,-0.046,0.00966667,0.035,-0.353553,0.612372,-0.353553,0.612372
0.082,0.058,0.07,-0.046,0.00966667,0.035,0.353553,0.612372,0.353553,0.612372
0.082,0.058,0.07,-0.046,0.00966667,0.035,0.707107,2.00307e-16,0.707107,2.00307e-16
0.082,0.058,0.07,0.046,0.029,-0.035,-0.707107,4.32978e-17,0.707107,-4.32978e-17
0.082,0.058,0.07,0.046,0.029,-0.035,0.353553,-0.612372,-0.353553,0.612372
0.082,0.058,0.07,0.046,0.029,-0.035,-0.353553,-0.612372,0.353553,0.612372
0.082,0.058,0.07,0.046,0.029,-0.035,-0.707107,-2.00307e-16,0.707107,2.00307e-16
0.082,0.058,0.07,-0.046,0.029,-0.035,0.707107,-4.32978e-17,0.707107,-4.32978e-17
0.082,0.058,0.07,-0.046,0.029,-0.035,-0.353553,0.612372,-0.353553,0.612372
0.082,0.058,0.07,-0.046,0.029,-0.035,0.353553,0.612372,0.353553,0.612372
0.082,0.058,0.07,-0.046,0.029,-0.035,0.707107,2.00307e-16,0.707107,2.00307e-16
0.082,0.058,0.07,0.046,0.029,-0.0116667,-0.707107,4.32978e-17,0.707107,-4.32978e-17
0.082,0.058,0.07,0.046,0.029,-0.0116667,0.353553,-0.612372,-0.353553,0.612372
0.082,0.058,0.07,0.046,0.029,-0.0116667,-0.353553,-0.612372,0.353553,0.612372
0.082,0.058,0.07,0.046,0.029,-0.0116667,-0.707107,-2.00307e-16,0.707107,2.00307e-16
0.082,0.058,0.07,-0.046,0.029,-0.0116667,0.707107,-4.32978e-17,0.707107,-4.32978e-17
0.082,0.058,0.07,-0.046,0.029,-0.0116667,-0.353553,0.612372,-0.353553,0.612372
0.082,0.058,0.07,-0.046,0.029,-0.0116667,0.353553,0.612372,0.353553,0.612372
0.082,0.058,0.07,-0.046,0.029,-0.0116667,0.707107,2.00307e-16,0.707107,2.00307e-16
0.082,0.058,0.07,0.046,0.029,0.0116667,-0.707107,4.32978e-17,0.707107,-4.32978e-17
0.082,0.058,0.07,0.046,0.029,0.0116667,0.353553,-0.612372,-0.353553,0.612372
0.082,0.058,0.07,0.046,0.029,0.0116667,-0.353553,-0.612372,0.353553,0.612372
0.082,0.058,0.07,0.046,0.029,0.0116667,-0.707107,-2.00307e-16,0.707107,2.00307e-16
0.082,0.058,0.07,-0.046,0.029,0.0116667,0.707107,-4.32978e-17,0.707107,-4.32978e-17
0.082,0.058,0.07,-0.046,0.029,0.0116667,-0.353553,0.612372,-0.353553,0.612372
0.082,0.058,0.07,-0.046,0.029,0.0116667,0.353553,0.612372,0.353553,0.612372
0.082,0.058,0.07,-0.046,0.029,0.0116667,0.707107,2.00307e-16,0.707107,2.00307e-16
0.082,0.058,0.07,0.046,0.029,0.035,-0.707107,4.32978e-17,0.707107,-4.32978e-17
0.082,0.058,0.07,0.046,0.029,0.035,0.353553,-0.612372,-0.353553,0.612372
0.082,0.058,0.07,0.046,0.029,0.035,-0.353553,-0.612372,0.353553,0.612372
0.082,0.058,0.07,0.046,0.029,0.035,-0.707107,-2.00307e-16,0.707107,2.00307e-16
0.082,0.058,0.07,-0.046,0.029,0.035,0.707107,-4.32978e-17,0.707107,-4.32978e-17
0.082,0.058,0.07,-0.046,0.029,0.035,-0.353553,0.612372,-0.353553,0.612372
0.082,0.058,0.07,-0.046,0.029,0.035,0.353553,0.612372,0.353553,0.612372
0.082,0.058,0.07,-0.046,0.029,0.035,0.707107,2.00307e-16,0.707107,2.00307e-16
0.082,0.058,0.07,-0.041,0.034,-0.035,-4.32978e-17,-0.707107,0.707107,-4.32978e-17
0.082,0.058,0.07,-0.041,0.034,-0.035,0.612372,0.353553,-0.353553,0.612373
0.082,0.058,0.07,-0.041,0.034,-0.035,0.612372,-0.353553,0.353553,0.612373
0.082,0.058,0.07,-0.041,0.034,-0.035,2.00307e-16,-0.707107,0.707107,2.00307e-16
0.082,0.058,0.07,-0.041,-0.034,-0.035,4.32978e-17,0.707107,0.707107,-4.32978e-17
0.082,0.058,0.07,-0.041,-0.034,-0.035,-0.612372,-0.353553,-0.353553,0.612373
0.082,0.058,0.07,-0.041,-0.034,-0.035,-0.612372,0.353553,0.353553,0.612373
0.082,0.058,0.07,-0.041,-0.034,-0.035,-2.00307e-16,0.707107,0.707107,2.00307e-16
0.082,0.058,0.07,-0.041,0.034,-0.0116667,-4.32978e-17,-0.707107,0.707107,-4.32978e-17
0.082,0.058,0.07,-0.041,0.034,-0.0116667,0.612372,0.353553,-0.353553,0.612373
0.082,0.058,0.07,-0.041,0.034,-0.0116667,0.612372,-0.353553,0.353553,0.612373
0.082,0.058,0.07,-0.041,0.034,-0.0116667,2.00307e-16,-0.707107,0.707107,2.00307e-16
0.082,0.058,0.07,-0.041,-0.034,-0.0116667,4.32978e-17,0.707107,0.707107,-4.32978e-17
0.082,0.058,0.07,-0.041,-0.034,-0.0116667,-0.612372,-0.353553,-0.353553,0.612373
0.082,0.058,0.07,-0.041,-0.034,-0.0116667,-0.612372,0.353553,0.353553,0.612373
0.082,0.058,0.07,-0.041,-0.034,-0.0116667,-2.00307e-16,0.707107,0.707107,2.00307e-16
0.082,0.058,0.07,-0.041,0.034,0.0116667,-4.32978e-17,-0.707107,0.707107,-4.32978e-17
0.082,0.058,0.07,-0.041,0.034,0.0116667,0.612372,0.353553,-0.353553,0.612373
0.082,0.058,0.07,-0.041,0.034,0.0116667,0.612372,-0.353553,0.353553,0.612373
0.082,0.058,0.07,-0.041,0.034,0.0116667,2.00307e-16,-0.707107,0.707107,2.00307e-16
0.082,0.058,0.07,-0.041,-0.034,0.0116667,4.32978e-17,0.707107,0.707107,-4.32978e-17
0.082,0.058,0.07,-0.041,-0.034,0.0116667,-0.612372,-0.353553,-0.353553,0.612373
0.082,0.058,0.07,-0.041,-0.034,0.0116667,-0.612372,0.353553,0.353553,0.612373
0.082,0.058,0.07,-0.041,-0.034,0.0116667,-2.00307e-16,0.707107,0.707107,2.00307e-16
0.082,0.058,0.07,-0.041,0.034,0.035,-4.32978e-17,-0.707107,0.707107,-4.32978e-17
0.082,0.058,0.07,-0.041,0.034,0.035,0.612372,0.353553,-0.353553,0.612373
0.082,0.058,0.07,-0.041,0.034,0.035,0.612372,-0.353553,0.353553,0.612373
0.082,0.058,0.07,-0.041,0.034,0.035,2.00307e-16,-0.707107,0.707107,2.00307e-16
0.082,0.058,0.07,-0.041,-0.034,0.035,4.32978e-17,0.707107,0.707107,-4.32978e-17
0.082,0.058,0.07,-0.041,-0.034,0.035,-0.612372,-0.353553,-0.353553,0.612373
0.082,0.058,0.07,-0.041,-0.034,0.035,-0.612372,0.353553,0.353553,0.612373
0.082,0.058,0.07,-0.041,-0.034,0.035,-2.00307e-16,0.707107,0.707107,2.00307e-16
0.082,0.058,0.07,-0.0136667,0.034,-0.035,-4.32978e-17,-0.707107,0.707107,-4.32978e-17
0.082,0.058,0.07,-0.0136667,0.034,-0.035,0.612372,0.353553,-0.353553,0.612373
0.082,0.058,0.07,-0.0136667,0.034,-0.035,0.612372,-0.353553,0.353553,0.612373
0.082,0.058,0.07,-0.0136667,0.034,-0.035,2.00307e-16,-0.707107,0.707107,2.00307e-16
0.082,0.058,0.07,-0.0136667,-0.034,-0.035,4.32978e-17,0.707107,0.707107,-4.32978e-17
0.082,0.058,0.07,-0.0136667,-0.034,-0.035,-0.612372,-0.353553,-0.353553,0.612373
0.082,0.058,0.07,-0.0136667,-0.034,-0.035,-0.612372,0.353553,0.353553,0.612373
0.082,0.058,0.07,-0.0136667,-0.034,-0.035,-2.00307e-16,0.707107,0.707107,2.00307e-16
0.082,0.058,0.07,-0.0136667,0.034,-0.0116667,-4.32978e-17,-0.707107,0.707107,-4.32978e-17
0.082,0.058,0.07,-0.0136667,0.034,-0.0116667,0.612372,0.353553,-0.353553,0.612373
0.082,0.058,0.07,-0.0136667,0.034,-0.0116667,0.612372,-0.353553,0.353553,0.612373
0.082,0.058,0.07,-0.0136667,0.034,-0.0116667,2.00307e-16,-0.707107,0.707107,2.00307e-16
0.082,0.058,0.07,-0.0136667,-0.034,-0.0116667,4.32978e-17,0.707107,0.707107,-4.32978e-17
0.082,0.058,0.07,-0.0136667,-0.034,-0.0116667,-0.612372,-0.353553,-0.353553,0.612373
0.082,0.058,0.07,-0.0136667,-0.034,-0.0116667,-0.612372,0.353553,0.353553,0.612373
0.082,0.058,0.07,-0.0136667,-0.034,-0.0116667,-2.00307e-16,0.707107,0.707107,2.00307e-16
0.082,0.058,0.07,-0.0136667,0.034,0.0116667,-4.32978e-17,-0.707107,0.707107,-4.32978e-17
0.082,0.058,0.07,-0.0136667,0.034,0.0116667,0.612372,0.353553,-0.353553,0.612373
0.082,0.058,0.07,-0.0136667,0.034,0.0116667,0.612372,-0.353553,0.353553,0.612373
0.082,0.058,0.07,-0.0136667,0.034,0.0116667,2.00307e-16,-0.707107,0.707107,2.00307e-16
0.082,0.058,0.07,-0.0136667,-0.034,0.0116667,4.32978e-17,0.707107,0.707107,-4.32978e-17
0.082,0.058,0.07,-0.0136667,-0.034,0.0116667,-0.612372,-0.353553,-0.353553,0.612373
0.082,0.058,0.07,-0.0136667,-0.034,0.0116667,-0.612372,0.353553,0.353553,0.612373
0.082,0.058,0.07,-0.0136667,-0.034,0.0116667,-2.00307e-16,0.707107,0.707107,2.00307e-16
0.082,0.058,0.07,-0.0136667,0.034,0.035,-4.32978e-17,-0.707107,0.707107,-4.32978e-17
0.082,0.058,0.07,-0.0136667,0.034,0.035,0.612372,0.353553,-0.353553,0.612373
0.082,0.058,0.07,-0.0136667,0.034,0.035,0.612372,-0.353553,0.353553,0.612373
0.082,0.058,0.07,-0.0136667,0.034,0.035,2.00307e-16,-0.707107,0.707107,2.00307e-16
0.082,0.058,0.07,-0.0136667,-0.034,0.035,4.32978e-17,0.707107,0.707107,-4.32978e-17
0.082,0.058,0.07,-0.0136667,-0.034,0.035,-0.612372,-0.353553,-0.353553,0.612373
0.082,0.058,0.07,-0.0136667,-0.034,0.035,-0.612372,0.353553,0.353553,0.612373
0.082,0.058,0.07,-0.0136667,-0.034,0.035,-2.00307e-16,0.707107,0.707107,2.00307e-16
0.082,0.058,0.07,0.0136667,0.034,-0.035,-4.32978e-17,-0.707107,0.707107,-4.32978e-17
0.082,0.058,0.07,0.0136667,0.034,-0.035,0.612372,0.353553,-0.353553,0.612373
0.082,0.058,0.07,0.0136667,0.034,-0.035,0.612372,-0.353553,0.353553,0.612373
0.082,0.058,0.07,0.0136667,0.034,-0.035,2.00307e-16,-0.707107,0.707107,2.00307e-16
0.082,0.058,0.07,0.0136667,-0.034,-0.035,4.32978e-17,0.707107,0.707107,-4.32978e-17
0.082,0.058,0.07,0.0136667,-0.034,-0.035,-0.612372,-0.353553,-0.353553,0.612373
0.082,0.058,0.07,0.0136667,-0.034,-0.035,-0.612372,0.353553,0.353553,0.612373
0.082,0.058,0.07,0.0136667,-0.034,-0.035,-2.00307e-16,0.707107,0.707107,2.00307e-16
0.082,0.058,0.07,0.0136667,0.034,-0.0116667,-4.32978e-17,-0.707107,0.707107,-4.32978e-17
0.082,0.058,0.07,0.0136667,0.034,-0.0116667,0.612372,0.353553,-0.353553,0.612373
0.082,0.058,0.07,0.0136667,0.034,-0.0116667,0.612372,-0.353553,0.353553,0.612373
0.082,0.058,0.07,0.0136667,0.034,-0.0116667,2.00307e-16,-0.707107,0.707107,2.00307e-16
0.082,0.058,0.07,0.0136667,-0.034,-0.0116667,4.32978e-17,0.707107,0.707107,-4.32978e-17
0.082,0.058,0.07,0.0136667,-0.034,-0.0116667,-0.612372,-0.353553,-0.353553,0.612373
0.082,0.058,0.07,0.0136667,-0.034,-0.0116667,-0.612372,0.353553,0.353553,0.612373
0.082,0.058,0.07,0.0136667,-0.034,-0.0116667,-2.00307e-16,0.707107,0.707107,2.00307e-16
0.082,0.058,0.07,0.0136667,0.034,0.0116667,-4.32978e-17,-0.707107,0.707107,-4.32978e-17
0.082,0.058,0.07,0.0136667,0.034,0.0116667,0.612372,0.353553,-0.353553,0.612373
0.082,0.058,0.07,0.0136667,0.034,0.0116667,0.612372,-0.353553,0.353553,0.612373
0.082,0.058,0.07,0.0136667,0.034,0.0116667,2.00307e-16,-0.707107,0.707107,2.00307e-16
0.082,0.058,0.07,0.0136667,-0.034,0.0116667,4.32978e-17,0.707107,0.707107,-4.32978e-17
0.082,0.058,0.07,0.0136667,-0.034,0.0116667,-0.612372,-0.353553,-0.353553,0.612373
0.082,0.058,0.07,0.0136667,-0.034,0.0116667,-0.612372,0.353553,0.353553,0.612373
0.082,0.058,0.07,0.0136667,-0.034,0.0116667,-2.00307e-16,0.707107,0.707107,2.00307e-16
0.082,0.058,0.07,0.0136667,0.034,0.035,-4.32978e-17,-0.707107,0.707107,-4.32978e-17
0.082,0.058,0.07,0.0136667,0.034,0.035,0.612372,0.353553,-0.353553,0.612373
0.082,0.058,0.07,0.0136667,0.034,0.035,0.612372,-0.353553,0.353553,0.612373
0.082,0.058,0.07,0.0136667,0.034,0.035,2.00307e-16,-0.707107,0.707107,2.00307e-16
0.082,0.058,0.07,0.0136667,-0.034,0.035,4.32978e-17,0.707107,0.707107,-4.32978e-17
0.082,0.058,0.07,0.0136667,-0.034,0.035,-0.612372,-0.353553,-0.353553,0.612373
0.082,0.058,0.07,0.0136667,-0.034,0.035,-0.612372,0.353553,0.353553,0.612373
0.082,0.058,0.07,0.0136667,-0.034,0.035,-2.00307e-16,0.707107,0.707107,2.00307e-16
0.082,0.058,0.07,0.041,0.034,-0.035,-4.32978e-17,-0.707107,0.707107,-4.32978e-17
0.082,0.058,0.07,0.041,0.034,-0.035,0.612372,0.353553,-0.353553,0.612373
0.082,0.058,0.07,0.041,0.034,-0.035,0.612372,-0.353553,0.353553,0.612373
0.082,0.058,0.07,0.041,0.034,-0.035,2.00307e-16,-0.707107,0.707107,2.00307e-16
0.082,0.058,0.07,0.041,-0.034,-0.035,4.32978e-17,0.707107,0.707107,-4.32978e-17
0.082,0.058,0.07,0.041,-0.034,-0.035,-0.612372,-0.353553,-0.353553,0.612373
0.082,0.058,0.07,0.041,-0.034,-0.035,-0.612372,0.353553,0.353553,0.612373
0.082,0.058,0.07,0.041,-0.034,-0.035,-2.00307e-16,0.707107,0.707107,2.00307e-16
0.082,0.058,0.07,0.041,0.034,-0.0116667,-4.32978e-17,-0.707107,0.707107,-4.32978e-17
0.082,0.058,0.07,0.041,0.034,-0.0116667,0.612372,0.353553,-0.353553,0.612373
0.082,0.058,0.07,0.041,0.034,-0.0116667,0.612372,-0.353553,0.353553,0.612373
0.082,0.058,0.07,0.041,0.034,-0.0116667,2.00307e-16,-0.707107,0.707107,2.00307e-16
0.082,0.058,0.07,0.041,-0.034,-0.0116667,4.32978e-17,0.707107,0.707107,-4.32978e-17
0.082,0.058,0.07,0.041,-0.034,-0.0116667,-0.612372,-0.353553,-0.353553,0.612373
0.082,0.058,0.07,0.041,-0.034,-0.0116667,-0.612372,0.353553,0.353553,0.612373
0.082,0.058,0.07,0.041,-0.034,-0.0116667,-2.00307e-16,0.707107,0.707107,2.00307e-16
0.082,0.058,0.07,0.041,0.034,0.0116667,-4.32978e-17,-0.707107,0.707107,-4.32978e-17
0.082,0.058,0.07,0.041,0.034,0.0116667,0.612372,0.353553,-0.353553,0.612373
0.082,0.058,0.07,0.041,0.034,0.0116667,0.612372,-0.353553,0.353553,0.612373
0.082,0.058,0.07,0.041,0.034,0.0116667,2.00307e-16,-0.707107,0.707107,2.00307e-16
0.082,0.058,0.07,0.041,-0.034,0.0116667,4.32978e-17,0.707107,0.707107,-4.32978e-17
0.082,0.058,0.07,0.041,-0.034,0.0116667,-0.612372,-0.353553,-0.353553,0.612373
0.082,0.058,0.07,0.041,-0.034,0.0116667,-0.612372,0.353553,0.353553,0.612373
0.082,0.058,0.07,0.041,-0.034,0.0116667,-2.00307e-16,0.707107,0.707107,2.00307e-16
0.082,0.058,0.07,0.041,0.034,0.035,-4.32978e-17,-0.707107,0.707107,-4.32978e-17
0.082,0.058,0.07,0.041,0.034,0.035,0.612372,0.353553,-0.353553,0.612373
0.082,0.058,0.07,0.041,0.034,0.035,0.612372,-0.353553,0.353553,0.612373
0.082,0.058,0.07,0.041,0.034,0.035,2.00307e-16,-0.707107,0.707107,2.00307e-16
0.082,0.058,0.07,0.041,-0.034,0.035,4.32978e-17,0.707107,0.707107,-4.32978e-17
0.082,0.058,0.07,0.041,-0.034,0.035,-0.612372,-0.353553,-0.353553,0.612373
0.082,0.058,0.07,0.041,-0.034,0.035,-0.612372,0.353553,0.353553,0.612373
0.082,0.058,0.07,0.041,-0.034,0.035,-2.00307e-16,0.707107,0.707107,2.00307e-16
0.082,0.058,0.07,-0.041,-0.029,0.04,6.12323e-17,1,-6.12323e-17,3.7494e-33
0.082,0.058,0.07,-0.041,-0.029,0.04,0.866025,0.5,-3.06162e-17,5.30288e-17
0.082,0.058,0.07,-0.041,-0.029,0.04,0.866025,-0.5,3.06162e-17,5.30288e-17
0.082,0.058,0.07,-0.041,-0.029,0.04,-2.83277e-16,1,-6.12323e-17,-1.73457e-32
0.082,0.058,0.07,-0.041,-0.029,-0.04,0,0,1,-6.12323e-17
0.082,0.058,0.07,-0.041,-0.029,-0.04,0,0,-0.5,0.866025
0.082,0.058,0.07,-0.041,-0.029,-0.04,0,0,0.5,0.866025
0.082,0.058,0.07,-0.041,-0.029,-0.04,0,0,1,2.83277e-16
0.082,0.058,0.07,-0.041,-0.00966667,0.04,6.12323e-17,1,-6.12323e-17,3.7494e-33
0.082,0.058,0.07,-0.041,-0.00966667,0.04,0.866025,0.5,-3.06162e-17,5.30288e-17
0.082,0.058,0.07,-0.041,-0.00966667,0.04,0.866025,-0.5,3.06162e-17,5.30288e-17
0.082,0.058,0.07,-0.041,-0.00966667,0.04,-2.83277e-16,1,-6.12323e-17,-1.73457e-32
0.082,0.058,0.07,-0.041,-0.00966667,-0.04,0,0,1,-6.12323e-17
0.082,0.058,0.07,-0.041,-0.00966667,-0.04,0,0,-0.5,0.866025
0.082,0.058,0.07,-0.041,-0.00966667,-0.04,0,0,0.5,0.866025
0.082,0.058,0.07,-0.041,-0.00966667,-0.04,0,0,1,2.83277e-16
0.082,0.058,0.07,-0.041,0.00966667,0.04,6.12323e-17,1,-6.12323e-17,3.7494e-33
0.082,0.058,0.07,-0.041,0.00966667,0.04,0.866025,0.5,-3.06162e-17,5.30288e-17
0.082,0.058,0.07,-0.041,0.00966667,0.04,0.866025,-0.5,3.06162e-17,5.30288e-17
0.082,0.058,0.07,-0.041,0.00966667,0.04,-2.83277e-16,1,-6.12323e-17,-1.73457e-32
0.082,0.058,0.07,-0.041,0.00966667,-0.04,0,0,1,-6.12323e-17
0.082,0.058,0.07,-0.041,0.00966667,-0.04,0,0,-0.5,0.866025
0.082,0.058,0.07,-0.041,0.00966667,-0.04,0,0,0.5,0.866025
0.082,0.058,0.07,-0.041,0.00966667,-0.04,0,0,1,2.83277e-16
0.082,0.058,0.07,-0.041,0.029,0.04,6.12323e-17,1,-6.12323e-17,3.7494e-33
0.082,0.058,0.07,-0.041,0.029,0.04,0.866025,0.5,-3.06162e-17,5.30288e-17
0.082,0.058,0.07,-0.041,0.029,0.04,0.866025,-0.5,3.06162e-17,5.30288e-17
0.082,0.058,0.07,-0.041,0.029,0.04,-2.83277e-16,1,-6.12323e-17,-1.73457e-32
0.082,0.058,0.07,-0.041,0.029,-0.04,0,0,1,-6.12323e-17
0.082,0.058,0.07,-0.041,0.029,-0.04,0,0,-0.5,0.866025
0.082,0.058,0.07,-0.041,0.029,-0.04,0,0,0.5,0.866025
0.082,0.058,0.07,-0.041,0.029,-0.04,0,0,1,2.83277e-16
0.082,0.058,0.07,-0.0136667,-0.029,0.04,6.12323e-17,1,-6.12323e-17,3.7494e-33
0.082,0.058,0.07,-0.0136667,-0.029,0.04,0.866025,0.5,-3.06162e-17,5.30288e-17
0.082,0.058,0.07,-0.0136667,-0.029,0.04,0.866025,-0.5,3.06162e-17,5.30288e-17
0.082,0.058,0.07,-0.0136667,-0.029,0.04,-2.83277e-16,1,-6.12323e-17,-1.73457e-32
0.082,0.058,0.07,-0.0136667,-0.029,-0.04,0,0,1,-6.12323e-17
0.082,0.058,0.07,-0.0136667,-0.029,-0.04,0,0,-0.5,0.866025
0.082,0.058,0.07,-0.0136667,-0.029,-0.04,0,0,0.5,0.866025
0.082,0.058,0.07,-0.0136667,-0.029,-0.04,0,0,1,2.83277e-16
0.082,0.058,0.07,-0.0136667,-0.00966667,0.04,6.12323e-17,1,-6.12323e-17,3.7494e-33
0.082,0.058,0.07,-0.0136667,-0.00966667,0.04,0.866025,0.5,-3.06162e-17,5.30288e-17
0.082,0.058,0.07,-0.0136667,-0.00966667,0.04,0.866025,-0.5,3.06162e-17,5.30288e-17
0.082,0.058,0.07,-0.0136667,-0.00966667,0.04,-2.83277e-16,1,-6.12323e-17,-1.73457e-32
0.082,0.058,0.07,-0.0136667,-0.00966667,-0.04,0,0,1,-6.12323e-17
0.082,0.058,0.07,-0.0136667,-0.00966667,-0.04,0,0,-0.5,0.866025
0.082,0.058,0.07,-0.0136667,-0.00966667,-0.04,0,0,0.5,0.866025
0.082,0.058,0.07,-0.0136667,-0.00966667,-0.04,0,0,1,2.83277e-16
0.082,0.058,0.07,-0.0136667,0.00966667,0.04,6.12323e-17,1,-6.12323e-17,3.7494e-33
0.082,0.058,0.07,-0.0136667,0.00966667,0.04,0.866025,0.5,-3.06162e-17,5.30288e-17
0.082,0.058,0.07,-0.0136667,0.00966667,0.04,0.866025,-0.5,3.06162e-17,5.30288e-17
0.082,0.058,0.07,-0.0136667,0.00966667,0.04,-2.83277e-16,1,-6.12323e-17,-1.73457e-32
0.082,0.058,0.07,-0.0136667,0.00966667,-0.04,0,0,1,-6.12323e-17
0.082,0.058,0.07,-0.0136667,0.00966667,-0.04,0,0,-0.5,0.866025
0.082,0.058,0.07,-0.0136667,0.00966667,-0.04,0,0,0.5,0.866025
0.082,0.058,0.07,-0.0136667,0.00966667,-0.04,0,0,1,2.83277e-16
0.082,0.058,0.07,-0.0136667,0.029,0.04,6.12323e-17,1,-6.12323e-17,3.7494e-33
0.082,0.058,0.07,-0.0136667,0.029,0.04,0.866025,0.5,-3.06162e-17,5.30288e-17
0.082,0.058,0.07,-0.0136667,0.029,0.04,0.866025,-0.5,3.06162e-17,5.30288e-17
0.082,0.058,0.07,-0.0136667,0.029,0.04,-2.83277e-16,1,-6.12323e-17,-1.73457e-32
0.082,0.058,0.07,-0.0136667,0.029,-0.04,0,0,1,-6.12323e-17
0.082,0.058,0.07,-0.0136667,0.029,-0.04,0,0,-0.5,0.866025
0.082,0.058,0.07,-0.0136667,0.029,-0.04,0,0,0.5,0.866025
0.082,0.058,0.07,-0.0136667,0.029,-0.04,0,0,1,2.83277e-16
0.082,0.058,0.07,0.0136667,-0.029,0.04,6.12323e-17,1,-6.12323e-17,3.7494e-33
0.082,0.058,0.07,0.0136667,-0.029,0.04,0.866025,0.5,-3.06162e-17,5.30288e-17
0.082,0.058,0.07,0.0136667,-0.029,0.04,0.866025,-0.5,3.06162e-17,5.30288e-17
0.082,0.058,0.07,0.0136667,-0.029,0.04,-2.83277e-16,1,-6.12323e-17,-1.73457e-32
0.082,0.058,0.07,0.0136667,-0.029,-0.04,0,0,1,-6.12323e-17
0.082,0.058,0.07,0.0136667,-0.029,-0.04,0,0,-0.5,0.866025
0.082,0.058,0.07,0.0136667,-0.029,-0.04,0,0,0.5,0.866025
0.082,0.058,0.07,0.0136667,-0.029,-0.04,0,0,1,2.83277e-16
0.082,0.058,0.07,0.0136667,-0.00966667,0.04,6.12323e-17,1,-6.12323e-17,3.7494e-33
0.082,0.058,0.07,0.0136667,-0.00966667,0.04,0.866025,0.5,-3.06162e-17,5.30288e-17
0.082,0.058,0.07,0.0136667,-0.00966667,0.04,0.866025,-0.5,3.06162e-17,5.30288e-17
0.082,0.058,0.07,0.0136667,-0.00966667,0.04,-2.83277e-16,1,-6.12323e-17,-1.73457e-32
0.082,0.058,0.07,0.0136667,-0.00966667,-0.04,0,0,1,-6.12323e-17
0.082,0.058,0.07,0.0136667,-0.00966667,-0.04,0,0,-0.5,0.866025
0.082,0.058,0.07,0.0136667,-0.00966667,-0.04,0,0,0.5,0.866025
0.082,0.058,0.07,0.0136667,-0.00966667,-0.04,0,0,1,2.83277e-16
0.082,0.058,0.07,0.0136667,0.00966667,0.04,6.12323e-17,1,-6.12323e-17,3.7494e-33
0.082,0.058,0.07,0.0136667,0.00966667,0.04,0.866025,0.5,-3.06162e-17,5.30288e-17
0.082,0.058,0.07,0.0136667,0.00966667,0.04,0.866025,-0.5,3.06162e-17,5.30288e-17
0.082,0.058,0.07,0.0136667,0.00966667,0.04,-2.83277e-16,1,-6.12323e-17,-1.73457e-32
0.082,0.058,0.07,0.0136667,0.00966667,-0.04,0,0,1,-6.12323e-17
0.082,0.058,0.07,0.0136667,0.00966667,-0.04,0,0,-0.5,0.866025
0.082,0.058,0.07,0.0136667,0.00966667,-0.04,0,0,0.5,0.866025
0.082,0.058,0.07,0.0136667,0.00966667,-0.04,0,0,1,2.83277e-16
0.082,0.058,0.07,0.0136667,0.029,0.04,6.12323e-17,1,-6.12323e-17,3.7494e-33
0.082,0.058,0.07,0.0136667,0.029,0.04,0.866025,0.5,-3.06162e-17,5.30288e-17
0.082,0.058,0.07,0.0136667,0.029,0.04,0.866025,-0.5,3.06162e-17,5.30288e-17
0.082,0.058,0.07,0.0136667,0.029,0.04,-2.83277e-16,1,-6.12323e-17,-1.73457e-32
0.082,0.058,0.07,0.0136667,0.029,-0.04,0,0,1,-6.12323e-17
0.082,0.058,0.07,0.0136667,0.029,-0.04,0,0,-0.5,0.866025
0.082,0.058,0.07,0.0136667,0.029,-0.04,0,0,0.5,0.866025
0.082,0.058,0.07,0.0136667,0.029,-0.04,0,0,1,2.83277e-16
0.082,0.058,0.07,0.041,-0.029,0.04,6.12323e-17,1,-6.12323e-17,3.7494e-33
0.082,0.058,0.07,0.041,-0.029,0.04,0.866025,0.5,-3.06162e-17,5.30288e-17
0.082,0.058,0.07,0.041,-0.029,0.04,0.866025,-0.5,3.06162e-17,5.30288e-17
0.082,0.058,0.07,0.041,-0.029,0.04,-2.83277e-16,1,-6.12323e-17,-1.73457e-32
0.082,0.058,0.07,0.041,-0.029,-0.04,0,0,1,-6.12323e-17
0.082,0.058,0.07,0.041,-0.029,-0.04,0,0,-0.5,0.866025
0.082,0.058,0.07,0.041,-0.029,-0.04,0,0,0.5,0.866025
0.082,0.058,0.07,0.041,-0.029,-0.04,0,0,1,2.83277e-16
0.082,0.058,0.07,0.041,-0.00966667,0.04,6.12323e-17,1,-6.12323e-17,3.7494e-33
0.082,0.058,0.07,0.041,-0.00966667,0.04,0.866025,0.5,-3.06162e-17,5.30288e-17
0.082,0.058,0.07,0.041,-0.00966667,0.04,0.866025,-0.5,3.06162e-17,5.30288e-17
0.082,0.058,0.07,0.041,-0.00966667,0.04,-2.83277e-16,1,-6.12323e-17,-1.73457e-32
0.082,0.058,0.07,0.041,-0.00966667,-0.04,0,0,1,-6.12323e-17
0.082,0.058,0.07,0.041,-0.00966667,-0.04,0,0,-0.5,0.866025
0.082,0.058,0.07,0.041,-0.00966667,-0.04,0,0,0.5,0.866025
0.082,0.058,0.07,0.041,-0.00966667,-0.04,0,0,1,2.83277e-16
0.082,0.058,0.07,0.041,0.00966667,0.04,6.12323e-17,1,-6.12323e-17,3.7494e-33
0.082,0.058,0.07,0.041,0.00966667,0.04,0.866025,0.5,-3.06162e-17,5.30288e-17
0.082,0.058,0.07,0.041,0.00966667,0.04,0.866025,-0.5,3.06162e-17,5.30288e-17
0.082,0.058,0.07,0.041,0.00966667,0.04,-2.83277e-16,1,-6.12323e-17,-1.73457e-32
0.082,0.058,0.07,0.041,0.00966667,-0.04,0,0,1,-6.12323e-17
0.082,0.058,0.07,0.041,0.00966667,-0.04,0,0,-0.5,0.866025
0.082,0.058,0.07,0.041,0.00966667,-0.04,0,0,0.5,0.866025
0.082,0.058,0.07,0.041,0.00966667,-0.04,0,0,1,2.83277e-16
0.082,0.058,0.07,0.041,0.029,0.04,6.12323e-17,1,-6.12323e-17,3.7494e-33
0.082,0.058,0.07,0.041,0.029,0.04,0.866025,0.5,-3.06162e-17,5.30288e-17
0.082,0.058,0.07,0.041,0.029,0.04,0.866025,-0.5,3.06162e-17,5.30288e-17
0.082,0.058,0.07,0.041,0.029,0.04,-2.83277e-16,1,-6.12323e-17,-1.73457e-32
0.082,0.058,0.07,0.041,0.029,-0.04,0,0,1,-6.12323e-17
0.082,0.058,0.07,0.041,0.029,-0.04,0,0,-0.5,0.866025
0.082,0.058,0.07,0.041,0.029,-0.04,0,0,0.5,0.866025
0.082,0.058,0.07,0.041,0.029,-0.04,0,0,1,2.83277e-16
0.006,0.029,0.068,0.008,-0.0145,-0.034,-0.707107,4.32978e-17,0.707107,-4.32978e-17
0.006,0.029,0.068,0.008,-0.0145,-0.034,0.353553,-0.612372,-0.353553,0.612372
0.006,0.029,0.068,0.008,-0.0145,-0.034,-0.353553,-0.612372,0.353553,0.612372
0.006,0.029,0.068,0.008,-0.0145,-0.034,-0.707107,-2.00307e-16,0.707107,2.00307e-16
0.006,0.029,0.068,-0.008,-0.0145,-0.034,0.707107,-4.32978e-17,0.707107,-4.32978e-17
0.006,0.029,0.068,-0.008,-0.0145,-0.034,-0.353553,0.612372,-0.353553,0.612372
0.006,0.029,0.068,-0.008,-0.0145,-0.034,0.353553,0.612372,0.353553,0.612372
0.006,0.029,0.068,-0.008,-0.0145,-0.034,0.707107,2.00307e-16,0.707107,2.00307e-16
0.006,0.029,0.068,0.008,-0.0145,-0.0113333,-0.707107,4.32978e-17,0.707107,-4.32978e-17
0.006,0.029,0.068,0.008,-0.0145,-0.0113333,0.353553,-0.612372,-0.353553,0.612372
0.006,0.029,0.068,0.008,-0.0145,-0.0113333,-0.353553,-0.612372,0.353553,0.612372
0.006,0.029,0.068,0.008,-0.0145,-0.0113333,-0.707107,-2.00307e-16,0.707107,2.00307e-16
0.006,0.029,0.068,-0.008,-0.0145,-0.0113333,0.707107,-4.32978e-17,0.707107,-4.32978e-17
0.006,0.029,0.068,-0.008,-0.0145,-0.0113333,-0.353553,0.612372,-0.353553,0.612372
0.006,0.029,0.068,-0.008,-0.0145,-0.0113333,0.353553,0.612372,0.353553,0.612372
0.006,0.029,0.068,-0.008,-0.0145,-0.0113333,0.707107,2.00307e-16,0.707107,2.00307e-16
0.006,0.029,0.068,0.008,-0.0145,0.0113333,-0.707107,4.32978e-17,0.707107,-4.32978e-17
0.006,0.029,0.068,0.008,-0.0145,0.0113333,0.353553,-0.612372,-0.353553,0.612372
0.006,0.029,0.068,0.008,-0.0145,0.0113333,-0.353553,-0.612372,0.353553,0.612372
0.006,0.029,0.068,0.008,-0.0145,0.0113333,-0.707107,-2.00307e-16,0.707107,2.00307e-16
0.006,0.029,0.068,-0.008,-0.0145,0.0113333,0.707107,-4.32978e-17,0.707107,-4.32978e-17
0.006,0.029,0.068,-0.008,-0.0145,0.0113333,-0.353553,0.612372,-0.353553,0.612372
0.006,0.029,0.068,-0.008,-0.0145,0.0113333,0.353553,0.612372,0.353553,0.612372
0.006,0.029,0.068,-0.008,-0.0145,0.0113333,0.707107,2.00307e-16,0.707107,2.00307e-16
0.006,0.029,0.068,0.008,-0.0145,0.034,-0.707107,4.32978e-17,0.707107,-4.32978e-17
0.006,0.029,0.068,0.008,-0.0145,0.034,0.353553,-0.612372,-0.353553,0.612372
0.006,0.029,0.068,0.008,-0.0145,0.034,-0.353553,-0.612372,0.353553,0.612372
0.006,0.029,0.068,0.008,-0.0145,0.034,-0.707107,-2.00307e-16,0.707107,2.00307e-16
0.006,0.029,0.068,-0.008,-0.0145,0.034,0.707107,-4.32978e-17,0.707107,-4.32978e-17
0.006,0.029,0.068,-0.008,-0.0145,0.034,-0.353553,0.612372,-0.353553,0.612372
0.006,0.029,0.068,-0.008,-0.0145,0.034,0.353553,0.612372,0.353553,0.612372
0.006,0.029,0.068,-0.008,-0.0145,0.034,0.707107,2.00307e-16,0.707107,2.00307e-16
0.006,0.029,0.068,0.008,-0.00483333,-0.034,-0.707107,4.32978e-17,0.707107,-4.32978e-17
0.006,0.029,0.068,0.008,-0.00483333,-0.034,0.353553,-0.612372,-0.353553,0.612372
0.006,0.029,0.068,0.008,-0.00483333,-0.034,-0.353553,-0.612372,0.353553,0.612372
0.006,0.029,0.068,0.008,-0.00483333,-0.034,-0.707107,-2.00307e-16,0.707107,2.00307e-16
0.006,0.029,0.068,-0.008,-0.00483333,-0.034,0.707107,-4.32978e-17,0.707107,-4.32978e-17
0.006,0.029,0.068,-0.008,-0.00483333,-0.034,-0.353553,0.612372,-0.353553,0.612372
0.006,0.029,0.068,-0.008,-0.00483333,-0.034,0.353553,0.612372,0.353553,0.612372
0.006,0.029,0.068,-0.008,-0.00483333,-0.034,0.707107,2.00307e-16,0.707107,2.00307e-16
0.006,0.029,0.068,0.008,-0.00483333,-0.0113333,-0.707107,4.32978e-17,0.707107,-4.32978e-17
0.006,0.029,0.068,0.008,-0.00483333,-0.0113333,0.353553,-0.612372,-0.353553,0.612372
0.006,0.029,0.068,0.008,-0.00483333,-0.0113333,-0.353553,-0.612372,0.353553,0.612372
0.006,0.029,0.068,0.008,-0.00483333,-0.0113333,-0.707107,-2.00307e-16,0.707107,2.00307e-16
0.006,0.029,0.068,-0.008,-0.00483333,-0.0113333,0.707107,-4.32978e-17,0.707107,-4.32978e-17
0.006,0.029,0.068,-0.008,-0.00483333,-0.0113333,-0.353553,0.612372,-0.353553,0.612372
0.006,0.029,0.068,-0.008,-0.00483333,-0.0113333,0.353553,0.612372,0.353553,0.612372
0.006,0.029,0.068,-0.008,-0.00483333,-0.0113333,0.707107,2.00307e-16,0.707107,2.00307e-16
0.006,0.029,0.068,0.008,-0.00483333,0.0113333,-0.707107,4.32978e-17,0.707107,-4.32978e-17
0.006,0.029,0.068,0.008,-0.00483333,0.0113333,0.353553,-0.612372,-0.353553,0.612372
0.006,0.029,0.068,0.008,-0.00483333,0.0113333,-0.353553,-0.612372,0.353553,0.612372
0.006,0.029,0.068,0.008,-0.00483333,0.0113333,-0.707107,-2.00307e-16,0.707107,2.00307e-16
0.006,0.029,0.068,-0.008,-0.00483333,0.0113333,0.707107,-4.32978e-17,0.707107,-4.32978e-17
0.006,0.029,0.068,-0.008,-0.00483333,0.0113333,-0.353553,0.612372,-0.353553,0.612372
0.006,0.029,0.068,-0.008,-0.00483333,0.0113333,0.353553,0.612372,0.353553,0.612372
0.006,0.029,0.068,-0.008,-0.00483333,0.0113333,0.707107,2.00307e-16,0.707107,2.00307e-16
0.006,0.029,0.068,0.008,-0.00483333,0.034,-0.707107,4.32978e-17,0.707107,-4.32978e-17
0.006,0.029,0.068,0.008,-0.00483333,0.034,0.353553,-0.612372,-0.353553,0.612372
0.006,0.029,0.068,0.008,-0.00483333,0.034,-0.353553,-0.612372,0.353553,0.612372
0.006,0.029,0.068,0.008,-0.00483333,0.034,-0.707107,-2.00307e-16,0.707107,2.00307e-16
0.006,0.029,0.068,-0.008,-0.00483333,0.034,0.707107,-4.32978e-17,0.707107,-4.32978e-17
0.006,0.029,0.068,-0.008,-0.00483333,0.034,-0.353553,0.612372,-0.353553,0.612372
0.006,0.029,0.068,-0.008,-0.00483333,0.034,0.353553,0.612372,0.353553,0.612372
0.006,0.029,0.068,-0.008,-0.00483333,0.034,0.707107,2.00307e-16,0.707107,2.00307e-16
0.006,0.029,0.068,0.008,0.00483333,-0.034,-0.707107,4.32978e-17,0.707107,-4.32978e-17
0.006,0.029,0.068,0.008,0.00483333,-0.034,0.353553,-0.612372,-0.353553,0.612372
0.006,0.029,0.068,0.008,0.00483333,-0.034,-0.353553,-0.612372,0.353553,0.612372
0.006,0.029,0.068,0.008,0.00483333,-0.034,-0.707107,-2.00307e-16,0.707107,2.00307e-16
0.006,0.029,0.068,-0.008,0.00483333,-0.034,0.707107,-4.32978e-17,0.707107,-4.32978e-17
0.006,0.029,0.068,-0.008,0.00483333,-0.034,-0.353553,0.612372,-0.353553,0.612372
0.006,0.029,0.068,-0.008,0.00483333,-0.034,0.353553,0.612372,0.353553,0.612372
0.006,0.029,0.068,-0.008,0.00483333,-0.034,0.707107,2.00307e-16,0.707107,2.00307e-16
0.006,0.029,0.068,0.008,0.00483333,-0.0113333,-0.707107,4.32978e-17,0.707107,-4.32978e-17
0.006,0.029,0.068,0.008,0.00483333,-0.0113333,0.353553,-0.612372,-0.353553,0.612372
0.006,0.029,0.068,0.008,0.00483333,-0.0113333,-0.353553,-0.612372,0.353553,0.612372
0.006,0.029,0.068,0.008,0.00483333,-0.0113333,-0.707107,-2.00307e-16,0.707107,2.00307e-16
0.006,0.029,0.068,-0.008,0.00483333,-0.0113333,0.707107,-4.32978e-17,0.707107,-4.32978e-17
0.006,0.029,0.068,-0.008,0.00483333,-0.0113333,-0.353553,0.612372,-0.353553,0.612372
0.006,0.029,0.068,-0.008,0.00483333,-0.0113333,0.353553,0.612372,0.353553,0.612372
0.006,0.029,0.068,-0.008,0.00483333,-0.0113333,0.707107,2.00307e-16,0.707107,2.00307e-16
0.006,0.029,0.068,0.008,0.00483333,0.0113333,-0.707107,4.32978e-17,0.707107,-4.32978e-17
0.006,0.029,0.068,0.008,0.00483333,0.0113333,0.353553,-0.612372,-0.353553,0.612372
0.006,0.029,0.068,0.008,0.00483333,0.0113333,-0.353553,-0.612372,0.353553,0.612372
0.006,0.029,0.068,0.008,0.00483333,0.0113333,-0.707107,-2.00307e-16,0.707107,2.00307e-16
0.006,0.029,0.068,-0.008,0.00483333,0.0113333,0.707107,-4.32978e-17,0.707107,-4.32978e-17
0.006,0.029,0.068,-0.008,0.00483333,0.0113333,-0.353553,0.612372,-0.353553,0.612372
0.006,0.029,0.068,-0.008,0.00483333,0.0113333,0.353553,0.612372,0.353553,0.612372
0.006,0.029,0.068,-0.008,0.00483333,0.0113333,0.707107,2.00307e-16,0.707107,2.00307e-16
0.006,0.029,0.068,0.008,0.00483333,0.034,-0.707107,4.32978e-17,0.707107,-4.32978e-17
0.006,0.029,0.068,0.008,0.00483333,0.034,0.353553,-0.612372,-0.353553,0.612372
0.006,0.029,0.068,0.008,0.00483333,0.034,-0.353553,-0.612372,0.353553,0.612372
0.006,0.029,0.068,0.008,0.00483333,0.034,-0.707107,-2.00307e-16,0.707107,2.00307e-16
0.006,0.029,0.068,-0.008,0.00483333,0.034,0.707107,-4.32978e-17,0.707107,-4.32978e-17
0.006,0.029,0.068,-0.008,0.00483333,0.034,-0.353553,0.612372,-0.353553,0.612372
0.006,0.029,0.068,-0.008,0.00483333,0.034,0.353553,0.612372,0.353553,0.612372
0.006,0.029,0.068,-0.008,0.00483333,0.034,0.707107,2.00307e-16,0.707107,2.00307e-16
0.006,0.029,0.068,0.008,0.0145,-0.034,-0.707107,4.32978e-17,0.707107,-4.32978e-17
0.006,0.029,0.068,0.008,0.0145,-0.034,0.353553,-0.612372,-0.353553,0.612372
0.006,0.029,0.068,0.008,0.0145,-0.034,-0.353553,-0.612372,0.353553,0.612372
0.006,0.029,0.068,0.008,0.0145,-0.034,-0.707107,-2.00307e-16,0.707107,2.00307e-16
0.006,0.029,0.068,-0.008,0.0145,-0.034,0.707107,-4.32978e-17,0.707107,-4.32978e-17
0.006,0.029,0.068,-0.008,0.0145,-0.034,-0.353553,0.612372,-0.353553,0.612372
0.006,0.029,0.068,-0.008,0.0145,-0.034,0.353553,0.612372,0.353553,0.612372
0.006,0.029,0.068,-0.008,0.0145,-0.034,0.707107,2.00307e-16,0.707107,2.00307e-16
0.006,0.029,0.068,0.008,0.0145,-0.0113333,-0.707107,4.32978e-17,0.707107,-4.32978e-17
0.006,0.029,0.068,0.008,0.0145,-0.0113333,0.353553,-0.612372,-0.353553,0.612372
0.006,0.029,0.068,0.008,0.0145,-0.0113333,-0.353553,-0.612372,0.353553,0.612372
0.006,0.029,0.068,0.008,0.0145,-0.0113333,-0.707107,-2.00307e-16,0.707107,2.00307e-16
0.006,0.029,0.068,-0.008,0.0145,-0.0113333,0.707107,-4.32978e-17,0.707107,-4.32978e-17
0.006,0.029,0.068,-0.008,0.0145,-0.0113333,-0.353553,0.612372,-0.353553,0.612372
0.006,0.029,0.068,-0.008,0.0145,-0.0113333,0.353553,0.612372,0.353553,0.612372
0.006,0.029,0.068,-0.008,0.0145,-0.0113333,0.707107,2.00307e-16,0.707107,2.00307e-16
0.006,0.029,0.068,0.008,0.0145,0.0113333,-0.707107,4.32978e-17,0.707107,-4.32978e-17
0.006,0.029,0.068,0.008,0.0145,0.0113333,0.353553,-0.612372,-0.353553,0.612372
0.006,0.029,0.068,0.008,0.0145,0.0113333,-0.353553,-0.612372,0.353553,0.612372
0.006,0.029,0.068,0.008,0.0145,0.0113333,-0.707107,-2.00307e-16,0.707107,2.00307e-16
0.006,0.029,0.068,-0.008,0.0145,0.0113333,0.707107,-4.32978e-17,0.707107,-4.32978e-17
0.006,0.029,0.068,-0.008,0.0145,0.0113333,-0.353553,0.612372,-0.353553,0.612372
0.006,0.029,0.068,-0.008,0.0145,0.0113333,0.353553,0.612372,0.353553,0.612372
0.006,0.029,0.068,-0.008,0.0145,0.0113333,0.707107,2.00307e-16,0.707107,2.00307e-16
0.006,0.029,0.068,0.008,0.0145,0.034,-0.707107,4.32978e-17,0.707107,-4.32978e-17
0.006,0.029,0.068,0.008,0.0145,0.034,0.353553,-0.612372,-0.353553,0.612372
0.006,0.029,0.068,0.008,0.0145,0.034,-0.353553,-0.612372,0.353553,0.612372
0.006,0.029,0.068,0.008,0.0145,0.034,-0.707107,-2.00307e-16,0.707107,2.00307e-16
0.006,0.029,0.068,-0.008,0.0145,0.034,0.707107,-4.32978e-17,0.707107,-4.32978e-17
0.006,0.029,0.068,-0.008,0.0145,0.034,-0.353553,0.612372,-0.353553,0.612372
0.006,0.029,0.068,-0.008,0.0145,0.034,0.353553,0.612372,0.353553,0.612372
0.006,0.029,0.068,-0.008,0.0145,0.034,0.707107,2.00307e-16,0.707107,2.00307e-16
0.006,0.029,0.068,-0.003,0.0195,-0.034,-4.32978e-17,-0.707107,0.707107,-4.32978e-17
0.006,0.029,0.068,-0.003,0.0195,-0.034,0.612372,0.353553,-0.353553,0.612373
0.006,0.029,0.068,-0.003,0.0195,-0.034,0.612372,-0.353553,0.353553,0.612373
0.006,0.029,0.068,-0.003,0.0195,-0.034,2.00307e-16,-0.707107,0.707107,2.00307e-16
0.006,0.029,0.068,-0.003,-0.0195,-0.034,4.32978e-17,0.707107,0.707107,-4.32978e-17
0.006,0.029,0.068,-0.003,-0.0195,-0.034,-0.612372,-0.353553,-0.353553,0.612373
0.006,0.029,0.068,-0.003,-0.0195,-0.034,-0.612372,0.353553,0.353553,0.612373
0.006,0.029,0.068,-0.003,-0.0195,-0.034,-2.00307e-16,0.707107,0.707107,2.00307e-16
0.006,0.029,0.068,-0.003,0.0195,-0.0113333,-4.32978e-17,-0.707107,0.707107,-4.32978e-17
0.006,0.029,0.068,-0.003,0.0195,-0.0113333,0.612372,0.353553,-0.353553,0.612373
0.006,0.029,0.068,-0.003,0.0195,-0.0113333,0.612372,-0.353553,0.353553,0.612373
0.006,0.029,0.068,-0.003,0.0195,-0.0113333,2.00307e-16,-0.707107,0.707107,2.00307e-16
0.006,0.029,0.068,-0.003,-0.0195,-0.0113333,4.32978e-17,0.707107,0.707107,-4.32978e-17
0.006,0.029,0.068,-0.003,-0.0195,-0.0113333,-0.612372,-0.353553,-0.353553,0.612373
0.006,0.029,0.068,-0.003,-0.0195,-0.0113333,-0.612372,0.353553,0.353553,0.612373
0.006,0.029,0.068,-0.003,-0.0195,-0.0113333,-2.00307e-16,0.707107,0.707107,2.00307e-16
0.006,0.029,0.068,-0.003,0.0195,0.0113333,-4.32978e-17,-0.707107,0.707107,-4.32978e-17
0.006,0.029,0.068,-0.003,0.0195,0.0113333,0.612372,0.353553,-0.353553,0.612373
0.006,0.029,0.068,-0.003,0.0195,0.0113333,0.612372,-0.353553,0.353553,0.612373
0.006,0.029,0.068,-0.003,0.0195,0.0113333,2.00307e-16,-0.707107,0.707107,2.00307e-16
0.006,0.029,0.068,-0.003,-0.0195,0.0113333,4.32978e-17,0.707107,0.707107,-4.32978e-17
0.006,0.029,0.068,-0.003,-0.0195,0.0113333,-0.612372,-0.353553,-0.353553,0.612373
0.006,0.029,0.068,-0.003,-0.0195,0.0113333,-0.612372,0.353553,0.353553,0.612373
0.006,0.029,0.068,-0.003,-0.0195,0.0113333,-2.00307e-16,0.707107,0.707107,2.00307e-16
0.006,0.029,0.068,-0.003,0.0195,0.034,-4.32978e-17,-0.707107,0.707107,-4.32978e-17
0.006,0.029,0.068,-0.003,0.0195,0.034,0.612372,0.353553,-0.353553,0.612373
0.006,0.029,0.068,-0.003,0.0195,0.034,0.612372,-0.353553,0.353553,0.612373
0.006,0.029,0.068,-0.003,0.0195,0.034,2.00307e-16,-0.707107,0.707107,2.00307e-16
0.006,0.029,0.068,-0.003,-0.0195,0.034,4.32978e-17,0.707107,0.707107,-4.32978e-17
0.006,0.029,0.068,-0.003,-0.0195,0.034,-0.612372,-0.353553,-0.353553,0.612373
0.006,0.029,0.068,-0.003,-0.0195,0.034,-0.612372,0.353553,0.353553,0.612373
0.006,0.029,0.068,-0.003,-0.0195,0.034,-2.00307e-16,0.707107,0.707107,2.00307e-16
0.006,0.029,0.068,-0.001,0.0195,-0.034,-4.32978e-17,-0.707107,0.707107,-4.32978e-17
0.006,0.029,0.068,-0.001,0.0195,-0.034,0.612372,0.353553,-0.353553,0.612373
0.006,0.029,0.068,-0.001,0.0195,-0.034,0.612372,-0.353553,0.353553,0.612373
0.006,0.029,0.068,-0.001,0.0195,-0.034,2.00307e-16,-0.707107,0.707107,2.00307e-16
0.006,0.029,0.068,-0.001,-0.0195,-0.034,4.32978e-17,0.707107,0.707107,-4.32978e-17
0.006,0.029,0.068,-0.001,-0.0195,-0.034,-0.612372,-0.353553,-0.353553,0.612373
0.006,0.029,0.068,-0.001,-0.0195,-0.034,-0.612372,0.353553,0.353553,0.612373
0.006,0.029,0.068,-0.001,-0.0195,-0.034,-2.00307e-16,0.707107,0.707107,2.00307e-16
0.006,0.029,0.068,-0.001,0.0195,-0.0113333,-4.32978e-17,-0.707107,0.707107,-4.32978e-17
0.006,0.029,0.068,-0.001,0.0195,-0.0113333,0.612372,0.353553,-0.353553,0.612373
0.006,0.029,0.068,-0.001,0.0195,-0.0113333,0.612372,-0.353553,0.353553,0.612373
0.006,0.029,0.068,-0.001,0.0195,-0.0113333,2.00307e-16,-0.707107,0.707107,2.00307e-16
0.006,0.029,0.068,-0.001,-0.0195,-0.0113333,4.32978e-17,0.707107,0.707107,-4.32978e-17
0.006,0.029,0.068,-0.001,-0.0195,-0.0113333,-0.612372,-0.353553,-0.353553,0.612373
0.006,0.029,0.068,-0.001,-0.0195,-0.0113333,-0.612372,0.353553,0.353553,0.612373
0.006,0.029,0.068,-0.001,-0.0195,-0.0113333,-2.00307e-16,0.707107,0.707107,2.00307e-16
0.006,0.029,0.068,-0.001,0.0195,0.0113333,-4.32978e-17,-0.707107,0.707107,-4.32978e-17
0.006,0.029,0.068,-0.001,0.0195,0.0113333,0.612372,0.353553,-0.353553,0.612373
0.006,0.029,0.068,-0.001,0.0195,0.0113333,0.612372,-0.353553,0.353553,0.612373
0.006,0.029,0.068,-0.001,0.0195,0.0113333,2.00307e-16,-0.707107,0.707107,2.00307e-16
0.006,0.029,0.068,-0.001,-0.0195,0.0113333,4.32978e-17,0.707107,0.707107,-4.32978e-17
0.006,0.029,0.068,-0.001,-0.0195,0.0113333,-0.612372,-0.353553,-0.353553,0.612373
0.006,0.029,0.068,-0.001,-0.0195,0.0113333,-0.612372,0.353553,0.353553,0.612373
0.006,0.029,0.068,-0.001,-0.0195,0.0113333,-2.00307e-16,0.707107,0.707107,2.00307e-16
0.006,0.029,0.068,-0.001,0.0195,0.034,-4.32978e-17,-0.707107,0.707107,-4.32978e-17
0.006,0.029,0.068,-0.001,0.0195,0.034,0.612372,0.353553,-0.353553,0.612373
0.006,0.029,0.068,-0.001,0.0195,0.034,0.612372,-0.353553,0.353553,0.612373
0.006,0.029,0.068,-0.001,0.0195,0.034,2.00307e-16,-0.707107,0.707107,2.00307e-16
0.006,0.029,0.068,-0.001,-0.0195,0.034,4.32978e-17,0.707107,0.707107,-4.32978e-17
0.006,0.029,0.068,-0.001,-0.0195,0.034,-0.612372,-0.353553,-0.353553,0.612373
0.006,0.029,0.068,-0.001,-0.0195,0.034,-0.612372,0.353553,0.353553,0.612373
0.006,0.029,0.068,-0.001,-0.0195,0.034,-2.00307e-16,0.707107,0.707107,2.00307e-16
0.006,0.029,0.068,0.001,0.0195,-0.034,-4.32978e-17,-0.707107,0.707107,-4.32978e-17
0.006,0.029,0.068,0.001,0.0195,-0.034,0.612372,0.353553,-0.353553,0.612373
0.006,0.029,0.068,0.001,0.0195,-0.034,0.612372,-0.353553,0.353553,0.612373
0.006,0.029,0.068,0.001,0.0195,-0.034,2.00307e-16,-0.707107,0.707107,2.00307e-16
0.006,0.029,0.068,0.001,-0.0195,-0.034,4.32978e-17,0.707107,0.707107,-4.32978e-17
0.006,0.029,0.068,0.001,-0.0195,-0.034,-0.612372,-0.353553,-0.353553,0.612373
0.006,0.029,0.068,0.001,-0.0195,-0.034,-0.612372,0.353553,0.353553,0.612373
0.006,0.029,0.068,0.001,-0.0195,-0.034,-2.00307e-16,0.707107,0.707107,2.00307e-16
0.006,0.029,0.068,0.001,0.0195,-0.0113333,-4.32978e-17,-0.707107,0.707107,-4.32978e-17
0.006,0.029,0.068,0.001,0.0195,-0.0113333,0.612372,0.353553,-0.353553,0.612373
0.006,0.029,0.068,0.001,0.0195,-0.0113333,0.612372,-0.353553,0.353553,0.612373
0.006,0.029,0.068,0.001,0.0195,-0.0113333,2.00307e-16,-0.707107,0.707107,2.00307e-16
0.006,0.029,0.068,0.001,-0.0195,-0.0113333,4.32978e-17,0.707107,0.707107,-4.32978e-17
0.006,0.029,0.068,0.001,-0.0195,-0.0113333,-0.612372,-0.353553,-0.353553,0.612373
0.006,0.029,0.068,0.001,-0.0195,-0.0113333,-0.612372,0.353553,0.353553,0.612373
0.006,0.029,0.068,0.001,-0.0195,-0.0113333,-2.00307e-16,0.707107,0.707107,2.00307e-16
0.006,0.029,0.068,0.001,0.0195,0.0113333,-4.32978e-17,-0.707107,0.707107,-4.32978e-17
0.006,0.029,0.068,0.001,0.0195,0.0113333,0.612372,0.353553,-0.353553,0.612373
0.006,0.029,0.068,0.001,0.0195,0.0113333,0.612372,-0.353553,0.353553,0.612373
0.006,0.029,0.068,0.001,0.0195,0.0113333,2.00307e-16,-0.707107,0.707107,2.00307e-16
0.006,0.029,0.068,0.001,-0.0195,0.0113333,4.32978e-17,0.707107,0.707107,-4.32978e-17
0.006,0.029,0.068,0.001,-0.0195,0.0113333,-0.612372,-0.353553,-0.353553,0.612373
0.006,0.029,0.068,0.001,-0.0195,0.0113333,-0.612372,0.353553,0.353553,0.612373
0.006,0.029,0.068,0.001,-0.0195,0.0113333,-2.00307e-16,0.707107,0.707107,2.00307e-16
0.006,0.029,0.068,0.001,0.0195,0.034,-4.32978e-17,-0.707107,0.707107,-4.32978e-17
0.006,0.029,0.068,0.001,0.0195,0.034,0.612372,0.353553,-0.353553,0.612373
0.006,0.029,0.068,0.001,0.0195,0.034,0.612372,-0.353553,0.353553,0.612373
0.006,0.029,0.068,0.001,0.0195,0.034,2.00307e-16,-0.707107,0.707107,2.00307e-16
0.006,0.029,0.068,0.001,-0.0195,0.034,4.32978e-17,0.707107,0.707107,-4.32978e-17
0.006,0.029,0.068,0.001,-0.0195,0.034,-0.612372,-0.353553,-0.353553,0.612373
0.006,0.029,0.068,0.001,-0.0195,0.034,-0.612372,0.353553,0.353553,0.612373
0.006,0.029,0.068,0.001,-0.0195,0.034,-2.00307e-16,0.707107,0.707107,2.00307e-16
0.006,0.029,0.068,0.003,0.0195,-0.034,-4.32978e-17,-0.707107,0.707107,-4.32978e-17
0.006,0.029,0.068,0.003,0.0195,-0.034,0.612372,0.353553,-0.353553,0.612373
0.006,0.029,0.068,0.003,0.0195,-0.034,0.612372,-0.353553,0.353553,0.612373
0.006,0.029,0.068,0.003,0.0195,-0.034,2.00307e-16,-0.707107,0.707107,2.00307e-16
0.006,0.029,0.068,0.003,-0.0195,-0.034,4.32978e-17,0.707107,0.707107,-4.32978e-17
0.006,0.029,0.068,0.003,-0.0195,-0.034,-0.612372,-0.353553,-0.353553,0.612373
0.006,0.029,0.068,0.003,-0.0195,-0.034,-0.612372,0.353553,0.353553,0.612373
0.006,0.029,0.068,0.003,-0.0195,-0.034,-2.00307e-16,0.707107,0.707107,2.00307e-16
0.006,0.029,0.068,0.003,0.0195,-0.0113333,-4.32978e-17,-0.707107,0.707107,-4.32978e-17
0.006,0.029,0.068,0.003,0.0195,-0.0113333,0.612372,0.353553,-0.353553,0.612373
0.006,0.029,0.068,0.003,0.0195,-0.0113333,0.612372,-0.353553,0.353553,0.612373
0.006,0.029,0.068,0.003,0.0195,-0.0113333,2.00307e-16,-0.707107,0.707107,2.00307e-16
0.006,0.029,0.068,0.003,-0.0195,-0.0113333,4.32978e-17,0.707107,0.707107,-4.32978e-17
0.006,0.029,0.068,0.003,-0.0195,-0.0113333,-0.612372,-0.353553,-0.353553,0.612373
0.006,0.029,0.068,0.003,-0.0195,-0.0113333,-0.612372,0.353553,0.353553,0.612373
0.006,0.029,0.068,0.003,-0.0195,-0.0113333,-2.00307e-16,0.707107,0.707107,2.00307e-16
0.006,0.029,0.068,0.003,0.0195,0.0113333,-4.32978e-17,-0.707107,0.707107,-4.32978e-17
0.006,0.029,0.068,0.003,0.0195,0.0113333,0.612372,0.353553,-0.353553,0.612373
0.006,0.029,0.068,0.003,0.0195,0.0113333,0.612372,-0.353553,0.353553,0.612373
0.006,0.029,0.068,0.003,0.0195,0.0113333,2.00307e-16,-0.707107,0.707107,2.00307e-16
0.006,0.029,0.068,0.003,-0.0195,0.0113333,4.32978e-17,0.707107,0.707107,-4.32978e-17
0.006,0.029,0.068,0.003,-0.0195,0.0113333,-0.612372,-0.353553,-0.353553,0.612373
0.006,0.029,0.068,0.003,-0.0195,0.0113333,-0.612372,0.353553,0.353553,0.612373
0.006,0.029,0.068,0.003,-0.0195,0.0113333,-2.00307e-16,0.707107,0.707107,2.00307e-16
0.006,0.029,0.068,0.003,0.0195,0.034,-4.32978e-17,-0.707107,0.707107,-4.32978e-17
0.006,0.029,0.068,0.003,0.0195,0.034,0.612372,0.353553,-0.353553,0.612373
0.006,0.029,0.068,0.003,0.0195,0.034,0.612372,-0.353553,0.353553,0.612373
0.006,0.029,0.068,0.003,0.0195,0.034,2.00307e-16,-0.707107,0.707107,2.00307e-16
0.006,0.029,0.068,0.003,-0.0195,0.034,4.32978e-17,0.707107,0.707107,-4.32978e-17
0.006,0.029,0.068,0.003,-0.0195,0.034,-0.612372,-0.353553,-0.353553,0.612373
0.006,0.029,0.068,0.003,-0.0195,0.034,-0.612372,0.353553,0.353553,0.612373
0.006,0.029,0.068,0.003,-0.0195,0.034,-2.00307e-16,0.707107,0.707107,2.00307e-16
0.006,0.029,0.068,-0.003,-0.0145,0.039,6.12323e-17,1,-6.12323e-17,3.7494e-33
0.006,0.029,0.068,-0.003,-0.0145,0.039,0.866025,0.5,-3.06162e-17,5.30288e-17
0.006,0.029,0.068,-0.003,-0.0145,0.039,0.866025,-0.5,3.06162e-17,5.30288e-17
0.006,0.029,0.068,-0.003,-0.0145,0.039,-2.83277e-16,1,-6.12323e-17,-1.73457e-32
0.006,0.029,0.068,-0.003,-0.0145,-0.039,0,0,1,-6.12323e-17
0.006,0.029,0.068,-0.003,-0.0145,-0.039,0,0,-0.5,0.866025
0.006,0.029,0.068,-0.003,-0.0145,-0.039,0,0,0.5,0.866025
0.006,0.029,0.068,-0.003,-0.0145,-0.039,0,0,1,2.83277e-16
0.006,0.029,0.068,-0.003,-0.00483333,0.039,6.12323e-17,1,-6.12323e-17,3.7494e-33
0.006,0.029,0.068,-0.003,-0.00483333,0.039,0.866025,0.5,-3.06162e-17,5.30288e-17
0.006,0.029,0.068,-0.003,-0.00483333,0.039,0.866025,-0.5,3.06162e-17,5.30288e-17
0.006,0.029,0.068,-0.003,-0.00483333,0.039,-2.83277e-16,1,-6.12323e-17,-1.73457e-32
0.006,0.029,0.068,-0.003,-0.00483333,-0.039,0,0,1,-6.12323e-17
0.006,0.029,0.068,-0.003,-0.00483333,-0.039,0,0,-0.5,0.866025
0.006,0.029,0.068,-0.003,-0.00483333,-0.039,0,0,0.5,0.866025
0.006,0.029,0.068,-0.003,-0.00483333,-0.039,0,0,1,2.83277e-16
0.006,0.029,0.068,-0.003,0.00483333,0.039,6.12323e-17,1,-6.12323e-17,3.7494e-33
0.006,0.029,0.068,-0.003,0.00483333,0.039,0.866025,0.5,-3.06162e-17,5.30288e-17
0.006,0.029,0.068,-0.003,0.00483333,0.039,0.866025,-0.5,3.06162e-17,5.30288e-17
0.006,0.029,0.068,-0.003,0.00483333,0.039,-2.83277e-16,1,-6.12323e-17,-1.73457e-32
0.006,0.029,0.068,-0.003,0.00483333,-0.039,0,0,1,-6.12323e-17
0.006,0.029,0.068,-0.003,0.00483333,-0.039,0,0,-0.5,0.866025
0.006,0.029,0.068,-0.003,0.00483333,-0.039,0,0,0.5,0.866025
0.006,0.029,0.068,-0.003,0.00483333,-0.039,0,0,1,2.83277e-16
0.006,0.029,0.068,-0.003,0.0145,0.039,6.12323e-17,1,-6.12323e-17,3.7494e-33
0.006,0.029,0.068,-0.003,0.0145,0.039,0.866025,0.5,-3.06162e-17,5.30288e-17
0.006,0.029,0.068,-0.003,0.0145,0.039,0.866025,-0.5,3.06162e-17,5.30288e-17
0.006,0.029,0.068,-0.003,0.0145,0.039,-2.83277e-16,1,-6.12323e-17,-1.73457e-32
0.006,0.029,0.068,-0.003,0.0145,-0.039,0,0,1,-6.12323e-17
0.006,0.029,0.068,-0.003,0.0145,-0.039,0,0,-0.5,0.866025
0.006,0.029,0.068,-0.003,0.0145,-0.039,0,0,0.5,0.866025
0.006,0.029,0.068,-0.003,0.0145,-0.039,0,0,1,2.83277e-16
0.006,0.029,0.068,-0.001,-0.0145,0.039,6.12323e-17,1,-6.12323e-17,3.7494e-33
0.006,0.029,0.068,-0.001,-0.0145,0.039,0.866025,0.5,-3.06162e-17,5.30288e-17
0.006,0.029,0.068,-0.001,-0.0145,0.039,0.866025,-0.5,3.06162e-17,5.30288e-17
0.006,0.029,0.068,-0.001,-0.0145,0.039,-2.83277e-16,1,-6.12323e-17,-1.73457e-32
0.006,0.029,0.068,-0.001,-0.0145,-0.039,0,0,1,-6.12323e-17
0.006,0.029,0.068,-0.001,-0.0145,-0.039,0,0,-0.5,0.866025
0.006,0.029,0.068,-0.001,-0.0145,-0.039,0,0,0.5,0.866025
0.006,0.029,0.068,-0.001,-0.0145,-0.039,0,0,1,2.83277e-16
0.006,0.029,0.068,-0.001,-0.00483333,0.039,6.12323e-17,1,-6.12323e-17,3.7494e-33
0.006,0.029,0.068,-0.001,-0.00483333,0.039,0.866025,0.5,-3.06162e-17,5.30288e-17
0.006,0.029,0.068,-0.001,-0.00483333,0.039,0.866025,-0.5,3.06162e-17,5.30288e-17
0.006,0.029,0.068,-0.001,-0.00483333,0.039,-2.83277e-16,1,-6.12323e-17,-1.73457e-32
0.006,0.029,0.068,-0.001,-0.00483333,-0.039,0,0,1,-6.12323e-17
0.006,0.029,0.068,-0.001,-0.00483333,-0.039,0,0,-0.5,0.866025
0.006,0.029,0.068,-0.001,-0.00483333,-0.039,0,0,0.5,0.866025
0.006,0.029,0.068,-0.001,-0.00483333,-0.039,0,0,1,2.83277e-16
0.006,0.029,0.068,-0.001,0.00483333,0.039,6.12323e-17,1,-6.12323e-17,3.7494e-33
0.006,0.029,0.068,-0.001,0.00483333,0.039,0.866025,0.5,-3.06162e-17,5.30288e-17
0.006,0.029,0.068,-0.001,0.00483333,0.039,0.866025,-0.5,3.06162e-17,5.30288e-17
0.006,0.029,0.068,-0.001,0.00483333,0.039,-2.83277e-16,1,-6.12323e-17,-1.73457e-32
0.006,0.029,0.068,-0.001,0.00483333,-0.039,0,0,1,-6.12323e-17
0.006,0.029,0.068,-0.001,0.00483333,-0.039,0,0,-0.5,0.866025
0.006,0.029,0.068,-0.001,0.00483333,-0.039,0,0,0.5,0.866025
0.006,0.029,0.068,-0.001,0.00483333,-0.039,0,0,1,2.83277e-16
0.006,0.029,0.068,-0.001,0.0145,0.039,6.12323e-17,1,-6.12323e-17,3.7494e-33
0.006,0.029,0.068,-0.001,0.0145,0.039,0.866025,0.5,-3.06162e-17,5.30288e-17
0.006,0.029,0.068,-0.001,0.0145,0.039,0.866025,-0.5,3.06162e-17,5.30288e-17
0.006,0.029,0.068,-0.001,0.0145,0.039,-2.83277e-16,1,-6.12323e-17,-1.73457e-32
0.006,0.029,0.068,-0.001,0.0145,-0.039,0,0,1,-6.12323e-17
0.006,0.029,0.068,-0.001,0.0145,-0.039,0,0,-0.5,0.866025
0.006,0.029,0.068,-0.001,0.0145,-0.039,0,0,0.5,0.866025
0.006,0.029,0.068,-0.001,0.0145,-0.039,0,0,1,2.83277e-16
0.006,0.029,0.068,0.001,-0.0145,0.039,6.12323e-17,1,-6.12323e-17,3.7494e-33
0.006,0.029,0.068,0.001,-0.0145,0.039,0.866025,0.5,-3.06162e-17,5.30288e-17
0.006,0.029,0.068,0.001,-0.0145,0.039,0.866025,-0.5,3.06162e-17,5.30288e-17
0.006,0.029,0.068,0.001,-0.0145,0.039,-2.83277e-16,1,-6.12323e-17,-1.73457e-32
0.006,0.029,0.068,0.001,-0.0145,-0.039,0,0,1,-6.12323e-17
0.006,0.029,0.068,0.001,-0.0145,-0.039,0,0,-0.5,0.866025
0.006,0.029,0.068,0.001,-0.0145,-0.039,0,0,0.5,0.866025
0.006,0.029,0.068,0.001,-0.0145,-0.039,0,0,1,2.83277e-16
0.006,0.029,0.068,0.001,-0.00483333,0.039,6.12323e-17,1,-6.12323e-17,3.7494e-33
0.006,0.029,0.068,0.001,-0.00483333,0.039,0.866025,0.5,-3.06162e-17,5.30288e-17
0.006,0.029,0.068,0.001,-0.00483333,0.039,0.866025,-0.5,3.06162e-17,5.30288e-17
0.006,0.029,0.068,0.001,-0.00483333,0.039,-2.83277e-16,1,-6.12323e-17,-1.73457e-32
0.006,0.029,0.068,0.001,-0.00483333,-0.039,0,0,1,-6.12323e-17
0.006,0.029,0.068,0.001,-0.00483333,-0.039,0,0,-0.5,0.866025
0.006,0.029,0.068,0.001,-0.00483333,-0.039,0,0,0.5,0.866025
0.006,0.029,0.068,0.001,-0.00483333,-0.039,0,0,1,2.83277e-16
0.006,0.029,0.068,0.001,0.00483333,0.039,6.12323e-17,1,-6.12323e-17,3.7494e-33
0.006,0.029,0.068,0.001,0.00483333,0.039,0.866025,0.5,-3.06162e-17,5.30288e-17
0.006,0.029,0.068,0.001,0.00483333,0.039,0.866025,-0.5,3.06162e-17,5.30288e-17
0.006,0.029,0.068,0.001,0.00483333,0.039,-2.83277e-16,1,-6.12323e-17,-1.73457e-32
0.006,0.029,0.068,0.001,0.00483333,-0.039,0,0,1,-6.12323e-17
0.006,0.029,0.068,0.001,0.00483333,-0.039,0,0,-0.5,0.866025
0.006,0.029,0.068,0.001,0.00483333,-0.039,0,0,0.5,0.866025
0.006,0.029,0.068,0.001,0.00483333,-0.039,0,0,1,2.83277e-16
0.006,0.029,0.068,0.001,0.0145,0.039,6.12323e-17,1,-6.12323e-17,3.7494e-33
0.006,0.029,0.068,0.001,0.0145,0.039,0.866025,0.5,-3.06162e-17,5.30288e-17
0.006,0.029,0.068,0.001,0.0145,0.039,0.866025,-0.5,3.06162e-17,5.30288e-17
0.006,0.029,0.068,0.001,0.0145,0.039,-2.83277e-16,1,-6.12323e-17,-1.73457e-32
0.006,0.029,0.068,0.001,0.0145,-0.039,0,0,1,-6.12323e-17
0.006,0.029,0.068,0.001,0.0145,-0.039,0,0,-0.5,0.866025
0.006,0.029,0.068,0.001,0.0145,-0.039,0,0,0.5,0.866025
0.006,0.029,0.068,0.001,0.0145,-0.039,0,0,1,2.83277e-16
0.006,0.029,0.068,0.003,-0.0145,0.039,6.12323e-17,1,-6.12323e-17,3.7494e-33
0.006,0.029,0.068,0.003,-0.0145,0.039,0.866025,0.5,-3.06162e-17,5.30288e-17
0.006,0.029,0.068,0.003,-0.0145,0.039,0.866025,-0.5,3.06162e-17,5.30288e-17
0.006,0.029,0.068,0.003,-0.0145,0.039,-2.83277e-16,1,-6.12323e-17,-1.73457e-32
0.006,0.029,0.068,0.003,-0.0145,-0.039,0,0,1,-6.12323e-17
0.006,0.029,0.068,0.003,-0.0145,-0.039,0,0,-0.5,0.866025
0.006,0.029,0.068,0.003,-0.0145,-0.039,0,0,0.5,0.866025
0.006,0.029,0.068,0.003,-0.0145,-0.039,0,0,1,2.83277e-16
0.006,0.029,0.068,0.003,-0.00483333,0.039,6.12323e-17,1,-6.12323e-17,3.7494e-33
0.006,0.029,0.068,0.003,-0.00483333,0.039,0.866025,0.5,-3.06162e-17,5.30288e-17
0.006,0.029,0.068,0.003,-0.00483333,0.039,0.866025,-0.5,3.06162e-17,5.30288e-17
0.006,0.029,0.068,0.003,-0.00483333,0.039,-2.83277e-16,1,-6.12323e-17,-1.73457e-32
0.006,0.029,0.068,0.003,-0.00483333,-0.039,0,0,1,-6.12323e-17
0.006,0.029,0.068,0.003,-0.00483333,-0.039,0,0,-0.5,0.866025
0.006,0.029,0.068,0.003,-0.00483333,-0.039,0,0,0.5,0.866025
0.006,0.029,0.068,0.003,-0.00483333,-0.039,0,0,1,2.83277e-16
0.006,0.029,0.068,0.003,0.00483333,0.039,6.12323e-17,1,-6.12323e-17,3.7494e-33
0.006,0.029,0.068,0.003,0.00483333,0.039,0.866025,0.5,-3.06162e-17,5.30288e-17
0.006,0.029,0.068,0.003,0.00483333,0.039,0.866025,-0.5,3.06162e-17,5.30288e-17
0.006,0.029,0.068,0.003,0.00483333,0.039,-2.83277e-16,1,-6.12323e-17,-1.73457e-32
0.006,0.029,0.068,0.003,0.00483333,-0.039,0,0,1,-6.12323e-17
0.006,0.029,0.068,0.003,0.00483333,-0.039,0,0,-0.5,0.866025
0.006,0.029,0.068,0.003,0.00483333,-0.039,0,0,0.5,0.866025
0.006,0.029,0.068,0.003,0.00483333,-0.039,0,0,1,2.83277e-16
0.006,0.029,0.068,0.003,0.0145,0.039,6.12323e-17,1,-6.12323e-17,3.7494e-33
0.006,0.029,0.068,0.003,0.0145,0.039,0.866025,0.5,-3.06162e-17,5.30288e-17
0.006,0.029,0.068,0.003,0.0145,0.039,0.866025,-0.5,3.06162e-17,5.30288e-17
0.006,0.029,0.068,0.003,0.0145,0.039,-2.83277e-16,1,-6.12323e-17,-1.73457e-32
0.006,0.029,0.068,0.003,0.0145,-0.039,0,0,1,-6.12323e-17
0.006,0.029,0.068,0.003,0.0145,-0.039,0,0,-0.5,0.866025
0.006,0.029,0.068,0.003,0.0145,-0.039,0,0,0.5,0.866025
0.006,0.029,0.068,0.003,0.0145,-0.039,0,0,1,2.83277e-16
