1.06358 0.065 0.065 0.2 -0.0325 -0.0325 0.12 -0.309017 0.951057 -5.82354e-17 -1.89218e-17 
1.06357 0.065 0.065 0.2 0.0325 0.0325 0.12 0.951057 0.309017 1.89218e-17 5.82354e-17 
0.756021 0.065 0.065 0.2 -0.026 -0.0325 0.12 -0.309017 0.951057 -5.82354e-17 -1.89218e-17 
0.756011 0.065 0.065 0.2 0.026 0.0325 0.12 0.951057 0.309017 1.89218e-17 5.82354e-17 
0.580105 0.065 0.065 0.2 -0.0195 -0.0525 6.93889e-18 -0.415627 -0.572061 -0.572061 0.415629 
0.561214 0.065 0.065 0.2 -0.0195 -0.0325 0.12 -0.309017 0.951057 -5.82354e-17 -1.89218e-17 
0.56121 0.065 0.065 0.2 0.0195 0.0325 0.12 0.951057 0.309017 1.89218e-17 5.82354e-17 
0.419401 0.065 0.065 0.2 -0.013 -0.0325 0.12 -0.309017 0.951057 -5.82354e-17 -1.89218e-17 
0.419393 0.065 0.065 0.2 0.013 0.0325 0.12 0.951057 0.309017 1.89218e-17 5.82354e-17 
0.298373 0.065 0.065 0.2 -0.0065 -0.0325 0.12 -0.309017 0.951057 -5.82354e-17 -1.89218e-17 
0.298371 0.065 0.065 0.2 0.0065 0.0325 0.12 0.951057 0.309017 1.89218e-17 5.82354e-17 
0.188319 0.065 0.065 0.2 -1.73472e-18 -0.0325 0.12 -0.309017 0.951057 -5.82354e-17 -1.89218e-17 
0.18831 0.065 0.065 0.2 -1.73472e-18 0.0325 0.12 0.951057 0.309017 1.89218e-17 5.82354e-17 
0.181747 0.065 0.065 0.2 -1.73472e-18 0.0325 0.12 1 0 0 6.12323e-17 
0.181704 0.065 0.065 0.2 -1.73472e-18 -0.0325 0.12 6.12323e-17 1 -6.12323e-17 3.7494e-33 
0.173639 0.065 0.065 0.2 -0.0065 -0.0325 0.12 6.12323e-17 1 -6.12323e-17 3.7494e-33 
0.173637 0.065 0.065 0.2 0.0065 0.0325 0.12 1 0 0 6.12323e-17 
0.171138 0.065 0.065 0.2 -0.0065 0.0325 0.12 1 0 0 6.12323e-17 
0.171109 0.065 0.065 0.2 0.0065 -0.0325 0.12 6.12323e-17 1 -6.12323e-17 3.7494e-33 
0.164601 0.065 0.065 0.2 0.026 0.0525 0.06 0.572061 -0.415627 0.415627 0.572062 
0.159971 0.065 0.065 0.2 0.013 0.0325 0.12 1 0 0 6.12323e-17 
0.159967 0.065 0.065 0.2 -0.013 -0.0325 0.12 6.12323e-17 1 -6.12323e-17 3.7494e-33 
0.156818 0.065 0.065 0.2 -0.0195 0.0525 0.08 0.415627 0.572061 -0.572061 0.415629 
0.153985 0.065 0.065 0.2 0.0195 0.0525 6.93889e-18 0.572061 -0.415627 0.415627 0.572062 
0.146551 0.065 0.065 0.2 0.026 0.0065 0.12 -0.587785 0.809017 -4.9538e-17 -3.59915e-17 
0.146531 0.065 0.065 0.2 -0.026 -0.0065 0.12 0.809017 0.587785 3.59914e-17 4.9538e-17 
0.145989 0.065 0.065 0.2 -0.0195 0.0525 6.93889e-18 0.415627 0.572061 -0.572061 0.415629 
0.143188 0.065 0.065 0.2 -0.0065 0.026 0.12 1 0 0 6.12323e-17 
0.143149 0.065 0.065 0.2 0.0065 -0.026 0.12 6.12323e-17 1 -6.12323e-17 3.7494e-33 
0.142196 0.065 0.065 0.2 -0.013 0.026 0.12 1 0 0 6.12323e-17 
0.142187 0.065 0.065 0.2 0.013 -0.026 0.12 6.12323e-17 1 -6.12323e-17 3.7494e-33 
0.142012 0.065 0.065 0.2 0.0195 0.0325 0.12 1 0 0 6.12323e-17 
0.141985 0.065 0.065 0.2 -0.0195 -0.0325 0.12 6.12323e-17 1 -6.12323e-17 3.7494e-33 
0.134013 0.065 0.065 0.2 -0.026 -0.0525 0.04 -0.415627 -0.572061 -0.572061 0.415629 
0.12867 0.065 0.065 0.2 -0.013 0.0325 0.12 1 0 0 6.12323e-17 
0.12865 0.065 0.065 0.2 0.013 -0.0325 0.12 6.12323e-17 1 -6.12323e-17 3.7494e-33 
0.126806 0.065 0.065 0.2 -0.0065 0.0195 0.12 1 0 0 6.12323e-17 
0.126789 0.065 0.065 0.2 0.0065 -0.0195 0.12 6.12323e-17 1 -6.12323e-17 3.7494e-33 
0.12447 0.065 0.065 0.2 0.0325 -0.0065 0.12 0.809017 -0.587785 -3.59914e-17 4.9538e-17 
0.124423 0.065 0.065 0.2 -0.0325 0.0065 0.12 0.587785 0.809017 -4.9538e-17 3.59915e-17 
0.120368 0.065 0.065 0.2 0.026 0.0525 0.04 0.572061 -0.415627 0.415627 0.572062 
0.115712 0.065 0.065 0.2 -0.026 -0.0525 6.93889e-18 -0.415627 -0.572061 -0.572061 0.415629 
0.112636 0.065 0.065 0.2 0.0195 -0.0195 0.12 -0.309017 0.951057 -5.82354e-17 -1.89218e-17 
0.112624 0.065 0.065 0.2 -0.0195 0.0195 0.12 0.951057 0.309017 1.89218e-17 5.82354e-17 
0.112313 0.065 0.065 0.2 0.0325 -0.013 0.12 0.809017 -0.587785 -3.59914e-17 4.9538e-17 
0.112292 0.065 0.065 0.2 -0.0325 0.013 0.12 0.587785 0.809017 -4.9538e-17 3.59915e-17 
0.109803 0.065 0.065 0.2 -1.73472e-18 0.026 0.12 1 0 0 6.12323e-17 
0.109796 0.065 0.065 0.2 -1.73472e-18 -0.026 0.12 6.12323e-17 1 -6.12323e-17 3.7494e-33 
0.108549 0.065 0.065 0.2 -0.0325 -1.73472e-18 0.12 0.951057 0.309017 1.89218e-17 5.82354e-17 
0.108546 0.065 0.065 0.2 0.0325 -1.73472e-18 0.12 -0.309017 0.951057 -5.82354e-17 -1.89218e-17 
0.108534 0.065 0.065 0.2 0.0325 -0.0065 0.12 -0.309017 0.951057 -5.82354e-17 -1.89218e-17 
0.108528 0.065 0.065 0.2 -0.0325 0.0065 0.12 0.951057 0.309017 1.89218e-17 5.82354e-17 
0.107308 0.065 0.065 0.2 -1.73472e-18 -0.0195 0.12 6.12323e-17 1 -6.12323e-17 3.7494e-33 
0.107302 0.065 0.065 0.2 -1.73472e-18 0.0195 0.12 1 0 0 6.12323e-17 
0.106586 0.065 0.065 0.2 0.0195 0.0525 0.02 0.572061 -0.415627 0.415627 0.572062 
0.102194 0.065 0.065 0.2 0.0325 -1.73472e-18 0.12 0.809017 -0.587785 -3.59914e-17 4.9538e-17 
0.102128 0.065 0.065 0.2 -0.0325 -1.73472e-18 0.12 0.587785 0.809017 -4.9538e-17 3.59915e-17 
0.100425 0.065 0.065 0.2 0.0195 -0.026 0.12 6.12323e-17 1 -6.12323e-17 3.7494e-33 
0.100413 0.065 0.065 0.2 -0.0195 0.026 0.12 1 0 0 6.12323e-17 
0.0997398 0.065 0.065 0.2 -0.026 -0.0325 0.12 6.12323e-17 1 -6.12323e-17 3.7494e-33 
0.0997209 0.065 0.065 0.2 0.026 0.0325 0.12 1 0 0 6.12323e-17 
0.0974529 0.065 0.065 0.2 -0.026 0.0325 0.12 0.809017 0.587785 3.59914e-17 4.9538e-17 
0.0974269 0.065 0.065 0.2 0.026 -0.0325 0.12 -0.587785 0.809017 -4.9538e-17 -3.59915e-17 
0.0966897 0.065 0.065 0.2 0.0195 -0.0525 6.93889e-18 -0.572061 0.415627 0.415627 0.572062 
0.09668 0.065 0.065 0.2 0.013 -0.0195 0.12 6.12323e-17 1 -6.12323e-17 3.7494e-33 
0.0966602 0.065 0.065 0.2 -0.013 0.0195 0.12 1 0 0 6.12323e-17 
0.0953207 0.065 0.065 0.2 -0.0195 0.0525 0.02 0.415627 0.572061 -0.572061 0.415629 
0.0943718 0.065 0.065 0.2 0.0065 -0.0325 0.12 -0.309017 0.951057 -5.82354e-17 -1.89218e-17 
0.0943582 0.065 0.065 0.2 -0.0065 0.0325 0.12 0.951057 0.309017 1.89218e-17 5.82354e-17 
0.0913286 0.065 0.065 0.2 -0.0195 0.0525 0.06 0.415627 0.572061 -0.572061 0.415629 
0.0877107 0.065 0.065 0.2 0.026 -1.73472e-18 0.12 -0.587785 0.809017 -4.9538e-17 -3.59915e-17 
0.0877 0.065 0.065 0.2 -0.026 -1.73472e-18 0.12 0.809017 0.587785 3.59914e-17 4.9538e-17 
0.087173 0.065 0.065 0.2 0.026 0.0525 0.02 0.572061 -0.415627 0.415627 0.572062 
0.0864953 0.065 0.065 0.2 0.0195 0.0065 0.12 0.809017 -0.587785 -3.59914e-17 4.9538e-17 
0.086485 0.065 0.065 0.2 -0.0195 -0.0065 0.12 0.587785 0.809017 -4.9538e-17 3.59915e-17 
0.0853638 0.065 0.065 0.2 -0.0325 0.0065 0.12 0.809017 0.587785 3.59914e-17 4.9538e-17 
0.0852399 0.065 0.065 0.2 0.0325 -0.0065 0.12 -0.587785 0.809017 -4.9538e-17 -3.59915e-17 
0.0842445 0.065 0.065 0.2 0.026 0.0195 0.12 0.951057 -0.309017 -1.89218e-17 5.82354e-17 
0.0842421 0.065 0.065 0.2 -0.026 -0.0195 0.12 0.309017 0.951057 -5.82354e-17 1.89218e-17 
0.0820716 0.065 0.065 0.2 0.0195 0.013 0.12 0.809017 -0.587785 -3.59914e-17 4.9538e-17 
0.0820458 0.065 0.065 0.2 -0.0195 -0.013 0.12 0.587785 0.809017 -4.9538e-17 3.59915e-17 
0.0812324 0.065 0.065 0.2 -0.0325 0.013 0.12 0.809017 0.587785 3.59914e-17 4.9538e-17 
0.0810018 0.065 0.065 0.2 0.0325 -0.013 0.12 -0.587785 0.809017 -4.9538e-17 -3.59915e-17 
0.0782742 0.065 0.065 0.2 -0.0195 -1.73472e-18 0.12 0.587785 0.809017 -4.9538e-17 3.59915e-17 
0.0782705 0.065 0.065 0.2 0.0195 -1.73472e-18 0.12 0.809017 -0.587785 -3.59914e-17 4.9538e-17 
0.0778183 0.065 0.065 0.2 -0.026 -0.0525 0.02 -0.415627 -0.572061 -0.572061 0.415629 
0.0750866 0.065 0.065 0.2 0.0195 -0.0525 0.08 -0.572061 0.415627 0.415627 0.572062 
0.0749571 0.065 0.065 0.2 -0.026 -0.026 0.12 0.309017 0.951057 -5.82354e-17 1.89218e-17 
0.0749438 0.065 0.065 0.2 0.026 0.026 0.12 0.951057 -0.309017 -1.89218e-17 5.82354e-17 
0.0738856 0.065 0.065 0.2 0.026 -0.0065 0.12 -0.309017 0.951057 -5.82354e-17 -1.89218e-17 
0.0738764 0.065 0.065 0.2 -0.026 0.0065 0.12 0.951057 0.309017 1.89218e-17 5.82354e-17 
0.0737481 0.065 0.065 0.2 0.026 0.0525 6.93889e-18 0.572061 -0.415627 0.415627 0.572062 
0.0737462 0.065 0.065 0.2 -1.73472e-18 -0.026 0.12 0.309017 0.951057 -5.82354e-17 1.89218e-17 
0.0737346 0.065 0.065 0.2 -1.73472e-18 0.026 0.12 0.951057 -0.309017 -1.89218e-17 5.82354e-17 
0.0704641 0.065 0.065 0.2 -0.0195 0.0525 -0.02 0.415627 0.572061 -0.572061 0.415629 
0.0702887 0.065 0.065 0.2 0.0195 -0.0525 0.06 -0.572061 0.415627 0.415627 0.572062 
0.0697016 0.065 0.065 0.2 0.026 -0.0065 0.12 -0.587785 0.809017 -4.9538e-17 -3.59915e-17 
0.0696807 0.065 0.065 0.2 -0.026 0.0065 0.12 0.809017 0.587785 3.59914e-17 4.9538e-17 
0.0691361 0.065 0.065 0.2 0.0195 0.0195 0.12 0.951057 -0.309017 -1.89218e-17 5.82354e-17 
0.069135 0.065 0.065 0.2 -0.0195 -0.0195 0.12 0.309017 0.951057 -5.82354e-17 1.89218e-17 
0.0690839 0.065 0.065 0.2 0.0325 -0.0195 0.12 0.809017 -0.587785 -3.59914e-17 4.9538e-17 
0.0690822 0.065 0.065 0.2 -0.0325 0.0195 0.12 0.587785 0.809017 -4.9538e-17 3.59915e-17 
0.0684241 0.065 0.065 0.2 0.0195 0.0195 0.12 0.809017 -0.587785 -3.59914e-17 4.9538e-17 
0.0683887 0.065 0.065 0.2 -0.0195 -0.0195 0.12 0.587785 0.809017 -4.9538e-17 3.59915e-17 
0.0670232 0.065 0.065 0.2 -0.0195 0.013 0.12 0.809017 0.587785 3.59914e-17 4.9538e-17 
0.0669421 0.065 0.065 0.2 0.0195 -0.013 0.12 -0.587785 0.809017 -4.9538e-17 -3.59915e-17 
0.0635645 0.065 0.065 0.2 0.0065 0.026 0.12 1 0 0 6.12323e-17 
0.0635452 0.065 0.065 0.2 -0.0065 -0.026 0.12 6.12323e-17 1 -6.12323e-17 3.7494e-33 
0.0625091 0.065 0.065 0.2 0.0065 0.0195 0.12 1 0 0 6.12323e-17 
0.0624937 0.065 0.065 0.2 -0.0065 -0.0195 0.12 6.12323e-17 1 -6.12323e-17 3.7494e-33 
0.0578479 0.065 0.065 0.2 -0.026 -0.0525 0.06 -0.415627 -0.572061 -0.572061 0.415629 
0.0565327 0.065 0.065 0.2 0.0325 0.0065 0.12 0.809017 -0.587785 -3.59914e-17 4.9538e-17 
0.0564803 0.065 0.065 0.2 -0.0325 -0.0065 0.12 0.587785 0.809017 -4.9538e-17 3.59915e-17 
0.0559369 0.065 0.065 0.2 -0.026 -0.0065 0.12 0.587785 0.809017 -4.9538e-17 3.59915e-17 
0.0559286 0.065 0.065 0.2 0.026 0.0065 0.12 0.809017 -0.587785 -3.59914e-17 4.9538e-17 
0.0556284 0.065 0.065 0.2 0.0195 -0.0065 0.12 0.809017 -0.587785 -3.59914e-17 4.9538e-17 
0.0556266 0.065 0.065 0.2 -0.0195 0.0065 0.12 0.587785 0.809017 -4.9538e-17 3.59915e-17 
0.0551863 0.065 0.065 0.2 0.026 -0.013 0.12 -0.587785 0.809017 -4.9538e-17 -3.59915e-17 
0.0550707 0.065 0.065 0.2 -0.026 0.013 0.12 0.809017 0.587785 3.59914e-17 4.9538e-17 
0.0546641 0.065 0.065 0.2 -0.0195 0.0325 0.12 1 0 0 6.12323e-17 
0.0546502 0.065 0.065 0.2 0.0195 -0.0325 0.12 6.12323e-17 1 -6.12323e-17 3.7494e-33 
0.053072 0.065 0.065 0.2 0.0195 -0.0525 0.02 -0.572061 0.415627 0.415627 0.572062 
0.0527041 0.065 0.065 0.2 -0.026 -0.013 0.12 0.587785 0.809017 -4.9538e-17 3.59915e-17 
0.0526805 0.065 0.065 0.2 0.026 0.013 0.12 0.809017 -0.587785 -3.59914e-17 4.9538e-17 
0.0518878 0.065 0.065 0.2 0.013 -0.026 0.12 -0.309017 0.951057 -5.82354e-17 -1.89218e-17 
0.0518808 0.065 0.065 0.2 -0.013 0.026 0.12 0.951057 0.309017 1.89218e-17 5.82354e-17 
0.0515842 0.065 0.065 0.2 -0.0195 0.0195 0.12 0.809017 0.587785 3.59914e-17 4.9538e-17 
0.0514803 0.065 0.065 0.2 0.0195 -0.0195 0.12 -0.587785 0.809017 -4.9538e-17 -3.59915e-17 
0.0507983 0.065 0.065 0.2 0.0195 -0.026 0.12 -0.309017 0.951057 -5.82354e-17 -1.89218e-17 
0.0507889 0.065 0.065 0.2 -0.0195 0.026 0.12 0.951057 0.309017 1.89218e-17 5.82354e-17 
0.0507494 0.065 0.065 0.2 0.026 -1.73472e-18 0.12 0.809017 -0.587785 -3.59914e-17 4.9538e-17 
0.0507431 0.065 0.065 0.2 -0.026 -1.73472e-18 0.12 0.587785 0.809017 -4.9538e-17 3.59915e-17 
0.0503945 0.065 0.065 0.2 0.0195 -0.0525 -0.02 -0.572061 0.415627 0.415627 0.572062 
0.0496979 0.065 0.065 0.2 0.0325 -0.013 0.12 -0.309017 0.951057 -5.82354e-17 -1.89218e-17 
0.0496967 0.065 0.065 0.2 -0.0325 0.013 0.12 0.951057 0.309017 1.89218e-17 5.82354e-17 
0.0478603 0.065 0.065 0.2 -0.0325 -1.73472e-18 0.12 0.809017 0.587785 3.59914e-17 4.9538e-17 
0.0478551 0.065 0.065 0.2 0.0325 -1.73472e-18 0.12 -0.587785 0.809017 -4.9538e-17 -3.59915e-17 
0.0475185 0.065 0.065 0.2 -0.026 -0.0195 0.12 0.587785 0.809017 -4.9538e-17 3.59915e-17 
0.047486 0.065 0.065 0.2 0.026 0.0195 0.12 0.809017 -0.587785 -3.59914e-17 4.9538e-17 
0.0461797 0.065 0.065 0.2 0.0325 -0.026 0.12 -0.309017 0.951057 -5.82354e-17 -1.89218e-17 
0.0461755 0.065 0.065 0.2 -0.0325 0.026 0.12 0.951057 0.309017 1.89218e-17 5.82354e-17 
0.0457735 0.065 0.065 0.2 0.0195 0.0525 0.06 0.572061 -0.415627 0.415627 0.572062 
0.0442143 0.065 0.065 0.2 0.0195 0.026 0.12 0.809017 -0.587785 -3.59914e-17 4.9538e-17 
0.0442095 0.065 0.065 0.2 0.026 0.0525 0.08 0.572061 -0.415627 0.415627 0.572062 
0.0441982 0.065 0.065 0.2 -0.0195 -0.026 0.12 0.587785 0.809017 -4.9538e-17 3.59915e-17 
0.0440097 0.065 0.065 0.2 0.0195 0.0525 0.04 0.572061 -0.415627 0.415627 0.572062 
0.0435314 0.065 0.065 0.2 0.026 -0.013 0.12 -0.309017 0.951057 -5.82354e-17 -1.89218e-17 
0.0435207 0.065 0.065 0.2 -0.026 0.013 0.12 0.951057 0.309017 1.89218e-17 5.82354e-17 
0.0414994 0.065 0.065 0.2 -0.0325 0.0195 0.12 0.809017 0.587785 3.59914e-17 4.9538e-17 
0.0412287 0.065 0.065 0.2 0.0325 -0.0195 0.12 -0.587785 0.809017 -4.9538e-17 -3.59915e-17 
0.0409739 0.065 0.065 0.2 -0.026 0.026 0.12 1 0 0 6.12323e-17 
0.0409715 0.065 0.065 0.2 0.026 -0.026 0.12 6.12323e-17 1 -6.12323e-17 3.7494e-33 
0.0401666 0.065 0.065 0.2 -0.0195 0.0065 0.12 0.809017 0.587785 3.59914e-17 4.9538e-17 
0.0401487 0.065 0.065 0.2 0.0195 -0.0065 0.12 -0.587785 0.809017 -4.9538e-17 -3.59915e-17 
0.0401435 0.065 0.065 0.2 -0.026 -0.026 0.12 0.587785 0.809017 -4.9538e-17 3.59915e-17 
0.0401238 0.065 0.065 0.2 0.026 0.026 0.12 0.809017 -0.587785 -3.59914e-17 4.9538e-17 
0.0388013 0.065 0.065 0.2 0.026 -0.026 0.12 -0.309017 0.951057 -5.82354e-17 -1.89218e-17 
0.0387949 0.065 0.065 0.2 -0.026 0.026 0.12 0.951057 0.309017 1.89218e-17 5.82354e-17 
0.038683 0.065 0.065 0.2 -0.0195 -0.0525 0.02 -0.415627 -0.572061 -0.572061 0.415629 
0.0383288 0.065 0.065 0.2 -0.0195 -0.0525 0.04 -0.415627 -0.572061 -0.572061 0.415629 
0.0350031 0.065 0.065 0.2 -0.013 -0.0195 0.12 0.309017 0.951057 -5.82354e-17 1.89218e-17 
0.0350007 0.065 0.065 0.2 0.013 0.0195 0.12 0.951057 -0.309017 -1.89218e-17 5.82354e-17 
0.0349056 0.065 0.065 0.2 0.026 -0.0195 0.12 -0.587785 0.809017 -4.9538e-17 -3.59915e-17 
0.0347591 0.065 0.065 0.2 -0.026 0.0195 0.12 0.809017 0.587785 3.59914e-17 4.9538e-17 
0.0343037 0.065 0.065 0.2 -0.026 0.0525 -0.02 0.415627 0.572061 -0.572061 0.415629 
0.0342704 0.065 0.065 0.2 -0.0195 -0.026 0.12 0.309017 0.951057 -5.82354e-17 1.89218e-17 
0.0342662 0.065 0.065 0.2 0.0195 0.026 0.12 0.951057 -0.309017 -1.89218e-17 5.82354e-17 
0.0340753 0.065 0.065 0.2 0.0325 0.0525 6.93889e-18 0.572061 -0.415627 0.415627 0.572062 
0.0322733 0.065 0.065 0.2 0.0325 -0.0195 0.12 -0.309017 0.951057 -5.82354e-17 -1.89218e-17 
0.0322686 0.065 0.065 0.2 -0.0325 0.0195 0.12 0.951057 0.309017 1.89218e-17 5.82354e-17 
0.032024 0.065 0.065 0.2 0.026 -0.0065 0.12 0.809017 -0.587785 -3.59914e-17 4.9538e-17 
0.0320061 0.065 0.065 0.2 -0.026 0.0065 0.12 0.587785 0.809017 -4.9538e-17 3.59915e-17 
0.031127 0.065 0.065 0.2 0.026 -0.0525 -0.02 -0.572061 0.415627 0.415627 0.572062 
0.0309763 0.065 0.065 0.2 -1.73472e-18 -0.0195 0.12 0.309017 0.951057 -5.82354e-17 1.89218e-17 
0.0309728 0.065 0.065 0.2 -1.73472e-18 0.0195 0.12 0.951057 -0.309017 -1.89218e-17 5.82354e-17 
0.0308912 0.065 0.065 0.2 0.026 -0.026 0.12 -0.587785 0.809017 -4.9538e-17 -3.59915e-17 
0.0307542 0.065 0.065 0.2 -0.026 0.026 0.12 0.809017 0.587785 3.59914e-17 4.9538e-17 
0.0303634 0.065 0.065 0.2 -0.0325 0.026 0.12 1 0 0 6.12323e-17 
0.0303389 0.065 0.065 0.2 0.0325 -0.026 0.12 6.12323e-17 1 -6.12323e-17 3.7494e-33 
0.0299901 0.065 0.065 0.2 -0.026 0.0325 0.12 0.587785 0.809017 -4.9538e-17 3.59915e-17 
0.0299195 0.065 0.065 0.2 0.026 -0.0325 0.12 0.809017 -0.587785 -3.59914e-17 4.9538e-17 
0.0293553 0.065 0.065 0.2 -0.0325 -0.026 0.12 0.309017 0.951057 -5.82354e-17 1.89218e-17 
0.0293519 0.065 0.065 0.2 0.0325 0.026 0.12 0.951057 -0.309017 -1.89218e-17 5.82354e-17 
0.0289223 0.065 0.065 0.2 -0.0065 -0.0195 0.12 0.309017 0.951057 -5.82354e-17 1.89218e-17 
0.0289207 0.065 0.065 0.2 0.0065 0.0195 0.12 0.951057 -0.309017 -1.89218e-17 5.82354e-17 
0.0289101 0.065 0.065 0.2 0.0065 0.026 0.12 0.951057 -0.309017 -1.89218e-17 5.82354e-17 
0.0289055 0.065 0.065 0.2 -0.0065 -0.026 0.12 0.309017 0.951057 -5.82354e-17 1.89218e-17 
0.0274919 0.065 0.065 0.2 -0.013 -0.026 0.12 6.12323e-17 1 -6.12323e-17 3.7494e-33 
0.0274785 0.065 0.065 0.2 0.013 0.026 0.12 1 0 0 6.12323e-17 
0.02747 0.065 0.065 0.2 0.013 -0.0325 0.12 -0.309017 0.951057 -5.82354e-17 -1.89218e-17 
0.027463 0.065 0.065 0.2 -0.013 0.0325 0.12 0.951057 0.309017 1.89218e-17 5.82354e-17 
0.0268359 0.065 0.065 0.2 -0.026 0.0525 6.93889e-18 0.415627 0.572061 -0.572061 0.415629 
0.0267978 0.065 0.065 0.2 -0.0325 0.0525 0.04 0.415627 0.572061 -0.572061 0.415629 
0.0265741 0.065 0.065 0.2 0.0195 -0.0325 0.12 0.809017 -0.587785 -3.59914e-17 4.9538e-17 
0.0265717 0.065 0.065 0.2 -0.0195 0.0325 0.12 0.587785 0.809017 -4.9538e-17 3.59915e-17 
0.0259475 0.065 0.065 0.2 0.026 -0.0195 0.12 -0.309017 0.951057 -5.82354e-17 -1.89218e-17 
0.0259373 0.065 0.065 0.2 -0.026 0.0195 0.12 0.951057 0.309017 1.89218e-17 5.82354e-17 
0.023387 0.065 0.065 0.2 -0.0325 0.0525 0.06 0.415627 0.572061 -0.572061 0.415629 
0.023108 0.065 0.065 0.2 -0.026 0.0525 0.08 0.415627 0.572061 -0.572061 0.415629 
0.02293 0.065 0.065 0.2 0.0195 -0.013 0.12 0.809017 -0.587785 -3.59914e-17 4.9538e-17 
0.0229036 0.065 0.065 0.2 -0.0195 0.013 0.12 0.587785 0.809017 -4.9538e-17 3.59915e-17 
0.0226302 0.065 0.065 0.2 -0.0195 0.0525 0.04 0.415627 0.572061 -0.572061 0.415629 
0.0214379 0.065 0.065 0.2 -0.0325 -0.0525 0.02 -0.415627 -0.572061 -0.572061 0.415629 
0.0211126 0.065 0.065 0.2 0.0065 0.0325 0.12 0.809017 -0.587785 -3.59914e-17 4.9538e-17 
0.021097 0.065 0.065 0.2 -0.0065 -0.0325 0.12 0.587785 0.809017 -4.9538e-17 3.59915e-17 
0.0200424 0.065 0.065 0.2 0.013 0.0195 0.12 1 0 0 6.12323e-17 
0.0200188 0.065 0.065 0.2 -0.013 -0.0195 0.12 6.12323e-17 1 -6.12323e-17 3.7494e-33 
0.0177555 0.065 0.065 0.2 0.0195 -0.0525 0.04 -0.572061 0.415627 0.415627 0.572062 
0.0172581 0.065 0.065 0.2 0.026 0.0525 0.08 0.218508 -0.672499 0.672499 0.218502 
0.0169998 0.065 0.065 0.2 0.0325 0.0525 0.08 0.218508 -0.672499 0.672499 0.218502 
0.0165744 0.065 0.065 0.2 0.026 -0.0525 6.93889e-18 -0.572061 0.415627 0.415627 0.572062 
0.0151267 0.065 0.065 0.2 0.0325 -0.026 0.12 0.809017 -0.587785 -3.59914e-17 4.9538e-17 
0.015104 0.065 0.065 0.2 -0.0325 0.026 0.12 0.587785 0.809017 -4.9538e-17 3.59915e-17 
0.014534 0.065 0.065 0.2 -0.026 -0.026 0.12 6.12323e-17 1 -6.12323e-17 3.7494e-33 
0.0145302 0.065 0.065 0.2 -0.0325 0.0525 0.02 0.415627 0.572061 -0.572061 0.415629 
0.0145232 0.065 0.065 0.2 0.026 0.026 0.12 1 0 0 6.12323e-17 
0.014404 0.065 0.065 0.2 0.026 0.0325 0.12 0.809017 -0.587785 -3.59914e-17 4.9538e-17 
0.0143732 0.065 0.065 0.2 -0.026 -0.0325 0.12 0.587785 0.809017 -4.9538e-17 3.59915e-17 
0.0141012 0.065 0.065 0.2 -0.0325 -0.0525 6.93889e-18 -0.415627 -0.572061 -0.572061 0.415629 
0.0138715 0.065 0.065 0.2 -0.0195 -0.026 0.12 6.12323e-17 1 -6.12323e-17 3.7494e-33 
0.0138388 0.065 0.065 0.2 0.0195 0.026 0.12 1 0 0 6.12323e-17 
0.0129268 0.065 0.065 0.2 -0.0195 0.0325 0.12 0.809017 0.587785 3.59914e-17 4.9538e-17 
0.0128668 0.065 0.065 0.2 0.0195 -0.0325 0.12 -0.587785 0.809017 -4.9538e-17 -3.59915e-17 
0.0120228 0.065 0.065 0.2 -0.0195 0.026 0.12 0.809017 0.587785 3.59914e-17 4.9538e-17 
0.0118946 0.065 0.065 0.2 0.0195 -0.026 0.12 -0.587785 0.809017 -4.9538e-17 -3.59915e-17 
0.0117294 0.065 0.065 0.2 -0.0195 -0.0065 0.12 0.809017 0.587785 3.59914e-17 4.9538e-17 
0.0116903 0.065 0.065 0.2 -0.0325 -0.0525 0.08 -0.415627 -0.572061 -0.572061 0.415629 
0.0116334 0.065 0.065 0.2 0.0195 0.0065 0.12 -0.587785 0.809017 -4.9538e-17 -3.59915e-17 
0.0111914 0.065 0.065 0.2 0.0325 0.0525 0.06 0.572061 -0.415627 0.415627 0.572062 
0.0104578 0.065 0.065 0.2 -0.026 -0.0525 0.08 -0.415627 -0.572061 -0.572061 0.415629 
0.0104222 0.065 0.065 0.2 -0.026 0.0525 0.06 0.415627 0.572061 -0.572061 0.415629 
0.00979861 0.065 0.065 0.2 -0.0195 0.0195 0.12 1 0 0 6.12323e-17 
0.00978837 0.065 0.065 0.2 0.0195 -0.0195 0.12 6.12323e-17 1 -6.12323e-17 3.7494e-33 
0.00838812 0.065 0.065 0.2 -0.013 -0.026 0.12 0.309017 0.951057 -5.82354e-17 1.89218e-17 
0.00838541 0.065 0.065 0.2 0.013 0.026 0.12 0.951057 -0.309017 -1.89218e-17 5.82354e-17 
0.00749449 0.065 0.065 0.2 0.0325 0.013 0.12 0.809017 -0.587785 -3.59914e-17 4.9538e-17 
0.00746795 0.065 0.065 0.2 -0.0325 -0.013 0.12 0.587785 0.809017 -4.9538e-17 3.59915e-17 
0.00683178 0.065 0.065 0.2 -0.0195 -0.0525 0.06 -0.415627 -0.572061 -0.572061 0.415629 
0.00252016 0.065 0.065 0.2 -1.73472e-18 0.0325 0.12 0.951057 -0.309017 -1.89218e-17 5.82354e-17 
0.00251218 0.065 0.065 0.2 -1.73472e-18 -0.0325 0.12 0.309017 0.951057 -5.82354e-17 1.89218e-17 
0.00217013 0.065 0.065 0.2 0.0525 0.026 0.08 -0.672498 -0.218508 0.672499 0.218508 
0.00216521 0.065 0.065 0.2 -0.0525 -0.026 0.08 -0.218508 0.672498 -0.218508 0.672499 
0.00209725 0.065 0.065 0.2 0.0325 0.0525 0.06 0.415627 -0.572061 0.572061 0.415629 
0.00183046 0.065 0.065 0.2 0.026 -0.013 0.12 0.809017 -0.587785 -3.59914e-17 4.9538e-17 
0.0018211 0.065 0.065 0.2 -0.026 0.013 0.12 0.587785 0.809017 -4.9538e-17 3.59915e-17 
0.00136158 0.065 0.065 0.2 0.026 0.0525 0.06 0.415627 -0.572061 0.572061 0.415629 
0.000846386 0.065 0.065 0.2 0.0325 0.0525 0.02 0.572061 -0.415627 0.415627 0.572062 
0.000692099 0.065 0.065 0.2 0.0195 0.0525 0.06 0.415627 -0.572061 0.572061 0.415629 
0.000207035 0.065 0.065 0.2 -0.0325 -0.0525 0.08 -0.572061 -0.415627 -0.415627 0.572062 
0.000184536 0.065 0.065 0.2 0.0325 -0.0525 0.06 -0.572061 0.415627 0.415627 0.572062 
8.89165e-05 0.065 0.065 0.2 0.0525 -0.0325 0.08 -0.415627 -0.572061 0.415627 0.572062 
6.96514e-05 0.065 0.065 0.2 -0.0195 -0.0525 0.08 -0.572061 -0.415627 -0.415627 0.572062 
6.49539e-05 0.065 0.065 0.2 -0.026 -0.0525 0.08 -0.572061 -0.415627 -0.415627 0.572062 
3.60474e-05 0.065 0.065 0.2 -0.0525 -0.026 0.08 0 0.707107 0 0.707106 
3.60198e-05 0.065 0.065 0.2 -0.0195 -0.0525 0.06 -0.572061 -0.415627 -0.415627 0.572062 
3.09926e-05 0.065 0.065 0.2 -0.0525 -0.026 0.06 0 0.707107 0 0.707106 
2.99931e-05 0.065 0.065 0.2 -0.0525 0.0325 0.08 -0.572061 0.415627 -0.572061 0.415629 
2.73943e-05 0.065 0.065 0.2 -0.026 -0.0525 0.06 -0.572061 -0.415627 -0.415627 0.572062 
2.59457e-05 0.065 0.065 0.2 -0.0525 -0.026 0.04 0 0.707107 0 0.707106 
2.12076e-05 0.065 0.065 0.2 -0.0525 -0.026 0.02 0 0.707107 0 0.707106 
2.11955e-05 0.065 0.065 0.2 -0.0525 0.026 -0.02 0.707107 -4.32978e-17 0.707107 -4.32978e-17 
2.11648e-05 0.065 0.065 0.2 0.0525 -0.026 -0.02 0 -0.707107 0 0.707106 
1.71476e-05 0.065 0.065 0.2 -0.0525 -0.026 6.93889e-18 0 0.707107 0 0.707106 
1.71288e-05 0.065 0.065 0.2 -0.0525 0.026 6.93889e-18 0.707107 -4.32978e-17 0.707107 -4.32978e-17 
1.71085e-05 0.065 0.065 0.2 0.0525 -0.026 6.93889e-18 0 -0.707107 0 0.707106 
1.37884e-05 0.065 0.065 0.2 -0.0525 0.026 0.02 0.707107 -4.32978e-17 0.707107 -4.32978e-17 
1.37557e-05 0.065 0.065 0.2 0.0525 -0.026 0.02 0 -0.707107 0 0.707106 
1.0939e-05 0.065 0.065 0.2 -0.0525 0.026 0.04 0.707107 -4.32978e-17 0.707107 -4.32978e-17 
1.09092e-05 0.065 0.065 0.2 0.0525 -0.026 0.04 0 -0.707107 0 0.707106 
8.63196e-06 0.065 0.065 0.2 -0.0525 0.026 0.06 0.707107 -4.32978e-17 0.707107 -4.32978e-17 
8.60496e-06 0.065 0.065 0.2 0.0525 -0.026 0.06 0 -0.707107 0 0.707106 
7.02479e-06 0.065 0.065 0.2 -0.0525 0.026 0.08 0.707107 -4.32978e-17 0.707107 -4.32978e-17 
6.99207e-06 0.065 0.065 0.2 0.0525 -0.026 0.08 0 -0.707107 0 0.707106 
9.36114e-07 0.065 0.065 0.2 -0.0525 0.026 0.08 -0.672498 0.218508 -0.672499 0.218508 
7.86484e-07 0.065 0.065 0.2 -0.0525 0.0325 0.08 -0.672498 0.218508 -0.672499 0.218508 
7.51976e-07 0.065 0.065 0.2 -0.0525 0.0195 0.08 -0.672498 0.218508 -0.672499 0.218508 
6.98018e-07 0.065 0.065 0.2 -0.0525 0.0325 0.06 -0.672498 0.218508 -0.672499 0.218508 
6.47359e-07 0.065 0.065 0.2 0.0525 -0.0195 0.08 -0.218508 -0.672498 0.218508 0.672499 
6.4059e-07 0.065 0.065 0.2 0.0525 -0.026 0.08 -0.218508 -0.672498 0.218508 0.672499 
2.62026e-07 0.065 0.065 0.2 0.0525 -0.0325 0.08 -0.218508 -0.672498 0.218508 0.672499 
1.84441e-08 0.065 0.065 0.2 0.0525 0.0325 6.93889e-18 0.707107 -4.32978e-17 -0.707107 4.32978e-17 
1.46636e-08 0.065 0.065 0.2 0.0525 0.0325 0.02 0.707107 -4.32978e-17 -0.707107 4.32978e-17 
1.11533e-08 0.065 0.065 0.2 0.0525 0.0325 0.04 0.707107 -4.32978e-17 -0.707107 4.32978e-17 
6.79725e-09 0.065 0.065 0.2 0.0525 0.0325 0.06 0.707107 -4.32978e-17 -0.707107 4.32978e-17 
3.56423e-09 0.065 0.065 0.2 0.0525 0.0325 0.08 0.707107 -4.32978e-17 -0.707107 4.32978e-17 
-8.51303e-09 0.065 0.065 0.2 0.0525 0.026 0.04 0.707107 -4.32978e-17 -0.707107 4.32978e-17 
-8.66993e-09 0.065 0.065 0.2 0.0525 0.026 6.93889e-18 0.707107 -4.32978e-17 -0.707107 4.32978e-17 
-9.07047e-09 0.065 0.065 0.2 0.0525 0.026 0.06 0.707107 -4.32978e-17 -0.707107 4.32978e-17 
-9.39796e-09 0.065 0.065 0.2 0.0525 0.026 0.02 0.707107 -4.32978e-17 -0.707107 4.32978e-17 
-1.02403e-08 0.065 0.065 0.2 0.0525 0.026 0.08 0.707107 -4.32978e-17 -0.707107 4.32978e-17 
-4.37604e-07 0.065 0.065 0.2 -0.0325 -0.0525 0.08 -0.672499 -0.218508 -0.218508 0.672498 
-5.39418e-07 0.065 0.065 0.2 0.0525 -0.0325 0.06 -0.218508 -0.672498 0.218508 0.672499 
-7.98329e-07 0.065 0.065 0.2 -0.026 -0.0525 0.08 -0.672499 -0.218508 -0.218508 0.672498 
-7.08794e-06 0.065 0.065 0.2 -0.0525 0.0195 0.08 0.707107 -4.32978e-17 0.707107 -4.32978e-17 
-7.09926e-06 0.065 0.065 0.2 0.0525 -0.0195 0.08 0 -0.707107 0 0.707106 
-9.1658e-06 0.065 0.065 0.2 -0.0525 0.0195 0.06 0.707107 -4.32978e-17 0.707107 -4.32978e-17 
-9.17762e-06 0.065 0.065 0.2 0.0525 -0.0195 0.06 0 -0.707107 0 0.707106 
-2.55413e-05 0.065 0.065 0.2 0.0525 -0.0325 0.08 0 -0.707107 0 0.707106 
-2.55469e-05 0.065 0.065 0.2 -0.0525 0.0325 0.08 0.707107 -4.32978e-17 0.707107 -4.32978e-17 
-3.31077e-05 0.065 0.065 0.2 0.0525 -0.0325 0.06 0 -0.707107 0 0.707106 
-3.31112e-05 0.065 0.065 0.2 -0.0525 0.0325 0.06 0.707107 -4.32978e-17 0.707107 -4.32978e-17 
-4.15357e-05 0.065 0.065 0.2 0.0525 -0.0325 0.04 0 -0.707107 0 0.707106 
-4.15447e-05 0.065 0.065 0.2 -0.0525 0.0325 0.04 0.707107 -4.32978e-17 0.707107 -4.32978e-17 
-5.12795e-05 0.065 0.065 0.2 0.0525 -0.0325 0.02 0 -0.707107 0 0.707106 
-5.12875e-05 0.065 0.065 0.2 -0.0525 0.0325 0.02 0.707107 -4.32978e-17 0.707107 -4.32978e-17 
-6.21114e-05 0.065 0.065 0.2 -0.0525 -0.0325 6.93889e-18 0 0.707107 0 0.707106 
-6.21565e-05 0.065 0.065 0.2 0.0525 -0.0325 6.93889e-18 0 -0.707107 0 0.707106 
-6.21608e-05 0.065 0.065 0.2 -0.0525 0.0325 6.93889e-18 0.707107 -4.32978e-17 0.707107 -4.32978e-17 
-7.36915e-05 0.065 0.065 0.2 -0.0525 -0.0325 0.02 0 0.707107 0 0.707106 
-7.3742e-05 0.065 0.065 0.2 0.0525 -0.0325 -0.02 0 -0.707107 0 0.707106 
-7.37472e-05 0.065 0.065 0.2 -0.0525 0.0325 -0.02 0.707107 -4.32978e-17 0.707107 -4.32978e-17 
-8.5631e-05 0.065 0.065 0.2 -0.0525 -0.0325 0.04 0 0.707107 0 0.707106 
-9.72385e-05 0.065 0.065 0.2 -0.0525 -0.0325 0.06 0 0.707107 0 0.707106 
-0.000107229 0.065 0.065 0.2 -0.0525 -0.0325 0.08 0 0.707107 0 0.707106 
-0.000124275 0.065 0.065 0.2 -0.0325 -0.0525 0.06 -0.572061 -0.415627 -0.415627 0.572062 
-0.000649085 0.065 0.065 0.2 0.0525 -0.0325 0.08 0.218508 -0.672498 -0.218508 0.672499 
-0.0006617 0.065 0.065 0.2 -0.0525 0.0325 0.08 0.672498 0.218508 0.672499 0.218508 
-0.00101664 0.065 0.065 0.2 0.0525 -0.0325 0.06 0.218508 -0.672498 -0.218508 0.672499 
-0.00103095 0.065 0.065 0.2 -0.0525 0.0325 0.06 0.672498 0.218508 0.672499 0.218508 
-0.0011905 0.065 0.065 0.2 -0.026 -0.0195 0.12 6.12323e-17 1 -6.12323e-17 3.7494e-33 
-0.00119945 0.065 0.065 0.2 0.026 0.0195 0.12 1 0 0 6.12323e-17 
-0.0012333 0.065 0.065 0.2 0.0195 0.0195 0.12 1 0 0 6.12323e-17 
-0.00125498 0.065 0.065 0.2 -0.0195 -0.0195 0.12 6.12323e-17 1 -6.12323e-17 3.7494e-33 
-0.00129263 0.065 0.065 0.2 -0.0195 -0.0525 0.08 -0.415627 -0.572061 -0.572061 0.415629 
-0.00143245 0.065 0.065 0.2 -0.0195 -1.73472e-18 0.12 0.809017 0.587785 3.59914e-17 4.9538e-17 
-0.00144872 0.065 0.065 0.2 0.0195 -1.73472e-18 0.12 -0.587785 0.809017 -4.9538e-17 -3.59915e-17 
-0.00148776 0.065 0.065 0.2 0.0525 -0.0325 0.04 0.218508 -0.672498 -0.218508 0.672499 
-0.00149193 0.065 0.065 0.2 -0.0525 -0.0325 -0.04 -0.218508 0.672498 -0.218508 0.672499 
-0.00150346 0.065 0.065 0.2 -0.0525 0.0325 0.04 0.672498 0.218508 0.672499 0.218508 
-0.00170453 0.065 0.065 0.2 0.0525 0.0325 -0.04 -0.672498 -0.218508 0.672499 0.218508 
-0.00201128 0.065 0.065 0.2 0.0195 0.0525 0.08 0.415627 -0.572061 0.572061 0.415629 
-0.00206254 0.065 0.065 0.2 0.0525 -0.0325 0.02 0.218508 -0.672498 -0.218508 0.672499 
-0.00206623 0.065 0.065 0.2 -0.0525 -0.0325 -0.02 -0.218508 0.672498 -0.218508 0.672499 
-0.00207547 0.065 0.065 0.2 0.0525 0.0325 -0.02 -0.672498 -0.218508 0.672499 0.218508 
-0.00207789 0.065 0.065 0.2 -0.0525 0.0325 0.02 0.672498 0.218508 0.672499 0.218508 
-0.00272028 0.065 0.065 0.2 -0.0525 -0.0325 6.93889e-18 -0.218508 0.672498 -0.218508 0.672499 
-0.00273058 0.065 0.065 0.2 0.0525 0.0325 6.93889e-18 -0.672498 -0.218508 0.672499 0.218508 
-0.00279117 0.065 0.065 0.2 0.026 0.0525 0.08 0.415627 -0.572061 0.572061 0.415629 
-0.00326824 0.065 0.065 0.2 0.0325 0.0525 0.04 0.572061 -0.415627 0.415627 0.572062 
-0.00342611 0.065 0.065 0.2 -0.0525 -0.0325 0.02 -0.218508 0.672498 -0.218508 0.672499 
-0.00343545 0.065 0.065 0.2 0.0525 0.0325 0.02 -0.672498 -0.218508 0.672499 0.218508 
-0.0036924 0.065 0.065 0.2 0.0325 0.0525 0.08 0.415627 -0.572061 0.572061 0.415629 
-0.0041383 0.065 0.065 0.2 -0.0525 -0.0325 0.04 -0.218508 0.672498 -0.218508 0.672499 
-0.0041438 0.065 0.065 0.2 0.0525 0.0325 0.04 -0.672498 -0.218508 0.672499 0.218508 
-0.0044063 0.065 0.065 0.2 0.0325 0.0325 0.12 0.809017 -0.587785 -3.59914e-17 4.9538e-17 
-0.00443789 0.065 0.065 0.2 -0.0325 -0.0325 0.12 0.587785 0.809017 -4.9538e-17 3.59915e-17 
-0.00456239 0.065 0.065 0.2 0.0195 0.0325 0.12 0.809017 -0.587785 -3.59914e-17 4.9538e-17 
-0.00456939 0.065 0.065 0.2 -0.0195 -0.0325 0.12 0.587785 0.809017 -4.9538e-17 3.59915e-17 
-0.00478523 0.065 0.065 0.2 -0.0525 -0.0325 0.06 -0.218508 0.672498 -0.218508 0.672499 
-0.00479166 0.065 0.065 0.2 0.0525 0.0325 0.06 -0.672498 -0.218508 0.672499 0.218508 
-0.00535264 0.065 0.065 0.2 0.0525 0.0325 0.08 -0.672498 -0.218508 0.672499 0.218508 
-0.00535277 0.065 0.065 0.2 -0.0525 -0.0325 0.08 -0.218508 0.672498 -0.218508 0.672499 
-0.00536013 0.065 0.065 0.2 0.0325 -0.0525 0.04 -0.572061 0.415627 0.415627 0.572062 
-0.00560611 0.065 0.065 0.2 0.0325 0.0195 0.12 1 0 0 6.12323e-17 
-0.0056243 0.065 0.065 0.2 -0.0325 -0.0195 0.12 6.12323e-17 1 -6.12323e-17 3.7494e-33 
-0.00583849 0.065 0.065 0.2 0.0195 -0.0325 0.12 -0.309017 0.951057 -5.82354e-17 -1.89218e-17 
-0.00585152 0.065 0.065 0.2 -0.0195 0.0325 0.12 0.951057 0.309017 1.89218e-17 5.82354e-17 
-0.00591402 0.065 0.065 0.2 0.0325 0.026 0.12 1 0 0 6.12323e-17 
-0.00592723 0.065 0.065 0.2 -0.0325 -0.026 0.12 6.12323e-17 1 -6.12323e-17 3.7494e-33 
-0.00595037 0.065 0.065 0.2 -0.026 -0.0325 0.12 0.309017 0.951057 -5.82354e-17 1.89218e-17 
-0.00596661 0.065 0.065 0.2 0.026 0.0325 0.12 0.951057 -0.309017 -1.89218e-17 5.82354e-17 
-0.00710821 0.065 0.065 0.2 0.026 -0.0525 0.06 -0.572061 0.415627 0.415627 0.572062 
-0.00725407 0.065 0.065 0.2 0.0195 -0.0195 0.12 0.809017 -0.587785 -3.59914e-17 4.9538e-17 
-0.00731322 0.065 0.065 0.2 -0.0195 0.0195 0.12 0.587785 0.809017 -4.9538e-17 3.59915e-17 
-0.00769144 0.065 0.065 0.2 -0.013 -0.0325 0.12 0.587785 0.809017 -4.9538e-17 3.59915e-17 
-0.00770148 0.065 0.065 0.2 0.013 0.0325 0.12 0.809017 -0.587785 -3.59914e-17 4.9538e-17 
-0.00904226 0.065 0.065 0.2 0.0195 0.0525 0.08 0.572061 -0.415627 0.415627 0.572062 
-0.00944281 0.065 0.065 0.2 -0.0325 0.0525 6.93889e-18 0.415627 0.572061 -0.572061 0.415629 
-0.00967818 0.065 0.065 0.2 -0.0325 0.026 0.12 0.809017 0.587785 3.59914e-17 4.9538e-17 
-0.00991557 0.065 0.065 0.2 0.0325 -0.026 0.12 -0.587785 0.809017 -4.9538e-17 -3.59915e-17 
-0.0115117 0.065 0.065 0.2 -0.0325 -0.0525 0.04 -0.415627 -0.572061 -0.572061 0.415629 
-0.0118702 0.065 0.065 0.2 0.026 -1.73472e-18 0.12 -0.309017 0.951057 -5.82354e-17 -1.89218e-17 
-0.0118702 0.065 0.065 0.2 -0.026 -1.73472e-18 0.12 0.951057 0.309017 1.89218e-17 5.82354e-17 
-0.0123935 0.065 0.065 0.2 0.0325 -0.0525 0.02 -0.572061 0.415627 0.415627 0.572062 
-0.0124863 0.065 0.065 0.2 0.0325 -0.0325 0.12 0.809017 -0.587785 -3.59914e-17 4.9538e-17 
-0.0125303 0.065 0.065 0.2 0.026 -0.0525 0.08 -0.572061 0.415627 0.415627 0.572062 
-0.0126839 0.065 0.065 0.2 -0.0325 0.0325 0.12 0.587785 0.809017 -4.9538e-17 3.59915e-17 
-0.0129345 0.065 0.065 0.2 -0.0065 0.0325 0.12 0.951057 -0.309017 -1.89218e-17 5.82354e-17 
-0.012943 0.065 0.065 0.2 0.0065 -0.0325 0.12 0.309017 0.951057 -5.82354e-17 1.89218e-17 
-0.0140063 0.065 0.065 0.2 0.026 -0.0325 0.12 -0.309017 0.951057 -5.82354e-17 -1.89218e-17 
-0.0140171 0.065 0.065 0.2 -0.026 0.0325 0.12 0.951057 0.309017 1.89218e-17 5.82354e-17 
-0.0141697 0.065 0.065 0.2 -0.026 0.0525 0.02 0.415627 0.572061 -0.572061 0.415629 
-0.0144004 0.065 0.065 0.2 0.0325 0.0325 0.12 1 0 0 6.12323e-17 
-0.0144029 0.065 0.065 0.2 -0.0325 -0.0325 0.12 6.12323e-17 1 -6.12323e-17 3.7494e-33 
-0.0145279 0.065 0.065 0.2 0.0195 -0.026 0.12 0.809017 -0.587785 -3.59914e-17 4.9538e-17 
-0.0145943 0.065 0.065 0.2 -0.0195 0.026 0.12 0.587785 0.809017 -4.9538e-17 3.59915e-17 
-0.0192039 0.065 0.065 0.2 0.0065 0.0325 0.12 0.951057 -0.309017 -1.89218e-17 5.82354e-17 
-0.0192125 0.065 0.065 0.2 -0.0065 -0.0325 0.12 0.309017 0.951057 -5.82354e-17 1.89218e-17 
-0.021719 0.065 0.065 0.2 -0.0325 -0.0065 0.12 0.809017 0.587785 3.59914e-17 4.9538e-17 
-0.0217203 0.065 0.065 0.2 0.0325 0.0065 0.12 -0.587785 0.809017 -4.9538e-17 -3.59915e-17 
-0.0227847 0.065 0.065 0.2 0.0325 -0.0525 6.93889e-18 -0.572061 0.415627 0.415627 0.572062 
-0.0228511 0.065 0.065 0.2 -0.026 0.0325 0.12 1 0 0 6.12323e-17 
-0.0228731 0.065 0.065 0.2 0.026 -0.0325 0.12 6.12323e-17 1 -6.12323e-17 3.7494e-33 
-0.0239104 0.065 0.065 0.2 0.0325 0.0195 0.12 0.809017 -0.587785 -3.59914e-17 4.9538e-17 
-0.0239198 0.065 0.065 0.2 -0.0325 -0.0195 0.12 0.587785 0.809017 -4.9538e-17 3.59915e-17 
-0.0248337 0.065 0.065 0.2 0.026 -0.0525 0.02 -0.572061 0.415627 0.415627 0.572062 
-0.0250121 0.065 0.065 0.2 0.0195 0.0325 0.12 0.951057 -0.309017 -1.89218e-17 5.82354e-17 
-0.025029 0.065 0.065 0.2 -0.0195 -0.0325 0.12 0.309017 0.951057 -5.82354e-17 1.89218e-17 
-0.0253737 0.065 0.065 0.2 0.0325 0.026 0.12 0.809017 -0.587785 -3.59914e-17 4.9538e-17 
-0.0253756 0.065 0.065 0.2 -0.0325 -0.026 0.12 0.587785 0.809017 -4.9538e-17 3.59915e-17 
-0.0268018 0.065 0.065 0.2 0.026 -0.0195 0.12 0.809017 -0.587785 -3.59914e-17 4.9538e-17 
-0.0268226 0.065 0.065 0.2 -0.026 0.0195 0.12 0.587785 0.809017 -4.9538e-17 3.59915e-17 
-0.0287191 0.065 0.065 0.2 -0.0325 0.0325 0.12 0.809017 0.587785 3.59914e-17 4.9538e-17 
-0.0289222 0.065 0.065 0.2 0.0325 -0.0325 0.12 -0.587785 0.809017 -4.9538e-17 -3.59915e-17 
-0.0290867 0.065 0.065 0.2 -0.026 0.026 0.12 0.587785 0.809017 -4.9538e-17 3.59915e-17 
-0.0291064 0.065 0.065 0.2 0.026 -0.026 0.12 0.809017 -0.587785 -3.59914e-17 4.9538e-17 
-0.0306346 0.065 0.065 0.2 0.0325 -0.0325 0.12 -0.309017 0.951057 -5.82354e-17 -1.89218e-17 
-0.0306513 0.065 0.065 0.2 -0.0325 0.0325 0.12 0.951057 0.309017 1.89218e-17 5.82354e-17 
-0.0344069 0.065 0.065 0.2 -0.0325 0.0325 0.12 1 0 0 6.12323e-17 
-0.0344162 0.065 0.065 0.2 0.0325 -0.0325 0.12 6.12323e-17 1 -6.12323e-17 3.7494e-33 
-0.0354877 0.065 0.065 0.2 0.013 0.0325 0.12 0.951057 -0.309017 -1.89218e-17 5.82354e-17 
-0.0355003 0.065 0.065 0.2 -0.013 -0.0325 0.12 0.309017 0.951057 -5.82354e-17 1.89218e-17 
-0.0374646 0.065 0.065 0.2 0.0325 0.013 0.12 0.951057 -0.309017 -1.89218e-17 5.82354e-17 
-0.0374747 0.065 0.065 0.2 -0.0325 -0.013 0.12 0.309017 0.951057 -5.82354e-17 1.89218e-17 
-0.0394588 0.065 0.065 0.2 -0.026 0.0525 0.04 0.415627 0.572061 -0.572061 0.415629 
-0.0419383 0.065 0.065 0.2 0.026 -0.0525 0.04 -0.572061 0.415627 0.415627 0.572062 
-0.0443172 0.065 0.065 0.2 -0.0325 0.0525 0.08 0.415627 0.572061 -0.572061 0.415629 
-0.0476069 0.065 0.065 0.2 -0.0325 0.0525 -0.02 0.415627 0.572061 -0.572061 0.415629 
-0.0479932 0.065 0.065 0.2 0.0325 -0.0525 0.08 -0.572061 0.415627 0.415627 0.572062 
-0.0488406 0.065 0.065 0.2 0.0325 0.0195 0.12 0.951057 -0.309017 -1.89218e-17 5.82354e-17 
-0.0488489 0.065 0.065 0.2 -0.0325 -0.0195 0.12 0.309017 0.951057 -5.82354e-17 1.89218e-17 
-0.0490368 0.065 0.065 0.2 -0.0325 -0.0525 0.06 -0.415627 -0.572061 -0.572061 0.415629 
-0.0523268 0.065 0.065 0.2 -0.0325 -0.0325 0.12 0.309017 0.951057 -5.82354e-17 1.89218e-17 
-0.0523366 0.065 0.065 0.2 0.0325 0.0325 0.12 0.951057 -0.309017 -1.89218e-17 5.82354e-17 
-0.054884 0.065 0.065 0.2 0.0325 -0.0525 -0.02 -0.572061 0.415627 0.415627 0.572062 
-0.0724182 0.065 0.065 0.2 0.0325 0.0525 0.08 0.572061 -0.415627 0.415627 0.572062 
-0.102231 0.065 0.065 0.2 -0.0325 -0.013 0.12 0.809017 0.587785 3.59914e-17 4.9538e-17 
-0.10232 0.065 0.065 0.2 0.0325 0.013 0.12 -0.587785 0.809017 -4.9538e-17 -3.59915e-17 
-0.165456 0.065 0.065 0.2 -0.0325 -0.0195 0.12 0.809017 0.587785 3.59914e-17 4.9538e-17 
-0.165633 0.065 0.065 0.2 0.0325 0.0195 0.12 -0.587785 0.809017 -4.9538e-17 -3.59915e-17 
-0.409675 0.065 0.065 0.2 -0.0325 0.0525 0.08 0.218508 0.672499 -0.672499 0.218502 
-0.504834 0.065 0.065 0.2 0.0325 -0.0525 0.08 -0.672499 0.218508 0.218508 0.672498 
