0.644466 0.055 0.1 0.1 -0.0275 0.05 0.07 0.587785 0.809017 -4.9538e-17 3.59915e-17 
0.46554 0.055 0.1 0.1 0.0275 -0.05 0.07 -0.587785 0.809017 -4.9538e-17 -3.59915e-17 
0.299584 0.055 0.1 0.1 0.0275 0.07 0.05 -4.32978e-17 0.707107 -0.707107 4.32978e-17 
0.256175 0.055 0.1 0.1 0.0275 0.03 0.07 0.951057 -0.309017 -1.89218e-17 5.82354e-17 
0.241692 0.055 0.1 0.1 -0.0165 0.05 0.07 0.587785 0.809017 -4.9538e-17 3.59915e-17 
0.2163 0.055 0.1 0.1 0.0475 0.05 0.05 -0.572061 -0.415627 0.572061 0.415629 
0.189388 0.055 0.1 0.1 0.0165 0.07 0.05 -4.32978e-17 0.707107 -0.707107 4.32978e-17 
0.179172 0.055 0.1 0.1 0.0165 -0.01 0.07 -0.587785 0.809017 -4.9538e-17 -3.59915e-17 
0.173088 0.055 0.1 0.1 -0.0275 -0.07 0.05 -0.415627 -0.572061 -0.572061 0.415629 
0.133366 0.055 0.1 0.1 0.0275 -0.03 0.07 -0.587785 0.809017 -4.9538e-17 -3.59915e-17 
0.120797 0.055 0.1 0.1 -0.0165 -0.01 0.07 0.587785 0.809017 -4.9538e-17 3.59915e-17 
0.0982967 0.055 0.1 0.1 -0.0165 -0.07 0.05 -0.415627 -0.572061 -0.572061 0.415629 
0.0873419 0.055 0.1 0.1 -0.0275 -0.01 0.07 0.587785 0.809017 -4.9538e-17 3.59915e-17 
0.0871975 0.055 0.1 0.1 -0.0275 0.03 0.07 0.587785 0.809017 -4.9538e-17 3.59915e-17 
0.0820026 0.055 0.1 0.1 0.0475 0.03 0.05 -0.572061 -0.415627 0.572061 0.415629 
0.0603856 0.055 0.1 0.1 -0.0165 0.01 0.07 0.587785 0.809017 -4.9538e-17 3.59915e-17 
0.0460177 0.055 0.1 0.1 -0.0275 0.07 0.05 0.415627 0.572061 -0.572061 0.415629 
0.0443882 0.055 0.1 0.1 -0.0275 0.07 0.03 0.415627 0.572061 -0.572061 0.415629 
0.032888 0.055 0.1 0.1 0.0055 0.07 0.05 -4.32978e-17 0.707107 -0.707107 4.32978e-17 
0.0299055 0.055 0.1 0.1 -0.0275 0.03 0.07 0.951057 0.309017 1.89218e-17 5.82354e-17 
0.0298823 0.055 0.1 0.1 -0.0275 0.01 0.07 0.587785 0.809017 -4.9538e-17 3.59915e-17 
0.0277059 0.055 0.1 0.1 0.0275 -0.01 0.07 -0.587785 0.809017 -4.9538e-17 -3.59915e-17 
0.025651 0.055 0.1 0.1 0.0475 0.01 0.05 -0.572061 -0.415627 0.572061 0.415629 
-0.0220261 0.055 0.1 0.1 -0.0275 -0.03 0.07 0.587785 0.809017 -4.9538e-17 3.59915e-17 
-0.0316289 0.055 0.1 0.1 0.0275 0.05 0.07 0.951057 -0.309017 -1.89218e-17 5.82354e-17 
-0.0349646 0.055 0.1 0.1 -0.0165 0.03 0.07 0.587785 0.809017 -4.9538e-17 3.59915e-17 
-0.0487272 0.055 0.1 0.1 0.0275 -0.07 0.05 -0.672499 0.218508 0.218508 0.672498 
-0.0510398 0.055 0.1 0.1 0.0275 -0.07 0.03 -0.672499 0.218508 0.218508 0.672498 
-0.0783504 0.055 0.1 0.1 0.0165 -0.03 0.07 -0.587785 0.809017 -4.9538e-17 -3.59915e-17 
-0.0911369 0.055 0.1 0.1 0.0275 0.07 0.05 0.415627 -0.572061 0.572061 0.415629 
-0.11913 0.055 0.1 0.1 0.0475 0.05 0.05 0.707107 -4.32978e-17 -0.707107 4.32978e-17 
-0.14521 0.055 0.1 0.1 -0.0165 0.07 0.05 0.415627 0.572061 -0.572061 0.415629 
-0.145809 0.055 0.1 0.1 -0.0475 -0.03 0.05 -0.218508 0.672498 -0.218508 0.672499 
-0.148309 0.055 0.1 0.1 -0.0165 0.07 0.03 0.415627 0.572061 -0.572061 0.415629 
-0.151295 0.055 0.1 0.1 -0.0055 0.07 0.05 -4.32978e-17 0.707107 -0.707107 4.32978e-17 
-0.154304 0.055 0.1 0.1 -0.0165 -0.03 0.07 0.587785 0.809017 -4.9538e-17 3.59915e-17 
-0.154376 0.055 0.1 0.1 0.0165 0.05 0.07 0.951057 -0.309017 -1.89218e-17 5.82354e-17 
-0.167026 0.055 0.1 0.1 0.0165 -0.07 0.05 -0.672499 0.218508 0.218508 0.672498 
-0.243705 0.055 0.1 0.1 -0.0475 0.01 0.05 -0.572061 0.415627 -0.572061 0.415629 
-0.282334 0.055 0.1 0.1 -0.0475 -0.01 0.05 -0.572061 0.415627 -0.572061 0.415629 
-0.289705 0.055 0.1 0.1 0.0055 -0.07 0.05 -0.672499 0.218508 0.218508 0.672498 
-0.323861 0.055 0.1 0.1 -0.0055 0.07 0.05 0.415627 0.572061 -0.572061 0.415629 
-0.325594 0.055 0.1 0.1 0.0165 0.07 0.05 0.415627 -0.572061 0.572061 0.415629 
-0.334478 0.055 0.1 0.1 0.0055 0.05 0.07 0.951057 -0.309017 -1.89218e-17 5.82354e-17 
-0.338418 0.055 0.1 0.1 -0.0275 0.05 0.07 0.951057 0.309017 1.89218e-17 5.82354e-17 
-0.344538 0.055 0.1 0.1 -0.0165 0.07 0.05 -4.32978e-17 0.707107 -0.707107 4.32978e-17 
-0.389658 0.055 0.1 0.1 -0.0475 -0.05 0.01 -0.218508 0.672498 -0.218508 0.672499 
-0.391818 0.055 0.1 0.1 -0.0475 -0.05 0.03 -0.218508 0.672498 -0.218508 0.672499 
-0.392721 0.055 0.1 0.1 -0.0475 -0.05 0.05 -0.218508 0.672498 -0.218508 0.672499 
-0.397758 0.055 0.1 0.1 -0.0475 0.03 0.05 -0.572061 0.415627 -0.572061 0.415629 
-0.439096 0.055 0.1 0.1 -0.0055 -0.07 0.05 -0.672499 0.218508 0.218508 0.672498 
-0.451748 0.055 0.1 0.1 -0.0475 0.05 0.05 0.707107 -4.32978e-17 0.707107 -4.32978e-17 
-0.45291 0.055 0.1 0.1 -0.0475 0.05 0.03 0.707107 -4.32978e-17 0.707107 -4.32978e-17 
-0.463897 0.055 0.1 0.1 -0.0475 -0.03 0.05 -0.572061 0.415627 -0.572061 0.415629 
-0.466932 0.055 0.1 0.1 -0.0275 -0.05 0.07 0.587785 0.809017 -4.9538e-17 3.59915e-17 
-0.477342 0.055 0.1 0.1 0.0165 -0.05 0.07 -0.587785 0.809017 -4.9538e-17 -3.59915e-17 
-0.528396 0.055 0.1 0.1 -0.0275 0.07 0.05 -4.32978e-17 0.707107 -0.707107 4.32978e-17 
-0.677449 0.055 0.1 0.1 0.0165 -0.05 0.07 6.12323e-17 1 -6.12323e-17 3.7494e-33 
-0.70413 0.055 0.1 0.1 0.0275 -0.05 0.07 6.12323e-17 1 -6.12323e-17 3.7494e-33 
-0.722122 0.055 0.1 0.1 0.0055 -0.05 0.07 6.12323e-17 1 -6.12323e-17 3.7494e-33 
-0.725247 0.055 0.1 0.1 -0.0475 -0.05 0.05 -0.572061 0.415627 -0.572061 0.415629 
-0.779197 0.055 0.1 0.1 -0.0475 0.05 0.05 -0.572061 0.415627 -0.572061 0.415629 
-0.796905 0.055 0.1 0.1 -0.0055 -0.05 0.07 6.12323e-17 1 -6.12323e-17 3.7494e-33 
-0.81369 0.055 0.1 0.1 -0.0165 0.05 0.07 0.951057 0.309017 1.89218e-17 5.82354e-17 
-0.860451 0.055 0.1 0.1 -0.0055 0.05 0.07 0.951057 -0.309017 -1.89218e-17 5.82354e-17 
-0.862349 0.055 0.1 0.1 -0.0165 -0.05 0.07 6.12323e-17 1 -6.12323e-17 3.7494e-33 
-0.881202 0.055 0.1 0.1 -0.0275 -0.05 0.07 6.12323e-17 1 -6.12323e-17 3.7494e-33 
-0.949167 0.055 0.1 0.1 -0.0165 -0.05 0.07 0.587785 0.809017 -4.9538e-17 3.59915e-17 
-1.26665 0.055 0.1 0.1 -0.0055 0.05 0.07 0.951057 0.309017 1.89218e-17 5.82354e-17 
-1.27578 0.055 0.1 0.1 -0.0055 -0.05 0.07 0.587785 0.809017 -4.9538e-17 3.59915e-17 
-1.6954 0.055 0.1 0.1 0.0055 0.05 0.07 0.951057 0.309017 1.89218e-17 5.82354e-17 
-2.10166 0.055 0.1 0.1 0.0165 0.05 0.07 0.951057 0.309017 1.89218e-17 5.82354e-17 
-2.49081 0.055 0.1 0.1 0.0275 0.05 0.07 0.951057 0.309017 1.89218e-17 5.82354e-17 
