1.5225 0.04 0.04 0.1 0.02 0 0.07 0.951057 -0.309017 -1.89218e-17 5.82354e-17 
1.46844 0.04 0.04 0.1 -0.02 0 0.07 0.309017 0.951057 -5.82354e-17 1.89218e-17 
1.39438 0.04 0.04 0.1 0.008 0.004 0.07 0.951057 -0.309017 -1.89218e-17 5.82354e-17 
1.34742 0.04 0.04 0.1 -0.008 -0.004 0.07 0.309017 0.951057 -5.82354e-17 1.89218e-17 
1.31308 0.04 0.04 0.1 0.012 0.004 0.07 0.951057 -0.309017 -1.89218e-17 5.82354e-17 
1.27082 0.04 0.04 0.1 -0.012 -0.004 0.07 0.309017 0.951057 -5.82354e-17 1.89218e-17 
1.21204 0.04 0.04 0.1 0.016 0.004 0.07 0.951057 -0.309017 -1.89218e-17 5.82354e-17 
1.17456 0.04 0.04 0.1 -0.016 -0.004 0.07 0.309017 0.951057 -5.82354e-17 1.89218e-17 
1.09052 0.04 0.04 0.1 0.02 0.004 0.07 0.951057 -0.309017 -1.89218e-17 5.82354e-17 
1.05737 0.04 0.04 0.1 -0.02 -0.004 0.07 0.309017 0.951057 -5.82354e-17 1.89218e-17 
1.04752 0.04 0.04 0.1 -0.004 0.008 0.07 0.951057 -0.309017 -1.89218e-17 5.82354e-17 
1.04303 0.04 0.04 0.1 -0.008 0.008 0.07 0.951057 -0.309017 -1.89218e-17 5.82354e-17 
1.03893 0.04 0.04 0.1 0 0.008 0.07 0.951057 -0.309017 -1.89218e-17 5.82354e-17 
1.02667 0.04 0.04 0.1 -0.012 0.008 0.07 0.951057 -0.309017 -1.89218e-17 5.82354e-17 
1.01607 0.04 0.04 0.1 0.004 0.008 0.07 0.951057 -0.309017 -1.89218e-17 5.82354e-17 
1.00817 0.04 0.04 0.1 0.004 -0.008 0.07 0.309017 0.951057 -5.82354e-17 1.89218e-17 
1.00381 0.04 0.04 0.1 0 -0.008 0.07 0.309017 0.951057 -5.82354e-17 1.89218e-17 
0.99914 0.04 0.04 0.1 0.008 -0.008 0.07 0.309017 0.951057 -5.82354e-17 1.89218e-17 
0.984909 0.04 0.04 0.1 -0.004 -0.008 0.07 0.309017 0.951057 -5.82354e-17 1.89218e-17 
0.977906 0.04 0.04 0.1 0.012 -0.008 0.07 0.309017 0.951057 -5.82354e-17 1.89218e-17 
0.977841 0.04 0.04 0.1 0.008 0.008 0.07 0.951057 -0.309017 -1.89218e-17 5.82354e-17 
0.950314 0.04 0.04 0.1 -0.008 -0.008 0.07 0.309017 0.951057 -5.82354e-17 1.89218e-17 
0.922999 0.04 0.04 0.1 0.012 0.008 0.07 0.951057 -0.309017 -1.89218e-17 5.82354e-17 
0.899116 0.04 0.04 0.1 0.012 0.04 0.04 0.218508 0.672499 -0.672499 0.218502 
0.898942 0.04 0.04 0.1 -0.012 -0.008 0.07 0.309017 0.951057 -5.82354e-17 1.89218e-17 
0.85244 0.04 0.04 0.1 0.008 0.04 0.04 0.218508 0.672499 -0.672499 0.218502 
0.850544 0.04 0.04 0.1 0.016 0.008 0.07 0.951057 -0.309017 -1.89218e-17 5.82354e-17 
0.829606 0.04 0.04 0.1 -0.016 -0.008 0.07 0.309017 0.951057 -5.82354e-17 1.89218e-17 
0.813855 0.04 0.04 0.1 -0.02 0 0.07 1 0 0 6.12323e-17 
0.806819 0.04 0.04 0.1 0.004 0.04 0.04 0.218508 0.672499 -0.672499 0.218502 
0.771068 0.04 0.04 0.1 0.02 0 0.07 6.12323e-17 1 -6.12323e-17 3.7494e-33 
0.762375 0.04 0.04 0.1 0 0.04 0.04 0.218508 0.672499 -0.672499 0.218502 
0.759113 0.04 0.04 0.1 0.02 0.008 0.07 0.951057 -0.309017 -1.89218e-17 5.82354e-17 
0.741204 0.04 0.04 0.1 -0.02 -0.008 0.07 0.309017 0.951057 -5.82354e-17 1.89218e-17 
0.719223 0.04 0.04 0.1 -0.004 0.04 0.04 0.218508 0.672499 -0.672499 0.218502 
0.683409 0.04 0.04 0.1 0 0.012 0.07 0.951057 -0.309017 -1.89218e-17 5.82354e-17 
0.678088 0.04 0.04 0.1 0.004 0.012 0.07 0.951057 -0.309017 -1.89218e-17 5.82354e-17 
0.677476 0.04 0.04 0.1 -0.008 0.04 0.04 0.218508 0.672499 -0.672499 0.218502 
0.676812 0.04 0.04 0.1 -0.004 0.012 0.07 0.951057 -0.309017 -1.89218e-17 5.82354e-17 
0.664371 0.04 0.04 0.1 0 -0.012 0.07 0.309017 0.951057 -5.82354e-17 1.89218e-17 
0.661771 0.04 0.04 0.1 -0.004 -0.012 0.07 0.309017 0.951057 -5.82354e-17 1.89218e-17 
0.659741 0.04 0.04 0.1 0.008 0.012 0.07 0.951057 -0.309017 -1.89218e-17 5.82354e-17 
0.65972 0.04 0.04 0.1 -0.008 0.012 0.07 0.951057 -0.309017 -1.89218e-17 5.82354e-17 
0.654775 0.04 0.04 0.1 0.004 -0.012 0.07 0.309017 0.951057 -5.82354e-17 1.89218e-17 
0.645802 0.04 0.04 0.1 -0.008 -0.012 0.07 0.309017 0.951057 -5.82354e-17 1.89218e-17 
0.637246 0.04 0.04 0.1 -0.012 0.04 0.04 0.218508 0.672499 -0.672499 0.218502 
0.634221 0.04 0.04 0.1 0.008 -0.012 0.07 0.309017 0.951057 -5.82354e-17 1.89218e-17 
0.63315 0.04 0.04 0.1 -0.012 0.012 0.07 0.951057 -0.309017 -1.89218e-17 5.82354e-17 
0.626932 0.04 0.04 0.1 0.012 0.012 0.07 0.951057 -0.309017 -1.89218e-17 5.82354e-17 
0.615256 0.04 0.04 0.1 -0.012 -0.012 0.07 0.309017 0.951057 -5.82354e-17 1.89218e-17 
0.604015 0.04 0.04 0.1 0.012 -0.012 0.07 0.309017 0.951057 -5.82354e-17 1.89218e-17 
0.59863 0.04 0.04 0.1 -0.016 0.04 0.04 0.218508 0.672499 -0.672499 0.218502 
0.598446 0.04 0.04 0.1 -0.016 0.012 0.07 0.951057 -0.309017 -1.89218e-17 5.82354e-17 
0.582584 0.04 0.04 0.1 -0.02 0.004 0.07 1 0 0 6.12323e-17 
0.578908 0.04 0.04 0.1 -0.02 0.04 0.03 0.218508 0.672499 -0.672499 0.218502 
0.578451 0.04 0.04 0.1 0.016 0.012 0.07 0.951057 -0.309017 -1.89218e-17 5.82354e-17 
0.568797 0.04 0.04 0.1 -0.016 -0.012 0.07 0.309017 0.951057 -5.82354e-17 1.89218e-17 
0.565247 0.04 0.04 0.1 0.016 -0.012 0.07 0.309017 0.951057 -5.82354e-17 1.89218e-17 
0.561754 0.04 0.04 0.1 -0.02 0.04 0.04 0.218508 0.672499 -0.672499 0.218502 
0.555172 0.04 0.04 0.1 0.02 -0.004 0.07 6.12323e-17 1 -6.12323e-17 3.7494e-33 
0.513094 0.04 0.04 0.1 0.02 0.012 0.07 0.951057 -0.309017 -1.89218e-17 5.82354e-17 
0.505216 0.04 0.04 0.1 -0.02 -0.012 0.07 0.309017 0.951057 -5.82354e-17 1.89218e-17 
0.477628 0.04 0.04 0.1 -0.016 0.004 0.07 1 0 0 6.12323e-17 
0.450884 0.04 0.04 0.1 0.016 -0.004 0.07 6.12323e-17 1 -6.12323e-17 3.7494e-33 
0.428318 0.04 0.04 0.1 0.004 0.016 0.07 0.951057 -0.309017 -1.89218e-17 5.82354e-17 
0.424934 0.04 0.04 0.1 0.008 0.016 0.07 0.951057 -0.309017 -1.89218e-17 5.82354e-17 
0.421428 0.04 0.04 0.1 -0.004 -0.016 0.07 0.309017 0.951057 -5.82354e-17 1.89218e-17 
0.421137 0.04 0.04 0.1 0 0.016 0.07 0.951057 -0.309017 -1.89218e-17 5.82354e-17 
0.419605 0.04 0.04 0.1 -0.008 -0.016 0.07 0.309017 0.951057 -5.82354e-17 1.89218e-17 
0.412481 0.04 0.04 0.1 0 -0.016 0.07 0.309017 0.951057 -5.82354e-17 1.89218e-17 
0.409587 0.04 0.04 0.1 0.012 0.016 0.07 0.951057 -0.309017 -1.89218e-17 5.82354e-17 
0.409305 0.04 0.04 0.1 -0.02 0.008 0.07 1 0 0 6.12323e-17 
0.405539 0.04 0.04 0.1 -0.012 -0.016 0.07 0.309017 0.951057 -5.82354e-17 1.89218e-17 
0.404585 0.04 0.04 0.1 -0.004 0.016 0.07 0.951057 -0.309017 -1.89218e-17 5.82354e-17 
0.394003 0.04 0.04 0.1 0.004 -0.016 0.07 0.309017 0.951057 -5.82354e-17 1.89218e-17 
0.393391 0.04 0.04 0.1 0.02 -0.008 0.07 6.12323e-17 1 -6.12323e-17 3.7494e-33 
0.380923 0.04 0.04 0.1 0.016 0.016 0.07 0.951057 -0.309017 -1.89218e-17 5.82354e-17 
0.38029 0.04 0.04 0.1 -0.008 0.016 0.07 0.951057 -0.309017 -1.89218e-17 5.82354e-17 
0.37855 0.04 0.04 0.1 -0.012 0.004 0.07 1 0 0 6.12323e-17 
0.377965 0.04 0.04 0.1 -0.016 -0.016 0.07 0.309017 0.951057 -5.82354e-17 1.89218e-17 
0.367301 0.04 0.04 0.1 0.008 -0.016 0.07 0.309017 0.951057 -5.82354e-17 1.89218e-17 
0.352194 0.04 0.04 0.1 0.012 -0.004 0.07 6.12323e-17 1 -6.12323e-17 3.7494e-33 
0.349402 0.04 0.04 0.1 -0.012 0.016 0.07 0.951057 -0.309017 -1.89218e-17 5.82354e-17 
0.337529 0.04 0.04 0.1 0.02 0.016 0.07 0.951057 -0.309017 -1.89218e-17 5.82354e-17 
0.336747 0.04 0.04 0.1 -0.016 0.008 0.07 1 0 0 6.12323e-17 
0.335507 0.04 0.04 0.1 -0.02 -0.016 0.07 0.309017 0.951057 -5.82354e-17 1.89218e-17 
0.333668 0.04 0.04 0.1 0.012 -0.016 0.07 0.309017 0.951057 -5.82354e-17 1.89218e-17 
0.32128 0.04 0.04 0.1 0.016 -0.008 0.07 6.12323e-17 1 -6.12323e-17 3.7494e-33 
0.313131 0.04 0.04 0.1 -0.016 0.016 0.07 0.951057 -0.309017 -1.89218e-17 5.82354e-17 
0.294478 0.04 0.04 0.1 0.016 -0.016 0.07 0.309017 0.951057 -5.82354e-17 1.89218e-17 
0.285732 0.04 0.04 0.1 -0.008 0.004 0.07 1 0 0 6.12323e-17 
0.284616 0.04 0.04 0.1 -0.02 0.012 0.07 1 0 0 6.12323e-17 
0.276784 0.04 0.04 0.1 0.02 -0.012 0.07 6.12323e-17 1 -6.12323e-17 3.7494e-33 
0.273046 0.04 0.04 0.1 -0.02 0.016 0.07 0.951057 -0.309017 -1.89218e-17 5.82354e-17 
0.267755 0.04 0.04 0.1 -0.012 0.008 0.07 1 0 0 6.12323e-17 
0.25984 0.04 0.04 0.1 0.008 -0.004 0.07 6.12323e-17 1 -6.12323e-17 3.7494e-33 
0.258734 0.04 0.04 0.1 0.008 0.02 0.07 0.951057 -0.309017 -1.89218e-17 5.82354e-17 
0.257882 0.04 0.04 0.1 -0.008 -0.02 0.07 0.309017 0.951057 -5.82354e-17 1.89218e-17 
0.256395 0.04 0.04 0.1 0.012 0.02 0.07 0.951057 -0.309017 -1.89218e-17 5.82354e-17 
0.256092 0.04 0.04 0.1 -0.012 -0.02 0.07 0.309017 0.951057 -5.82354e-17 1.89218e-17 
0.252651 0.04 0.04 0.1 0.012 -0.008 0.07 6.12323e-17 1 -6.12323e-17 3.7494e-33 
0.251756 0.04 0.04 0.1 0.004 0.02 0.07 0.951057 -0.309017 -1.89218e-17 5.82354e-17 
0.250809 0.04 0.04 0.1 0.02 -0.016 0.07 0.309017 0.951057 -5.82354e-17 1.89218e-17 
0.25015 0.04 0.04 0.1 -0.004 -0.02 0.07 0.309017 0.951057 -5.82354e-17 1.89218e-17 
0.247923 0.04 0.04 0.1 0.02 0.02 0.07 -0.587785 0.809017 -4.9538e-17 -3.59915e-17 
0.245041 0.04 0.04 0.1 -0.04 0.004 0.04 0.707107 -4.32978e-17 0.707107 -4.32978e-17 
0.243468 0.04 0.04 0.1 -0.016 -0.02 0.07 0.309017 0.951057 -5.82354e-17 1.89218e-17 
0.243344 0.04 0.04 0.1 0.016 0.02 0.07 0.951057 -0.309017 -1.89218e-17 5.82354e-17 
0.239409 0.04 0.04 0.1 -0.016 0.012 0.07 1 0 0 6.12323e-17 
0.236976 0.04 0.04 0.1 0 0.02 0.07 0.951057 -0.309017 -1.89218e-17 5.82354e-17 
0.234355 0.04 0.04 0.1 0 -0.02 0.07 0.309017 0.951057 -5.82354e-17 1.89218e-17 
0.234139 0.04 0.04 0.1 -0.02 -0.02 0.07 0.809017 0.587785 3.59914e-17 4.9538e-17 
0.231975 0.04 0.04 0.1 0.016 -0.012 0.07 6.12323e-17 1 -6.12323e-17 3.7494e-33 
0.227459 0.04 0.04 0.1 -0.04 0.004 0.03 0.707107 -4.32978e-17 0.707107 -4.32978e-17 
0.218544 0.04 0.04 0.1 -0.02 -0.02 0.07 0.309017 0.951057 -5.82354e-17 1.89218e-17 
0.21805 0.04 0.04 0.1 0.02 0.02 0.07 0.951057 -0.309017 -1.89218e-17 5.82354e-17 
0.21587 0.04 0.04 0.1 -0.004 0.02 0.07 0.951057 -0.309017 -1.89218e-17 5.82354e-17 
0.211944 0.04 0.04 0.1 0.004 -0.02 0.07 0.309017 0.951057 -5.82354e-17 1.89218e-17 
0.207594 0.04 0.04 0.1 0.02 0.016 0.07 -0.587785 0.809017 -4.9538e-17 -3.59915e-17 
0.202778 0.04 0.04 0.1 -0.008 0.008 0.07 1 0 0 6.12323e-17 
0.202543 0.04 0.04 0.1 -0.008 0.04 0.03 0.415627 0.572061 -0.572061 0.415629 
0.199712 0.04 0.04 0.1 -0.004 0.004 0.07 1 0 0 6.12323e-17 
0.198859 0.04 0.04 0.1 -0.02 0.016 0.07 1 0 0 6.12323e-17 
0.197503 0.04 0.04 0.1 0.04 -0.004 0.04 0 -0.707107 0 0.707106 
0.196191 0.04 0.04 0.1 0.02 -0.016 0.07 6.12323e-17 1 -6.12323e-17 3.7494e-33 
0.196034 0.04 0.04 0.1 -0.012 0.012 0.07 1 0 0 6.12323e-17 
0.195032 0.04 0.04 0.1 -0.012 0.04 0.03 0.415627 0.572061 -0.572061 0.415629 
0.193878 0.04 0.04 0.1 -0.02 -0.016 0.07 0.809017 0.587785 3.59914e-17 4.9538e-17 
0.191301 0.04 0.04 0.1 -0.004 0.04 0.04 0.415627 0.572061 -0.572061 0.415629 
0.189786 0.04 0.04 0.1 -0.008 0.02 0.07 0.951057 -0.309017 -1.89218e-17 5.82354e-17 
0.188748 0.04 0.04 0.1 0.012 -0.012 0.07 6.12323e-17 1 -6.12323e-17 3.7494e-33 
0.18798 0.04 0.04 0.1 0.008 -0.008 0.07 6.12323e-17 1 -6.12323e-17 3.7494e-33 
0.186642 0.04 0.04 0.1 -0.016 0.04 0.03 0.415627 0.572061 -0.572061 0.415629 
0.184765 0.04 0.04 0.1 -0.008 0.04 0.04 0.415627 0.572061 -0.572061 0.415629 
0.184331 0.04 0.04 0.1 0.008 -0.02 0.07 0.309017 0.951057 -5.82354e-17 1.89218e-17 
0.180003 0.04 0.04 0.1 0.04 -0.004 0.03 0 -0.707107 0 0.707106 
0.177515 0.04 0.04 0.1 -0.02 0.04 0.03 0.415627 0.572061 -0.572061 0.415629 
0.177203 0.04 0.04 0.1 -0.012 0.04 0.04 0.415627 0.572061 -0.572061 0.415629 
0.176021 0.04 0.04 0.1 -0.016 0.016 0.07 1 0 0 6.12323e-17 
0.174123 0.04 0.04 0.1 0.004 -0.004 0.07 6.12323e-17 1 -6.12323e-17 3.7494e-33 
0.173605 0.04 0.04 0.1 0.016 -0.016 0.07 6.12323e-17 1 -6.12323e-17 3.7494e-33 
0.172988 0.04 0.04 0.1 0.02 0.012 0.07 -0.587785 0.809017 -4.9538e-17 -3.59915e-17 
0.169286 0.04 0.04 0.1 0.016 0.02 0.07 -0.587785 0.809017 -4.9538e-17 -3.59915e-17 
0.168771 0.04 0.04 0.1 -0.016 0.04 0.04 0.415627 0.572061 -0.572061 0.415629 
0.163829 0.04 0.04 0.1 -0.008 -0.008 0.07 0.587785 0.809017 -4.9538e-17 3.59915e-17 
0.162892 0.04 0.04 0.1 -0.02 -0.012 0.07 0.809017 0.587785 3.59914e-17 4.9538e-17 
0.162769 0.04 0.04 0.1 -0.012 -0.008 0.07 0.587785 0.809017 -4.9538e-17 3.59915e-17 
0.162138 0.04 0.04 0.1 -0.04 0.008 0.04 0.707107 -4.32978e-17 0.707107 -4.32978e-17 
0.160185 0.04 0.04 0.1 -0.012 0.02 0.07 0.951057 -0.309017 -1.89218e-17 5.82354e-17 
0.159611 0.04 0.04 0.1 -0.02 0.04 0.04 0.415627 0.572061 -0.572061 0.415629 
0.15945 0.04 0.04 0.1 -0.012 -0.004 0.07 0.587785 0.809017 -4.9538e-17 3.59915e-17 
0.158901 0.04 0.04 0.1 -0.008 -0.004 0.07 0.587785 0.809017 -4.9538e-17 3.59915e-17 
0.15857 0.04 0.04 0.1 -0.008 -0.012 0.07 0.587785 0.809017 -4.9538e-17 3.59915e-17 
0.15611 0.04 0.04 0.1 -0.012 -0.012 0.07 0.587785 0.809017 -4.9538e-17 3.59915e-17 
0.154777 0.04 0.04 0.1 -0.008 0.012 0.07 1 0 0 6.12323e-17 
0.15412 0.04 0.04 0.1 -0.016 -0.008 0.07 0.587785 0.809017 -4.9538e-17 3.59915e-17 
0.153562 0.04 0.04 0.1 -0.012 0.016 0.07 1 0 0 6.12323e-17 
0.152834 0.04 0.04 0.1 0.012 -0.02 0.07 0.309017 0.951057 -5.82354e-17 1.89218e-17 
0.152355 0.04 0.04 0.1 -0.016 -0.004 0.07 0.587785 0.809017 -4.9538e-17 3.59915e-17 
0.15235 0.04 0.04 0.1 -0.004 -0.012 0.07 0.587785 0.809017 -4.9538e-17 3.59915e-17 
0.152267 0.04 0.04 0.1 -0.04 0.008 0.03 0.707107 -4.32978e-17 0.707107 -4.32978e-17 
0.151198 0.04 0.04 0.1 0.012 -0.016 0.07 6.12323e-17 1 -6.12323e-17 3.7494e-33 
0.147653 0.04 0.04 0.1 0.008 -0.012 0.07 6.12323e-17 1 -6.12323e-17 3.7494e-33 
0.146559 0.04 0.04 0.1 -0.016 -0.012 0.07 0.587785 0.809017 -4.9538e-17 3.59915e-17 
0.146294 0.04 0.04 0.1 -0.012 0 0.07 0.587785 0.809017 -4.9538e-17 3.59915e-17 
0.144531 0.04 0.04 0.1 0.02 0.008 0.07 -0.587785 0.809017 -4.9538e-17 -3.59915e-17 
0.143737 0.04 0.04 0.1 -0.008 0 0.07 0.587785 0.809017 -4.9538e-17 3.59915e-17 
0.143567 0.04 0.04 0.1 -0.008 -0.016 0.07 0.587785 0.809017 -4.9538e-17 3.59915e-17 
0.142603 0.04 0.04 0.1 0.02 -0.02 0.07 6.12323e-17 1 -6.12323e-17 3.7494e-33 
0.142488 0.04 0.04 0.1 -0.02 0.02 0.07 1 0 0 6.12323e-17 
0.14222 0.04 0.04 0.1 -0.016 -0.02 0.07 0.809017 0.587785 3.59914e-17 4.9538e-17 
0.142184 0.04 0.04 0.1 -0.004 0.008 0.07 1 0 0 6.12323e-17 
0.14108 0.04 0.04 0.1 -0.016 0 0.07 0.587785 0.809017 -4.9538e-17 3.59915e-17 
0.140435 0.04 0.04 0.1 -0.012 -0.016 0.07 0.587785 0.809017 -4.9538e-17 3.59915e-17 
0.13964 0.04 0.04 0.1 -0.02 -0.008 0.07 0.809017 0.587785 3.59914e-17 4.9538e-17 
0.139443 0.04 0.04 0.1 -0.02 -0.008 0.07 0.587785 0.809017 -4.9538e-17 3.59915e-17 
0.138952 0.04 0.04 0.1 -0.02 -0.004 0.07 0.587785 0.809017 -4.9538e-17 3.59915e-17 
0.138582 0.04 0.04 0.1 -0.004 -0.016 0.07 0.587785 0.809017 -4.9538e-17 3.59915e-17 
0.137158 0.04 0.04 0.1 0.016 -0.02 0.07 6.12323e-17 1 -6.12323e-17 3.7494e-33 
0.136955 0.04 0.04 0.1 -0.016 0.02 0.07 1 0 0 6.12323e-17 
0.135185 0.04 0.04 0.1 0.04 -0.008 0.04 0 -0.707107 0 0.707106 
0.131657 0.04 0.04 0.1 -0.008 0.016 0.07 1 0 0 6.12323e-17 
0.131063 0.04 0.04 0.1 -0.02 -0.012 0.07 0.587785 0.809017 -4.9538e-17 3.59915e-17 
0.130961 0.04 0.04 0.1 0.012 -0.02 0.07 6.12323e-17 1 -6.12323e-17 3.7494e-33 
0.130688 0.04 0.04 0.1 -0.012 0.02 0.07 1 0 0 6.12323e-17 
0.130479 0.04 0.04 0.1 -0.016 -0.016 0.07 0.587785 0.809017 -4.9538e-17 3.59915e-17 
0.129576 0.04 0.04 0.1 -0.02 0 0.07 0.587785 0.809017 -4.9538e-17 3.59915e-17 
0.129463 0.04 0.04 0.1 0.008 -0.016 0.07 6.12323e-17 1 -6.12323e-17 3.7494e-33 
0.128383 0.04 0.04 0.1 -0.016 0.02 0.07 0.951057 -0.309017 -1.89218e-17 5.82354e-17 
0.127614 0.04 0.04 0.1 0.004 -0.008 0.07 6.12323e-17 1 -6.12323e-17 3.7494e-33 
0.127113 0.04 0.04 0.1 0.016 0.016 0.07 -0.587785 0.809017 -4.9538e-17 -3.59915e-17 
0.125414 0.04 0.04 0.1 0.04 -0.008 0.03 0 -0.707107 0 0.707106 
0.124274 0.04 0.04 0.1 0.008 -0.02 0.07 6.12323e-17 1 -6.12323e-17 3.7494e-33 
0.124229 0.04 0.04 0.1 0 -0.016 0.07 0.587785 0.809017 -4.9538e-17 3.59915e-17 
0.124011 0.04 0.04 0.1 -0.012 0.004 0.07 0.587785 0.809017 -4.9538e-17 3.59915e-17 
0.123991 0.04 0.04 0.1 -0.008 0.02 0.07 1 0 0 6.12323e-17 
0.122475 0.04 0.04 0.1 -0.02 -0.004 0.07 0.809017 0.587785 3.59914e-17 4.9538e-17 
0.122258 0.04 0.04 0.1 0.02 0.004 0.07 -0.587785 0.809017 -4.9538e-17 -3.59915e-17 
0.120965 0.04 0.04 0.1 -0.016 0.004 0.07 0.587785 0.809017 -4.9538e-17 3.59915e-17 
0.120673 0.04 0.04 0.1 0 0.004 0.07 1 0 0 6.12323e-17 
0.120407 0.04 0.04 0.1 -0.008 -0.02 0.07 0.587785 0.809017 -4.9538e-17 3.59915e-17 
0.119357 0.04 0.04 0.1 -0.008 0.004 0.07 0.587785 0.809017 -4.9538e-17 3.59915e-17 
0.118861 0.04 0.04 0.1 0.016 -0.02 0.07 0.309017 0.951057 -5.82354e-17 1.89218e-17 
0.1172 0.04 0.04 0.1 0.004 -0.02 0.07 6.12323e-17 1 -6.12323e-17 3.7494e-33 
0.117142 0.04 0.04 0.1 -0.012 -0.02 0.07 0.587785 0.809017 -4.9538e-17 3.59915e-17 
0.116854 0.04 0.04 0.1 -0.004 0.02 0.07 1 0 0 6.12323e-17 
0.116499 0.04 0.04 0.1 0.04 0.02 0.04 0.707107 -4.32978e-17 -0.707107 4.32978e-17 
0.116076 0.04 0.04 0.1 -0.004 -0.02 0.07 0.587785 0.809017 -4.9538e-17 3.59915e-17 
0.115721 0.04 0.04 0.1 -0.004 0.012 0.07 1 0 0 6.12323e-17 
0.115007 0.04 0.04 0.1 -0.02 -0.016 0.07 0.587785 0.809017 -4.9538e-17 3.59915e-17 
0.111966 0.04 0.04 0.1 0.02 0.008 0.07 0.809017 -0.587785 -3.59914e-17 4.9538e-17 
0.111844 0.04 0.04 0.1 0.02 0.012 0.07 0.809017 -0.587785 -3.59914e-17 4.9538e-17 
0.111701 0.04 0.04 0.1 -0.02 0.004 0.07 0.587785 0.809017 -4.9538e-17 3.59915e-17 
0.110563 0.04 0.04 0.1 -0.004 0.016 0.07 1 0 0 6.12323e-17 
0.110001 0.04 0.04 0.1 -0.02 0 0.07 0.809017 0.587785 3.59914e-17 4.9538e-17 
0.10946 0.04 0.04 0.1 0 -0.02 0.07 6.12323e-17 1 -6.12323e-17 3.7494e-33 
0.109215 0.04 0.04 0.1 0 0.02 0.07 1 0 0 6.12323e-17 
0.108895 0.04 0.04 0.1 0.004 -0.012 0.07 6.12323e-17 1 -6.12323e-17 3.7494e-33 
0.108435 0.04 0.04 0.1 0.004 -0.016 0.07 6.12323e-17 1 -6.12323e-17 3.7494e-33 
0.107576 0.04 0.04 0.1 -0.016 -0.02 0.07 0.587785 0.809017 -4.9538e-17 3.59915e-17 
0.105896 0.04 0.04 0.1 0.02 0 0.07 -0.587785 0.809017 -4.9538e-17 -3.59915e-17 
0.102946 0.04 0.04 0.1 -0.016 -0.016 0.07 0.809017 0.587785 3.59914e-17 4.9538e-17 
0.102933 0.04 0.04 0.1 0 -0.02 0.07 0.587785 0.809017 -4.9538e-17 3.59915e-17 
0.102655 0.04 0.04 0.1 0.04 0.016 0.04 0.707107 -4.32978e-17 -0.707107 4.32978e-17 
0.102565 0.04 0.04 0.1 0.02 0.016 0.07 0.809017 -0.587785 -3.59914e-17 4.9538e-17 
0.102145 0.04 0.04 0.1 0.02 0.004 0.07 0.809017 -0.587785 -3.59914e-17 4.9538e-17 
0.101149 0.04 0.04 0.1 -0.004 -0.02 0.07 6.12323e-17 1 -6.12323e-17 3.7494e-33 
0.100892 0.04 0.04 0.1 -0.02 0.004 0.07 0.809017 0.587785 3.59914e-17 4.9538e-17 
0.100849 0.04 0.04 0.1 0.004 0.02 0.07 1 0 0 6.12323e-17 
0.100135 0.04 0.04 0.1 0.016 0.012 0.07 0.809017 -0.587785 -3.59914e-17 4.9538e-17 
0.0977449 0.04 0.04 0.1 0.016 0.016 0.07 0.809017 -0.587785 -3.59914e-17 4.9538e-17 
0.0973634 0.04 0.04 0.1 -0.04 0.012 0.04 0.707107 -4.32978e-17 0.707107 -4.32978e-17 
0.0958572 0.04 0.04 0.1 -0.02 0.02 0.07 0.951057 -0.309017 -1.89218e-17 5.82354e-17 
0.0954358 0.04 0.04 0.1 0 -0.004 0.07 6.12323e-17 1 -6.12323e-17 3.7494e-33 
0.0949749 0.04 0.04 0.1 0.02 -0.004 0.07 -0.587785 0.809017 -4.9538e-17 -3.59915e-17 
0.0943233 0.04 0.04 0.1 -0.012 0.008 0.07 0.587785 0.809017 -4.9538e-17 3.59915e-17 
0.0939728 0.04 0.04 0.1 -0.02 0.008 0.07 0.809017 0.587785 3.59914e-17 4.9538e-17 
0.0935614 0.04 0.04 0.1 -0.016 0.008 0.07 0.587785 0.809017 -4.9538e-17 3.59915e-17 
0.0935011 0.04 0.04 0.1 -0.04 0.012 0.03 0.707107 -4.32978e-17 0.707107 -4.32978e-17 
0.092924 0.04 0.04 0.1 -0.02 -0.02 0.07 0.587785 0.809017 -4.9538e-17 3.59915e-17 
0.0926016 0.04 0.04 0.1 0.016 0.012 0.07 -0.587785 0.809017 -4.9538e-17 -3.59915e-17 
0.0922086 0.04 0.04 0.1 0.016 0.008 0.07 0.809017 -0.587785 -3.59914e-17 4.9538e-17 
0.0917349 0.04 0.04 0.1 -0.008 -0.02 0.07 6.12323e-17 1 -6.12323e-17 3.7494e-33 
0.0914554 0.04 0.04 0.1 0.008 0.02 0.07 1 0 0 6.12323e-17 
0.090234 0.04 0.04 0.1 0 0.016 0.07 1 0 0 6.12323e-17 
0.0884408 0.04 0.04 0.1 0.02 -0.008 0.07 -0.587785 0.809017 -4.9538e-17 -3.59915e-17 
0.0882053 0.04 0.04 0.1 -0.02 0.012 0.07 0.809017 0.587785 3.59914e-17 4.9538e-17 
0.0881578 0.04 0.04 0.1 0 -0.016 0.07 6.12323e-17 1 -6.12323e-17 3.7494e-33 
0.087345 0.04 0.04 0.1 -0.008 0.008 0.07 0.587785 0.809017 -4.9538e-17 3.59915e-17 
0.086883 0.04 0.04 0.1 0.04 -0.012 0.04 0 -0.707107 0 0.707106 
0.0867642 0.04 0.04 0.1 -0.02 0.008 0.07 0.587785 0.809017 -4.9538e-17 3.59915e-17 
0.0864149 0.04 0.04 0.1 0.016 0.02 0.07 0.809017 -0.587785 -3.59914e-17 4.9538e-17 
0.0861304 0.04 0.04 0.1 0 0.008 0.07 1 0 0 6.12323e-17 
0.0857949 0.04 0.04 0.1 0.02 0.02 0.07 0.809017 -0.587785 -3.59914e-17 4.9538e-17 
0.0850542 0.04 0.04 0.1 0.02 -0.012 0.07 -0.587785 0.809017 -4.9538e-17 -3.59915e-17 
0.0836783 0.04 0.04 0.1 0.02 -0.02 0.07 0.309017 0.951057 -5.82354e-17 1.89218e-17 
0.0833591 0.04 0.04 0.1 0.02 -0.016 0.07 -0.587785 0.809017 -4.9538e-17 -3.59915e-17 
0.0831365 0.04 0.04 0.1 0.04 -0.012 0.03 0 -0.707107 0 0.707106 
0.0826288 0.04 0.04 0.1 -0.02 0.016 0.07 0.809017 0.587785 3.59914e-17 4.9538e-17 
0.0823035 0.04 0.04 0.1 0.02 0 0.07 0.809017 -0.587785 -3.59914e-17 4.9538e-17 
0.0813662 0.04 0.04 0.1 0.02 -0.02 0.07 -0.587785 0.809017 -4.9538e-17 -3.59915e-17 
0.0808848 0.04 0.04 0.1 -0.012 -0.02 0.07 6.12323e-17 1 -6.12323e-17 3.7494e-33 
0.0806349 0.04 0.04 0.1 0.012 0.02 0.07 1 0 0 6.12323e-17 
0.0798894 0.04 0.04 0.1 0.004 -0.02 0.07 0.587785 0.809017 -4.9538e-17 3.59915e-17 
0.0792655 0.04 0.04 0.1 0 0.012 0.07 1 0 0 6.12323e-17 
0.0769464 0.04 0.04 0.1 0.012 0.016 0.07 0.809017 -0.587785 -3.59914e-17 4.9538e-17 
0.0762736 0.04 0.04 0.1 -0.02 0.02 0.07 0.809017 0.587785 3.59914e-17 4.9538e-17 
0.0742043 0.04 0.04 0.1 -0.016 -0.012 0.07 0.809017 0.587785 3.59914e-17 4.9538e-17 
0.0734527 0.04 0.04 0.1 0.012 0.02 0.07 0.809017 -0.587785 -3.59914e-17 4.9538e-17 
0.0733017 0.04 0.04 0.1 0.016 0.004 0.07 0.809017 -0.587785 -3.59914e-17 4.9538e-17 
0.0725172 0.04 0.04 0.1 0 -0.012 0.07 6.12323e-17 1 -6.12323e-17 3.7494e-33 
0.0717755 0.04 0.04 0.1 0 -0.008 0.07 6.12323e-17 1 -6.12323e-17 3.7494e-33 
0.0705019 0.04 0.04 0.1 0.004 0.016 0.07 1 0 0 6.12323e-17 
0.0701643 0.04 0.04 0.1 0.012 0.012 0.07 0.809017 -0.587785 -3.59914e-17 4.9538e-17 
0.0685145 0.04 0.04 0.1 -0.004 -0.016 0.07 6.12323e-17 1 -6.12323e-17 3.7494e-33 
0.0680165 0.04 0.04 0.1 -0.016 -0.02 0.07 6.12323e-17 1 -6.12323e-17 3.7494e-33 
0.0677062 0.04 0.04 0.1 0.016 0.02 0.07 1 0 0 6.12323e-17 
0.0660464 0.04 0.04 0.1 0.016 0.008 0.07 -0.587785 0.809017 -4.9538e-17 -3.59915e-17 
0.0610465 0.04 0.04 0.1 -0.016 0.012 0.07 0.587785 0.809017 -4.9538e-17 3.59915e-17 
0.0593992 0.04 0.04 0.1 -0.012 0.012 0.07 0.587785 0.809017 -4.9538e-17 3.59915e-17 
0.0568931 0.04 0.04 0.1 -0.02 0.012 0.07 0.587785 0.809017 -4.9538e-17 3.59915e-17 
0.0541851 0.04 0.04 0.1 -0.016 -0.008 0.07 0.809017 0.587785 3.59914e-17 4.9538e-17 
0.0534979 0.04 0.04 0.1 0.02 -0.004 0.07 0.809017 -0.587785 -3.59914e-17 4.9538e-17 
0.0529783 0.04 0.04 0.1 0.04 -0.016 0.03 0 -0.707107 0 0.707106 
0.0524477 0.04 0.04 0.1 -0.02 -0.02 0.07 6.12323e-17 1 -6.12323e-17 3.7494e-33 
0.052408 0.04 0.04 0.1 0.04 -0.016 0.04 0 -0.707107 0 0.707106 
0.0520535 0.04 0.04 0.1 0.02 0.02 0.07 1 0 0 6.12323e-17 
0.0519041 0.04 0.04 0.1 0.012 0.008 0.07 0.809017 -0.587785 -3.59914e-17 4.9538e-17 
0.0512446 0.04 0.04 0.1 0.008 0.016 0.07 1 0 0 6.12323e-17 
0.0509626 0.04 0.04 0.1 0.016 -0.02 0.07 -0.587785 0.809017 -4.9538e-17 -3.59915e-17 
0.050332 0.04 0.04 0.1 -0.04 0.016 0.03 0.707107 -4.32978e-17 0.707107 -4.32978e-17 
0.0503264 0.04 0.04 0.1 -0.008 0.012 0.07 0.587785 0.809017 -4.9538e-17 3.59915e-17 
0.0499112 0.04 0.04 0.1 -0.04 0.016 0.04 0.707107 -4.32978e-17 0.707107 -4.32978e-17 
0.0492797 0.04 0.04 0.1 -0.008 -0.016 0.07 6.12323e-17 1 -6.12323e-17 3.7494e-33 
0.0486127 0.04 0.04 0.1 0.004 0.004 0.07 1 0 0 6.12323e-17 
0.0473259 0.04 0.04 0.1 0.016 0.004 0.07 -0.587785 0.809017 -4.9538e-17 -3.59915e-17 
0.0456541 0.04 0.04 0.1 0.008 -0.02 0.07 0.587785 0.809017 -4.9538e-17 3.59915e-17 
0.0451321 0.04 0.04 0.1 0.004 0.012 0.07 1 0 0 6.12323e-17 
0.0442442 0.04 0.04 0.1 0.008 0.02 0.07 0.809017 -0.587785 -3.59914e-17 4.9538e-17 
0.0437078 0.04 0.04 0.1 0.016 -0.016 0.07 -0.587785 0.809017 -4.9538e-17 -3.59915e-17 
0.0436919 0.04 0.04 0.1 0.016 0 0.07 0.809017 -0.587785 -3.59914e-17 4.9538e-17 
0.0413046 0.04 0.04 0.1 -0.016 -0.004 0.07 0.809017 0.587785 3.59914e-17 4.9538e-17 
0.0387729 0.04 0.04 0.1 -0.016 0.02 0.07 0.809017 0.587785 3.59914e-17 4.9538e-17 
0.0385447 0.04 0.04 0.1 -0.004 -0.012 0.07 6.12323e-17 1 -6.12323e-17 3.7494e-33 
0.0374928 0.04 0.04 0.1 0.008 0.016 0.07 0.809017 -0.587785 -3.59914e-17 4.9538e-17 
0.0366042 0.04 0.04 0.1 0.016 -0.012 0.07 -0.587785 0.809017 -4.9538e-17 -3.59915e-17 
0.0360498 0.04 0.04 0.1 -0.016 0.016 0.07 0.809017 0.587785 3.59914e-17 4.9538e-17 
0.0359084 0.04 0.04 0.1 0.016 0 0.07 -0.587785 0.809017 -4.9538e-17 -3.59915e-17 
0.0347405 0.04 0.04 0.1 0.04 -0.02 0.03 0 -0.707107 0 0.707106 
0.0345823 0.04 0.04 0.1 0.004 0.008 0.07 1 0 0 6.12323e-17 
0.0341319 0.04 0.04 0.1 -0.016 0 0.07 0.809017 0.587785 3.59914e-17 4.9538e-17 
0.0333236 0.04 0.04 0.1 -0.04 -0.012 0.03 -0.218508 0.672498 -0.218508 0.672499 
0.0332637 0.04 0.04 0.1 -0.016 0.012 0.07 0.809017 0.587785 3.59914e-17 4.9538e-17 
0.0319652 0.04 0.04 0.1 0.012 0.016 0.07 1 0 0 6.12323e-17 
0.0318334 0.04 0.04 0.1 0.016 -0.008 0.07 -0.587785 0.809017 -4.9538e-17 -3.59915e-17 
0.031557 0.04 0.04 0.1 0.04 -0.02 0.04 0 -0.707107 0 0.707106 
0.0314613 0.04 0.04 0.1 0.012 0.02 0.07 -0.587785 0.809017 -4.9538e-17 -3.59915e-17 
0.0313764 0.04 0.04 0.1 -0.04 -0.016 0.04 0 0.707107 0 0.707106 
0.031287 0.04 0.04 0.1 -0.016 0.008 0.07 0.809017 0.587785 3.59914e-17 4.9538e-17 
0.0312058 0.04 0.04 0.1 -0.016 0.004 0.07 0.809017 0.587785 3.59914e-17 4.9538e-17 
0.0311208 0.04 0.04 0.1 0.016 -0.004 0.07 -0.587785 0.809017 -4.9538e-17 -3.59915e-17 
0.0304584 0.04 0.04 0.1 0.04 0.012 0.03 -0.672498 -0.218508 0.672499 0.218508 
0.0300284 0.04 0.04 0.1 -0.012 -0.016 0.07 6.12323e-17 1 -6.12323e-17 3.7494e-33 
0.029352 0.04 0.04 0.1 0.02 -0.02 0.07 -0.309017 0.951057 -5.82354e-17 -1.89218e-17 
0.0276495 0.04 0.04 0.1 -0.02 0.02 0.07 0.951057 0.309017 1.89218e-17 5.82354e-17 
0.0273206 0.04 0.04 0.1 -0.04 -0.016 0.04 -0.218508 0.672498 -0.218508 0.672499 
0.0271529 0.04 0.04 0.1 -0.04 -0.016 0.03 -0.218508 0.672498 -0.218508 0.672499 
0.0269536 0.04 0.04 0.1 -0.04 -0.016 0.02 -0.218508 0.672498 -0.218508 0.672499 
0.0268041 0.04 0.04 0.1 -0.04 -0.02 0.04 -0.218508 0.672498 -0.218508 0.672499 
0.0264177 0.04 0.04 0.1 -0.016 0.016 0.07 0.587785 0.809017 -4.9538e-17 3.59915e-17 
0.0259548 0.04 0.04 0.1 -0.04 -0.012 0.04 -0.218508 0.672498 -0.218508 0.672499 
0.0250009 0.04 0.04 0.1 -0.02 0.016 0.07 0.587785 0.809017 -4.9538e-17 3.59915e-17 
0.0244846 0.04 0.04 0.1 -0.04 -0.02 0.04 0 0.707107 0 0.707106 
0.0240587 0.04 0.04 0.1 0.04 0.016 0.04 -0.672498 -0.218508 0.672499 0.218508 
0.0239753 0.04 0.04 0.1 0.04 0.02 0.04 -0.672498 -0.218508 0.672499 0.218508 
0.0238988 0.04 0.04 0.1 0.04 0.016 0.03 -0.672498 -0.218508 0.672499 0.218508 
0.0237147 0.04 0.04 0.1 0.04 0.016 0.02 -0.672498 -0.218508 0.672499 0.218508 
0.0236921 0.04 0.04 0.1 -0.004 -0.004 0.07 6.12323e-17 1 -6.12323e-17 3.7494e-33 
0.023093 0.04 0.04 0.1 0.04 0.012 0.04 -0.672498 -0.218508 0.672499 0.218508 
0.0224198 0.04 0.04 0.1 -0.012 0.016 0.07 0.587785 0.809017 -4.9538e-17 3.59915e-17 
0.0223901 0.04 0.04 0.1 -0.04 -0.008 0.04 -0.218508 0.672498 -0.218508 0.672499 
0.0220646 0.04 0.04 0.1 -0.04 -0.02 0.03 -0.218508 0.672498 -0.218508 0.672499 
0.0219248 0.04 0.04 0.1 -0.04 0.02 0.03 0.707107 -4.32978e-17 0.707107 -4.32978e-17 
0.0217798 0.04 0.04 0.1 0.012 0.004 0.07 0.809017 -0.587785 -3.59914e-17 4.9538e-17 
0.0208018 0.04 0.04 0.1 0.04 0.008 0.04 -0.672498 -0.218508 0.672499 0.218508 
0.0204127 0.04 0.04 0.1 -0.004 -0.008 0.07 6.12323e-17 1 -6.12323e-17 3.7494e-33 
0.019253 0.04 0.04 0.1 0.04 0.02 0.03 -0.672498 -0.218508 0.672499 0.218508 
0.0191793 0.04 0.04 0.1 0.02 -0.04 0.03 -0.572061 0.415627 0.415627 0.572062 
0.0191691 0.04 0.04 0.1 0.008 0.012 0.07 0.809017 -0.587785 -3.59914e-17 4.9538e-17 
0.0189552 0.04 0.04 0.1 0.02 -0.016 0.07 -0.309017 0.951057 -5.82354e-17 -1.89218e-17 
0.0189211 0.04 0.04 0.1 -0.04 0.02 0.04 0.707107 -4.32978e-17 0.707107 -4.32978e-17 
0.0172954 0.04 0.04 0.1 -0.04 -0.02 0.02 -0.218508 0.672498 -0.218508 0.672499 
0.0172572 0.04 0.04 0.1 0.02 -0.008 0.07 0.809017 -0.587785 -3.59914e-17 4.9538e-17 
0.01702 0.04 0.04 0.1 -0.02 0.016 0.07 0.951057 0.309017 1.89218e-17 5.82354e-17 
0.0168573 0.04 0.04 0.1 0.04 0.004 0.04 -0.672498 -0.218508 0.672499 0.218508 
0.0162782 0.04 0.04 0.1 -0.04 -0.004 0.04 -0.218508 0.672498 -0.218508 0.672499 
0.0160789 0.04 0.04 0.1 0.016 -0.04 0.03 -0.572061 0.415627 0.415627 0.572062 
0.0145079 0.04 0.04 0.1 0.04 0.02 0.02 -0.672498 -0.218508 0.672499 0.218508 
0.0132497 0.04 0.04 0.1 0.008 0.012 0.07 1 0 0 6.12323e-17 
0.0125957 0.04 0.04 0.1 0.012 -0.04 0.03 -0.572061 0.415627 0.415627 0.572062 
0.0125174 0.04 0.04 0.1 -0.04 -0.02 0.01 -0.218508 0.672498 -0.218508 0.672499 
0.012203 0.04 0.04 0.1 0.016 0.016 0.07 1 0 0 6.12323e-17 
0.0113324 0.04 0.04 0.1 -0.008 0.016 0.07 0.587785 0.809017 -4.9538e-17 3.59915e-17 
0.0110563 0.04 0.04 0.1 0.04 0.02 0.04 -0.572061 -0.415627 0.572061 0.415629 
0.0103123 0.04 0.04 0.1 -0.016 -0.016 0.07 6.12323e-17 1 -6.12323e-17 3.7494e-33 
0.0101966 0.04 0.04 0.1 0.016 -0.02 0.07 -0.309017 0.951057 -5.82354e-17 -1.89218e-17 
0.00976242 0.04 0.04 0.1 0.04 0.02 0.01 -0.672498 -0.218508 0.672499 0.218508 
0.00935591 0.04 0.04 0.1 0.04 0.016 0.04 -0.572061 -0.415627 0.572061 0.415629 
0.00874764 0.04 0.04 0.1 0.008 -0.04 0.03 -0.572061 0.415627 0.415627 0.572062 
0.00785041 0.04 0.04 0.1 0.02 -0.012 0.07 -0.309017 0.951057 -5.82354e-17 -1.89218e-17 
0.00752085 0.04 0.04 0.1 0.02 -0.04 0.03 -0.672499 0.218508 0.218508 0.672498 
0.00670519 0.04 0.04 0.1 -0.008 -0.012 0.07 6.12323e-17 1 -6.12323e-17 3.7494e-33 
0.00661858 0.04 0.04 0.1 0.04 0.012 0.04 -0.572061 -0.415627 0.572061 0.415629 
0.00638296 0.04 0.04 0.1 -0.016 0.02 0.07 0.951057 0.309017 1.89218e-17 5.82354e-17 
0.00571537 0.04 0.04 0.1 -0.02 0.012 0.07 0.951057 0.309017 1.89218e-17 5.82354e-17 
0.00452579 0.04 0.04 0.1 0.016 -0.004 0.07 0.809017 -0.587785 -3.59914e-17 4.9538e-17 
0.00309543 0.04 0.04 0.1 0.012 -0.02 0.07 -0.587785 0.809017 -4.9538e-17 -3.59915e-17 
0.00259998 0.04 0.04 0.1 0.04 0.008 0.04 -0.572061 -0.415627 0.572061 0.415629 
0.000208348 0.04 0.04 0.1 0.02 -0.04 0.04 -0.572061 0.415627 0.415627 0.572062 
-0.00286217 0.04 0.04 0.1 0.016 -0.04 0.04 -0.572061 0.415627 0.415627 0.572062 
-0.00293392 0.04 0.04 0.1 0.04 0.004 0.04 -0.572061 -0.415627 0.572061 0.415629 
-0.00317608 0.04 0.04 0.1 0.016 -0.016 0.07 -0.309017 0.951057 -5.82354e-17 -1.89218e-17 
-0.00383062 0.04 0.04 0.1 0.004 0.02 0.07 0.809017 -0.587785 -3.59914e-17 4.9538e-17 
-0.00532592 0.04 0.04 0.1 -0.02 0.02 0.07 0.587785 0.809017 -4.9538e-17 3.59915e-17 
-0.00541386 0.04 0.04 0.1 0.02 -0.008 0.07 -0.309017 0.951057 -5.82354e-17 -1.89218e-17 
-0.00628754 0.04 0.04 0.1 0.012 -0.04 0.04 -0.572061 0.415627 0.415627 0.572062 
-0.00652037 0.04 0.04 0.1 -0.016 0.02 0.07 0.587785 0.809017 -4.9538e-17 3.59915e-17 
-0.00767647 0.04 0.04 0.1 -0.02 0.008 0.07 0.951057 0.309017 1.89218e-17 5.82354e-17 
-0.00807253 0.04 0.04 0.1 -0.016 0.016 0.07 0.951057 0.309017 1.89218e-17 5.82354e-17 
-0.00814587 0.04 0.04 0.1 -0.012 -0.04 0.04 -0.672499 0.218508 0.218508 0.672498 
-0.00865465 0.04 0.04 0.1 0.02 0.016 0.07 1 0 0 6.12323e-17 
-0.0087192 0.04 0.04 0.1 0.012 0.016 0.07 -0.587785 0.809017 -4.9538e-17 -3.59915e-17 
-0.0100851 0.04 0.04 0.1 0.008 -0.04 0.04 -0.572061 0.415627 0.415627 0.572062 
-0.0102154 0.04 0.04 0.1 0.04 0 0.04 -0.572061 -0.415627 0.572061 0.415629 
-0.010484 0.04 0.04 0.1 -0.02 -0.016 0.07 6.12323e-17 1 -6.12323e-17 3.7494e-33 
-0.0108213 0.04 0.04 0.1 -0.008 -0.04 0.04 -0.672499 0.218508 0.218508 0.672498 
-0.011438 0.04 0.04 0.1 0.02 -0.04 0.04 -0.672499 0.218508 0.218508 0.672498 
-0.011695 0.04 0.04 0.1 0.008 0.008 0.07 0.809017 -0.587785 -3.59914e-17 4.9538e-17 
-0.0125028 0.04 0.04 0.1 0.008 0.008 0.07 1 0 0 6.12323e-17 
-0.0127255 0.04 0.04 0.1 -0.004 -0.04 0.04 -0.672499 0.218508 0.218508 0.672498 
-0.012767 0.04 0.04 0.1 -0.012 0.02 0.07 0.587785 0.809017 -4.9538e-17 3.59915e-17 
-0.0128231 0.04 0.04 0.1 0.016 -0.04 0.04 -0.672499 0.218508 0.218508 0.672498 
-0.0128979 0.04 0.04 0.1 0.012 -0.02 0.07 -0.309017 0.951057 -5.82354e-17 -1.89218e-17 
-0.0136996 0.04 0.04 0.1 -0.012 -0.02 0.07 0.809017 0.587785 3.59914e-17 4.9538e-17 
-0.0138337 0.04 0.04 0.1 0.012 -0.04 0.04 -0.672499 0.218508 0.218508 0.672498 
-0.0139135 0.04 0.04 0.1 0 -0.04 0.04 -0.672499 0.218508 0.218508 0.672498 
-0.0142282 0.04 0.04 0.1 0.004 -0.04 0.04 -0.572061 0.415627 0.415627 0.572062 
-0.0144049 0.04 0.04 0.1 0.008 -0.04 0.04 -0.672499 0.218508 0.218508 0.672498 
-0.0144517 0.04 0.04 0.1 0.004 -0.04 0.04 -0.672499 0.218508 0.218508 0.672498 
-0.0160878 0.04 0.04 0.1 0.016 -0.012 0.07 -0.309017 0.951057 -5.82354e-17 -1.89218e-17 
-0.0162279 0.04 0.04 0.1 0.008 0.004 0.07 1 0 0 6.12323e-17 
-0.0166413 0.04 0.04 0.1 0.012 0.012 0.07 1 0 0 6.12323e-17 
-0.0179238 0.04 0.04 0.1 0.012 -0.016 0.07 -0.587785 0.809017 -4.9538e-17 -3.59915e-17 
-0.0194868 0.04 0.04 0.1 0.04 -0.004 0.04 -0.572061 -0.415627 0.572061 0.415629 
-0.0196134 0.04 0.04 0.1 -0.012 0.02 0.07 0.951057 0.309017 1.89218e-17 5.82354e-17 
-0.0197085 0.04 0.04 0.1 0.012 0 0.07 0.809017 -0.587785 -3.59914e-17 4.9538e-17 
-0.0220071 0.04 0.04 0.1 -0.012 0.02 0.07 0.809017 0.587785 3.59914e-17 4.9538e-17 
-0.0220103 0.04 0.04 0.1 -0.016 0.012 0.07 0.951057 0.309017 1.89218e-17 5.82354e-17 
-0.0223332 0.04 0.04 0.1 0.02 -0.004 0.07 -0.309017 0.951057 -5.82354e-17 -1.89218e-17 
-0.0231118 0.04 0.04 0.1 -0.012 -0.012 0.07 6.12323e-17 1 -6.12323e-17 3.7494e-33 
-0.0233418 0.04 0.04 0.1 0.004 0.016 0.07 0.809017 -0.587785 -3.59914e-17 4.9538e-17 
-0.0237856 0.04 0.04 0.1 0.02 -0.012 0.07 0.809017 -0.587785 -3.59914e-17 4.9538e-17 
-0.024841 0.04 0.04 0.1 -0.02 0.004 0.07 0.951057 0.309017 1.89218e-17 5.82354e-17 
-0.0255624 0.04 0.04 0.1 -0.008 0.02 0.07 0.587785 0.809017 -4.9538e-17 3.59915e-17 
-0.0264637 0.04 0.04 0.1 -0.008 -0.008 0.07 6.12323e-17 1 -6.12323e-17 3.7494e-33 
-0.0280574 0.04 0.04 0.1 0.012 -0.016 0.07 -0.309017 0.951057 -5.82354e-17 -1.89218e-17 
-0.0297176 0.04 0.04 0.1 0.016 -0.008 0.07 -0.309017 0.951057 -5.82354e-17 -1.89218e-17 
-0.0309911 0.04 0.04 0.1 0.04 -0.008 0.04 -0.572061 -0.415627 0.572061 0.415629 
-0.0368214 0.04 0.04 0.1 -0.016 0.008 0.07 0.951057 0.309017 1.89218e-17 5.82354e-17 
-0.0368838 0.04 0.04 0.1 -0.012 0.016 0.07 0.951057 0.309017 1.89218e-17 5.82354e-17 
-0.0378956 0.04 0.04 0.1 0.008 -0.02 0.07 -0.309017 0.951057 -5.82354e-17 -1.89218e-17 
-0.038158 0.04 0.04 0.1 -0.012 0.016 0.07 0.809017 0.587785 3.59914e-17 4.9538e-17 
-0.0381668 0.04 0.04 0.1 0.012 -0.012 0.07 -0.587785 0.809017 -4.9538e-17 -3.59915e-17 
-0.0391614 0.04 0.04 0.1 0.012 0.012 0.07 -0.587785 0.809017 -4.9538e-17 -3.59915e-17 
-0.0408315 0.04 0.04 0.1 -0.008 -0.004 0.07 6.12323e-17 1 -6.12323e-17 3.7494e-33 
-0.0411485 0.04 0.04 0.1 0.012 -0.012 0.07 -0.309017 0.951057 -5.82354e-17 -1.89218e-17 
-0.0423608 0.04 0.04 0.1 0.016 -0.008 0.07 0.809017 -0.587785 -3.59914e-17 4.9538e-17 
-0.0449159 0.04 0.04 0.1 0.02 0 0.07 -0.309017 0.951057 -5.82354e-17 -1.89218e-17 
-0.0449618 0.04 0.04 0.1 0.04 -0.012 0.04 -0.572061 -0.415627 0.572061 0.415629 
-0.0451682 0.04 0.04 0.1 0.016 0.012 0.07 1 0 0 6.12323e-17 
-0.0455046 0.04 0.04 0.1 0.016 -0.004 0.07 -0.309017 0.951057 -5.82354e-17 -1.89218e-17 
-0.0476554 0.04 0.04 0.1 -0.02 0 0.07 0.951057 0.309017 1.89218e-17 5.82354e-17 
-0.0482181 0.04 0.04 0.1 -0.012 -0.016 0.07 0.809017 0.587785 3.59914e-17 4.9538e-17 
-0.0485323 0.04 0.04 0.1 -0.008 0.02 0.07 0.951057 0.309017 1.89218e-17 5.82354e-17 
-0.0514415 0.04 0.04 0.1 -0.016 -0.012 0.07 6.12323e-17 1 -6.12323e-17 3.7494e-33 
-0.0522092 0.04 0.04 0.1 -0.012 0.012 0.07 0.951057 0.309017 1.89218e-17 5.82354e-17 
-0.0533134 0.04 0.04 0.1 0.012 -0.008 0.07 -0.309017 0.951057 -5.82354e-17 -1.89218e-17 
-0.0534047 0.04 0.04 0.1 0.008 -0.016 0.07 -0.309017 0.951057 -5.82354e-17 -1.89218e-17 
-0.0537117 0.04 0.04 0.1 -0.012 0.012 0.07 0.809017 0.587785 3.59914e-17 4.9538e-17 
-0.0540121 0.04 0.04 0.1 -0.016 0.004 0.07 0.951057 0.309017 1.89218e-17 5.82354e-17 
-0.0552556 0.04 0.04 0.1 0.008 0.004 0.07 0.809017 -0.587785 -3.59914e-17 4.9538e-17 
-0.0553723 0.04 0.04 0.1 0.012 -0.008 0.07 -0.587785 0.809017 -4.9538e-17 -3.59915e-17 
-0.055409 0.04 0.04 0.1 0.012 0.008 0.07 1 0 0 6.12323e-17 
-0.0556551 0.04 0.04 0.1 0.004 0.012 0.07 0.809017 -0.587785 -3.59914e-17 4.9538e-17 
-0.0598137 0.04 0.04 0.1 0.012 0.008 0.07 -0.587785 0.809017 -4.9538e-17 -3.59915e-17 
-0.0610524 0.04 0.04 0.1 0.008 -0.02 0.07 -0.587785 0.809017 -4.9538e-17 -3.59915e-17 
-0.0616424 0.04 0.04 0.1 0.04 -0.016 0.04 -0.572061 -0.415627 0.572061 0.415629 
-0.062939 0.04 0.04 0.1 0.004 -0.02 0.07 -0.309017 0.951057 -5.82354e-17 -1.89218e-17 
-0.0636558 0.04 0.04 0.1 -0.04 -0.02 0.04 -0.415627 0.572061 -0.415627 0.572062 
-0.0651817 0.04 0.04 0.1 0.008 -0.012 0.07 -0.309017 0.951057 -5.82354e-17 -1.89218e-17 
-0.0653066 0.04 0.04 0.1 0.016 0 0.07 -0.309017 0.951057 -5.82354e-17 -1.89218e-17 
-0.066005 0.04 0.04 0.1 0.012 -0.004 0.07 -0.309017 0.951057 -5.82354e-17 -1.89218e-17 
-0.0661934 0.04 0.04 0.1 0.02 -0.016 0.07 0.809017 -0.587785 -3.59914e-17 4.9538e-17 
-0.0668761 0.04 0.04 0.1 -0.012 0.008 0.07 0.951057 0.309017 1.89218e-17 5.82354e-17 
-0.0674639 0.04 0.04 0.1 -0.008 0.016 0.07 0.951057 0.309017 1.89218e-17 5.82354e-17 
-0.0676041 0.04 0.04 0.1 0.012 -0.004 0.07 -0.587785 0.809017 -4.9538e-17 -3.59915e-17 
-0.0676942 0.04 0.04 0.1 -0.012 0.008 0.07 0.809017 0.587785 3.59914e-17 4.9538e-17 
-0.0691129 0.04 0.04 0.1 -0.012 -0.008 0.07 6.12323e-17 1 -6.12323e-17 3.7494e-33 
-0.0709699 0.04 0.04 0.1 0.012 0.004 0.07 -0.587785 0.809017 -4.9538e-17 -3.59915e-17 
-0.0710589 0.04 0.04 0.1 -0.012 -0.012 0.07 0.809017 0.587785 3.59914e-17 4.9538e-17 
-0.0712772 0.04 0.04 0.1 0.012 -0.004 0.07 0.809017 -0.587785 -3.59914e-17 4.9538e-17 
-0.0726713 0.04 0.04 0.1 0.02 0.012 0.07 1 0 0 6.12323e-17 
-0.0732151 0.04 0.04 0.1 0.012 0 0.07 -0.587785 0.809017 -4.9538e-17 -3.59915e-17 
-0.0734024 0.04 0.04 0.1 0 0.02 0.07 0.809017 -0.587785 -3.59914e-17 4.9538e-17 
-0.0741247 0.04 0.04 0.1 0.012 0.004 0.07 1 0 0 6.12323e-17 
-0.0741823 0.04 0.04 0.1 0.008 -0.008 0.07 -0.309017 0.951057 -5.82354e-17 -1.89218e-17 
-0.0748978 0.04 0.04 0.1 0.02 0.004 0.07 -0.309017 0.951057 -5.82354e-17 -1.89218e-17 
-0.0753129 0.04 0.04 0.1 -0.016 0 0.07 0.951057 0.309017 1.89218e-17 5.82354e-17 
-0.0775202 0.04 0.04 0.1 0.004 -0.016 0.07 -0.309017 0.951057 -5.82354e-17 -1.89218e-17 
-0.0780424 0.04 0.04 0.1 -0.02 -0.004 0.07 0.951057 0.309017 1.89218e-17 5.82354e-17 
-0.0784179 0.04 0.04 0.1 -0.004 0.02 0.07 0.951057 0.309017 1.89218e-17 5.82354e-17 
-0.0788626 0.04 0.04 0.1 -0.02 -0.012 0.07 6.12323e-17 1 -6.12323e-17 3.7494e-33 
-0.0790191 0.04 0.04 0.1 -0.012 0.004 0.07 0.809017 0.587785 3.59914e-17 4.9538e-17 
-0.0806939 0.04 0.04 0.1 0.012 0 0.07 -0.309017 0.951057 -5.82354e-17 -1.89218e-17 
-0.0812685 0.04 0.04 0.1 0.04 -0.02 0.04 -0.572061 -0.415627 0.572061 0.415629 
-0.0816929 0.04 0.04 0.1 0.008 -0.004 0.07 -0.309017 0.951057 -5.82354e-17 -1.89218e-17 
-0.0823353 0.04 0.04 0.1 -0.012 0.004 0.07 0.951057 0.309017 1.89218e-17 5.82354e-17 
-0.0828312 0.04 0.04 0.1 -0.008 0.012 0.07 0.951057 0.309017 1.89218e-17 5.82354e-17 
-0.083899 0.04 0.04 0.1 -0.012 -0.008 0.07 0.809017 0.587785 3.59914e-17 4.9538e-17 
-0.0863472 0.04 0.04 0.1 -0.012 0 0.07 0.809017 0.587785 3.59914e-17 4.9538e-17 
-0.0863739 0.04 0.04 0.1 0.004 -0.012 0.07 -0.309017 0.951057 -5.82354e-17 -1.89218e-17 
-0.0865105 0.04 0.04 0.1 0 -0.02 0.07 -0.309017 0.951057 -5.82354e-17 -1.89218e-17 
-0.0885039 0.04 0.04 0.1 -0.012 -0.004 0.07 0.809017 0.587785 3.59914e-17 4.9538e-17 
-0.0906553 0.04 0.04 0.1 0.016 0.004 0.07 -0.309017 0.951057 -5.82354e-17 -1.89218e-17 
-0.0913569 0.04 0.04 0.1 -0.04 -0.016 0.04 -0.415627 0.572061 -0.415627 0.572062 
-0.0940801 0.04 0.04 0.1 0.016 -0.012 0.07 0.809017 -0.587785 -3.59914e-17 4.9538e-17 
-0.0944147 0.04 0.04 0.1 0.016 0.008 0.07 1 0 0 6.12323e-17 
-0.0958766 0.04 0.04 0.1 -0.008 0.008 0.07 0.951057 0.309017 1.89218e-17 5.82354e-17 
-0.0979688 0.04 0.04 0.1 -0.004 0.016 0.07 0.951057 0.309017 1.89218e-17 5.82354e-17 
-0.0985085 0.04 0.04 0.1 -0.012 -0.004 0.07 6.12323e-17 1 -6.12323e-17 3.7494e-33 
-0.0986986 0.04 0.04 0.1 0 -0.016 0.07 -0.309017 0.951057 -5.82354e-17 -1.89218e-17 
-0.0989743 0.04 0.04 0.1 0.012 0.004 0.07 -0.309017 0.951057 -5.82354e-17 -1.89218e-17 
-0.100045 0.04 0.04 0.1 -0.012 0 0.07 0.951057 0.309017 1.89218e-17 5.82354e-17 
-0.100223 0.04 0.04 0.1 0.008 -0.016 0.07 -0.587785 0.809017 -4.9538e-17 -3.59915e-17 
-0.102467 0.04 0.04 0.1 -0.016 -0.004 0.07 0.951057 0.309017 1.89218e-17 5.82354e-17 
-0.102956 0.04 0.04 0.1 0 -0.012 0.07 -0.309017 0.951057 -5.82354e-17 -1.89218e-17 
-0.105836 0.04 0.04 0.1 0.02 -0.02 0.07 0.809017 -0.587785 -3.59914e-17 4.9538e-17 
-0.106587 0.04 0.04 0.1 -0.008 0.02 0.07 0.809017 0.587785 3.59914e-17 4.9538e-17 
-0.106845 0.04 0.04 0.1 -0.004 -0.02 0.07 -0.309017 0.951057 -5.82354e-17 -1.89218e-17 
-0.107734 0.04 0.04 0.1 0 0.02 0.07 0.951057 0.309017 1.89218e-17 5.82354e-17 
-0.107749 0.04 0.04 0.1 -0.008 0.004 0.07 0.951057 0.309017 1.89218e-17 5.82354e-17 
-0.107918 0.04 0.04 0.1 -0.016 -0.008 0.07 6.12323e-17 1 -6.12323e-17 3.7494e-33 
-0.108219 0.04 0.04 0.1 0 0.016 0.07 0.809017 -0.587785 -3.59914e-17 4.9538e-17 
-0.110829 0.04 0.04 0.1 0.008 0 0.07 0.809017 -0.587785 -3.59914e-17 4.9538e-17 
-0.112076 0.04 0.04 0.1 -0.004 0.012 0.07 0.951057 0.309017 1.89218e-17 5.82354e-17 
-0.114332 0.04 0.04 0.1 0.02 0.008 0.07 -0.309017 0.951057 -5.82354e-17 -1.89218e-17 
-0.115309 0.04 0.04 0.1 -0.004 -0.016 0.07 -0.309017 0.951057 -5.82354e-17 -1.89218e-17 
-0.118185 0.04 0.04 0.1 -0.02 -0.008 0.07 0.951057 0.309017 1.89218e-17 5.82354e-17 
-0.120923 0.04 0.04 0.1 -0.04 -0.012 0.04 -0.415627 0.572061 -0.415627 0.572062 
-0.121962 0.04 0.04 0.1 -0.012 -0.004 0.07 0.951057 0.309017 1.89218e-17 5.82354e-17 
-0.122814 0.04 0.04 0.1 -0.008 -0.02 0.07 -0.309017 0.951057 -5.82354e-17 -1.89218e-17 
-0.122832 0.04 0.04 0.1 0.012 0.008 0.07 -0.309017 0.951057 -5.82354e-17 -1.89218e-17 
-0.12361 0.04 0.04 0.1 0.016 0.008 0.07 -0.309017 0.951057 -5.82354e-17 -1.89218e-17 
-0.125475 0.04 0.04 0.1 0.016 0.004 0.07 1 0 0 6.12323e-17 
-0.126062 0.04 0.04 0.1 -0.008 -0.016 0.07 -0.309017 0.951057 -5.82354e-17 -1.89218e-17 
-0.126626 0.04 0.04 0.1 0 0.016 0.07 0.951057 0.309017 1.89218e-17 5.82354e-17 
-0.129794 0.04 0.04 0.1 -0.012 -0.016 0.07 -0.309017 0.951057 -5.82354e-17 -1.89218e-17 
-0.12999 0.04 0.04 0.1 0.02 0.008 0.07 1 0 0 6.12323e-17 
-0.130698 0.04 0.04 0.1 0.012 -0.008 0.07 0.809017 -0.587785 -3.59914e-17 4.9538e-17 
-0.133103 0.04 0.04 0.1 -0.02 -0.02 0.07 -0.309017 0.951057 -5.82354e-17 -1.89218e-17 
-0.133148 0.04 0.04 0.1 -0.012 -0.02 0.07 -0.309017 0.951057 -5.82354e-17 -1.89218e-17 
-0.134866 0.04 0.04 0.1 0.004 0.02 0.07 0.951057 0.309017 1.89218e-17 5.82354e-17 
-0.136826 0.04 0.04 0.1 -0.016 -0.02 0.07 -0.309017 0.951057 -5.82354e-17 -1.89218e-17 
-0.137774 0.04 0.04 0.1 -0.016 -0.008 0.07 0.951057 0.309017 1.89218e-17 5.82354e-17 
-0.138039 0.04 0.04 0.1 0.008 -0.012 0.07 -0.587785 0.809017 -4.9538e-17 -3.59915e-17 
-0.138125 0.04 0.04 0.1 0 0.012 0.07 0.951057 0.309017 1.89218e-17 5.82354e-17 
-0.140431 0.04 0.04 0.1 0.004 -0.02 0.07 -0.587785 0.809017 -4.9538e-17 -3.59915e-17 
-0.140568 0.04 0.04 0.1 -0.008 0.016 0.07 0.809017 0.587785 3.59914e-17 4.9538e-17 
-0.14323 0.04 0.04 0.1 -0.02 -0.008 0.07 6.12323e-17 1 -6.12323e-17 3.7494e-33 
-0.147027 0.04 0.04 0.1 0.016 -0.016 0.07 0.809017 -0.587785 -3.59914e-17 4.9538e-17 
-0.149439 0.04 0.04 0.1 -0.016 -0.004 0.07 6.12323e-17 1 -6.12323e-17 3.7494e-33 
-0.149829 0.04 0.04 0.1 -0.012 -0.008 0.07 0.951057 0.309017 1.89218e-17 5.82354e-17 
-0.152131 0.04 0.04 0.1 0.004 0.016 0.07 0.951057 0.309017 1.89218e-17 5.82354e-17 
-0.152462 0.04 0.04 0.1 -0.04 -0.008 0.04 -0.415627 0.572061 -0.415627 0.572062 
-0.154076 0.04 0.04 0.1 0.012 0.012 0.07 -0.309017 0.951057 -5.82354e-17 -1.89218e-17 
-0.158569 0.04 0.04 0.1 0.008 0.02 0.07 0.951057 0.309017 1.89218e-17 5.82354e-17 
-0.164253 0.04 0.04 0.1 0.008 0.02 0.07 -0.587785 0.809017 -4.9538e-17 -3.59915e-17 
-0.165647 0.04 0.04 0.1 0.02 0.012 0.07 -0.309017 0.951057 -5.82354e-17 -1.89218e-17 
-0.166461 0.04 0.04 0.1 0.016 0.012 0.07 -0.309017 0.951057 -5.82354e-17 -1.89218e-17 
-0.167005 0.04 0.04 0.1 -0.004 0.02 0.07 0.809017 -0.587785 -3.59914e-17 4.9538e-17 
-0.170547 0.04 0.04 0.1 0.02 0.004 0.07 1 0 0 6.12323e-17 
-0.17055 0.04 0.04 0.1 -0.02 -0.012 0.07 0.951057 0.309017 1.89218e-17 5.82354e-17 
-0.172049 0.04 0.04 0.1 0.008 -0.008 0.07 -0.587785 0.809017 -4.9538e-17 -3.59915e-17 
-0.17288 0.04 0.04 0.1 0.008 0.016 0.07 0.951057 0.309017 1.89218e-17 5.82354e-17 
-0.173206 0.04 0.04 0.1 -0.008 0.012 0.07 0.809017 0.587785 3.59914e-17 4.9538e-17 
-0.176785 0.04 0.04 0.1 0.008 -0.004 0.07 0.809017 -0.587785 -3.59914e-17 4.9538e-17 
-0.177537 0.04 0.04 0.1 0.012 0.02 0.07 0.951057 0.309017 1.89218e-17 5.82354e-17 
-0.183314 0.04 0.04 0.1 -0.016 -0.012 0.07 0.951057 0.309017 1.89218e-17 5.82354e-17 
-0.185851 0.04 0.04 0.1 -0.012 -0.012 0.07 0.951057 0.309017 1.89218e-17 5.82354e-17 
-0.186105 0.04 0.04 0.1 -0.04 -0.004 0.04 -0.415627 0.572061 -0.415627 0.572062 
-0.187741 0.04 0.04 0.1 0.012 0.016 0.07 0.951057 0.309017 1.89218e-17 5.82354e-17 
-0.190832 0.04 0.04 0.1 0.016 0.02 0.07 0.951057 0.309017 1.89218e-17 5.82354e-17 
-0.194168 0.04 0.04 0.1 -0.02 -0.004 0.07 6.12323e-17 1 -6.12323e-17 3.7494e-33 
-0.194981 0.04 0.04 0.1 0.012 -0.012 0.07 0.809017 -0.587785 -3.59914e-17 4.9538e-17 
-0.196813 0.04 0.04 0.1 0.016 -0.02 0.07 0.809017 -0.587785 -3.59914e-17 4.9538e-17 
-0.197526 0.04 0.04 0.1 0.02 0.02 0.07 0.951057 0.309017 1.89218e-17 5.82354e-17 
-0.198601 0.04 0.04 0.1 0.008 0.016 0.07 -0.587785 0.809017 -4.9538e-17 -3.59915e-17 
-0.20006 0.04 0.04 0.1 0.008 -0.004 0.07 -0.587785 0.809017 -4.9538e-17 -3.59915e-17 
-0.202185 0.04 0.04 0.1 0.004 -0.016 0.07 -0.587785 0.809017 -4.9538e-17 -3.59915e-17 
-0.203493 0.04 0.04 0.1 -0.008 0.008 0.07 0.809017 0.587785 3.59914e-17 4.9538e-17 
-0.215479 0.04 0.04 0.1 -0.004 0.02 0.07 0.809017 0.587785 3.59914e-17 4.9538e-17 
-0.220275 0.04 0.04 0.1 0.008 0 0.07 -0.587785 0.809017 -4.9538e-17 -3.59915e-17 
-0.221032 0.04 0.04 0.1 0.008 0.012 0.07 -0.587785 0.809017 -4.9538e-17 -3.59915e-17 
-0.221979 0.04 0.04 0.1 -0.04 0 0.04 -0.415627 0.572061 -0.415627 0.572062 
-0.230186 0.04 0.04 0.1 -0.008 0.004 0.07 0.809017 0.587785 3.59914e-17 4.9538e-17 
-0.231205 0.04 0.04 0.1 0.008 0.004 0.07 -0.587785 0.809017 -4.9538e-17 -3.59915e-17 
-0.231777 0.04 0.04 0.1 0.008 0.008 0.07 -0.587785 0.809017 -4.9538e-17 -3.59915e-17 
-0.233672 0.04 0.04 0.1 -0.008 -0.02 0.07 0.809017 0.587785 3.59914e-17 4.9538e-17 
-0.250736 0.04 0.04 0.1 0.008 -0.008 0.07 0.809017 -0.587785 -3.59914e-17 4.9538e-17 
-0.251946 0.04 0.04 0.1 -0.008 0 0.07 0.809017 0.587785 3.59914e-17 4.9538e-17 
-0.259942 0.04 0.04 0.1 -0.008 -0.016 0.07 0.809017 0.587785 3.59914e-17 4.9538e-17 
-0.260245 0.04 0.04 0.1 -0.04 0.004 0.04 -0.415627 0.572061 -0.415627 0.572062 
-0.260248 0.04 0.04 0.1 0.012 -0.016 0.07 0.809017 -0.587785 -3.59914e-17 4.9538e-17 
-0.261913 0.04 0.04 0.1 0.004 -0.012 0.07 -0.587785 0.809017 -4.9538e-17 -3.59915e-17 
-0.267345 0.04 0.04 0.1 -0.008 -0.004 0.07 0.809017 0.587785 3.59914e-17 4.9538e-17 
-0.271738 0.04 0.04 0.1 -0.004 0.016 0.07 0.809017 0.587785 3.59914e-17 4.9538e-17 
-0.27306 0.04 0.04 0.1 -0.008 -0.012 0.07 0.809017 0.587785 3.59914e-17 4.9538e-17 
-0.274971 0.04 0.04 0.1 -0.008 -0.008 0.07 0.809017 0.587785 3.59914e-17 4.9538e-17 
-0.287183 0.04 0.04 0.1 -0.008 0.02 0.07 0.809017 -0.587785 -3.59914e-17 4.9538e-17 
-0.301074 0.04 0.04 0.1 -0.04 0.008 0.04 -0.415627 0.572061 -0.415627 0.572062 
-0.317009 0.04 0.04 0.1 0.004 -0.008 0.07 -0.587785 0.809017 -4.9538e-17 -3.59915e-17 
-0.321845 0.04 0.04 0.1 0.012 -0.02 0.07 0.809017 -0.587785 -3.59914e-17 4.9538e-17 
-0.325819 0.04 0.04 0.1 -0.004 0.012 0.07 0.809017 0.587785 3.59914e-17 4.9538e-17 
-0.329452 0.04 0.04 0.1 0.008 -0.012 0.07 0.809017 -0.587785 -3.59914e-17 4.9538e-17 
-0.344656 0.04 0.04 0.1 -0.04 0.012 0.04 -0.415627 0.572061 -0.415627 0.572062 
-0.365079 0.04 0.04 0.1 0.004 -0.004 0.07 -0.587785 0.809017 -4.9538e-17 -3.59915e-17 
-0.376577 0.04 0.04 0.1 -0.004 0.008 0.07 0.809017 0.587785 3.59914e-17 4.9538e-17 
-0.391184 0.04 0.04 0.1 -0.04 0.016 0.04 -0.415627 0.572061 -0.415627 0.572062 
-0.404083 0.04 0.04 0.1 0.004 0 0.07 -0.587785 0.809017 -4.9538e-17 -3.59915e-17 
-0.408855 0.04 0.04 0.1 0.008 -0.016 0.07 0.809017 -0.587785 -3.59914e-17 4.9538e-17 
-0.422763 0.04 0.04 0.1 -0.004 0.004 0.07 0.809017 0.587785 3.59914e-17 4.9538e-17 
-0.432378 0.04 0.04 0.1 0.004 0.004 0.07 -0.587785 0.809017 -4.9538e-17 -3.59915e-17 
-0.440903 0.04 0.04 0.1 -0.04 0.02 0.04 -0.415627 0.572061 -0.415627 0.572062 
-0.441218 0.04 0.04 0.1 0.004 0.016 0.07 -0.587785 0.809017 -4.9538e-17 -3.59915e-17 
-0.448609 0.04 0.04 0.1 0.004 0.008 0.07 -0.587785 0.809017 -4.9538e-17 -3.59915e-17 
-0.45179 0.04 0.04 0.1 0.004 0.012 0.07 -0.587785 0.809017 -4.9538e-17 -3.59915e-17 
-0.462989 0.04 0.04 0.1 -0.004 0 0.07 0.809017 0.587785 3.59914e-17 4.9538e-17 
-0.484102 0.04 0.04 0.1 0.008 -0.02 0.07 0.809017 -0.587785 -3.59914e-17 4.9538e-17 
-0.495728 0.04 0.04 0.1 -0.004 -0.004 0.07 0.809017 0.587785 3.59914e-17 4.9538e-17 
-0.519337 0.04 0.04 0.1 -0.004 -0.008 0.07 0.809017 0.587785 3.59914e-17 4.9538e-17 
-0.532241 0.04 0.04 0.1 -0.004 -0.012 0.07 0.809017 0.587785 3.59914e-17 4.9538e-17 
-0.532532 0.04 0.04 0.1 -0.004 -0.016 0.07 0.809017 0.587785 3.59914e-17 4.9538e-17 
