0.0748901 0.062 0.062 0.062 0.0062 -0.031 0.051 6.12323e-17 1 -6.12323e-17 3.7494e-33 
0.0655274 0.062 0.062 0.062 -0.0186 0.0186 0.051 0.951057 0.309017 1.89218e-17 5.82354e-17 
0.0637595 0.062 0.062 0.062 -0.0062 -0.031 0.051 6.12323e-17 1 -6.12323e-17 3.7494e-33 
0.0574729 0.062 0.062 0.062 0.0062 -0.0186 0.051 6.12323e-17 1 -6.12323e-17 3.7494e-33 
0.0478355 0.062 0.062 0.062 -0.0186 -0.031 0.051 6.12323e-17 1 -6.12323e-17 3.7494e-33 
0.0407725 0.062 0.062 0.062 -0.0186 -0.0062 0.051 0.587785 0.809017 -4.9538e-17 3.59915e-17 
0.0398662 0.062 0.062 0.062 -0.031 0.0062 0.051 0.587785 0.809017 -4.9538e-17 3.59915e-17 
0.0397873 0.062 0.062 0.062 0.0186 -0.031 0.051 6.12323e-17 1 -6.12323e-17 3.7494e-33 
0.0376098 0.062 0.062 0.062 0.031 -0.0062 0.051 -0.587785 0.809017 -4.9538e-17 -3.59915e-17 
0.0367871 0.062 0.062 0.062 0.0186 0.0186 0.051 0.951057 -0.309017 -1.89218e-17 5.82354e-17 
0.0363841 0.062 0.062 0.062 0.031 0.0186 0.051 -0.587785 0.809017 -4.9538e-17 -3.59915e-17 
0.0334098 0.062 0.062 0.062 -0.0062 -0.0186 0.051 6.12323e-17 1 -6.12323e-17 3.7494e-33 
0.0317916 0.062 0.062 0.062 -0.0186 -0.0186 0.051 0.587785 0.809017 -4.9538e-17 3.59915e-17 
0.0284326 0.062 0.062 0.062 -0.0186 0.0062 0.051 0.587785 0.809017 -4.9538e-17 3.59915e-17 
0.0276387 0.062 0.062 0.062 0.0186 -0.0186 0.051 -0.587785 0.809017 -4.9538e-17 -3.59915e-17 
0.0265923 0.062 0.062 0.062 -0.031 0.0062 0.051 0.951057 0.309017 1.89218e-17 5.82354e-17 
0.0239867 0.062 0.062 0.062 -0.031 -0.0062 0.051 0.587785 0.809017 -4.9538e-17 3.59915e-17 
0.0230956 0.062 0.062 0.062 -0.0062 0.031 0.051 0.951057 0.309017 1.89218e-17 5.82354e-17 
0.0203117 0.062 0.062 0.062 0.031 0.0062 0.051 -0.587785 0.809017 -4.9538e-17 -3.59915e-17 
0.0196259 0.062 0.062 0.062 0.031 -0.0186 0.051 -0.587785 0.809017 -4.9538e-17 -3.59915e-17 
0.0191959 0.062 0.062 0.062 -0.0062 0.031 0.051 0.951057 -0.309017 -1.89218e-17 5.82354e-17 
0.0175856 0.062 0.062 0.062 0.0062 0.0186 0.051 0.951057 -0.309017 -1.89218e-17 5.82354e-17 
0.0157224 0.062 0.062 0.062 -0.031 0.0186 0.051 0.587785 0.809017 -4.9538e-17 3.59915e-17 
0.0146152 0.062 0.062 0.062 0.0186 -0.0062 0.051 -0.587785 0.809017 -4.9538e-17 -3.59915e-17 
0.0134634 0.062 0.062 0.062 0.0062 0.031 0.051 0.951057 0.309017 1.89218e-17 5.82354e-17 
0.0076401 0.062 0.062 0.062 -0.031 -0.031 0.051 6.12323e-17 1 -6.12323e-17 3.7494e-33 
0.00752058 0.062 0.062 0.062 -0.031 0.0186 0.051 0.951057 0.309017 1.89218e-17 5.82354e-17 
0.00714606 0.062 0.062 0.062 -0.0186 0.031 0.051 0.951057 0.309017 1.89218e-17 5.82354e-17 
0.00689342 0.062 0.062 0.062 0.031 0.031 0.051 0.951057 -0.309017 -1.89218e-17 5.82354e-17 
0.00469427 0.062 0.062 0.062 0.0062 0.031 0.051 0.951057 -0.309017 -1.89218e-17 5.82354e-17 
0.00454744 0.062 0.062 0.062 -0.031 0.031 0.051 0.951057 0.309017 1.89218e-17 5.82354e-17 
0.00378025 0.062 0.062 0.062 0.031 -0.031 0.051 -0.587785 0.809017 -4.9538e-17 -3.59915e-17 
0.00356639 0.062 0.062 0.062 -0.051 -0.0062 0.031 -0.218508 0.672498 -0.218508 0.672499 
0.00356022 0.062 0.062 0.062 -0.0186 -0.031 0.051 0.587785 0.809017 -4.9538e-17 3.59915e-17 
0.00348466 0.062 0.062 0.062 -0.0186 -0.0186 0.051 6.12323e-17 1 -6.12323e-17 3.7494e-33 
0.00263423 0.062 0.062 0.062 -0.031 -0.031 0.051 0.587785 0.809017 -4.9538e-17 3.59915e-17 
0.00166934 0.062 0.062 0.062 0.0186 -0.0186 0.051 6.12323e-17 1 -6.12323e-17 3.7494e-33 
0.000656814 0.062 0.062 0.062 -0.051 -0.031 0.031 -0.218508 0.672498 -0.218508 0.672499 
0.000625579 0.062 0.062 0.062 0.031 0.0186 0.051 0.951057 -0.309017 -1.89218e-17 5.82354e-17 
-7.1814e-05 0.062 0.062 0.062 0.0186 0.031 0.051 0.951057 -0.309017 -1.89218e-17 5.82354e-17 
-0.000219039 0.062 0.062 0.062 -0.031 -0.0186 0.051 0.587785 0.809017 -4.9538e-17 3.59915e-17 
-0.000614006 0.062 0.062 0.062 -0.031 -0.0186 0.051 6.12323e-17 1 -6.12323e-17 3.7494e-33 
-0.000680286 0.062 0.062 0.062 -0.0186 0.0186 0.051 0.587785 0.809017 -4.9538e-17 3.59915e-17 
-0.000819185 0.062 0.062 0.062 -0.0186 0.031 0.051 0.587785 0.809017 -4.9538e-17 3.59915e-17 
-0.0015264 0.062 0.062 0.062 0.031 -0.031 0.051 6.12323e-17 1 -6.12323e-17 3.7494e-33 
-0.00438975 0.062 0.062 0.062 -0.0062 -0.031 0.051 0.587785 0.809017 -4.9538e-17 3.59915e-17 
-0.00701662 0.062 0.062 0.062 -0.031 0.031 0.051 0.587785 0.809017 -4.9538e-17 3.59915e-17 
-0.00853194 0.062 0.062 0.062 0.0186 -0.031 0.051 -0.587785 0.809017 -4.9538e-17 -3.59915e-17 
-0.00971792 0.062 0.062 0.062 -0.051 -0.0186 0.031 -0.218508 0.672498 -0.218508 0.672499 
-0.0152687 0.062 0.062 0.062 0.0186 0.0062 0.051 -0.587785 0.809017 -4.9538e-17 -3.59915e-17 
-0.0787971 0.062 0.062 0.062 0.0186 0.031 0.051 0.951057 0.309017 1.89218e-17 5.82354e-17 
-0.216027 0.062 0.062 0.062 0.031 0.031 0.051 0.951057 0.309017 1.89218e-17 5.82354e-17 
