0.474439 0.05 0.05 0.1 0.005 0.025 0.07 0.951057 -0.309017 -1.89218e-17 5.82354e-17 
0.367255 0.05 0.05 0.1 0.015 0.025 0.07 0.951057 -0.309017 -1.89218e-17 5.82354e-17 
0.330144 0.05 0.05 0.1 0.025 0.025 0.07 0.951057 -0.309017 -1.89218e-17 5.82354e-17 
0.324242 0.05 0.05 0.1 0.015 0.005 0.07 -0.587785 0.809017 -4.9538e-17 -3.59915e-17 
0.314007 0.05 0.05 0.1 0.005 0.015 0.07 0.951057 -0.309017 -1.89218e-17 5.82354e-17 
0.203882 0.05 0.05 0.1 0.015 0.015 0.07 0.951057 -0.309017 -1.89218e-17 5.82354e-17 
0.190368 0.05 0.05 0.1 0.025 -0.015 0.07 -0.587785 0.809017 -4.9538e-17 -3.59915e-17 
0.185068 0.05 0.05 0.1 -0.015 -0.005 0.07 0.587785 0.809017 -4.9538e-17 3.59915e-17 
0.165667 0.05 0.05 0.1 0.025 0.015 0.07 0.951057 -0.309017 -1.89218e-17 5.82354e-17 
0.155815 0.05 0.05 0.1 -0.005 0.025 0.07 0.951057 -0.309017 -1.89218e-17 5.82354e-17 
0.143176 0.05 0.05 0.1 0.015 -0.015 0.07 6.12323e-17 1 -6.12323e-17 3.7494e-33 
0.126858 0.05 0.05 0.1 0.015 -0.005 0.07 -0.587785 0.809017 -4.9538e-17 -3.59915e-17 
0.124852 0.05 0.05 0.1 -0.015 0.005 0.07 0.587785 0.809017 -4.9538e-17 3.59915e-17 
0.0945597 0.05 0.05 0.1 0.005 -0.015 0.07 6.12323e-17 1 -6.12323e-17 3.7494e-33 
0.0930828 0.05 0.05 0.1 -0.025 -0.005 0.07 0.587785 0.809017 -4.9538e-17 3.59915e-17 
0.0764804 0.05 0.05 0.1 -0.015 0.015 0.07 0.951057 0.309017 1.89218e-17 5.82354e-17 
0.0721841 0.05 0.05 0.1 -0.025 0.015 0.07 0.951057 0.309017 1.89218e-17 5.82354e-17 
0.0719287 0.05 0.05 0.1 0.025 0.015 0.07 -0.587785 0.809017 -4.9538e-17 -3.59915e-17 
0.04947 0.05 0.05 0.1 -0.015 0.025 0.07 0.951057 0.309017 1.89218e-17 5.82354e-17 
0.0452677 0.05 0.05 0.1 -0.005 -0.025 0.07 6.12323e-17 1 -6.12323e-17 3.7494e-33 
0.044248 0.05 0.05 0.1 0.015 -0.015 0.07 -0.587785 0.809017 -4.9538e-17 -3.59915e-17 
0.0439617 0.05 0.05 0.1 -0.015 -0.015 0.07 0.587785 0.809017 -4.9538e-17 3.59915e-17 
0.0432266 0.05 0.05 0.1 0.025 0.005 0.07 -0.587785 0.809017 -4.9538e-17 -3.59915e-17 
0.0423565 0.05 0.05 0.1 0.025 -0.005 0.07 -0.587785 0.809017 -4.9538e-17 -3.59915e-17 
0.0401301 0.05 0.05 0.1 0.005 -0.025 0.07 6.12323e-17 1 -6.12323e-17 3.7494e-33 
0.0393641 0.05 0.05 0.1 -0.025 0.005 0.07 0.587785 0.809017 -4.9538e-17 3.59915e-17 
0.0387563 0.05 0.05 0.1 0.025 -0.025 0.07 -0.587785 0.809017 -4.9538e-17 -3.59915e-17 
0.0380797 0.05 0.05 0.1 0.025 0.025 0.07 -0.587785 0.809017 -4.9538e-17 -3.59915e-17 
0.0328534 0.05 0.05 0.1 -0.005 -0.025 0.07 0.587785 0.809017 -4.9538e-17 3.59915e-17 
0.0315144 0.05 0.05 0.1 -0.025 0.005 0.07 0.951057 0.309017 1.89218e-17 5.82354e-17 
0.0313339 0.05 0.05 0.1 -0.025 0.025 0.07 0.951057 0.309017 1.89218e-17 5.82354e-17 
0.029241 0.05 0.05 0.1 -0.015 -0.025 0.07 6.12323e-17 1 -6.12323e-17 3.7494e-33 
0.0180993 0.05 0.05 0.1 0.015 -0.025 0.07 -0.587785 0.809017 -4.9538e-17 -3.59915e-17 
0.0155093 0.05 0.05 0.1 0.005 -0.025 0.07 0.587785 0.809017 -4.9538e-17 3.59915e-17 
0.0144161 0.05 0.05 0.1 0.015 0.025 0.07 0.951057 0.309017 1.89218e-17 5.82354e-17 
0.011176 0.05 0.05 0.1 -0.015 -0.015 0.07 6.12323e-17 1 -6.12323e-17 3.7494e-33 
0.0104533 0.05 0.05 0.1 -0.025 -0.015 0.07 0.587785 0.809017 -4.9538e-17 3.59915e-17 
0.00918705 0.05 0.05 0.1 -0.005 -0.015 0.07 6.12323e-17 1 -6.12323e-17 3.7494e-33 
0.008989 0.05 0.05 0.1 -0.025 -0.015 0.07 6.12323e-17 1 -6.12323e-17 3.7494e-33 
0.00844887 0.05 0.05 0.1 -0.025 0.025 0.07 0.587785 0.809017 -4.9538e-17 3.59915e-17 
0.00260199 0.05 0.05 0.1 -0.025 -0.025 0.07 0.587785 0.809017 -4.9538e-17 3.59915e-17 
0.00237488 0.05 0.05 0.1 -0.025 -0.005 0.07 0.951057 0.309017 1.89218e-17 5.82354e-17 
1.64246e-05 0.05 0.05 0.1 -0.005 0.015 0.07 0.951057 -0.309017 -1.89218e-17 5.82354e-17 
2.48826e-10 0.05 0.05 0.1 -0.005 0.045 0.05 0.415627 0.572061 -0.572061 0.415629 
2.14417e-10 0.05 0.05 0.1 -0.015 0.045 0.03 0.415627 0.572061 -0.572061 0.415629 
1.82655e-10 0.05 0.05 0.1 -0.015 0.045 0.05 0.415627 0.572061 -0.572061 0.415629 
1.51969e-10 0.05 0.05 0.1 -0.025 0.045 0.03 0.415627 0.572061 -0.572061 0.415629 
1.50805e-10 0.05 0.05 0.1 0.045 -0.025 0.05 -0.572061 -0.415627 0.572061 0.415629 
1.20596e-10 0.05 0.05 0.1 -0.025 0.045 0.05 0.415627 0.572061 -0.572061 0.415629 
6.44092e-11 0.05 0.05 0.1 0.015 0.045 0.05 -4.32978e-17 0.707107 -0.707107 4.32978e-17 
5.44635e-11 0.05 0.05 0.1 0.005 -0.045 0.05 -0.672499 0.218508 0.218508 0.672498 
4.90785e-11 0.05 0.05 0.1 0.025 -0.045 0.03 -0.672499 0.218508 0.218508 0.672498 
4.82943e-11 0.05 0.05 0.1 -0.045 0.025 0.05 0.707107 -4.32978e-17 0.707107 -4.32978e-17 
4.71633e-11 0.05 0.05 0.1 0.015 -0.045 0.05 -0.672499 0.218508 0.218508 0.672498 
4.28361e-11 0.05 0.05 0.1 0.025 -0.045 0.05 -0.672499 0.218508 0.218508 0.672498 
4.10447e-11 0.05 0.05 0.1 -0.005 -0.045 0.05 -0.672499 0.218508 0.218508 0.672498 
3.96967e-11 0.05 0.05 0.1 -0.045 0.025 0.03 0.707107 -4.32978e-17 0.707107 -4.32978e-17 
3.07888e-11 0.05 0.05 0.1 -0.045 0.005 0.05 -0.572061 0.415627 -0.572061 0.415629 
2.74172e-11 0.05 0.05 0.1 -0.045 -0.025 0.05 -0.572061 0.415627 -0.572061 0.415629 
2.69167e-11 0.05 0.05 0.1 0.005 0.045 0.05 -4.32978e-17 0.707107 -0.707107 4.32978e-17 
2.50139e-11 0.05 0.05 0.1 -0.045 0.015 0.05 -0.572061 0.415627 -0.572061 0.415629 
2.41118e-11 0.05 0.05 0.1 -0.045 -0.005 0.05 -0.572061 0.415627 -0.572061 0.415629 
2.19059e-11 0.05 0.05 0.1 -0.045 -0.015 0.05 -0.572061 0.415627 -0.572061 0.415629 
1.68338e-11 0.05 0.05 0.1 0.045 0.015 0.05 -0.572061 -0.415627 0.572061 0.415629 
7.0044e-12 0.05 0.05 0.1 -0.025 0.045 0.05 -4.32978e-17 0.707107 -0.707107 4.32978e-17 
6.53434e-12 0.05 0.05 0.1 0.045 -0.015 0.05 -0.572061 -0.415627 0.572061 0.415629 
-1.82291e-12 0.05 0.05 0.1 0.025 0.045 0.05 -4.32978e-17 0.707107 -0.707107 4.32978e-17 
-1.89102e-12 0.05 0.05 0.1 0.045 0.025 0.05 -0.572061 -0.415627 0.572061 0.415629 
-3.21005e-12 0.05 0.05 0.1 -0.015 0.045 0.05 -4.32978e-17 0.707107 -0.707107 4.32978e-17 
-4.49265e-12 0.05 0.05 0.1 -0.045 0.025 0.05 -0.572061 0.415627 -0.572061 0.415629 
-8.97782e-12 0.05 0.05 0.1 -0.005 0.045 0.05 -4.32978e-17 0.707107 -0.707107 4.32978e-17 
-1.15198e-11 0.05 0.05 0.1 0.045 0.005 0.05 -0.572061 -0.415627 0.572061 0.415629 
-1.44701e-11 0.05 0.05 0.1 -0.015 -0.045 0.05 -0.672499 0.218508 0.218508 0.672498 
-2.19479e-11 0.05 0.05 0.1 -0.015 -0.045 0.05 -0.415627 -0.572061 -0.572061 0.415629 
-2.94545e-11 0.05 0.05 0.1 0.045 -0.005 0.05 -0.572061 -0.415627 0.572061 0.415629 
-6.11692e-11 0.05 0.05 0.1 -0.025 -0.045 0.05 -0.415627 -0.572061 -0.572061 0.415629 
-7.66419e-11 0.05 0.05 0.1 0.045 0.025 0.05 0.707107 -4.32978e-17 -0.707107 4.32978e-17 
-1.36647e-10 0.05 0.05 0.1 -0.045 -0.025 0.05 -0.218508 0.672498 -0.218508 0.672499 
-1.51239e-10 0.05 0.05 0.1 -0.045 -0.015 0.05 -0.218508 0.672498 -0.218508 0.672499 
-1.52118e-10 0.05 0.05 0.1 -0.045 -0.025 0.03 -0.218508 0.672498 -0.218508 0.672499 
-1.64528e-10 0.05 0.05 0.1 -0.045 -0.025 0.01 -0.218508 0.672498 -0.218508 0.672499 
-1.67238e-10 0.05 0.05 0.1 -0.045 -0.005 0.05 -0.218508 0.672498 -0.218508 0.672499 
-1.80297e-10 0.05 0.05 0.1 -0.045 0.005 0.05 -0.218508 0.672498 -0.218508 0.672499 
-1.99997e-10 0.05 0.05 0.1 -0.045 0.015 0.05 0.707107 -4.32978e-17 0.707107 -4.32978e-17 
-2.14595e-10 0.05 0.05 0.1 -0.045 0.015 0.03 0.707107 -4.32978e-17 0.707107 -4.32978e-17 
-3.02858e-10 0.05 0.05 0.1 0.015 0.045 0.05 0.415627 -0.572061 0.572061 0.415629 
-4.03821e-10 0.05 0.05 0.1 0.025 0.045 0.05 0.415627 -0.572061 0.572061 0.415629 
-3.97315e-09 0.05 0.05 0.1 0.025 0.005 0.07 0.951057 -0.309017 -1.89218e-17 5.82354e-17 
-0.000406738 0.05 0.05 0.1 -0.015 0.025 0.07 0.587785 0.809017 -4.9538e-17 3.59915e-17 
-0.00290065 0.05 0.05 0.1 0.025 0.025 0.07 0.951057 0.309017 1.89218e-17 5.82354e-17 
-0.00438911 0.05 0.05 0.1 -0.025 -0.025 0.07 6.12323e-17 1 -6.12323e-17 3.7494e-33 
-0.00693511 0.05 0.05 0.1 0.025 -0.015 0.07 6.12323e-17 1 -6.12323e-17 3.7494e-33 
-0.00908774 0.05 0.05 0.1 -0.015 0.015 0.07 0.587785 0.809017 -4.9538e-17 3.59915e-17 
-0.0108641 0.05 0.05 0.1 -0.015 -0.025 0.07 0.587785 0.809017 -4.9538e-17 3.59915e-17 
-0.015584 0.05 0.05 0.1 0.015 0.015 0.07 -0.587785 0.809017 -4.9538e-17 -3.59915e-17 
-0.0185747 0.05 0.05 0.1 0.015 -0.025 0.07 6.12323e-17 1 -6.12323e-17 3.7494e-33 
-0.0198434 0.05 0.05 0.1 0.025 -0.025 0.07 6.12323e-17 1 -6.12323e-17 3.7494e-33 
-0.0257617 0.05 0.05 0.1 -0.005 0.025 0.07 0.951057 0.309017 1.89218e-17 5.82354e-17 
-0.0288844 0.05 0.05 0.1 0.005 0.025 0.07 0.951057 0.309017 1.89218e-17 5.82354e-17 
-0.0307142 0.05 0.05 0.1 -0.025 0.015 0.07 0.587785 0.809017 -4.9538e-17 3.59915e-17 
-1.05712 0.05 0.05 0.1 -0.015 0.025 0.07 0.951057 -0.309017 -1.89218e-17 5.82354e-17 
