0.0595844 0.07 0.07 0.073 -0.055 -0.007 0.0365 -0.218508 0.672498 -0.218508 0.672499
0.0595844 0.07 0.07 0.073 0.055 0.007 0.0365 -0.672498 -0.218508 0.672499 0.218508
0.0595844 0.07 0.07 0.073 -0.055 0.007 -0.0365 0.672499 0.218508 0.672498 0.218508
0.0595844 0.07 0.07 0.073 0.055 -0.007 -0.0365 0.218508 -0.672499 -0.218508 0.672498
0.0476775 0.07 0.07 0.073 0.055 -1.73472e-18 0.0365 -0.672498 -0.218508 0.672499 0.218508
0.0476775 0.07 0.07 0.073 -0.055 -5.00084e-18 0.0365 -0.218508 0.672498 -0.218508 0.672499
0.0476775 0.07 0.07 0.073 0.055 -2.73524e-18 -0.0365 0.218508 -0.672499 -0.218508 0.672498
0.0476775 0.07 0.07 0.073 -0.055 -1.73472e-18 -0.0365 0.672499 0.218508 0.672498 0.218508
0.0077307 0.07 0.07 0.073 -0.055 -1.73472e-18 0.0365 -0.218508 0.672498 -0.218508 0.672499
0.0077307 0.07 0.07 0.073 0.055 8.47028e-18 0.0365 -0.672498 -0.218508 0.672499 0.218508
0.0077307 0.07 0.07 0.073 -0.055 -2.73524e-18 -0.0365 0.672499 0.218508 0.672498 0.218508
0.0077307 0.07 0.07 0.073 0.055 -1.73472e-18 -0.0365 0.218508 -0.672499 -0.218508 0.672498
0.0885146 0.07 0.07 0.073 0.055 0.007 0.0292 -0.672498 -0.218508 0.672499 0.218508
0.0885146 0.07 0.07 0.073 -0.055 -0.007 0.0292 -0.218508 0.672498 -0.218508 0.672499
0.0885146 0.07 0.07 0.073 0.055 -0.007 -0.0292 0.218508 -0.672499 -0.218508 0.672498
0.0885146 0.07 0.07 0.073 -0.055 0.007 -0.0292 0.672499 0.218508 0.672498 0.218508
0.0238049 0.07 0.07 0.073 0.055 0.007 0.0365 -0.672498 -0.218508 0.672499 0.218508
0.0238049 0.07 0.07 0.073 -0.055 -0.007 0.0365 -0.218508 0.672498 -0.218508 0.672499
0.0238049 0.07 0.07 0.073 0.055 -0.007 -0.0365 0.218508 -0.672499 -0.218508 0.672498
0.0238049 0.07 0.07 0.073 -0.055 0.007 -0.0365 0.672499 0.218508 0.672498 0.218508
0.0140814 0.07 0.07 0.073 0.007 0.055 0.0365 0.218508 0.672499 -0.672499 0.218502
0.0140814 0.07 0.07 0.073 -0.007 -0.055 0.0365 -0.672499 0.218508 0.218502 0.672499
0.0140814 0.07 0.07 0.073 0.007 -0.055 -0.0365 0.218502 0.672499 0.672499 -0.218508
0.0140814 0.07 0.07 0.073 -0.007 0.055 -0.0365 0.672499 -0.218502 0.218508 0.672499
0.261481 0.07 0.07 0.073 -0.035 -0.014 0.0565 0.309017 0.951057 -5.82354e-17 1.89218e-17
0.261481 0.07 0.07 0.073 0.035 0.014 0.0565 0.951057 -0.309017 -1.89218e-17 -5.82354e-17
0.261481 0.07 0.07 0.073 -0.035 0.014 -0.0565 3.78436e-17 1.16471e-16 0.951057 -0.309017
0.261481 0.07 0.07 0.073 0.035 -0.014 -0.0565 3.93136e-17 -7.71573e-17 0.309017 0.951057
0.0617544 0.07 0.07 0.073 -0.035 -0.014 0.0565 0.587785 0.809017 -4.9538e-17 3.59915e-17
0.0617544 0.07 0.07 0.073 0.035 0.014 0.0565 0.809017 -0.587785 -3.59915e-17 -4.9538e-17
0.0617544 0.07 0.07 0.073 -0.035 0.014 -0.0565 -7.19829e-17 -9.9076e-17 -0.809017 0.587785
0.0617544 0.07 0.07 0.073 0.035 -0.014 -0.0565 1.35465e-17 -8.55295e-17 0.587785 0.809017
0.091507 0.07 0.07 0.073 -0.035 -1.73472e-18 0.0565 0.587785 0.809017 -4.9538e-17 3.59915e-17
0.091507 0.07 0.07 0.073 0.035 6.02098e-18 0.0565 0.809017 -0.587785 -3.59915e-17 -4.9538e-17
0.091507 0.07 0.07 0.073 -0.035 -5.18453e-18 -0.0565 -7.19829e-17 -9.9076e-17 -0.809017 0.587785
0.091507 0.07 0.07 0.073 0.035 -1.73472e-18 -0.0565 1.35465e-17 -8.55295e-17 0.587785 0.809017
0.0470612 0.07 0.07 0.073 -0.035 -1.73472e-18 0.0565 0.951057 0.309017 3.78436e-17 5.82354e-17
0.0470612 0.07 0.07 0.073 0.035 6.02098e-18 0.0565 -0.309017 0.951057 5.82354e-17 -3.78436e-17
0.0470612 0.07 0.07 0.073 -0.035 -5.18453e-18 -0.0565 -1.16471e-16 1.89218e-17 -0.309017 0.951057
0.0470612 0.07 0.07 0.073 0.035 -1.73472e-18 -0.0565 -9.60791e-17 -7.71572e-17 0.951057 0.309017
0.0261639 0.07 0.07 0.073 -0.035 0.007 0.0565 0.587785 0.809017 -4.9538e-17 3.59915e-17
0.0261639 0.07 0.07 0.073 0.035 -0.007 0.0565 0.809017 -0.587785 -3.59915e-17 -4.9538e-17
0.0261639 0.07 0.07 0.073 -0.035 -0.007 -0.0565 -7.19829e-17 -9.9076e-17 -0.809017 0.587785
0.0261639 0.07 0.07 0.073 0.035 0.007 -0.0565 1.35465e-17 -8.55295e-17 0.587785 0.809017
0.176976 0.07 0.07 0.073 -0.035 0.007 0.0565 0.809017 0.587785 7.19829e-17 4.9538e-17
0.176976 0.07 0.07 0.073 0.035 -0.007 0.0565 -0.587785 0.809017 4.9538e-17 -7.19829e-17
0.176976 0.07 0.07 0.073 -0.035 -0.007 -0.0565 -9.9076e-17 3.59914e-17 -0.587785 0.809017
0.176976 0.07 0.07 0.073 0.035 0.007 -0.0565 -1.21521e-16 -8.55294e-17 0.809017 0.587785
0.0579144 0.07 0.07 0.073 -0.035 0.007 0.0565 0.951057 0.309017 3.78436e-17 5.82354e-17
0.0579144 0.07 0.07 0.073 0.035 -0.007 0.0565 -0.309017 0.951057 5.82354e-17 -3.78436e-17
0.0579144 0.07 0.07 0.073 -0.035 -0.007 -0.0565 -1.16471e-16 1.89218e-17 -0.309017 0.951057
0.0579144 0.07 0.07 0.073 0.035 0.007 -0.0565 -9.60791e-17 -7.71572e-17 0.951057 0.309017
0.0504508 0.07 0.07 0.073 -0.035 0.014 0.0565 0.809017 0.587785 7.19829e-17 4.9538e-17
0.0504508 0.07 0.07 0.073 0.035 -0.014 0.0565 -0.587785 0.809017 4.9538e-17 -7.19829e-17
0.0504508 0.07 0.07 0.073 -0.035 -0.014 -0.0565 -9.9076e-17 3.59914e-17 -0.587785 0.809017
0.0504508 0.07 0.07 0.073 0.035 0.014 -0.0565 -1.21521e-16 -8.55294e-17 0.809017 0.587785
0.093736 0.07 0.07 0.073 -0.035 0.014 0.0565 0.951057 0.309017 3.78436e-17 5.82354e-17
0.093736 0.07 0.07 0.073 0.035 -0.014 0.0565 -0.309017 0.951057 5.82354e-17 -3.78436e-17
0.093736 0.07 0.07 0.073 -0.035 -0.014 -0.0565 -1.16471e-16 1.89218e-17 -0.309017 0.951057
0.093736 0.07 0.07 0.073 0.035 0.014 -0.0565 -9.60791e-17 -7.71572e-17 0.951057 0.309017
0.0502915 0.07 0.07 0.073 -0.035 0.028 0.0565 0.809017 0.587785 7.19829e-17 4.9538e-17
0.0502915 0.07 0.07 0.073 0.035 -0.028 0.0565 -0.587785 0.809017 4.9538e-17 -7.19829e-17
0.0502915 0.07 0.07 0.073 -0.035 -0.028 -0.0565 -9.9076e-17 3.59914e-17 -0.587785 0.809017
0.0502915 0.07 0.07 0.073 0.035 0.028 -0.0565 -1.21521e-16 -8.55294e-17 0.809017 0.587785
0.118933 0.07 0.07 0.073 -0.028 -0.035 0.0565 0.309017 0.951057 -5.82354e-17 1.89218e-17
0.118933 0.07 0.07 0.073 0.028 0.035 0.0565 0.951057 -0.309017 -1.89218e-17 -5.82354e-17
0.118933 0.07 0.07 0.073 -0.028 0.035 -0.0565 3.78436e-17 1.16471e-16 0.951057 -0.309017
0.118933 0.07 0.07 0.073 0.028 -0.035 -0.0565 3.93136e-17 -7.71573e-17 0.309017 0.951057
0.18382 0.07 0.07 0.073 -0.028 -0.028 0.0565 6.12323e-17 1 -6.12323e-17 3.7494e-33
0.18382 0.07 0.07 0.073 0.028 0.028 0.0565 1 3.99574e-23 -7.4988e-33 -6.12323e-17
0.18382 0.07 0.07 0.073 -0.028 0.028 -0.0565 7.4988e-33 1.22465e-16 1 -6.12323e-17
0.18382 0.07 0.07 0.073 0.028 -0.028 -0.0565 6.12323e-17 -6.12323e-17 6.12323e-17 1
0.122462 0.07 0.07 0.073 -0.028 -0.028 0.0565 0.309017 0.951057 -5.82354e-17 1.89218e-17
0.122462 0.07 0.07 0.073 0.028 0.028 0.0565 0.951057 -0.309017 -1.89218e-17 -5.82354e-17
0.122462 0.07 0.07 0.073 -0.028 0.028 -0.0565 3.78436e-17 1.16471e-16 0.951057 -0.309017
0.122462 0.07 0.07 0.073 0.028 -0.028 -0.0565 3.93136e-17 -7.71573e-17 0.309017 0.951057
0.062089 0.07 0.07 0.073 -0.028 -0.028 0.0565 0.587785 0.809017 -4.9538e-17 3.59915e-17
0.062089 0.07 0.07 0.073 0.028 0.028 0.0565 0.809017 -0.587785 -3.59915e-17 -4.9538e-17
0.062089 0.07 0.07 0.073 -0.028 0.028 -0.0565 -7.19829e-17 -9.9076e-17 -0.809017 0.587785
0.062089 0.07 0.07 0.073 0.028 -0.028 -0.0565 1.35465e-17 -8.55295e-17 0.587785 0.809017
0.0592172 0.07 0.07 0.073 -0.028 -0.021 0.0565 0.309017 0.951057 -5.82354e-17 1.89218e-17
0.0592172 0.07 0.07 0.073 0.028 0.021 0.0565 0.951057 -0.309017 -1.89218e-17 -5.82354e-17
0.0592172 0.07 0.07 0.073 -0.028 0.021 -0.0565 3.78436e-17 1.16471e-16 0.951057 -0.309017
0.0592172 0.07 0.07 0.073 0.028 -0.021 -0.0565 3.93136e-17 -7.71573e-17 0.309017 0.951057
0.0439327 0.07 0.07 0.073 -0.028 -0.021 0.0565 0.587785 0.809017 -4.9538e-17 3.59915e-17
0.0439327 0.07 0.07 0.073 0.028 0.021 0.0565 0.809017 -0.587785 -3.59915e-17 -4.9538e-17
0.0439327 0.07 0.07 0.073 -0.028 0.021 -0.0565 -7.19829e-17 -9.9076e-17 -0.809017 0.587785
0.0439327 0.07 0.07 0.073 0.028 -0.021 -0.0565 1.35465e-17 -8.55295e-17 0.587785 0.809017
0.137028 0.07 0.07 0.073 -0.028 -0.007 0.0565 0.587785 0.809017 -4.9538e-17 3.59915e-17
0.137028 0.07 0.07 0.073 0.028 0.007 0.0565 0.809017 -0.587785 -3.59915e-17 -4.9538e-17
0.137028 0.07 0.07 0.073 -0.028 0.007 -0.0565 -7.19829e-17 -9.9076e-17 -0.809017 0.587785
0.137028 0.07 0.07 0.073 0.028 -0.007 -0.0565 1.35465e-17 -8.55295e-17 0.587785 0.809017
0.0347966 0.07 0.07 0.073 -0.028 -0.007 0.0565 0.809017 0.587785 7.19829e-17 4.9538e-17
0.0347966 0.07 0.07 0.073 0.028 0.007 0.0565 -0.587785 0.809017 4.9538e-17 -7.19829e-17
0.0347966 0.07 0.07 0.073 -0.028 0.007 -0.0565 -9.9076e-17 3.59914e-17 -0.587785 0.809017
0.0347966 0.07 0.07 0.073 0.028 -0.007 -0.0565 -1.21521e-16 -8.55294e-17 0.809017 0.587785
0.124647 0.07 0.07 0.073 -0.028 -1.73472e-18 0.0565 0.587785 0.809017 -4.9538e-17 3.59915e-17
0.124647 0.07 0.07 0.073 0.028 5.16373e-18 0.0565 0.809017 -0.587785 -3.59915e-17 -4.9538e-17
0.124647 0.07 0.07 0.073 -0.028 -5.18453e-18 -0.0565 -7.19829e-17 -9.9076e-17 -0.809017 0.587785
0.124647 0.07 0.07 0.073 0.028 -1.73472e-18 -0.0565 1.35465e-17 -8.55295e-17 0.587785 0.809017
0.0851955 0.07 0.07 0.073 -0.028 -1.73472e-18 0.0565 0.809017 0.587785 7.19829e-17 4.9538e-17
0.0851955 0.07 0.07 0.073 0.028 5.16373e-18 0.0565 -0.587785 0.809017 4.9538e-17 -7.19829e-17
0.0851955 0.07 0.07 0.073 -0.028 -5.18453e-18 -0.0565 -9.9076e-17 3.59914e-17 -0.587785 0.809017
0.0851955 0.07 0.07 0.073 0.028 -1.73472e-18 -0.0565 -1.21521e-16 -8.55294e-17 0.809017 0.587785
0.17959 0.07 0.07 0.073 -0.028 0.007 0.0565 0.809017 0.587785 7.19829e-17 4.9538e-17
0.17959 0.07 0.07 0.073 0.028 -0.007 0.0565 -0.587785 0.809017 4.9538e-17 -7.19829e-17
0.17959 0.07 0.07 0.073 -0.028 -0.007 -0.0565 -9.9076e-17 3.59914e-17 -0.587785 0.809017
0.17959 0.07 0.07 0.073 0.028 0.007 -0.0565 -1.21521e-16 -8.55294e-17 0.809017 0.587785
0.0361301 0.07 0.07 0.073 -0.028 0.007 0.0565 0.951057 0.309017 3.78436e-17 5.82354e-17
0.0361301 0.07 0.07 0.073 0.028 -0.007 0.0565 -0.309017 0.951057 5.82354e-17 -3.78436e-17
0.0361301 0.07 0.07 0.073 -0.028 -0.007 -0.0565 -1.16471e-16 1.89218e-17 -0.309017 0.951057
0.0361301 0.07 0.07 0.073 0.028 0.007 -0.0565 -9.60791e-17 -7.71572e-17 0.951057 0.309017
0.0533893 0.07 0.07 0.073 -0.028 0.014 0.0565 0.587785 0.809017 -4.9538e-17 3.59915e-17
0.0533893 0.07 0.07 0.073 0.028 -0.014 0.0565 0.809017 -0.587785 -3.59915e-17 -4.9538e-17
0.0533893 0.07 0.07 0.073 -0.028 -0.014 -0.0565 -7.19829e-17 -9.9076e-17 -0.809017 0.587785
0.0533893 0.07 0.07 0.073 0.028 0.014 -0.0565 1.35465e-17 -8.55295e-17 0.587785 0.809017
0.198877 0.07 0.07 0.073 -0.028 0.014 0.0565 0.809017 0.587785 7.19829e-17 4.9538e-17
0.198877 0.07 0.07 0.073 0.028 -0.014 0.0565 -0.587785 0.809017 4.9538e-17 -7.19829e-17
0.198877 0.07 0.07 0.073 -0.028 -0.014 -0.0565 -9.9076e-17 3.59914e-17 -0.587785 0.809017
0.198877 0.07 0.07 0.073 0.028 0.014 -0.0565 -1.21521e-16 -8.55294e-17 0.809017 0.587785
0.0921664 0.07 0.07 0.073 -0.028 0.021 0.0565 0.809017 0.587785 7.19829e-17 4.9538e-17
0.0921664 0.07 0.07 0.073 0.028 -0.021 0.0565 -0.587785 0.809017 4.9538e-17 -7.19829e-17
0.0921664 0.07 0.07 0.073 -0.028 -0.021 -0.0565 -9.9076e-17 3.59914e-17 -0.587785 0.809017
0.0921664 0.07 0.07 0.073 0.028 0.021 -0.0565 -1.21521e-16 -8.55294e-17 0.809017 0.587785
0.00506065 0.07 0.07 0.073 -0.028 0.021 0.0565 0.951057 0.309017 3.78436e-17 5.82354e-17
0.00506065 0.07 0.07 0.073 0.028 -0.021 0.0565 -0.309017 0.951057 5.82354e-17 -3.78436e-17
0.00506065 0.07 0.07 0.073 -0.028 -0.021 -0.0565 -1.16471e-16 1.89218e-17 -0.309017 0.951057
0.00506065 0.07 0.07 0.073 0.028 0.021 -0.0565 -9.60791e-17 -7.71572e-17 0.951057 0.309017
0.286973 0.07 0.07 0.073 -0.028 0.028 0.0565 0.809017 0.587785 7.19829e-17 4.9538e-17
0.286973 0.07 0.07 0.073 0.028 -0.028 0.0565 -0.587785 0.809017 4.9538e-17 -7.19829e-17
0.286973 0.07 0.07 0.073 -0.028 -0.028 -0.0565 -9.9076e-17 3.59914e-17 -0.587785 0.809017
0.286973 0.07 0.07 0.073 0.028 0.028 -0.0565 -1.21521e-16 -8.55294e-17 0.809017 0.587785
0.0490183 0.07 0.07 0.073 -0.028 0.028 0.0565 0.951057 0.309017 3.78436e-17 5.82354e-17
0.0490183 0.07 0.07 0.073 0.028 -0.028 0.0565 -0.309017 0.951057 5.82354e-17 -3.78436e-17
0.0490183 0.07 0.07 0.073 -0.028 -0.028 -0.0565 -1.16471e-16 1.89218e-17 -0.309017 0.951057
0.0490183 0.07 0.07 0.073 0.028 0.028 -0.0565 -9.60791e-17 -7.71572e-17 0.951057 0.309017
0.0257178 0.07 0.07 0.073 -0.021 -0.035 0.0565 6.12323e-17 1 -6.12323e-17 3.7494e-33
0.0257178 0.07 0.07 0.073 0.021 0.035 0.0565 1 3.99574e-23 -7.4988e-33 -6.12323e-17
0.0257178 0.07 0.07 0.073 -0.021 0.035 -0.0565 7.4988e-33 1.22465e-16 1 -6.12323e-17
0.0257178 0.07 0.07 0.073 0.021 -0.035 -0.0565 6.12323e-17 -6.12323e-17 6.12323e-17 1
0.116242 0.07 0.07 0.073 -0.021 -0.028 0.0565 0.309017 0.951057 -5.82354e-17 1.89218e-17
0.116242 0.07 0.07 0.073 0.021 0.028 0.0565 0.951057 -0.309017 -1.89218e-17 -5.82354e-17
0.116242 0.07 0.07 0.073 -0.021 0.028 -0.0565 3.78436e-17 1.16471e-16 0.951057 -0.309017
0.116242 0.07 0.07 0.073 0.021 -0.028 -0.0565 3.93136e-17 -7.71573e-17 0.309017 0.951057
0.090028 0.07 0.07 0.073 -0.021 -0.021 0.0565 6.12323e-17 1 -6.12323e-17 3.7494e-33
0.090028 0.07 0.07 0.073 0.021 0.021 0.0565 1 3.99574e-23 -7.4988e-33 -6.12323e-17
0.090028 0.07 0.07 0.073 -0.021 0.021 -0.0565 7.4988e-33 1.22465e-16 1 -6.12323e-17
0.090028 0.07 0.07 0.073 0.021 -0.021 -0.0565 6.12323e-17 -6.12323e-17 6.12323e-17 1
0.362933 0.07 0.07 0.073 -0.021 -0.021 0.0565 0.309017 0.951057 -5.82354e-17 1.89218e-17
0.362933 0.07 0.07 0.073 0.021 0.021 0.0565 0.951057 -0.309017 -1.89218e-17 -5.82354e-17
0.362933 0.07 0.07 0.073 -0.021 0.021 -0.0565 3.78436e-17 1.16471e-16 0.951057 -0.309017
0.362933 0.07 0.07 0.073 0.021 -0.021 -0.0565 3.93136e-17 -7.71573e-17 0.309017 0.951057
0.115462 0.07 0.07 0.073 -0.021 -0.021 0.0565 0.587785 0.809017 -4.9538e-17 3.59915e-17
0.115462 0.07 0.07 0.073 0.021 0.021 0.0565 0.809017 -0.587785 -3.59915e-17 -4.9538e-17
0.115462 0.07 0.07 0.073 -0.021 0.021 -0.0565 -7.19829e-17 -9.9076e-17 -0.809017 0.587785
0.115462 0.07 0.07 0.073 0.021 -0.021 -0.0565 1.35465e-17 -8.55295e-17 0.587785 0.809017
0.0781331 0.07 0.07 0.073 -0.021 -1.73472e-18 0.0565 0.809017 0.587785 7.19829e-17 4.9538e-17
0.0781331 0.07 0.07 0.073 0.021 4.30648e-18 0.0565 -0.587785 0.809017 4.9538e-17 -7.19829e-17
0.0781331 0.07 0.07 0.073 -0.021 -5.18453e-18 -0.0565 -9.9076e-17 3.59914e-17 -0.587785 0.809017
0.0781331 0.07 0.07 0.073 0.021 -1.73472e-18 -0.0565 -1.21521e-16 -8.55294e-17 0.809017 0.587785
0.0103912 0.07 0.07 0.073 -0.021 0.007 0.0565 0.809017 0.587785 7.19829e-17 4.9538e-17
0.0103912 0.07 0.07 0.073 0.021 -0.007 0.0565 -0.587785 0.809017 4.9538e-17 -7.19829e-17
0.0103912 0.07 0.07 0.073 -0.021 -0.007 -0.0565 -9.9076e-17 3.59914e-17 -0.587785 0.809017
0.0103912 0.07 0.07 0.073 0.021 0.007 -0.0565 -1.21521e-16 -8.55294e-17 0.809017 0.587785
0.168533 0.07 0.07 0.073 -0.021 0.014 0.0565 0.809017 0.587785 7.19829e-17 4.9538e-17
0.168533 0.07 0.07 0.073 0.021 -0.014 0.0565 -0.587785 0.809017 4.9538e-17 -7.19829e-17
0.168533 0.07 0.07 0.073 -0.021 -0.014 -0.0565 -9.9076e-17 3.59914e-17 -0.587785 0.809017
0.168533 0.07 0.07 0.073 0.021 0.014 -0.0565 -1.21521e-16 -8.55294e-17 0.809017 0.587785
0.0967805 0.07 0.07 0.073 -0.021 0.028 0.0565 0.951057 0.309017 3.78436e-17 5.82354e-17
0.0967805 0.07 0.07 0.073 0.021 -0.028 0.0565 -0.309017 0.951057 5.82354e-17 -3.78436e-17
0.0967805 0.07 0.07 0.073 -0.021 -0.028 -0.0565 -1.16471e-16 1.89218e-17 -0.309017 0.951057
0.0967805 0.07 0.07 0.073 0.021 0.028 -0.0565 -9.60791e-17 -7.71572e-17 0.951057 0.309017
0.128463 0.07 0.07 0.073 -0.021 0.035 0.0565 0.951057 0.309017 3.78436e-17 5.82354e-17
0.128463 0.07 0.07 0.073 0.021 -0.035 0.0565 -0.309017 0.951057 5.82354e-17 -3.78436e-17
0.128463 0.07 0.07 0.073 -0.021 -0.035 -0.0565 -1.16471e-16 1.89218e-17 -0.309017 0.951057
0.128463 0.07 0.07 0.073 0.021 0.035 -0.0565 -9.60791e-17 -7.71572e-17 0.951057 0.309017
0.0869228 0.07 0.07 0.073 -0.014 -0.028 0.0565 6.12323e-17 1 -6.12323e-17 3.7494e-33
0.0869228 0.07 0.07 0.073 0.014 0.028 0.0565 1 3.99574e-23 -7.4988e-33 -6.12323e-17
0.0869228 0.07 0.07 0.073 -0.014 0.028 -0.0565 7.4988e-33 1.22465e-16 1 -6.12323e-17
0.0869228 0.07 0.07 0.073 0.014 -0.028 -0.0565 6.12323e-17 -6.12323e-17 6.12323e-17 1
0.112899 0.07 0.07 0.073 -0.014 -0.028 0.0565 0.309017 0.951057 -5.82354e-17 1.89218e-17
0.112899 0.07 0.07 0.073 0.014 0.028 0.0565 0.951057 -0.309017 -1.89218e-17 -5.82354e-17
0.112899 0.07 0.07 0.073 -0.014 0.028 -0.0565 3.78436e-17 1.16471e-16 0.951057 -0.309017
0.112899 0.07 0.07 0.073 0.014 -0.028 -0.0565 3.93136e-17 -7.71573e-17 0.309017 0.951057
0.107039 0.07 0.07 0.073 -0.014 0.021 0.0565 1 0 0 6.12323e-17
0.107039 0.07 0.07 0.073 0.014 -0.021 0.0565 -6.12323e-17 1 6.12323e-17 -3.7494e-33
0.107039 0.07 0.07 0.073 -0.014 -0.021 -0.0565 -1.22465e-16 0 0 1
0.107039 0.07 0.07 0.073 0.014 0.021 -0.0565 -6.12323e-17 -6.12323e-17 1 -3.7494e-33
0.0712497 0.07 0.07 0.073 -0.014 0.028 0.0565 0.951057 0.309017 3.78436e-17 5.82354e-17
0.0712497 0.07 0.07 0.073 0.014 -0.028 0.0565 -0.309017 0.951057 5.82354e-17 -3.78436e-17
0.0712497 0.07 0.07 0.073 -0.014 -0.028 -0.0565 -1.16471e-16 1.89218e-17 -0.309017 0.951057
0.0712497 0.07 0.07 0.073 0.014 0.028 -0.0565 -9.60791e-17 -7.71572e-17 0.951057 0.309017
0.0635498 0.07 0.07 0.073 -0.014 0.035 0.0565 0.951057 0.309017 3.78436e-17 5.82354e-17
0.0635498 0.07 0.07 0.073 0.014 -0.035 0.0565 -0.309017 0.951057 5.82354e-17 -3.78436e-17
0.0635498 0.07 0.07 0.073 -0.014 -0.035 -0.0565 -1.16471e-16 1.89218e-17 -0.309017 0.951057
0.0635498 0.07 0.07 0.073 0.014 0.035 -0.0565 -9.60791e-17 -7.71572e-17 0.951057 0.309017
0.0845432 0.07 0.07 0.073 -0.007 -0.035 0.0565 6.12323e-17 1 -6.12323e-17 3.7494e-33
0.0845432 0.07 0.07 0.073 0.007 0.035 0.0565 1 3.99574e-23 -7.4988e-33 -6.12323e-17
0.0845432 0.07 0.07 0.073 -0.007 0.035 -0.0565 7.4988e-33 1.22465e-16 1 -6.12323e-17
0.0845432 0.07 0.07 0.073 0.007 -0.035 -0.0565 6.12323e-17 -6.12323e-17 6.12323e-17 1
0.148744 0.07 0.07 0.073 -0.007 -0.028 0.0565 6.12323e-17 1 -6.12323e-17 3.7494e-33
0.148744 0.07 0.07 0.073 0.007 0.028 0.0565 1 3.99574e-23 -7.4988e-33 -6.12323e-17
0.148744 0.07 0.07 0.073 -0.007 0.028 -0.0565 7.4988e-33 1.22465e-16 1 -6.12323e-17
0.148744 0.07 0.07 0.073 0.007 -0.028 -0.0565 6.12323e-17 -6.12323e-17 6.12323e-17 1
0.126016 0.07 0.07 0.073 -0.007 -0.021 0.0565 6.12323e-17 1 -6.12323e-17 3.7494e-33
0.126016 0.07 0.07 0.073 0.007 0.021 0.0565 1 3.99574e-23 -7.4988e-33 -6.12323e-17
0.126016 0.07 0.07 0.073 -0.007 0.021 -0.0565 7.4988e-33 1.22465e-16 1 -6.12323e-17
0.126016 0.07 0.07 0.073 0.007 -0.021 -0.0565 6.12323e-17 -6.12323e-17 6.12323e-17 1
0.0020627 0.07 0.07 0.073 -0.007 -0.021 0.0565 0.309017 0.951057 -5.82354e-17 1.89218e-17
0.0020627 0.07 0.07 0.073 0.007 0.021 0.0565 0.951057 -0.309017 -1.89218e-17 -5.82354e-17
0.0020627 0.07 0.07 0.073 -0.007 0.021 -0.0565 3.78436e-17 1.16471e-16 0.951057 -0.309017
0.0020627 0.07 0.07 0.073 0.007 -0.021 -0.0565 3.93136e-17 -7.71573e-17 0.309017 0.951057
0.0114873 0.07 0.07 0.073 -0.007 0.021 0.0565 1 0 0 6.12323e-17
0.0114873 0.07 0.07 0.073 0.007 -0.021 0.0565 -6.12323e-17 1 6.12323e-17 -3.7494e-33
0.0114873 0.07 0.07 0.073 -0.007 -0.021 -0.0565 -1.22465e-16 0 0 1
0.0114873 0.07 0.07 0.073 0.007 0.021 -0.0565 -6.12323e-17 -6.12323e-17 1 -3.7494e-33
0.142271 0.07 0.07 0.073 -0.007 0.028 0.0565 1 0 0 6.12323e-17
0.142271 0.07 0.07 0.073 0.007 -0.028 0.0565 -6.12323e-17 1 6.12323e-17 -3.7494e-33
0.142271 0.07 0.07 0.073 -0.007 -0.028 -0.0565 -1.22465e-16 0 0 1
0.142271 0.07 0.07 0.073 0.007 0.028 -0.0565 -6.12323e-17 -6.12323e-17 1 -3.7494e-33
0.0905415 0.07 0.07 0.073 -0.007 0.035 0.0565 0.951057 0.309017 3.78436e-17 5.82354e-17
0.0905415 0.07 0.07 0.073 0.007 -0.035 0.0565 -0.309017 0.951057 5.82354e-17 -3.78436e-17
0.0905415 0.07 0.07 0.073 -0.007 -0.035 -0.0565 -1.16471e-16 1.89218e-17 -0.309017 0.951057
0.0905415 0.07 0.07 0.073 0.007 0.035 -0.0565 -9.60791e-17 -7.71572e-17 0.951057 0.309017
0.0818308 0.07 0.07 0.073 -1.73472e-18 -0.035 0.0565 0.309017 0.951057 -5.82354e-17 1.89218e-17
0.0818308 0.07 0.07 0.073 -2.55154e-18 0.035 0.0565 0.951057 -0.309017 -1.89218e-17 -5.82354e-17
0.0818308 0.07 0.07 0.073 -1.73472e-18 0.035 -0.0565 3.78436e-17 1.16471e-16 0.951057 -0.309017
0.0818308 0.07 0.07 0.073 8.65397e-18 -0.035 -0.0565 3.93136e-17 -7.71573e-17 0.309017 0.951057
0.05681 0.07 0.07 0.073 -1.73472e-18 -0.028 0.0565 0.309017 0.951057 -5.82354e-17 1.89218e-17
0.05681 0.07 0.07 0.073 -1.69429e-18 0.028 0.0565 0.951057 -0.309017 -1.89218e-17 -5.82354e-17
0.05681 0.07 0.07 0.073 -1.73472e-18 0.028 -0.0565 3.78436e-17 1.16471e-16 0.951057 -0.309017
0.05681 0.07 0.07 0.073 8.65397e-18 -0.028 -0.0565 3.93136e-17 -7.71573e-17 0.309017 0.951057
0.183196 0.07 0.07 0.073 -1.73472e-18 0.021 0.0565 1 0 0 6.12323e-17
0.183196 0.07 0.07 0.073 4.30648e-18 -0.021 0.0565 -6.12323e-17 1 6.12323e-17 -3.7494e-33
0.183196 0.07 0.07 0.073 -1.73472e-18 -0.021 -0.0565 -1.22465e-16 0 0 1
0.183196 0.07 0.07 0.073 8.65397e-18 0.021 -0.0565 -6.12323e-17 -6.12323e-17 1 -3.7494e-33
0.1778 0.07 0.07 0.073 -1.73472e-18 0.028 0.0565 1 0 0 6.12323e-17
0.1778 0.07 0.07 0.073 5.16373e-18 -0.028 0.0565 -6.12323e-17 1 6.12323e-17 -3.7494e-33
0.1778 0.07 0.07 0.073 -1.73472e-18 -0.028 -0.0565 -1.22465e-16 0 0 1
0.1778 0.07 0.07 0.073 8.65397e-18 0.028 -0.0565 -6.12323e-17 -6.12323e-17 1 -3.7494e-33
0.115914 0.07 0.07 0.073 -1.73472e-18 0.028 0.0565 0.951057 -0.309017 -3.78436e-17 5.82354e-17
0.115914 0.07 0.07 0.073 5.16373e-18 -0.028 0.0565 0.309017 0.951057 5.82354e-17 3.78436e-17
0.115914 0.07 0.07 0.073 -1.73472e-18 -0.028 -0.0565 -1.16471e-16 -1.89218e-17 0.309017 0.951057
0.115914 0.07 0.07 0.073 8.65397e-18 0.028 -0.0565 -2.03919e-17 -3.93136e-17 0.951057 -0.309017
0.214505 0.07 0.07 0.073 -1.73472e-18 0.035 0.0565 1 0 0 6.12323e-17
0.214505 0.07 0.07 0.073 6.02098e-18 -0.035 0.0565 -6.12323e-17 1 6.12323e-17 -3.7494e-33
0.214505 0.07 0.07 0.073 -1.73472e-18 -0.035 -0.0565 -1.22465e-16 0 0 1
0.214505 0.07 0.07 0.073 8.65397e-18 0.035 -0.0565 -6.12323e-17 -6.12323e-17 1 -3.7494e-33
0.0700775 0.07 0.07 0.073 0.007 -0.035 0.0565 0.309017 0.951057 -5.82354e-17 1.89218e-17
0.0700775 0.07 0.07 0.073 -0.007 0.035 0.0565 0.951057 -0.309017 -1.89218e-17 -5.82354e-17
0.0700775 0.07 0.07 0.073 0.007 0.035 -0.0565 3.78436e-17 1.16471e-16 0.951057 -0.309017
0.0700775 0.07 0.07 0.073 -0.007 -0.035 -0.0565 3.93136e-17 -7.71573e-17 0.309017 0.951057
0.0333561 0.07 0.07 0.073 0.007 -0.028 0.0565 6.12323e-17 1 -6.12323e-17 3.7494e-33
0.0333561 0.07 0.07 0.073 -0.007 0.028 0.0565 1 3.99574e-23 -7.4988e-33 -6.12323e-17
0.0333561 0.07 0.07 0.073 0.007 0.028 -0.0565 7.4988e-33 1.22465e-16 1 -6.12323e-17
0.0333561 0.07 0.07 0.073 -0.007 -0.028 -0.0565 6.12323e-17 -6.12323e-17 6.12323e-17 1
0.0354516 0.07 0.07 0.073 0.007 -0.021 0.0565 6.12323e-17 1 -6.12323e-17 3.7494e-33
0.0354516 0.07 0.07 0.073 -0.007 0.021 0.0565 1 3.99574e-23 -7.4988e-33 -6.12323e-17
0.0354516 0.07 0.07 0.073 0.007 0.021 -0.0565 7.4988e-33 1.22465e-16 1 -6.12323e-17
0.0354516 0.07 0.07 0.073 -0.007 -0.021 -0.0565 6.12323e-17 -6.12323e-17 6.12323e-17 1
0.00880132 0.07 0.07 0.073 0.007 0.028 0.0565 1 0 0 6.12323e-17
0.00880132 0.07 0.07 0.073 -0.007 -0.028 0.0565 -6.12323e-17 1 6.12323e-17 -3.7494e-33
0.00880132 0.07 0.07 0.073 0.007 -0.028 -0.0565 -1.22465e-16 0 0 1
0.00880132 0.07 0.07 0.073 -0.007 0.028 -0.0565 -6.12323e-17 -6.12323e-17 1 -3.7494e-33
0.0997715 0.07 0.07 0.073 0.007 0.035 0.0565 1 0 0 6.12323e-17
0.0997715 0.07 0.07 0.073 -0.007 -0.035 0.0565 -6.12323e-17 1 6.12323e-17 -3.7494e-33
0.0997715 0.07 0.07 0.073 0.007 -0.035 -0.0565 -1.22465e-16 0 0 1
0.0997715 0.07 0.07 0.073 -0.007 0.035 -0.0565 -6.12323e-17 -6.12323e-17 1 -3.7494e-33
0.093852 0.07 0.07 0.073 0.014 -0.035 0.0565 6.12323e-17 1 -6.12323e-17 3.7494e-33
0.093852 0.07 0.07 0.073 -0.014 0.035 0.0565 1 3.99574e-23 -7.4988e-33 -6.12323e-17
0.093852 0.07 0.07 0.073 0.014 0.035 -0.0565 7.4988e-33 1.22465e-16 1 -6.12323e-17
0.093852 0.07 0.07 0.073 -0.014 -0.035 -0.0565 6.12323e-17 -6.12323e-17 6.12323e-17 1
0.0887723 0.07 0.07 0.073 0.014 -0.035 0.0565 -0.309017 0.951057 -5.82354e-17 -1.89218e-17
0.0887723 0.07 0.07 0.073 -0.014 0.035 0.0565 0.951057 0.309017 1.89218e-17 -5.82354e-17
0.0887723 0.07 0.07 0.073 0.014 0.035 -0.0565 -3.78436e-17 1.16471e-16 0.951057 0.309017
0.0887723 0.07 0.07 0.073 -0.014 -0.035 -0.0565 7.71572e-17 -3.93136e-17 -0.309017 0.951057
0.129069 0.07 0.07 0.073 0.014 -0.028 0.0565 6.12323e-17 1 -6.12323e-17 3.7494e-33
0.129069 0.07 0.07 0.073 -0.014 0.028 0.0565 1 3.99574e-23 -7.4988e-33 -6.12323e-17
0.129069 0.07 0.07 0.073 0.014 0.028 -0.0565 7.4988e-33 1.22465e-16 1 -6.12323e-17
0.129069 0.07 0.07 0.073 -0.014 -0.028 -0.0565 6.12323e-17 -6.12323e-17 6.12323e-17 1
0.0748034 0.07 0.07 0.073 0.014 -0.028 0.0565 -0.309017 0.951057 -5.82354e-17 -1.89218e-17
0.0748034 0.07 0.07 0.073 -0.014 0.028 0.0565 0.951057 0.309017 1.89218e-17 -5.82354e-17
0.0748034 0.07 0.07 0.073 0.014 0.028 -0.0565 -3.78436e-17 1.16471e-16 0.951057 0.309017
0.0748034 0.07 0.07 0.073 -0.014 -0.028 -0.0565 7.71572e-17 -3.93136e-17 -0.309017 0.951057
0.375191 0.07 0.07 0.073 0.014 0.021 0.0565 0.951057 -0.309017 -3.78436e-17 5.82354e-17
0.375191 0.07 0.07 0.073 -0.014 -0.021 0.0565 0.309017 0.951057 5.82354e-17 3.78436e-17
0.375191 0.07 0.07 0.073 0.014 -0.021 -0.0565 -1.16471e-16 -1.89218e-17 0.309017 0.951057
0.375191 0.07 0.07 0.073 -0.014 0.021 -0.0565 -2.03919e-17 -3.93136e-17 0.951057 -0.309017
0.0706647 0.07 0.07 0.073 0.014 0.028 0.0565 0.951057 -0.309017 -3.78436e-17 5.82354e-17
0.0706647 0.07 0.07 0.073 -0.014 -0.028 0.0565 0.309017 0.951057 5.82354e-17 3.78436e-17
0.0706647 0.07 0.07 0.073 0.014 -0.028 -0.0565 -1.16471e-16 -1.89218e-17 0.309017 0.951057
0.0706647 0.07 0.07 0.073 -0.014 0.028 -0.0565 -2.03919e-17 -3.93136e-17 0.951057 -0.309017
0.176893 0.07 0.07 0.073 0.021 -0.035 0.0565 -0.309017 0.951057 -5.82354e-17 -1.89218e-17
0.176893 0.07 0.07 0.073 -0.021 0.035 0.0565 0.951057 0.309017 1.89218e-17 -5.82354e-17
0.176893 0.07 0.07 0.073 0.021 0.035 -0.0565 -3.78436e-17 1.16471e-16 0.951057 0.309017
0.176893 0.07 0.07 0.073 -0.021 -0.035 -0.0565 7.71572e-17 -3.93136e-17 -0.309017 0.951057
0.120178 0.07 0.07 0.073 0.021 -0.028 0.0565 -0.309017 0.951057 -5.82354e-17 -1.89218e-17
0.120178 0.07 0.07 0.073 -0.021 0.028 0.0565 0.951057 0.309017 1.89218e-17 -5.82354e-17
0.120178 0.07 0.07 0.073 0.021 0.028 -0.0565 -3.78436e-17 1.16471e-16 0.951057 0.309017
0.120178 0.07 0.07 0.073 -0.021 -0.028 -0.0565 7.71572e-17 -3.93136e-17 -0.309017 0.951057
0.176992 0.07 0.07 0.073 0.021 -0.014 0.0565 -0.587785 0.809017 -4.9538e-17 -3.59915e-17
0.176992 0.07 0.07 0.073 -0.021 0.014 0.0565 0.809017 0.587785 3.59915e-17 -4.9538e-17
0.176992 0.07 0.07 0.073 0.021 0.014 -0.0565 -7.19829e-17 9.9076e-17 0.809017 0.587785
0.176992 0.07 0.07 0.073 -0.021 -0.014 -0.0565 8.55294e-17 -1.35465e-17 -0.587785 0.809017
0.41088 0.07 0.07 0.073 0.021 -0.007 0.0565 -0.587785 0.809017 -4.9538e-17 -3.59915e-17
0.41088 0.07 0.07 0.073 -0.021 0.007 0.0565 0.809017 0.587785 3.59915e-17 -4.9538e-17
0.41088 0.07 0.07 0.073 0.021 0.007 -0.0565 -7.19829e-17 9.9076e-17 0.809017 0.587785
0.41088 0.07 0.07 0.073 -0.021 -0.007 -0.0565 8.55294e-17 -1.35465e-17 -0.587785 0.809017
0.149737 0.07 0.07 0.073 0.021 -1.73472e-18 0.0565 -0.587785 0.809017 -4.9538e-17 -3.59915e-17
0.149737 0.07 0.07 0.073 -0.021 -8.37038e-19 0.0565 0.809017 0.587785 3.59915e-17 -4.9538e-17
0.149737 0.07 0.07 0.073 0.021 -5.18453e-18 -0.0565 -7.19829e-17 9.9076e-17 0.809017 0.587785
0.149737 0.07 0.07 0.073 -0.021 -1.73472e-18 -0.0565 8.55294e-17 -1.35465e-17 -0.587785 0.809017
0.238064 0.07 0.07 0.073 0.021 0.021 0.0565 0.951057 -0.309017 -3.78436e-17 5.82354e-17
0.238064 0.07 0.07 0.073 -0.021 -0.021 0.0565 0.309017 0.951057 5.82354e-17 3.78436e-17
0.238064 0.07 0.07 0.073 0.021 -0.021 -0.0565 -1.16471e-16 -1.89218e-17 0.309017 0.951057
0.238064 0.07 0.07 0.073 -0.021 0.021 -0.0565 -2.03919e-17 -3.93136e-17 0.951057 -0.309017
0.123123 0.07 0.07 0.073 0.021 0.021 0.0565 0.809017 -0.587785 -7.19829e-17 4.9538e-17
0.123123 0.07 0.07 0.073 -0.021 -0.021 0.0565 0.587785 0.809017 4.9538e-17 7.19829e-17
0.123123 0.07 0.07 0.073 0.021 -0.021 -0.0565 -9.9076e-17 -3.59914e-17 0.587785 0.809017
0.123123 0.07 0.07 0.073 -0.021 0.021 -0.0565 -2.24449e-17 1.35465e-17 -0.809017 0.587785
0.151782 0.07 0.07 0.073 0.021 0.028 0.0565 0.951057 -0.309017 -3.78436e-17 5.82354e-17
0.151782 0.07 0.07 0.073 -0.021 -0.028 0.0565 0.309017 0.951057 5.82354e-17 3.78436e-17
0.151782 0.07 0.07 0.073 0.021 -0.028 -0.0565 -1.16471e-16 -1.89218e-17 0.309017 0.951057
0.151782 0.07 0.07 0.073 -0.021 0.028 -0.0565 -2.03919e-17 -3.93136e-17 0.951057 -0.309017
0.0198285 0.07 0.07 0.073 0.021 0.028 0.0565 0.809017 -0.587785 -7.19829e-17 4.9538e-17
0.0198285 0.07 0.07 0.073 -0.021 -0.028 0.0565 0.587785 0.809017 4.9538e-17 7.19829e-17
0.0198285 0.07 0.07 0.073 0.021 -0.028 -0.0565 -9.9076e-17 -3.59914e-17 0.587785 0.809017
0.0198285 0.07 0.07 0.073 -0.021 0.028 -0.0565 -2.24449e-17 1.35465e-17 -0.809017 0.587785
0.0532949 0.07 0.07 0.073 0.021 0.035 0.0565 0.809017 -0.587785 -7.19829e-17 4.9538e-17
0.0532949 0.07 0.07 0.073 -0.021 -0.035 0.0565 0.587785 0.809017 4.9538e-17 7.19829e-17
0.0532949 0.07 0.07 0.073 0.021 -0.035 -0.0565 -9.9076e-17 -3.59914e-17 0.587785 0.809017
0.0532949 0.07 0.07 0.073 -0.021 0.035 -0.0565 -2.24449e-17 1.35465e-17 -0.809017 0.587785
0.175359 0.07 0.07 0.073 0.028 -0.028 0.0565 -0.587785 0.809017 -4.9538e-17 -3.59915e-17
0.175359 0.07 0.07 0.073 -0.028 0.028 0.0565 0.809017 0.587785 3.59915e-17 -4.9538e-17
0.175359 0.07 0.07 0.073 0.028 0.028 -0.0565 -7.19829e-17 9.9076e-17 0.809017 0.587785
0.175359 0.07 0.07 0.073 -0.028 -0.028 -0.0565 8.55294e-17 -1.35465e-17 -0.587785 0.809017
0.051396 0.07 0.07 0.073 0.028 -0.028 0.0565 -0.309017 0.951057 -5.82354e-17 -1.89218e-17
0.051396 0.07 0.07 0.073 -0.028 0.028 0.0565 0.951057 0.309017 1.89218e-17 -5.82354e-17
0.051396 0.07 0.07 0.073 0.028 0.028 -0.0565 -3.78436e-17 1.16471e-16 0.951057 0.309017
0.051396 0.07 0.07 0.073 -0.028 -0.028 -0.0565 7.71572e-17 -3.93136e-17 -0.309017 0.951057
0.115527 0.07 0.07 0.073 0.028 -0.021 0.0565 -0.587785 0.809017 -4.9538e-17 -3.59915e-17
0.115527 0.07 0.07 0.073 -0.028 0.021 0.0565 0.809017 0.587785 3.59915e-17 -4.9538e-17
0.115527 0.07 0.07 0.073 0.028 0.021 -0.0565 -7.19829e-17 9.9076e-17 0.809017 0.587785
0.115527 0.07 0.07 0.073 -0.028 -0.021 -0.0565 8.55294e-17 -1.35465e-17 -0.587785 0.809017
0.0249339 0.07 0.07 0.073 0.028 -0.021 0.0565 -0.309017 0.951057 -5.82354e-17 -1.89218e-17
0.0249339 0.07 0.07 0.073 -0.028 0.021 0.0565 0.951057 0.309017 1.89218e-17 -5.82354e-17
0.0249339 0.07 0.07 0.073 0.028 0.021 -0.0565 -3.78436e-17 1.16471e-16 0.951057 0.309017
0.0249339 0.07 0.07 0.073 -0.028 -0.021 -0.0565 7.71572e-17 -3.93136e-17 -0.309017 0.951057
0.135484 0.07 0.07 0.073 0.028 -0.014 0.0565 0.809017 -0.587785 -7.19829e-17 4.9538e-17
0.135484 0.07 0.07 0.073 -0.028 0.014 0.0565 0.587785 0.809017 4.9538e-17 7.19829e-17
0.135484 0.07 0.07 0.073 0.028 0.014 -0.0565 -9.9076e-17 -3.59914e-17 0.587785 0.809017
0.135484 0.07 0.07 0.073 -0.028 -0.014 -0.0565 -2.24449e-17 1.35465e-17 -0.809017 0.587785
0.0623172 0.07 0.07 0.073 0.028 -0.007 0.0565 -0.587785 0.809017 -4.9538e-17 -3.59915e-17
0.0623172 0.07 0.07 0.073 -0.028 0.007 0.0565 0.809017 0.587785 3.59915e-17 -4.9538e-17
0.0623172 0.07 0.07 0.073 0.028 0.007 -0.0565 -7.19829e-17 9.9076e-17 0.809017 0.587785
0.0623172 0.07 0.07 0.073 -0.028 -0.007 -0.0565 8.55294e-17 -1.35465e-17 -0.587785 0.809017
0.0795906 0.07 0.07 0.073 0.028 -0.007 0.0565 -0.309017 0.951057 -5.82354e-17 -1.89218e-17
0.0795906 0.07 0.07 0.073 -0.028 0.007 0.0565 0.951057 0.309017 1.89218e-17 -5.82354e-17
0.0795906 0.07 0.07 0.073 0.028 0.007 -0.0565 -3.78436e-17 1.16471e-16 0.951057 0.309017
0.0795906 0.07 0.07 0.073 -0.028 -0.007 -0.0565 7.71572e-17 -3.93136e-17 -0.309017 0.951057
0.0828251 0.07 0.07 0.073 0.028 -1.73472e-18 0.0565 0.809017 -0.587785 -7.19829e-17 4.9538e-17
0.0828251 0.07 0.07 0.073 -0.028 -1.69429e-18 0.0565 0.587785 0.809017 4.9538e-17 7.19829e-17
0.0828251 0.07 0.07 0.073 0.028 -5.18453e-18 -0.0565 -9.9076e-17 -3.59914e-17 0.587785 0.809017
0.0828251 0.07 0.07 0.073 -0.028 -1.73472e-18 -0.0565 -2.24449e-17 1.35465e-17 -0.809017 0.587785
0.0785505 0.07 0.07 0.073 0.028 -1.73472e-18 0.0565 -0.587785 0.809017 -4.9538e-17 -3.59915e-17
0.0785505 0.07 0.07 0.073 -0.028 -1.69429e-18 0.0565 0.809017 0.587785 3.59915e-17 -4.9538e-17
0.0785505 0.07 0.07 0.073 0.028 -5.18453e-18 -0.0565 -7.19829e-17 9.9076e-17 0.809017 0.587785
0.0785505 0.07 0.07 0.073 -0.028 -1.73472e-18 -0.0565 8.55294e-17 -1.35465e-17 -0.587785 0.809017
0.154342 0.07 0.07 0.073 0.028 0.007 0.0565 0.809017 -0.587785 -7.19829e-17 4.9538e-17
0.154342 0.07 0.07 0.073 -0.028 -0.007 0.0565 0.587785 0.809017 4.9538e-17 7.19829e-17
0.154342 0.07 0.07 0.073 0.028 -0.007 -0.0565 -9.9076e-17 -3.59914e-17 0.587785 0.809017
0.154342 0.07 0.07 0.073 -0.028 0.007 -0.0565 -2.24449e-17 1.35465e-17 -0.809017 0.587785
0.0925495 0.07 0.07 0.073 0.028 0.014 0.0565 0.809017 -0.587785 -7.19829e-17 4.9538e-17
0.0925495 0.07 0.07 0.073 -0.028 -0.014 0.0565 0.587785 0.809017 4.9538e-17 7.19829e-17
0.0925495 0.07 0.07 0.073 0.028 -0.014 -0.0565 -9.9076e-17 -3.59914e-17 0.587785 0.809017
0.0925495 0.07 0.07 0.073 -0.028 0.014 -0.0565 -2.24449e-17 1.35465e-17 -0.809017 0.587785
0.316517 0.07 0.07 0.073 0.028 0.021 0.0565 0.951057 -0.309017 -3.78436e-17 5.82354e-17
0.316517 0.07 0.07 0.073 -0.028 -0.021 0.0565 0.309017 0.951057 5.82354e-17 3.78436e-17
0.316517 0.07 0.07 0.073 0.028 -0.021 -0.0565 -1.16471e-16 -1.89218e-17 0.309017 0.951057
0.316517 0.07 0.07 0.073 -0.028 0.021 -0.0565 -2.03919e-17 -3.93136e-17 0.951057 -0.309017
0.124382 0.07 0.07 0.073 0.028 0.028 0.0565 0.951057 -0.309017 -3.78436e-17 5.82354e-17
0.124382 0.07 0.07 0.073 -0.028 -0.028 0.0565 0.309017 0.951057 5.82354e-17 3.78436e-17
0.124382 0.07 0.07 0.073 0.028 -0.028 -0.0565 -1.16471e-16 -1.89218e-17 0.309017 0.951057
0.124382 0.07 0.07 0.073 -0.028 0.028 -0.0565 -2.03919e-17 -3.93136e-17 0.951057 -0.309017
0.0399208 0.07 0.07 0.073 0.028 0.028 0.0565 0.809017 -0.587785 -7.19829e-17 4.9538e-17
0.0399208 0.07 0.07 0.073 -0.028 -0.028 0.0565 0.587785 0.809017 4.9538e-17 7.19829e-17
0.0399208 0.07 0.07 0.073 0.028 -0.028 -0.0565 -9.9076e-17 -3.59914e-17 0.587785 0.809017
0.0399208 0.07 0.07 0.073 -0.028 0.028 -0.0565 -2.24449e-17 1.35465e-17 -0.809017 0.587785
0.0426267 0.07 0.07 0.073 0.035 -0.014 0.0565 -0.309017 0.951057 -5.82354e-17 -1.89218e-17
0.0426267 0.07 0.07 0.073 -0.035 0.014 0.0565 0.951057 0.309017 1.89218e-17 -5.82354e-17
0.0426267 0.07 0.07 0.073 0.035 0.014 -0.0565 -3.78436e-17 1.16471e-16 0.951057 0.309017
0.0426267 0.07 0.07 0.073 -0.035 -0.014 -0.0565 7.71572e-17 -3.93136e-17 -0.309017 0.951057
0.0199826 0.07 0.07 0.073 0.035 -0.007 0.0565 0.809017 -0.587785 -7.19829e-17 4.9538e-17
0.0199826 0.07 0.07 0.073 -0.035 0.007 0.0565 0.587785 0.809017 4.9538e-17 7.19829e-17
0.0199826 0.07 0.07 0.073 0.035 0.007 -0.0565 -9.9076e-17 -3.59914e-17 0.587785 0.809017
0.0199826 0.07 0.07 0.073 -0.035 -0.007 -0.0565 -2.24449e-17 1.35465e-17 -0.809017 0.587785
0.0733153 0.07 0.07 0.073 0.035 -0.007 0.0565 -0.587785 0.809017 -4.9538e-17 -3.59915e-17
0.0733153 0.07 0.07 0.073 -0.035 0.007 0.0565 0.809017 0.587785 3.59915e-17 -4.9538e-17
0.0733153 0.07 0.07 0.073 0.035 0.007 -0.0565 -7.19829e-17 9.9076e-17 0.809017 0.587785
0.0733153 0.07 0.07 0.073 -0.035 -0.007 -0.0565 8.55294e-17 -1.35465e-17 -0.587785 0.809017
0.113035 0.07 0.07 0.073 0.035 -0.007 0.0565 -0.309017 0.951057 -5.82354e-17 -1.89218e-17
0.113035 0.07 0.07 0.073 -0.035 0.007 0.0565 0.951057 0.309017 1.89218e-17 -5.82354e-17
0.113035 0.07 0.07 0.073 0.035 0.007 -0.0565 -3.78436e-17 1.16471e-16 0.951057 0.309017
0.113035 0.07 0.07 0.073 -0.035 -0.007 -0.0565 7.71572e-17 -3.93136e-17 -0.309017 0.951057
0.0469457 0.07 0.07 0.073 0.035 -1.73472e-18 0.0565 -0.587785 0.809017 -4.9538e-17 -3.59915e-17
0.0469457 0.07 0.07 0.073 -0.035 -2.55154e-18 0.0565 0.809017 0.587785 3.59915e-17 -4.9538e-17
0.0469457 0.07 0.07 0.073 0.035 -5.18453e-18 -0.0565 -7.19829e-17 9.9076e-17 0.809017 0.587785
0.0469457 0.07 0.07 0.073 -0.035 -1.73472e-18 -0.0565 8.55294e-17 -1.35465e-17 -0.587785 0.809017
0.11501 0.07 0.07 0.073 0.035 -1.73472e-18 0.0565 -0.309017 0.951057 -5.82354e-17 -1.89218e-17
0.11501 0.07 0.07 0.073 -0.035 -2.55154e-18 0.0565 0.951057 0.309017 1.89218e-17 -5.82354e-17
0.11501 0.07 0.07 0.073 0.035 -5.18453e-18 -0.0565 -3.78436e-17 1.16471e-16 0.951057 0.309017
0.11501 0.07 0.07 0.073 -0.035 -1.73472e-18 -0.0565 7.71572e-17 -3.93136e-17 -0.309017 0.951057
0.0250509 0.07 0.07 0.073 0.035 0.014 0.0565 0.951057 -0.309017 -3.78436e-17 5.82354e-17
0.0250509 0.07 0.07 0.073 -0.035 -0.014 0.0565 0.309017 0.951057 5.82354e-17 3.78436e-17
0.0250509 0.07 0.07 0.073 0.035 -0.014 -0.0565 -1.16471e-16 -1.89218e-17 0.309017 0.951057
0.0250509 0.07 0.07 0.073 -0.035 0.014 -0.0565 -2.03919e-17 -3.93136e-17 0.951057 -0.309017
0.0227142 0.07 0.07 0.073 0.035 0.014 0.0565 0.809017 -0.587785 -7.19829e-17 4.9538e-17
0.0227142 0.07 0.07 0.073 -0.035 -0.014 0.0565 0.587785 0.809017 4.9538e-17 7.19829e-17
0.0227142 0.07 0.07 0.073 0.035 -0.014 -0.0565 -9.9076e-17 -3.59914e-17 0.587785 0.809017
0.0227142 0.07 0.07 0.073 -0.035 0.014 -0.0565 -2.24449e-17 1.35465e-17 -0.809017 0.587785
0.0434945 0.07 0.07 0.073 0.035 0.021 0.0565 -0.587785 0.809017 -4.9538e-17 -3.59915e-17
0.0434945 0.07 0.07 0.073 -0.035 -0.021 0.0565 0.809017 0.587785 3.59915e-17 -4.9538e-17
0.0434945 0.07 0.07 0.073 0.035 -0.021 -0.0565 -7.19829e-17 9.9076e-17 0.809017 0.587785
0.0434945 0.07 0.07 0.073 -0.035 0.021 -0.0565 8.55294e-17 -1.35465e-17 -0.587785 0.809017
