16.2672 0.05 0.1 0.2 -0.045 -0.05 0.1 -0.572061 0.415627 -0.572061 0.415629 
16.2631 0.05 0.1 0.2 -0.045 -0.03 0.1 -0.572061 0.415627 -0.572061 0.415629 
16.2361 0.05 0.1 0.2 -0.045 -0.01 0.1 -0.572061 0.415627 -0.572061 0.415629 
16.175 0.05 0.1 0.2 -0.045 0.01 0.1 -0.572061 0.415627 -0.572061 0.415629 
16.0599 0.05 0.1 0.2 -0.045 0.03 0.1 -0.572061 0.415627 -0.572061 0.415629 
15.8633 0.05 0.1 0.2 -0.045 0.05 0.1 -0.572061 0.415627 -0.572061 0.415629 
12.9395 0.05 0.1 0.2 -0.015 -0.07 0.1 -0.672499 0.218508 0.218508 0.672498 
11.5339 0.05 0.1 0.2 -0.005 -0.07 0.1 -0.672499 0.218508 0.218508 0.672498 
9.94965 0.05 0.1 0.2 0.005 -0.07 0.1 -0.672499 0.218508 0.218508 0.672498 
8.29421 0.05 0.1 0.2 0.015 -0.07 0.1 -0.672499 0.218508 0.218508 0.672498 
6.67585 0.05 0.1 0.2 0.025 -0.07 0.1 -0.672499 0.218508 0.218508 0.672498 
0.784862 0.05 0.1 0.2 -0.005 -0.07 0.1 -0.672499 -0.218508 -0.218508 0.672498 
0.780333 0.05 0.1 0.2 -0.015 -0.07 0.1 -0.672499 -0.218508 -0.218508 0.672498 
0.777362 0.05 0.1 0.2 0.005 -0.07 0.1 -0.672499 -0.218508 -0.218508 0.672498 
0.766779 0.05 0.1 0.2 -0.025 -0.07 0.1 -0.672499 -0.218508 -0.218508 0.672498 
0.754922 0.05 0.1 0.2 0.015 -0.07 0.1 -0.672499 -0.218508 -0.218508 0.672498 
0.714758 0.05 0.1 0.2 0.025 -0.07 0.1 -0.672499 -0.218508 -0.218508 0.672498 
0.440636 0.05 0.1 0.2 0.025 0.07 0.1 0.415627 -0.572061 0.572061 0.415629 
0.439935 0.05 0.1 0.2 0.015 0.07 0.1 0.415627 -0.572061 0.572061 0.415629 
0.35978 0.05 0.1 0.2 -0.045 -0.05 0.1 -0.218508 0.672498 -0.218508 0.672499 
0.27202 0.05 0.1 0.2 -0.045 -0.05 0.06 -0.218508 0.672498 -0.218508 0.672499 
0.260483 0.05 0.1 0.2 -0.025 -0.07 0.06 -0.415627 -0.572061 -0.572061 0.415629 
0.214437 0.05 0.1 0.2 0.045 -0.05 0.1 0.218508 -0.672498 -0.218508 0.672499 
0.191837 0.05 0.1 0.2 -0.045 -0.05 0.02 -0.218508 0.672498 -0.218508 0.672499 
0.149897 0.05 0.1 0.2 0.045 -0.05 0.06 0.218508 -0.672498 -0.218508 0.672499 
0.146104 0.05 0.1 0.2 -0.015 -0.07 0.06 -0.415627 -0.572061 -0.572061 0.415629 
0.117971 0.05 0.1 0.2 -0.045 -0.05 -0.02 -0.218508 0.672498 -0.218508 0.672499 
0.110481 0.05 0.1 0.2 -0.025 0.07 0.06 0.415627 0.572061 -0.572061 0.415629 
0.108752 0.05 0.1 0.2 -0.045 0.05 -0.02 0.707107 -4.32978e-17 0.707107 -4.32978e-17 
0.0844448 0.05 0.1 0.2 0.045 -0.05 0.02 0.218508 -0.672498 -0.218508 0.672499 
0.0809458 0.05 0.1 0.2 -0.025 0.05 0.12 0.951057 0.309017 1.89218e-17 5.82354e-17 
0.0770142 0.05 0.1 0.2 -0.015 -0.07 0.02 -0.415627 -0.572061 -0.572061 0.415629 
0.0572099 0.05 0.1 0.2 -0.025 -0.01 0.12 0.587785 0.809017 -4.9538e-17 3.59915e-17 
0.055848 0.05 0.1 0.2 -0.025 -0.07 0.02 -0.415627 -0.572061 -0.572061 0.415629 
0.0503743 0.05 0.1 0.2 -0.025 0.01 0.12 0.587785 0.809017 -4.9538e-17 3.59915e-17 
0.050081 0.05 0.1 0.2 -0.015 0.07 0.06 0.415627 0.572061 -0.572061 0.415629 
0.0489208 0.05 0.1 0.2 -0.015 -0.01 0.12 0.587785 0.809017 -4.9538e-17 3.59915e-17 
0.0484873 0.05 0.1 0.2 -0.025 0.07 -0.02 0.415627 0.572061 -0.572061 0.415629 
0.0379483 0.05 0.1 0.2 -0.015 0.07 -0.02 0.415627 0.572061 -0.572061 0.415629 
0.0374626 0.05 0.1 0.2 -0.025 0.07 0.02 0.415627 0.572061 -0.572061 0.415629 
0.0372819 0.05 0.1 0.2 0.045 -0.03 0.1 -0.218508 -0.672498 0.218508 0.672499 
0.0366036 0.05 0.1 0.2 -0.015 0.07 0.02 0.415627 0.572061 -0.572061 0.415629 
0.0361318 0.05 0.1 0.2 -0.015 0.01 0.12 0.587785 0.809017 -4.9538e-17 3.59915e-17 
0.0351454 0.05 0.1 0.2 -0.025 -0.03 0.12 0.587785 0.809017 -4.9538e-17 3.59915e-17 
0.033021 0.05 0.1 0.2 -0.015 -0.03 0.12 0.587785 0.809017 -4.9538e-17 3.59915e-17 
0.0310812 0.05 0.1 0.2 0.025 -0.03 0.12 -0.587785 0.809017 -4.9538e-17 -3.59915e-17 
0.0277224 0.05 0.1 0.2 -0.015 0.05 0.12 0.951057 -0.309017 -1.89218e-17 5.82354e-17 
0.025863 0.05 0.1 0.2 0.025 -0.01 0.12 -0.587785 0.809017 -4.9538e-17 -3.59915e-17 
0.0243135 0.05 0.1 0.2 -0.045 0.05 0.02 0.707107 -4.32978e-17 0.707107 -4.32978e-17 
0.0222857 0.05 0.1 0.2 -0.025 0.03 0.12 0.587785 0.809017 -4.9538e-17 3.59915e-17 
0.0204169 0.05 0.1 0.2 -0.005 0.05 0.12 0.951057 -0.309017 -1.89218e-17 5.82354e-17 
0.015461 0.05 0.1 0.2 0.025 0.07 0.06 0.415627 -0.572061 0.572061 0.415629 
0.01364 0.05 0.1 0.2 0.025 -0.05 0.12 -0.587785 0.809017 -4.9538e-17 -3.59915e-17 
0.0119745 0.05 0.1 0.2 -0.005 0.07 0.1 0.415627 0.572061 -0.572061 0.415629 
0.00963915 0.05 0.1 0.2 0.005 0.05 0.12 0.951057 -0.309017 -1.89218e-17 5.82354e-17 
0.00865453 0.05 0.1 0.2 -0.015 0.03 0.12 0.587785 0.809017 -4.9538e-17 3.59915e-17 
0.00751182 0.05 0.1 0.2 0.015 -0.05 0.12 -0.587785 0.809017 -4.9538e-17 -3.59915e-17 
0.00535723 0.05 0.1 0.2 -0.025 0.03 0.12 0.951057 0.309017 1.89218e-17 5.82354e-17 
0.003183 0.05 0.1 0.2 -0.025 -0.05 0.12 6.12323e-17 1 -6.12323e-17 3.7494e-33 
0.00315684 0.05 0.1 0.2 0.015 0.07 0.06 0.415627 -0.572061 0.572061 0.415629 
0.00223488 0.05 0.1 0.2 0.015 -0.01 0.12 -0.587785 0.809017 -4.9538e-17 -3.59915e-17 
0.00147125 0.05 0.1 0.2 0.005 -0.05 0.12 6.12323e-17 1 -6.12323e-17 3.7494e-33 
0.000997337 0.05 0.1 0.2 -0.005 -0.05 0.12 0.587785 0.809017 -4.9538e-17 3.59915e-17 
0.000759033 0.05 0.1 0.2 0.025 0.03 0.12 0.951057 -0.309017 -1.89218e-17 5.82354e-17 
0.000471047 0.05 0.1 0.2 0.015 0.05 0.12 0.951057 -0.309017 -1.89218e-17 5.82354e-17 
0.000384288 0.05 0.1 0.2 0.015 -0.05 0.12 6.12323e-17 1 -6.12323e-17 3.7494e-33 
-0.000309353 0.05 0.1 0.2 -0.005 -0.05 0.12 6.12323e-17 1 -6.12323e-17 3.7494e-33 
-0.000800777 0.05 0.1 0.2 -0.025 -0.05 0.12 0.587785 0.809017 -4.9538e-17 3.59915e-17 
-0.000844164 0.05 0.1 0.2 -0.015 -0.05 0.12 6.12323e-17 1 -6.12323e-17 3.7494e-33 
-0.00171345 0.05 0.1 0.2 -0.025 0.05 0.12 0.587785 0.809017 -4.9538e-17 3.59915e-17 
-0.00171882 0.05 0.1 0.2 0.015 -0.03 0.12 -0.587785 0.809017 -4.9538e-17 -3.59915e-17 
-0.0022452 0.05 0.1 0.2 -0.015 0.05 0.12 0.587785 0.809017 -4.9538e-17 3.59915e-17 
-0.0025806 0.05 0.1 0.2 0.025 0.05 0.12 0.951057 -0.309017 -1.89218e-17 5.82354e-17 
-0.00317986 0.05 0.1 0.2 -0.015 -0.05 0.12 0.587785 0.809017 -4.9538e-17 3.59915e-17 
-0.00840656 0.05 0.1 0.2 0.025 -0.05 0.12 6.12323e-17 1 -6.12323e-17 3.7494e-33 
-0.0145772 0.05 0.1 0.2 -0.015 0.05 0.12 0.951057 0.309017 1.89218e-17 5.82354e-17 
-0.0298734 0.05 0.1 0.2 0.045 -0.05 0.1 -0.218508 -0.672498 0.218508 0.672499 
-0.0502643 0.05 0.1 0.2 -0.045 0.05 0.06 0.707107 -4.32978e-17 0.707107 -4.32978e-17 
-0.0531124 0.05 0.1 0.2 0.045 -0.05 0.06 -0.218508 -0.672498 0.218508 0.672499 
-0.0996791 0.05 0.1 0.2 -0.005 0.05 0.12 0.951057 0.309017 1.89218e-17 5.82354e-17 
-0.11503 0.05 0.1 0.2 -0.045 0.05 0.1 0.707107 -4.32978e-17 0.707107 -4.32978e-17 
-0.116312 0.05 0.1 0.2 -0.015 0.07 0.1 0.415627 0.572061 -0.572061 0.415629 
-0.131999 0.05 0.1 0.2 -0.025 0.07 0.1 0.415627 0.572061 -0.572061 0.415629 
-0.215858 0.05 0.1 0.2 0.005 0.05 0.12 0.951057 0.309017 1.89218e-17 5.82354e-17 
-0.358353 0.05 0.1 0.2 0.045 0.05 0.1 0.707107 -4.32978e-17 -0.707107 4.32978e-17 
-0.404596 0.05 0.1 0.2 0.015 0.05 0.12 0.951057 0.309017 1.89218e-17 5.82354e-17 
-0.442883 0.05 0.1 0.2 0.045 0.05 0.06 0.707107 -4.32978e-17 -0.707107 4.32978e-17 
-0.508884 0.05 0.1 0.2 0.045 0.05 0.02 0.707107 -4.32978e-17 -0.707107 4.32978e-17 
-0.706942 0.05 0.1 0.2 0.025 0.05 0.12 0.951057 0.309017 1.89218e-17 5.82354e-17 
-0.798711 0.05 0.1 0.2 -0.015 -0.07 0.1 -0.415627 -0.572061 -0.572061 0.415629 
-0.854403 0.05 0.1 0.2 -0.025 -0.07 0.1 -0.415627 -0.572061 -0.572061 0.415629 
-2.03697 0.05 0.1 0.2 -0.045 -0.03 0.1 -0.218508 0.672498 -0.218508 0.672499 
-8.7135 0.05 0.1 0.2 0.025 0.07 0.1 -4.32978e-17 0.707107 -0.707107 4.32978e-17 
-13.5805 0.05 0.1 0.2 0.045 0.05 0.1 -0.572061 -0.415627 0.572061 0.415629 
-14.4438 0.05 0.1 0.2 0.045 0.03 0.1 -0.572061 -0.415627 0.572061 0.415629 
-15.2474 0.05 0.1 0.2 0.045 0.01 0.1 -0.572061 -0.415627 0.572061 0.415629 
-17.6233 0.05 0.1 0.2 0.015 0.07 0.1 -4.32978e-17 0.707107 -0.707107 4.32978e-17 
-26.5642 0.05 0.1 0.2 0.005 0.07 0.1 -4.32978e-17 0.707107 -0.707107 4.32978e-17 
-35.4996 0.05 0.1 0.2 -0.005 0.07 0.1 -4.32978e-17 0.707107 -0.707107 4.32978e-17 
-44.3928 0.05 0.1 0.2 -0.015 0.07 0.1 -4.32978e-17 0.707107 -0.707107 4.32978e-17 
-53.2075 0.05 0.1 0.2 -0.025 0.07 0.1 -4.32978e-17 0.707107 -0.707107 4.32978e-17 
