0.570364 0.07 0.07 0.15 0.035 0.035 0.095 0.951057 -0.309017 -1.89218e-17 5.82354e-17 
0.51432 0.07 0.07 0.15 -0.035 0.035 0.095 0.587785 0.809017 -4.9538e-17 3.59915e-17 
0.446736 0.07 0.07 0.15 0.035 0.021 0.095 0.951057 -0.309017 -1.89218e-17 5.82354e-17 
0.349445 0.07 0.07 0.15 0.007 0.021 0.095 0.951057 -0.309017 -1.89218e-17 5.82354e-17 
0.310681 0.07 0.07 0.15 -0.035 -0.021 0.095 0.587785 0.809017 -4.9538e-17 3.59915e-17 
0.306729 0.07 0.07 0.15 -0.035 -0.035 0.095 0.587785 0.809017 -4.9538e-17 3.59915e-17 
0.293405 0.07 0.07 0.15 0.007 0.035 0.095 0.951057 -0.309017 -1.89218e-17 5.82354e-17 
0.287608 0.07 0.07 0.15 0.021 0.035 0.095 0.951057 -0.309017 -1.89218e-17 5.82354e-17 
0.283007 0.07 0.07 0.15 -0.035 -0.007 0.095 0.587785 0.809017 -4.9538e-17 3.59915e-17 
0.27795 0.07 0.07 0.15 -0.035 0.021 0.095 0.587785 0.809017 -4.9538e-17 3.59915e-17 
0.247842 0.07 0.07 0.15 0.021 0.021 0.095 0.951057 -0.309017 -1.89218e-17 5.82354e-17 
0.245713 0.07 0.07 0.15 -0.035 0.007 0.095 0.587785 0.809017 -4.9538e-17 3.59915e-17 
0.218226 0.07 0.07 0.15 0.035 -0.035 0.095 -0.587785 0.809017 -4.9538e-17 -3.59915e-17 
0.157022 0.07 0.07 0.15 0.021 -0.007 0.095 -0.587785 0.809017 -4.9538e-17 -3.59915e-17 
0.144365 0.07 0.07 0.15 0.055 -0.035 0.045 -0.218508 -0.672498 0.218508 0.672499 
0.141536 0.07 0.07 0.15 0.055 -0.021 0.045 -0.218508 -0.672498 0.218508 0.672499 
0.139913 0.07 0.07 0.15 0.055 -0.035 0.075 -0.218508 -0.672498 0.218508 0.672499 
0.137162 0.07 0.07 0.15 0.055 -0.021 0.075 -0.218508 -0.672498 0.218508 0.672499 
0.0976256 0.07 0.07 0.15 0.021 -0.021 0.095 -0.587785 0.809017 -4.9538e-17 -3.59915e-17 
0.0915271 0.07 0.07 0.15 -0.035 0.055 0.015 0.415627 0.572061 -0.572061 0.415629 
0.0914735 0.07 0.07 0.15 -0.035 0.055 0.045 0.415627 0.572061 -0.572061 0.415629 
0.0906101 0.07 0.07 0.15 -0.035 0.055 0.075 0.415627 0.572061 -0.572061 0.415629 
0.0903917 0.07 0.07 0.15 0.021 0.055 0.075 -4.32978e-17 0.707107 -0.707107 4.32978e-17 
0.0791412 0.07 0.07 0.15 -0.035 -0.021 0.095 6.12323e-17 1 -6.12323e-17 3.7494e-33 
0.0783577 0.07 0.07 0.15 0.007 -0.021 0.095 6.12323e-17 1 -6.12323e-17 3.7494e-33 
0.0753818 0.07 0.07 0.15 0.035 0.055 0.075 -4.32978e-17 0.707107 -0.707107 4.32978e-17 
0.0703217 0.07 0.07 0.15 -0.035 -0.055 0.045 -0.415627 -0.572061 -0.572061 0.415629 
0.068146 0.07 0.07 0.15 -0.035 -0.055 0.075 -0.415627 -0.572061 -0.572061 0.415629 
0.0574937 0.07 0.07 0.15 0.035 -0.055 0.075 -0.672499 0.218508 0.218508 0.672498 
0.0570033 0.07 0.07 0.15 -0.035 0.021 0.095 0.951057 0.309017 1.89218e-17 5.82354e-17 
0.0543542 0.07 0.07 0.15 0.055 0.035 0.075 -0.572061 -0.415627 0.572061 0.415629 
0.0493995 0.07 0.07 0.15 0.007 0.055 0.075 -4.32978e-17 0.707107 -0.707107 4.32978e-17 
0.0446666 0.07 0.07 0.15 -0.007 -0.021 0.095 6.12323e-17 1 -6.12323e-17 3.7494e-33 
0.0428069 0.07 0.07 0.15 0.035 0.055 0.045 0.415627 -0.572061 0.572061 0.415629 
0.0407941 0.07 0.07 0.15 0.035 0.055 0.075 0.415627 -0.572061 0.572061 0.415629 
0.0302341 0.07 0.07 0.15 0.021 -0.021 0.095 6.12323e-17 1 -6.12323e-17 3.7494e-33 
0.0258645 0.07 0.07 0.15 0.055 -0.021 0.075 -0.572061 -0.415627 0.572061 0.415629 
0.0254131 0.07 0.07 0.15 -0.035 0.035 0.095 0.951057 0.309017 1.89218e-17 5.82354e-17 
0.02248 0.07 0.07 0.15 0.021 -0.035 0.095 -0.587785 0.809017 -4.9538e-17 -3.59915e-17 
0.0224698 0.07 0.07 0.15 -0.035 0.007 0.095 0.951057 0.309017 1.89218e-17 5.82354e-17 
0.0196473 0.07 0.07 0.15 -0.021 -0.021 0.095 6.12323e-17 1 -6.12323e-17 3.7494e-33 
0.010281 0.07 0.07 0.15 0.055 0.021 0.075 -0.572061 -0.415627 0.572061 0.415629 
0.00662401 0.07 0.07 0.15 0.021 -0.055 0.075 -0.672499 0.218508 0.218508 0.672498 
0.00296331 0.07 0.07 0.15 -0.021 -0.021 0.095 0.587785 0.809017 -4.9538e-17 3.59915e-17 
0.00178107 0.07 0.07 0.15 0.055 0.035 0.075 0.707107 -4.32978e-17 -0.707107 4.32978e-17 
0.000844177 0.07 0.07 0.15 0.055 0.035 0.045 0.707107 -4.32978e-17 -0.707107 4.32978e-17 
-0.000126353 0.07 0.07 0.15 0.055 0.035 0.015 0.707107 -4.32978e-17 -0.707107 4.32978e-17 
-0.00537588 0.07 0.07 0.15 0.055 -0.007 0.075 -0.572061 -0.415627 0.572061 0.415629 
-0.0081688 0.07 0.07 0.15 -0.021 0.055 0.075 0.415627 0.572061 -0.572061 0.415629 
-0.00979981 0.07 0.07 0.15 0.055 0.007 0.075 -0.572061 -0.415627 0.572061 0.415629 
-0.0154631 0.07 0.07 0.15 -0.035 -0.055 0.075 -0.672499 -0.218508 -0.218508 0.672498 
-0.015841 0.07 0.07 0.15 -0.035 -0.055 0.045 -0.672499 -0.218508 -0.218508 0.672498 
-0.0221024 0.07 0.07 0.15 -0.007 0.055 0.075 -4.32978e-17 0.707107 -0.707107 4.32978e-17 
-0.0325042 0.07 0.07 0.15 0.007 -0.055 0.075 -0.672499 0.218508 0.218508 0.672498 
-0.0456988 0.07 0.07 0.15 -0.055 -0.007 0.075 -0.218508 0.672498 -0.218508 0.672499 
-0.0500648 0.07 0.07 0.15 -0.021 -0.055 0.075 -0.672499 -0.218508 -0.218508 0.672498 
-0.050491 0.07 0.07 0.15 -0.055 -0.021 0.075 -0.218508 0.672498 -0.218508 0.672499 
-0.0523768 0.07 0.07 0.15 -0.055 0.007 0.075 -0.572061 0.415627 -0.572061 0.415629 
-0.0560883 0.07 0.07 0.15 0.021 0.055 0.075 0.415627 -0.572061 0.572061 0.415629 
-0.0562327 0.07 0.07 0.15 0.021 0.055 0.045 0.415627 -0.572061 0.572061 0.415629 
-0.0643786 0.07 0.07 0.15 -0.055 -0.007 0.075 -0.572061 0.415627 -0.572061 0.415629 
-0.0720549 0.07 0.07 0.15 -0.035 -0.035 0.095 6.12323e-17 1 -6.12323e-17 3.7494e-33 
-0.0778732 0.07 0.07 0.15 0.055 -0.035 0.075 0.218508 -0.672498 -0.218508 0.672499 
-0.0783022 0.07 0.07 0.15 -0.007 0.055 0.075 0.415627 0.572061 -0.572061 0.415629 
-0.081276 0.07 0.07 0.15 0.055 -0.035 0.045 0.218508 -0.672498 -0.218508 0.672499 
-0.0879274 0.07 0.07 0.15 -0.007 -0.055 0.075 -0.672499 -0.218508 -0.218508 0.672498 
-0.0913745 0.07 0.07 0.15 -0.055 0.021 0.075 -0.572061 0.415627 -0.572061 0.415629 
-0.0944095 0.07 0.07 0.15 -0.007 -0.055 0.075 -0.672499 0.218508 0.218508 0.672498 
-0.097191 0.07 0.07 0.15 -0.055 -0.035 -0.015 -0.218508 0.672498 -0.218508 0.672499 
-0.0980038 0.07 0.07 0.15 -0.055 -0.035 0.075 -0.218508 0.672498 -0.218508 0.672499 
-0.0983381 0.07 0.07 0.15 -0.055 -0.035 0.015 -0.218508 0.672498 -0.218508 0.672499 
-0.0986114 0.07 0.07 0.15 -0.055 -0.035 0.045 -0.218508 0.672498 -0.218508 0.672499 
-0.0989564 0.07 0.07 0.15 -0.021 0.055 0.075 -4.32978e-17 0.707107 -0.707107 4.32978e-17 
-0.0993014 0.07 0.07 0.15 0.035 0.021 0.095 -0.587785 0.809017 -4.9538e-17 -3.59915e-17 
-0.115832 0.07 0.07 0.15 -0.055 -0.021 0.075 -0.572061 0.415627 -0.572061 0.415629 
-0.122449 0.07 0.07 0.15 0.007 -0.035 0.095 6.12323e-17 1 -6.12323e-17 3.7494e-33 
-0.128105 0.07 0.07 0.15 0.007 -0.055 0.075 -0.672499 -0.218508 -0.218508 0.672498 
-0.133042 0.07 0.07 0.15 -0.007 -0.035 0.095 6.12323e-17 1 -6.12323e-17 3.7494e-33 
-0.134613 0.07 0.07 0.15 -0.021 0.035 0.095 0.951057 0.309017 1.89218e-17 5.82354e-17 
-0.13502 0.07 0.07 0.15 -0.021 -0.035 0.095 6.12323e-17 1 -6.12323e-17 3.7494e-33 
-0.139453 0.07 0.07 0.15 0.035 -0.021 0.095 -0.587785 0.809017 -4.9538e-17 -3.59915e-17 
-0.156829 0.07 0.07 0.15 -0.035 0.055 0.075 -4.32978e-17 0.707107 -0.707107 4.32978e-17 
-0.170689 0.07 0.07 0.15 0.021 -0.055 0.075 -0.672499 -0.218508 -0.218508 0.672498 
-0.174108 0.07 0.07 0.15 0.021 -0.035 0.095 6.12323e-17 1 -6.12323e-17 3.7494e-33 
-0.18918 0.07 0.07 0.15 -0.055 0.035 0.075 -0.572061 0.415627 -0.572061 0.415629 
-0.191689 0.07 0.07 0.15 -0.055 -0.035 0.075 -0.572061 0.415627 -0.572061 0.415629 
-0.20248 0.07 0.07 0.15 -0.055 0.021 0.045 0.707107 -4.32978e-17 0.707107 -4.32978e-17 
-0.203079 0.07 0.07 0.15 -0.055 0.021 0.075 0.707107 -4.32978e-17 0.707107 -4.32978e-17 
-0.216809 0.07 0.07 0.15 0.035 -0.055 0.075 -0.672499 -0.218508 -0.218508 0.672498 
-0.217008 0.07 0.07 0.15 -0.021 -0.035 0.095 0.587785 0.809017 -4.9538e-17 3.59915e-17 
-0.224263 0.07 0.07 0.15 -0.055 0.035 0.015 0.707107 -4.32978e-17 0.707107 -4.32978e-17 
-0.226219 0.07 0.07 0.15 -0.055 0.035 0.075 0.707107 -4.32978e-17 0.707107 -4.32978e-17 
-0.22627 0.07 0.07 0.15 -0.055 0.035 0.045 0.707107 -4.32978e-17 0.707107 -4.32978e-17 
-0.247281 0.07 0.07 0.15 -0.007 0.035 0.095 0.951057 -0.309017 -1.89218e-17 5.82354e-17 
-0.276742 0.07 0.07 0.15 0.035 0.007 0.095 -0.587785 0.809017 -4.9538e-17 -3.59915e-17 
-0.289515 0.07 0.07 0.15 -0.007 0.035 0.095 0.951057 0.309017 1.89218e-17 5.82354e-17 
-0.296798 0.07 0.07 0.15 0.035 -0.007 0.095 -0.587785 0.809017 -4.9538e-17 -3.59915e-17 
-0.31452 0.07 0.07 0.15 -0.007 -0.035 0.095 0.587785 0.809017 -4.9538e-17 3.59915e-17 
-0.372003 0.07 0.07 0.15 0.035 -0.035 0.095 6.12323e-17 1 -6.12323e-17 3.7494e-33 
-0.416141 0.07 0.07 0.15 0.007 0.035 0.095 0.951057 0.309017 1.89218e-17 5.82354e-17 
-0.513757 0.07 0.07 0.15 0.021 0.035 0.095 0.951057 0.309017 1.89218e-17 5.82354e-17 
-0.604113 0.07 0.07 0.15 0.035 0.035 0.095 0.951057 0.309017 1.89218e-17 5.82354e-17 
