0.778479 0.055 0.1 0.1 -0.0275 0.05 0.07 0.587785 0.809017 -4.9538e-17 3.59915e-17 
0.478316 0.055 0.1 0.1 0.0275 -0.05 0.07 -0.587785 0.809017 -4.9538e-17 -3.59915e-17 
0.421557 0.055 0.1 0.1 -0.0165 0.05 0.07 0.587785 0.809017 -4.9538e-17 3.59915e-17 
0.33277 0.055 0.1 0.1 0.0275 0.03 0.07 0.951057 -0.309017 -1.89218e-17 5.82354e-17 
0.263745 0.055 0.1 0.1 0.0275 0.05 0.07 0.951057 -0.309017 -1.89218e-17 5.82354e-17 
0.228545 0.055 0.1 0.1 0.0275 0.07 0.05 -4.32978e-17 0.707107 -0.707107 4.32978e-17 
0.194409 0.055 0.1 0.1 0.0165 0.07 0.05 -4.32978e-17 0.707107 -0.707107 4.32978e-17 
0.178592 0.055 0.1 0.1 0.0165 -0.01 0.07 -0.587785 0.809017 -4.9538e-17 -3.59915e-17 
0.132633 0.055 0.1 0.1 0.0275 -0.03 0.07 -0.587785 0.809017 -4.9538e-17 -3.59915e-17 
0.131695 0.055 0.1 0.1 -0.0275 -0.07 0.05 -0.415627 -0.572061 -0.572061 0.415629 
0.128678 0.055 0.1 0.1 0.0055 0.07 0.05 -4.32978e-17 0.707107 -0.707107 4.32978e-17 
0.120888 0.055 0.1 0.1 -0.0275 0.07 0.05 0.415627 0.572061 -0.572061 0.415629 
0.120539 0.055 0.1 0.1 -0.0275 0.07 0.03 0.415627 0.572061 -0.572061 0.415629 
0.119284 0.055 0.1 0.1 -0.0165 -0.01 0.07 0.587785 0.809017 -4.9538e-17 3.59915e-17 
0.105115 0.055 0.1 0.1 0.0475 0.05 0.05 -0.572061 -0.415627 0.572061 0.415629 
0.097726 0.055 0.1 0.1 0.0165 0.05 0.07 0.951057 -0.309017 -1.89218e-17 5.82354e-17 
0.0952767 0.055 0.1 0.1 -0.0275 0.03 0.07 0.587785 0.809017 -4.9538e-17 3.59915e-17 
0.094553 0.055 0.1 0.1 -0.0165 -0.07 0.05 -0.415627 -0.572061 -0.572061 0.415629 
0.0891887 0.055 0.1 0.1 -0.0275 -0.01 0.07 0.587785 0.809017 -4.9538e-17 3.59915e-17 
0.0580394 0.055 0.1 0.1 -0.0165 0.01 0.07 0.587785 0.809017 -4.9538e-17 3.59915e-17 
0.0446833 0.055 0.1 0.1 -0.0055 0.07 0.05 -4.32978e-17 0.707107 -0.707107 4.32978e-17 
0.0340809 0.055 0.1 0.1 -0.0275 0.01 0.07 0.587785 0.809017 -4.9538e-17 3.59915e-17 
0.0279728 0.055 0.1 0.1 0.0475 0.03 0.05 -0.572061 -0.415627 0.572061 0.415629 
0.0277552 0.055 0.1 0.1 0.0275 -0.07 0.05 -0.672499 0.218508 0.218508 0.672498 
0.0272993 0.055 0.1 0.1 0.0275 -0.07 0.03 -0.672499 0.218508 0.218508 0.672498 
0.0233606 0.055 0.1 0.1 0.0275 -0.01 0.07 -0.587785 0.809017 -4.9538e-17 -3.59915e-17 
0.0129141 0.055 0.1 0.1 0.0275 0.07 0.05 0.415627 -0.572061 0.572061 0.415629 
0.0118851 0.055 0.1 0.1 -0.0275 0.03 0.07 0.951057 0.309017 1.89218e-17 5.82354e-17 
0.00866996 0.055 0.1 0.1 -0.0165 0.07 0.05 0.415627 0.572061 -0.572061 0.415629 
0.00714387 0.055 0.1 0.1 -0.0165 0.07 0.03 0.415627 0.572061 -0.572061 0.415629 
-0.00616884 0.055 0.1 0.1 0.0475 0.01 0.05 -0.572061 -0.415627 0.572061 0.415629 
-0.00664006 0.055 0.1 0.1 -0.0275 -0.03 0.07 0.587785 0.809017 -4.9538e-17 3.59915e-17 
-0.0219862 0.055 0.1 0.1 0.0165 -0.07 0.05 -0.672499 0.218508 0.218508 0.672498 
-0.0244972 0.055 0.1 0.1 -0.0165 0.03 0.07 0.587785 0.809017 -4.9538e-17 3.59915e-17 
-0.0443903 0.055 0.1 0.1 -0.0165 0.07 0.05 -4.32978e-17 0.707107 -0.707107 4.32978e-17 
-0.0519247 0.055 0.1 0.1 0.0475 0.05 0.05 0.707107 -4.32978e-17 -0.707107 4.32978e-17 
-0.0595871 0.055 0.1 0.1 0.0055 0.05 0.07 0.951057 -0.309017 -1.89218e-17 5.82354e-17 
-0.0662812 0.055 0.1 0.1 -0.0475 -0.03 0.05 -0.218508 0.672498 -0.218508 0.672499 
-0.0714736 0.055 0.1 0.1 0.0055 -0.07 0.05 -0.672499 0.218508 0.218508 0.672498 
-0.0730324 0.055 0.1 0.1 -0.0475 0.01 0.05 -0.572061 0.415627 -0.572061 0.415629 
-0.0731825 0.055 0.1 0.1 0.0165 -0.03 0.07 -0.587785 0.809017 -4.9538e-17 -3.59915e-17 
-0.0888419 0.055 0.1 0.1 -0.0475 -0.01 0.05 -0.572061 0.415627 -0.572061 0.415629 
-0.0945641 0.055 0.1 0.1 -0.0055 0.07 0.05 0.415627 0.572061 -0.572061 0.415629 
-0.107175 0.055 0.1 0.1 0.0165 0.07 0.05 0.415627 -0.572061 0.572061 0.415629 
-0.125661 0.055 0.1 0.1 -0.0275 0.07 0.05 -4.32978e-17 0.707107 -0.707107 4.32978e-17 
-0.137913 0.055 0.1 0.1 -0.0055 -0.07 0.05 -0.672499 0.218508 0.218508 0.672498 
-0.149023 0.055 0.1 0.1 -0.0165 -0.03 0.07 0.587785 0.809017 -4.9538e-17 3.59915e-17 
-0.164352 0.055 0.1 0.1 -0.0475 0.03 0.05 -0.572061 0.415627 -0.572061 0.415629 
-0.176843 0.055 0.1 0.1 -0.0475 -0.03 0.05 -0.572061 0.415627 -0.572061 0.415629 
-0.199147 0.055 0.1 0.1 -0.0475 -0.05 0.01 -0.218508 0.672498 -0.218508 0.672499 
-0.200394 0.055 0.1 0.1 -0.0475 -0.05 0.03 -0.218508 0.672498 -0.218508 0.672499 
-0.20084 0.055 0.1 0.1 -0.0475 -0.05 0.05 -0.218508 0.672498 -0.218508 0.672499 
-0.260068 0.055 0.1 0.1 -0.0475 0.05 0.05 0.707107 -4.32978e-17 0.707107 -4.32978e-17 
-0.260502 0.055 0.1 0.1 -0.0475 0.05 0.03 0.707107 -4.32978e-17 0.707107 -4.32978e-17 
-0.270447 0.055 0.1 0.1 -0.0275 -0.05 0.07 0.587785 0.809017 -4.9538e-17 3.59915e-17 
-0.287162 0.055 0.1 0.1 -0.0475 -0.05 0.05 -0.572061 0.415627 -0.572061 0.415629 
-0.381314 0.055 0.1 0.1 -0.0475 0.05 0.05 -0.572061 0.415627 -0.572061 0.415629 
-0.414281 0.055 0.1 0.1 0.0165 -0.05 0.07 -0.587785 0.809017 -4.9538e-17 -3.59915e-17 
-0.526182 0.055 0.1 0.1 -0.0275 0.05 0.07 0.951057 0.309017 1.89218e-17 5.82354e-17 
-0.620886 0.055 0.1 0.1 -0.0055 0.05 0.07 0.951057 -0.309017 -1.89218e-17 5.82354e-17 
-0.709285 0.055 0.1 0.1 0.0055 -0.05 0.07 6.12323e-17 1 -6.12323e-17 3.7494e-33 
-0.711208 0.055 0.1 0.1 0.0165 -0.05 0.07 6.12323e-17 1 -6.12323e-17 3.7494e-33 
-0.729225 0.055 0.1 0.1 -0.0055 -0.05 0.07 6.12323e-17 1 -6.12323e-17 3.7494e-33 
-0.73946 0.055 0.1 0.1 -0.0275 -0.05 0.07 6.12323e-17 1 -6.12323e-17 3.7494e-33 
-0.745797 0.055 0.1 0.1 -0.0165 -0.05 0.07 6.12323e-17 1 -6.12323e-17 3.7494e-33 
-0.765557 0.055 0.1 0.1 0.0275 -0.05 0.07 6.12323e-17 1 -6.12323e-17 3.7494e-33 
-0.800189 0.055 0.1 0.1 -0.0165 -0.05 0.07 0.587785 0.809017 -4.9538e-17 3.59915e-17 
-0.915252 0.055 0.1 0.1 -0.0165 0.05 0.07 0.951057 0.309017 1.89218e-17 5.82354e-17 
-1.16738 0.055 0.1 0.1 -0.0055 -0.05 0.07 0.587785 0.809017 -4.9538e-17 3.59915e-17 
-1.28117 0.055 0.1 0.1 -0.0055 0.05 0.07 0.951057 0.309017 1.89218e-17 5.82354e-17 
-1.62 0.055 0.1 0.1 0.0055 0.05 0.07 0.951057 0.309017 1.89218e-17 5.82354e-17 
-1.93671 0.055 0.1 0.1 0.0165 0.05 0.07 0.951057 0.309017 1.89218e-17 5.82354e-17 
-2.2452 0.055 0.1 0.1 0.0275 0.05 0.07 0.951057 0.309017 1.89218e-17 5.82354e-17 
