5 -1371146275.106942 0.05 0.05 0.05 0.015 -0.025 0.045 6.12323e-17 1 -6.12323e-17 3.7494e-33
5 -1371090951.557584 0.05 0.05 0.05 -0.015 0.025 0.045 1 3.99574e-23 -7.498799999999999e-33 -6.12323e-17
5 -1370324823.092227 0.05 0.05 0.05 0.015 0.025 -0.045 7.498799999999999e-33 1.22465e-16 1 -6.12323e-17
5 -1371958726.025266 0.05 0.05 0.05 -0.015 -0.025 -0.045 6.12323e-17 -6.12323e-17 6.12323e-17 1
5 -582332705.3099977 0.05 0.05 0.05 -0.005 0.025 0.045 0.951057 0.309017 3.78436e-17 5.82354e-17
5 -582189098.5265571 0.05 0.05 0.05 0.005 -0.025 0.045 -0.309017 0.951057 5.82354e-17 -3.78436e-17
5 -580907118.3767614 0.05 0.05 0.05 -0.005 -0.025 -0.045 -1.16471e-16 1.89218e-17 -0.309017 0.951057
5 -582719637.3250973 0.05 0.05 0.05 0.005 0.025 -0.045 -9.60791e-17 -7.71572e-17 0.951057 0.309017
5 -979716152.6946956 0.05 0.05 0.05 0.015 0.015 0.045 -0.587785 0.809017 -4.9538e-17 -3.59915e-17
5 -977253810.4335294 0.05 0.05 0.05 -0.015 -0.015 0.045 0.809017 0.587785 3.59915e-17 -4.9538e-17
5 -977245730.5943203 0.05 0.05 0.05 0.015 -0.015 -0.045 -7.19829e-17 9.9076e-17 0.809017 0.587785
5 -977910644.824869 0.05 0.05 0.05 -0.015 0.015 -0.045 8.55294e-17 -1.35465e-17 -0.587785 0.809017
5 -494834985.0090225 0.05 0.05 0.05 0.025 -0.015 0.045 6.12323e-17 1 -6.12323e-17 3.7494e-33
5 -494821255.5393771 0.05 0.05 0.05 -0.025 0.015 0.045 1 3.99574e-23 -7.498799999999999e-33 -6.12323e-17
5 -495614015.281105 0.05 0.05 0.05 0.025 0.015 -0.045 7.498799999999999e-33 1.22465e-16 1 -6.12323e-17
5 -494342389.0023199 0.05 0.05 0.05 -0.025 -0.015 -0.045 6.12323e-17 -6.12323e-17 6.12323e-17 1
5 -350277080.1307488 0.05 0.05 0.05 -0.005 -0.025 0.045 6.12323e-17 1 -6.12323e-17 3.7494e-33
5 -350325004.5433794 0.05 0.05 0.05 0.005 0.025 0.045 1 3.99574e-23 -7.498799999999999e-33 -6.12323e-17
5 -350750028.1679015 0.05 0.05 0.05 -0.005 0.025 -0.045 7.498799999999999e-33 1.22465e-16 1 -6.12323e-17
5 -349824496.8416094 0.05 0.05 0.05 0.005 -0.025 -0.045 6.12323e-17 -6.12323e-17 6.12323e-17 1
5 -163349560.036922 0.05 0.05 0.05 -0.025 -0.025 0.045 6.12323e-17 1 -6.12323e-17 3.7494e-33
5 -163325738.6455974 0.05 0.05 0.05 0.025 0.025 0.045 1 3.99574e-23 -7.498799999999999e-33 -6.12323e-17
5 -162549283.1024945 0.05 0.05 0.05 -0.025 0.025 -0.045 7.498799999999999e-33 1.22465e-16 1 -6.12323e-17
5 -163988234.468568 0.05 0.05 0.05 0.025 -0.025 -0.045 6.12323e-17 -6.12323e-17 6.12323e-17 1
5 103502799.5850245 0.05 0.05 0.05 -0.025 -0.025 0.045 0.587785 0.809017 -4.9538e-17 3.59915e-17
5 117237127.7537898 0.05 0.05 0.05 0.025 0.025 0.045 0.809017 -0.587785 -3.59915e-17 -4.9538e-17
5 133928845.4250026 0.05 0.05 0.05 -0.025 0.025 -0.045 -7.19829e-17 -9.9076e-17 -0.809017 0.587785
5 103224856.0174265 0.05 0.05 0.05 0.025 -0.025 -0.045 1.35465e-17 -8.55295e-17 0.587785 0.809017
5 23243374.53428631 0.05 0.05 0.05 -0.025 -0.015 0.045 6.12323e-17 1 -6.12323e-17 3.7494e-33
5 23183867.35494015 0.05 0.05 0.05 0.025 0.015 0.045 1 3.99574e-23 -7.498799999999999e-33 -6.12323e-17
5 24071532.11614721 0.05 0.05 0.05 -0.025 0.015 -0.045 7.498799999999999e-33 1.22465e-16 1 -6.12323e-17
5 22695070.64522533 0.05 0.05 0.05 0.025 -0.015 -0.045 6.12323e-17 -6.12323e-17 6.12323e-17 1
5 -329824650.4271291 0.05 0.05 0.05 -0.025 0.005 0.045 0.587785 0.809017 -4.9538e-17 3.59915e-17
5 -325243569.5698097 0.05 0.05 0.05 0.025 -0.005 0.045 0.809017 -0.587785 -3.59915e-17 -4.9538e-17
5 -340474222.938516 0.05 0.05 0.05 -0.025 -0.005 -0.045 -7.19829e-17 -9.9076e-17 -0.809017 0.587785
5 -329718711.5514799 0.05 0.05 0.05 0.025 0.005 -0.045 1.35465e-17 -8.55295e-17 0.587785 0.809017
5 63581107.14228144 0.05 0.05 0.05 -0.025 0.015 0.045 0.587785 0.809017 -4.9538e-17 3.59915e-17
5 75926841.75787207 0.05 0.05 0.05 0.025 -0.015 0.045 0.809017 -0.587785 -3.59915e-17 -4.9538e-17
5 51471435.87901211 0.05 0.05 0.05 -0.025 -0.015 -0.045 -7.19829e-17 -9.9076e-17 -0.809017 0.587785
5 63690737.16985564 0.05 0.05 0.05 0.025 0.015 -0.045 1.35465e-17 -8.55295e-17 0.587785 0.809017
5 -152857.694833279 0.05 0.05 0.05 -0.025 0.025 0.045 0.587785 0.809017 -4.9538e-17 3.59915e-17
5 -3909727.657373742 0.05 0.05 0.05 0.025 -0.025 0.045 0.809017 -0.587785 -3.59915e-17 -4.9538e-17
5 9625782.520063939 0.05 0.05 0.05 -0.025 -0.025 -0.045 -7.19829e-17 -9.9076e-17 -0.809017 0.587785
5 -238701.5312632377 0.05 0.05 0.05 0.025 0.025 -0.045 1.35465e-17 -8.55295e-17 0.587785 0.809017
5 370278128.6979572 0.05 0.05 0.05 -0.015 -0.025 0.045 0.587785 0.809017 -4.9538e-17 3.59915e-17
5 364801040.2079378 0.05 0.05 0.05 0.015 0.025 0.045 0.809017 -0.587785 -3.59915e-17 -4.9538e-17
5 254079850.7424263 0.05 0.05 0.05 -0.015 0.025 -0.045 -7.19829e-17 -9.9076e-17 -0.809017 0.587785
5 371361781.6237487 0.05 0.05 0.05 0.015 -0.025 -0.045 1.35465e-17 -8.55295e-17 0.587785 0.809017
5 -417226981.4508319 0.05 0.05 0.05 -0.015 0.015 0.045 0.587785 0.809017 -4.9538e-17 3.59915e-17
5 -433844973.3381566 0.05 0.05 0.05 0.015 -0.015 0.045 0.809017 -0.587785 -3.59915e-17 -4.9538e-17
5 -412312764.3383176 0.05 0.05 0.05 -0.015 -0.015 -0.045 -7.19829e-17 -9.9076e-17 -0.809017 0.587785
5 -417268485.0276891 0.05 0.05 0.05 0.015 0.015 -0.045 1.35465e-17 -8.55295e-17 0.587785 0.809017
5 198215897.6734173 0.05 0.05 0.05 -0.015 0.025 0.045 0.587785 0.809017 -4.9538e-17 3.59915e-17
5 204244501.6852567 0.05 0.05 0.05 0.015 -0.025 0.045 0.809017 -0.587785 -3.59915e-17 -4.9538e-17
5 191090267.823005 0.05 0.05 0.05 -0.015 -0.025 -0.045 -7.19829e-17 -9.9076e-17 -0.809017 0.587785
5 198272860.413759 0.05 0.05 0.05 0.015 0.025 -0.045 1.35465e-17 -8.55295e-17 0.587785 0.809017
5 -114698183.7546694 0.05 0.05 0.05 -0.005 0.015 0.045 0.951057 -0.309017 -3.78436e-17 5.82354e-17
5 -112772637.6592271 0.05 0.05 0.05 0.005 -0.015 0.045 0.309017 0.951057 5.82354e-17 3.78436e-17
5 -114156835.9542176 0.05 0.05 0.05 -0.005 -0.015 -0.045 -1.16471e-16 -1.89218e-17 0.309017 0.951057
5 -101783451.202274 0.05 0.05 0.05 0.005 0.015 -0.045 -2.03919e-17 -3.93136e-17 0.951057 -0.309017
5 159045291.3608396 0.05 0.05 0.05 0.005 0.025 0.045 0.951057 0.309017 3.78436e-17 5.82354e-17
5 158779753.801448 0.05 0.05 0.05 -0.005 -0.025 0.045 -0.309017 0.951057 5.82354e-17 -3.78436e-17
5 157278833.0151852 0.05 0.05 0.05 0.005 -0.025 -0.045 -1.16471e-16 1.89218e-17 -0.309017 0.951057
5 159512211.6769145 0.05 0.05 0.05 -0.005 0.025 -0.045 -9.60791e-17 -7.71572e-17 0.951057 0.309017
5 294185046.4445696 0.05 0.05 0.05 0.015 -0.025 0.045 -0.587785 0.809017 -4.9538e-17 -3.59915e-17
5 282890825.5484199 0.05 0.05 0.05 -0.015 0.025 0.045 0.809017 0.587785 3.59915e-17 -4.9538e-17
5 282926059.1676767 0.05 0.05 0.05 0.015 0.025 -0.045 -7.19829e-17 9.9076e-17 0.809017 0.587785
5 282716836.4866433 0.05 0.05 0.05 -0.015 -0.025 -0.045 8.55294e-17 -1.35465e-17 -0.587785 0.809017
5 115829935.5776141 0.05 0.05 0.05 0.015 0.025 0.045 0.951057 0.309017 3.78436e-17 5.82354e-17
5 115497113.125291 0.05 0.05 0.05 -0.015 -0.025 0.045 -0.309017 0.951057 5.82354e-17 -3.78436e-17
5 113283607.0763204 0.05 0.05 0.05 0.015 -0.025 -0.045 -1.16471e-16 1.89218e-17 -0.309017 0.951057
5 116506399.1762126 0.05 0.05 0.05 -0.015 0.025 -0.045 -9.60791e-17 -7.71572e-17 0.951057 0.309017
5 533050217.0557108 0.05 0.05 0.05 0.025 -0.025 0.045 6.12323e-17 1 -6.12323e-17 3.7494e-33
5 533044048.3004533 0.05 0.05 0.05 -0.025 0.025 0.045 1 3.99574e-23 -7.498799999999999e-33 -6.12323e-17
5 532413017.929976 0.05 0.05 0.05 0.025 0.025 -0.045 7.498799999999999e-33 1.22465e-16 1 -6.12323e-17
5 533665006.5239917 0.05 0.05 0.05 -0.025 -0.025 -0.045 6.12323e-17 -6.12323e-17 6.12323e-17 1
5 -926014265.4458867 0.05 0.05 0.05 0.025 -0.005 0.045 -0.587785 0.809017 -4.9538e-17 -3.59915e-17
5 -944410447.7176669 0.05 0.05 0.05 -0.025 0.005 0.045 0.809017 0.587785 3.59915e-17 -4.9538e-17
5 -944378378.5471033 0.05 0.05 0.05 0.025 0.005 -0.045 -7.19829e-17 9.9076e-17 0.809017 0.587785
5 -944788225.7446691 0.05 0.05 0.05 -0.025 -0.005 -0.045 8.55294e-17 -1.35465e-17 -0.587785 0.809017
5 -924.348718467958 0.05 0.05 0.05 0.025 0.005 0.045 0.951057 -0.309017 -3.78436e-17 5.82354e-17
5 -1016.138225728246 0.05 0.05 0.05 -0.025 -0.005 0.045 0.309017 0.951057 5.82354e-17 3.78436e-17
5 -1164.25825801714 0.05 0.05 0.05 0.025 -0.005 -0.045 -1.16471e-16 -1.89218e-17 0.309017 0.951057
5 -545.4232203300908 0.05 0.05 0.05 -0.025 0.005 -0.045 -2.03919e-17 -3.93136e-17 0.951057 -0.309017
5 -59111927.64392293 0.05 0.05 0.05 0.025 0.025 0.045 0.951057 0.309017 3.78436e-17 5.82354e-17
5 -58841691.64193695 0.05 0.05 0.05 -0.025 -0.025 0.045 -0.309017 0.951057 5.82354e-17 -3.78436e-17
5 -57186475.93687379 0.05 0.05 0.05 0.025 -0.025 -0.045 -1.16471e-16 1.89218e-17 -0.309017 0.951057
5 -59615396.05262565 0.05 0.05 0.05 -0.025 0.025 -0.045 -9.60791e-17 -7.71572e-17 0.951057 0.309017
5 -1104049937.852253 0.05 0.05 0.05 -0.015 -0.015 0.045 0.587785 0.809017 -4.9538e-17 3.59915e-17
5 -1084573956.685225 0.05 0.05 0.05 0.015 0.015 0.045 0.809017 -0.587785 -3.59915e-17 -4.9538e-17
5 -1137191089.568591 0.05 0.05 0.05 -0.015 0.015 -0.045 -7.19829e-17 -9.9076e-17 -0.809017 0.587785
5 -1103742895.112944 0.05 0.05 0.05 0.015 -0.015 -0.045 1.35465e-17 -8.55295e-17 0.587785 0.809017
5 18172493.55732618 0.05 0.05 0.05 -0.025 -0.005 0.045 0.951057 0.309017 3.78436e-17 5.82354e-17
5 18066467.32319128 0.05 0.05 0.05 0.025 0.005 0.045 -0.309017 0.951057 5.82354e-17 -3.78436e-17
5 18197025.32954344 0.05 0.05 0.05 -0.025 0.005 -0.045 -1.16471e-16 1.89218e-17 -0.309017 0.951057
5 18246745.09733108 0.05 0.05 0.05 0.025 -0.005 -0.045 -9.60791e-17 -7.71572e-17 0.951057 0.309017
5 -445795917.0544277 0.05 0.05 0.05 -0.025 -0.015 0.045 0.587785 0.809017 -4.9538e-17 3.59915e-17
5 -464613670.6248556 0.05 0.05 0.05 0.025 0.015 0.045 0.809017 -0.587785 -3.59915e-17 -4.9538e-17
5 -423314009.8013076 0.05 0.05 0.05 -0.025 0.015 -0.045 -7.19829e-17 -9.9076e-17 -0.809017 0.587785
5 -446016074.0945075 0.05 0.05 0.05 0.025 -0.015 -0.045 1.35465e-17 -8.55295e-17 0.587785 0.809017
5 -1955240868.526067 0.05 0.05 0.05 0.015 -0.005 0.045 -0.587785 0.809017 -4.9538e-17 -3.59915e-17
5 -1959659838.25126 0.05 0.05 0.05 -0.015 0.005 0.045 0.809017 0.587785 3.59915e-17 -4.9538e-17
5 -1959661659.77951 0.05 0.05 0.05 0.015 0.005 -0.045 -7.19829e-17 9.9076e-17 0.809017 0.587785
5 -1959331755.137348 0.05 0.05 0.05 -0.015 -0.005 -0.045 8.55294e-17 -1.35465e-17 -0.587785 0.809017
5 -596960564.3437955 0.05 0.05 0.05 0.025 0.015 0.045 -0.587785 0.809017 -4.9538e-17 -3.59915e-17
5 -571068051.1110646 0.05 0.05 0.05 -0.025 -0.015 0.045 0.809017 0.587785 3.59915e-17 -4.9538e-17
5 -571096834.9476522 0.05 0.05 0.05 0.025 -0.015 -0.045 -7.19829e-17 9.9076e-17 0.809017 0.587785
5 -570842112.9245367 0.05 0.05 0.05 -0.025 0.015 -0.045 8.55294e-17 -1.35465e-17 -0.587785 0.809017
5 -398584679.8473821 0.05 0.05 0.05 -0.005 -0.015 0.045 6.12323e-17 1 -6.12323e-17 3.7494e-33
5 -398557236.6127816 0.05 0.05 0.05 0.005 0.015 0.045 1 3.99574e-23 -7.498799999999999e-33 -6.12323e-17
5 -399064925.0551082 0.05 0.05 0.05 -0.005 0.015 -0.045 7.498799999999999e-33 1.22465e-16 1 -6.12323e-17
5 -398190701.8688787 0.05 0.05 0.05 0.005 -0.015 -0.045 6.12323e-17 -6.12323e-17 6.12323e-17 1
5 18191066.83184913 0.05 0.05 0.05 0.005 -0.025 0.045 0.587785 0.809017 -4.9538e-17 3.59915e-17
5 22832383.30006263 0.05 0.05 0.05 -0.005 0.025 0.045 0.809017 -0.587785 -3.59915e-17 -4.9538e-17
5 -26525314.4804069 0.05 0.05 0.05 0.005 0.025 -0.045 -7.19829e-17 -9.9076e-17 -0.809017 0.587785
5 18598388.12165847 0.05 0.05 0.05 -0.005 -0.025 -0.045 1.35465e-17 -8.55295e-17 0.587785 0.809017
5 -171716417.3951716 0.05 0.05 0.05 -0.025 0.025 0.045 0.951057 0.309017 3.78436e-17 5.82354e-17
5 -171842905.8173715 0.05 0.05 0.05 0.025 -0.025 0.045 -0.309017 0.951057 5.82354e-17 -3.78436e-17
5 -173796400.0792274 0.05 0.05 0.05 -0.025 -0.025 -0.045 -1.16471e-16 1.89218e-17 -0.309017 0.951057
5 -171211745.9229017 0.05 0.05 0.05 0.025 0.025 -0.045 -9.60791e-17 -7.71572e-17 0.951057 0.309017
5 266249240.1684102 0.05 0.05 0.05 -0.015 -0.025 0.045 6.12323e-17 1 -6.12323e-17 3.7494e-33
5 266235524.4058752 0.05 0.05 0.05 0.015 0.025 0.045 1 3.99574e-23 -7.498799999999999e-33 -6.12323e-17
5 265049270.9298928 0.05 0.05 0.05 -0.015 0.025 -0.045 7.498799999999999e-33 1.22465e-16 1 -6.12323e-17
5 267173312.9585036 0.05 0.05 0.05 0.015 -0.025 -0.045 6.12323e-17 -6.12323e-17 6.12323e-17 1
5 -54489585.50623847 0.05 0.05 0.05 -0.025 0.005 0.045 0.951057 0.309017 3.78436e-17 5.82354e-17
5 -54176857.5632235 0.05 0.05 0.05 0.025 -0.005 0.045 -0.309017 0.951057 5.82354e-17 -3.78436e-17
5 -54568007.3417702 0.05 0.05 0.05 -0.025 -0.005 -0.045 -1.16471e-16 1.89218e-17 -0.309017 0.951057
5 -54715571.55724137 0.05 0.05 0.05 0.025 0.005 -0.045 -9.60791e-17 -7.71572e-17 0.951057 0.309017
5 250739178.099795 0.05 0.05 0.05 -0.015 -0.015 0.045 6.12323e-17 1 -6.12323e-17 3.7494e-33
5 250833956.8402305 0.05 0.05 0.05 0.015 0.015 0.045 1 3.99574e-23 -7.498799999999999e-33 -6.12323e-17
5 249442877.8677392 0.05 0.05 0.05 -0.015 0.015 -0.045 7.498799999999999e-33 1.22465e-16 1 -6.12323e-17
5 251527979.5902677 0.05 0.05 0.05 0.015 -0.015 -0.045 6.12323e-17 -6.12323e-17 6.12323e-17 1
5 -54265518.82393775 0.05 0.05 0.05 -0.005 -0.025 0.045 0.587785 0.809017 -4.9538e-17 3.59915e-17
5 -68238239.37760085 0.05 0.05 0.05 0.005 0.025 0.045 0.809017 -0.587785 -3.59915e-17 -4.9538e-17
5 79533197.59224153 0.05 0.05 0.05 -0.005 0.025 -0.045 -7.19829e-17 -9.9076e-17 -0.809017 0.587785
5 -55501810.68341091 0.05 0.05 0.05 0.005 -0.025 -0.045 1.35465e-17 -8.55295e-17 0.587785 0.809017
5 -550504475.9917734 0.05 0.05 0.05 0.025 -0.025 0.045 -0.587785 0.809017 -4.9538e-17 -3.59915e-17
5 -549566316.4282782 0.05 0.05 0.05 -0.025 0.025 0.045 0.809017 0.587785 3.59915e-17 -4.9538e-17
5 -549568049.3895054 0.05 0.05 0.05 0.025 0.025 -0.045 -7.19829e-17 9.9076e-17 0.809017 0.587785
5 -549331381.8482338 0.05 0.05 0.05 -0.025 -0.025 -0.045 8.55294e-17 -1.35465e-17 -0.587785 0.809017
5 -540322455.354291 0.05 0.05 0.05 0.005 -0.015 0.045 6.12323e-17 1 -6.12323e-17 3.7494e-33
5 -540363000.2783207 0.05 0.05 0.05 -0.005 0.015 0.045 1 3.99574e-23 -7.498799999999999e-33 -6.12323e-17
5 -539528672.727403 0.05 0.05 0.05 0.005 0.015 -0.045 7.498799999999999e-33 1.22465e-16 1 -6.12323e-17
5 -540770988.2100478 0.05 0.05 0.05 -0.005 -0.015 -0.045 6.12323e-17 -6.12323e-17 6.12323e-17 1
5 327307092.194036 0.05 0.05 0.05 0.025 0.025 0.045 -0.587785 0.809017 -4.9538e-17 -3.59915e-17
5 317673627.5231065 0.05 0.05 0.05 -0.025 -0.025 0.045 0.809017 0.587785 3.59915e-17 -4.9538e-17
5 317673270.6900049 0.05 0.05 0.05 0.025 -0.025 -0.045 -7.19829e-17 9.9076e-17 0.809017 0.587785
5 317807241.9830346 0.05 0.05 0.05 -0.025 0.025 -0.045 8.55294e-17 -1.35465e-17 -0.587785 0.809017
5 520086659.818566 0.05 0.05 0.05 -0.015 0.025 0.045 0.951057 0.309017 3.78436e-17 5.82354e-17
5 520498488.222164 0.05 0.05 0.05 0.015 -0.025 0.045 -0.309017 0.951057 5.82354e-17 -3.78436e-17
5 523098950.2329784 0.05 0.05 0.05 -0.015 -0.025 -0.045 -1.16471e-16 1.89218e-17 -0.309017 0.951057
5 519251323.8427974 0.05 0.05 0.05 0.015 0.025 -0.045 -9.60791e-17 -7.71572e-17 0.951057 0.309017
5 54733390.44389738 0.05 0.05 0.05 -0.025 0.015 0.045 0.951057 0.309017 3.78436e-17 5.82354e-17
5 54345175.62516499 0.05 0.05 0.05 0.025 -0.015 0.045 -0.309017 0.951057 5.82354e-17 -3.78436e-17
5 54800900.17731355 0.05 0.05 0.05 -0.025 -0.015 -0.045 -1.16471e-16 1.89218e-17 -0.309017 0.951057
5 54949026.15477882 0.05 0.05 0.05 0.025 0.015 -0.045 -9.60791e-17 -7.71572e-17 0.951057 0.309017
5 -218060.1292792685 0.05 0.05 0.05 -0.015 0.015 0.045 0.951057 0.309017 3.78436e-17 5.82354e-17
5 -137328.713971206 0.05 0.05 0.05 0.015 -0.015 0.045 -0.309017 0.951057 5.82354e-17 -3.78436e-17
5 -202184.7696271282 0.05 0.05 0.05 -0.015 -0.015 -0.045 -1.16471e-16 1.89218e-17 -0.309017 0.951057
5 -204233.7255709141 0.05 0.05 0.05 0.015 0.015 -0.045 -9.60791e-17 -7.71572e-17 0.951057 0.309017
5 -231505585.8058457 0.05 0.05 0.05 -0.015 0.005 0.045 0.587785 0.809017 -4.9538e-17 3.59915e-17
5 -235830107.7553669 0.05 0.05 0.05 0.015 -0.005 0.045 0.809017 -0.587785 -3.59915e-17 -4.9538e-17
5 -218463163.1863282 0.05 0.05 0.05 -0.015 -0.005 -0.045 -7.19829e-17 -9.9076e-17 -0.809017 0.587785
5 -231620726.9776863 0.05 0.05 0.05 0.015 0.005 -0.045 1.35465e-17 -8.55295e-17 0.587785 0.809017
5 590731697.1906875 0.05 0.05 0.05 -0.025 -0.005 0.045 0.587785 0.809017 -4.9538e-17 3.59915e-17
5 577979623.1148806 0.05 0.05 0.05 0.025 0.005 0.045 0.809017 -0.587785 -3.59915e-17 -4.9538e-17
5 595302374.6543154 0.05 0.05 0.05 -0.025 0.005 -0.045 -7.19829e-17 -9.9076e-17 -0.809017 0.587785
5 590677387.2106719 0.05 0.05 0.05 0.025 -0.005 -0.045 1.35465e-17 -8.55295e-17 0.587785 0.809017
5 48312047.31677561 0.05 0.05 0.05 0.015 -0.015 0.045 -0.587785 0.809017 -4.9538e-17 -3.59915e-17
5 68624701.75209849 0.05 0.05 0.05 -0.015 0.015 0.045 0.809017 0.587785 3.59915e-17 -4.9538e-17
5 68580002.80723685 0.05 0.05 0.05 0.015 0.015 -0.045 -7.19829e-17 9.9076e-17 0.809017 0.587785
5 68398283.42794481 0.05 0.05 0.05 -0.015 -0.015 -0.045 8.55294e-17 -1.35465e-17 -0.587785 0.809017
5 430440490.4871437 0.05 0.05 0.05 0.025 0.005 0.045 -0.587785 0.809017 -4.9538e-17 -3.59915e-17
5 420478760.5138076 0.05 0.05 0.05 -0.025 -0.005 0.045 0.809017 0.587785 3.59915e-17 -4.9538e-17
5 420508496.5432695 0.05 0.05 0.05 0.025 -0.005 -0.045 -7.19829e-17 9.9076e-17 0.809017 0.587785
5 420185181.9458212 0.05 0.05 0.05 -0.025 0.005 -0.045 8.55294e-17 -1.35465e-17 -0.587785 0.809017
5 1085475627.33566 0.05 0.05 0.05 0.005 -0.025 0.045 6.12323e-17 1 -6.12323e-17 3.7494e-33
5 1085464299.688165 0.05 0.05 0.05 -0.005 0.025 0.045 1 3.99574e-23 -7.498799999999999e-33 -6.12323e-17
5 1086164203.68612 0.05 0.05 0.05 0.005 0.025 -0.045 7.498799999999999e-33 1.22465e-16 1 -6.12323e-17
5 1084935150.478755 0.05 0.05 0.05 -0.005 -0.025 -0.045 6.12323e-17 -6.12323e-17 6.12323e-17 1
5 114316050.8059145 0.05 0.05 0.05 0.025 0.015 0.045 0.951057 -0.309017 -3.78436e-17 5.82354e-17
5 112360250.6084178 0.05 0.05 0.05 -0.025 -0.015 0.045 0.309017 0.951057 5.82354e-17 3.78436e-17
5 113766223.8707522 0.05 0.05 0.05 0.025 -0.015 -0.045 -1.16471e-16 -1.89218e-17 0.309017 0.951057
5 101575979.4346665 0.05 0.05 0.05 -0.025 0.015 -0.045 -2.03919e-17 -3.93136e-17 0.951057 -0.309017
5 1159757629.307741 0.05 0.05 0.05 0.015 -0.015 0.045 6.12323e-17 1 -6.12323e-17 3.7494e-33
5 1159721737.808686 0.05 0.05 0.05 -0.015 0.015 0.045 1 3.99574e-23 -7.498799999999999e-33 -6.12323e-17
5 1160690970.492933 0.05 0.05 0.05 0.015 0.015 -0.045 7.498799999999999e-33 1.22465e-16 1 -6.12323e-17
5 1159079230.4703 0.05 0.05 0.05 -0.015 -0.015 -0.045 6.12323e-17 -6.12323e-17 6.12323e-17 1
5 1315782460.232433 0.05 0.05 0.05 0.025 -0.015 0.045 -0.587785 0.809017 -4.9538e-17 -3.59915e-17
5 1326954817.288439 0.05 0.05 0.05 -0.025 0.015 0.045 0.809017 0.587785 3.59915e-17 -4.9538e-17
5 1326923499.533866 0.05 0.05 0.05 0.025 0.015 -0.045 -7.19829e-17 9.9076e-17 0.809017 0.587785
5 1327032944.629351 0.05 0.05 0.05 -0.025 -0.015 -0.045 8.55294e-17 -1.35465e-17 -0.587785 0.809017
5 -342984744.7033694 0.05 0.05 0.05 0.015 0.015 0.045 0.951057 -0.309017 -3.78436e-17 5.82354e-17
5 -337152629.3422924 0.05 0.05 0.05 -0.015 -0.015 0.045 0.309017 0.951057 5.82354e-17 3.78436e-17
5 -341344259.5033731 0.05 0.05 0.05 0.015 -0.015 -0.045 -1.16471e-16 -1.89218e-17 0.309017 0.951057
5 -304629424.4041238 0.05 0.05 0.05 -0.015 0.015 -0.045 -2.03919e-17 -3.93136e-17 0.951057 -0.309017
5 1238322912.165125 0.05 0.05 0.05 -0.015 -0.005 0.045 0.587785 0.809017 -4.9538e-17 3.59915e-17
5 1253234802.216559 0.05 0.05 0.05 0.015 0.005 0.045 0.809017 -0.587785 -3.59915e-17 -4.9538e-17
5 1243250772.107825 0.05 0.05 0.05 -0.015 0.005 -0.045 -7.19829e-17 -9.9076e-17 -0.809017 0.587785
5 1238283538.138918 0.05 0.05 0.05 0.015 -0.005 -0.045 1.35465e-17 -8.55295e-17 0.587785 0.809017
5 343367420.1327735 0.05 0.05 0.05 0.005 0.015 0.045 0.951057 -0.309017 -3.78436e-17 5.82354e-17
5 337565621.2681581 0.05 0.05 0.05 -0.005 -0.015 0.045 0.309017 0.951057 5.82354e-17 3.78436e-17
5 341735646.2484941 0.05 0.05 0.05 0.005 -0.015 -0.045 -1.16471e-16 -1.89218e-17 0.309017 0.951057
5 304837234.3869699 0.05 0.05 0.05 -0.005 0.015 -0.045 -2.03919e-17 -3.93136e-17 0.951057 -0.309017
5 2592409360.197742 0.05 0.05 0.05 0.015 0.005 0.045 -0.587785 0.809017 -4.9538e-17 -3.59915e-17
5 2585335833.875994 0.05 0.05 0.05 -0.015 -0.005 0.045 0.809017 0.587785 3.59915e-17 -4.9538e-17
5 2585339429.06724 0.05 0.05 0.05 0.015 -0.005 -0.045 -7.19829e-17 9.9076e-17 0.809017 0.587785
5 2586063738.049883 0.05 0.05 0.05 -0.015 0.005 -0.045 8.55294e-17 -1.35465e-17 -0.587785 0.809017
