0.747146 0.05 0.1 0.2 -0.045 -0.05 0.08 0 0.707107 0 0.707106 
0.705981 0.05 0.1 0.2 -0.045 -0.05 0.06 0 0.707107 0 0.707106 
0.668129 0.05 0.1 0.2 -0.045 -0.05 0.04 0 0.707107 0 0.707106 
0.630947 0.05 0.1 0.2 -0.045 -0.05 0.02 0 0.707107 0 0.707106 
0.594309 0.05 0.1 0.2 -0.045 -0.05 6.93889e-18 0 0.707107 0 0.707106 
0.372545 0.05 0.1 0.2 -0.045 -0.05 0.08 -0.218508 0.672498 -0.218508 0.672499 
0.327676 0.05 0.1 0.2 -0.045 -0.05 0.06 -0.218508 0.672498 -0.218508 0.672499 
0.286947 0.05 0.1 0.2 -0.045 -0.05 0.04 -0.218508 0.672498 -0.218508 0.672499 
0.247788 0.05 0.1 0.2 -0.045 -0.05 0.02 -0.218508 0.672498 -0.218508 0.672499 
0.241198 0.05 0.1 0.2 -0.025 -0.07 0.06 -0.415627 -0.572061 -0.572061 0.415629 
0.233804 0.05 0.1 0.2 0.045 -0.05 0.08 0.218508 -0.672498 -0.218508 0.672499 
0.210237 0.05 0.1 0.2 -0.045 -0.05 6.93889e-18 -0.218508 0.672498 -0.218508 0.672499 
0.193289 0.05 0.1 0.2 0.045 -0.05 0.06 0.218508 -0.672498 -0.218508 0.672499 
0.180135 0.05 0.1 0.2 -0.02 -0.07 0.06 -0.415627 -0.572061 -0.572061 0.415629 
0.17565 0.05 0.1 0.2 -0.045 -0.05 -0.02 -0.218508 0.672498 -0.218508 0.672499 
0.156281 0.05 0.1 0.2 -0.025 -0.07 0.04 -0.415627 -0.572061 -0.572061 0.415629 
0.152327 0.05 0.1 0.2 0.045 -0.05 0.04 0.218508 -0.672498 -0.218508 0.672499 
0.145427 0.05 0.1 0.2 -0.045 -0.05 -0.04 -0.218508 0.672498 -0.218508 0.672499 
0.142083 0.05 0.1 0.2 -0.015 -0.07 0.06 -0.415627 -0.572061 -0.572061 0.415629 
0.131467 0.05 0.1 0.2 0.02 0.07 0.06 0.572061 -0.415627 0.415627 0.572062 
0.127731 0.05 0.1 0.2 -0.02 -0.07 0.04 -0.415627 -0.572061 -0.572061 0.415629 
0.112265 0.05 0.1 0.2 0.045 -0.05 0.02 0.218508 -0.672498 -0.218508 0.672499 
0.111596 0.05 0.1 0.2 0.02 0.07 0.04 0.572061 -0.415627 0.415627 0.572062 
0.109968 0.05 0.1 0.2 -0.015 -0.07 0.04 -0.415627 -0.572061 -0.572061 0.415629 
0.0989719 0.05 0.1 0.2 0.015 0.07 0.06 0.572061 -0.415627 0.415627 0.572062 
0.0954955 0.05 0.1 0.2 -0.025 -0.07 0.08 -0.415627 -0.572061 -0.572061 0.415629 
0.0932915 0.05 0.1 0.2 0.015 0.07 0.04 0.572061 -0.415627 0.415627 0.572062 
0.0869314 0.05 0.1 0.2 -0.025 0.07 0.06 0.415627 0.572061 -0.572061 0.415629 
0.0747144 0.05 0.1 0.2 -0.015 -0.07 0.02 -0.415627 -0.572061 -0.572061 0.415629 
0.0722705 0.05 0.1 0.2 0.02 0.07 0.02 0.572061 -0.415627 0.415627 0.572062 
0.0706142 0.05 0.1 0.2 -0.02 -0.07 0.02 -0.415627 -0.572061 -0.572061 0.415629 
0.0700736 0.05 0.1 0.2 -0.025 0.07 0.04 0.415627 0.572061 -0.572061 0.415629 
0.0677788 0.05 0.1 0.2 -0.02 0.07 0.06 0.415627 0.572061 -0.572061 0.415629 
0.067063 0.05 0.1 0.2 0.015 0.07 0.02 0.572061 -0.415627 0.415627 0.572062 
0.0649635 0.05 0.1 0.2 -0.025 -0.07 0.02 -0.415627 -0.572061 -0.572061 0.415629 
0.0624829 0.05 0.1 0.2 -0.045 0.04 0.08 -0.672498 0.218508 -0.672499 0.218508 
0.0614592 0.05 0.1 0.2 -0.02 0.07 0.04 0.415627 0.572061 -0.572061 0.415629 
0.0598761 0.05 0.1 0.2 -0.025 3.46945e-18 0.12 0.587785 0.809017 -4.9538e-17 3.59915e-17 
0.0598331 0.05 0.1 0.2 -0.025 -0.01 0.12 0.587785 0.809017 -4.9538e-17 3.59915e-17 
0.0589134 0.05 0.1 0.2 0.015 0.07 6.93889e-18 0.572061 -0.415627 0.415627 0.572062 
0.0570591 0.05 0.1 0.2 -0.025 0.07 -0.02 0.415627 0.572061 -0.572061 0.415629 
0.0566711 0.05 0.1 0.2 0.02 0.07 6.93889e-18 0.572061 -0.415627 0.415627 0.572062 
0.0549698 0.05 0.1 0.2 -0.02 -0.01 0.12 0.587785 0.809017 -4.9538e-17 3.59915e-17 
0.0549685 0.05 0.1 0.2 0.02 0.01 0.12 0.809017 -0.587785 -3.59914e-17 4.9538e-17 
0.0537005 0.05 0.1 0.2 0.02 3.46945e-18 0.12 0.809017 -0.587785 -3.59914e-17 4.9538e-17 
0.053455 0.05 0.1 0.2 -0.02 3.46945e-18 0.12 0.587785 0.809017 -4.9538e-17 3.59915e-17 
0.0525039 0.05 0.1 0.2 -0.015 0.07 0.04 0.415627 0.572061 -0.572061 0.415629 
0.0521533 0.05 0.1 0.2 -0.025 0.01 0.12 0.587785 0.809017 -4.9538e-17 3.59915e-17 
0.0516208 0.05 0.1 0.2 -0.025 -0.02 0.12 0.587785 0.809017 -4.9538e-17 3.59915e-17 
0.0513816 0.05 0.1 0.2 -0.015 0.07 0.06 0.415627 0.572061 -0.572061 0.415629 
0.0486955 0.05 0.1 0.2 0.015 0.01 0.12 0.809017 -0.587785 -3.59914e-17 4.9538e-17 
0.0486394 0.05 0.1 0.2 -0.02 -0.02 0.12 0.587785 0.809017 -4.9538e-17 3.59915e-17 
0.0483448 0.05 0.1 0.2 0.02 0.02 0.12 0.809017 -0.587785 -3.59914e-17 4.9538e-17 
0.0482594 0.05 0.1 0.2 -0.015 -0.01 0.12 0.587785 0.809017 -4.9538e-17 3.59915e-17 
0.0457022 0.05 0.1 0.2 0.015 3.46945e-18 0.12 0.809017 -0.587785 -3.59914e-17 4.9538e-17 
0.0451461 0.05 0.1 0.2 0.02 -0.01 0.12 0.809017 -0.587785 -3.59914e-17 4.9538e-17 
0.0451311 0.05 0.1 0.2 -0.015 3.46945e-18 0.12 0.587785 0.809017 -4.9538e-17 3.59915e-17 
0.0447837 0.05 0.1 0.2 -0.02 0.01 0.12 0.587785 0.809017 -4.9538e-17 3.59915e-17 
0.0445265 0.05 0.1 0.2 -0.02 0.07 -0.02 0.415627 0.572061 -0.572061 0.415629 
0.0442948 0.05 0.1 0.2 0.015 0.02 0.12 0.809017 -0.587785 -3.59914e-17 4.9538e-17 
0.0441066 0.05 0.1 0.2 -0.015 -0.02 0.12 0.587785 0.809017 -4.9538e-17 3.59915e-17 
0.0430094 0.05 0.1 0.2 -0.025 0.07 0.08 0.415627 0.572061 -0.572061 0.415629 
0.0425228 0.05 0.1 0.2 -0.025 0.02 0.12 0.809017 0.587785 3.59914e-17 4.9538e-17 
0.0406042 0.05 0.1 0.2 -0.015 0.07 -0.02 0.415627 0.572061 -0.572061 0.415629 
0.0397068 0.05 0.1 0.2 -0.015 -0.07 6.93889e-18 -0.415627 -0.572061 -0.572061 0.415629 
0.0389778 0.05 0.1 0.2 0.045 -0.04 0.08 0 -0.707107 0 0.707106 
0.0389167 0.05 0.1 0.2 0.02 -0.07 0.04 -0.572061 0.415627 0.415627 0.572062 
0.0383921 0.05 0.1 0.2 -0.025 0.02 0.12 0.587785 0.809017 -4.9538e-17 3.59915e-17 
0.0380511 0.05 0.1 0.2 -0.025 0.07 0.02 0.415627 0.572061 -0.572061 0.415629 
0.0375226 0.05 0.1 0.2 0.045 -0.05 0.08 0 -0.707107 0 0.707106 
0.0368904 0.05 0.1 0.2 -0.02 0.07 0.02 0.415627 0.572061 -0.572061 0.415629 
0.0368512 0.05 0.1 0.2 0.015 -0.07 0.04 -0.572061 0.415627 0.415627 0.572062 
0.0363389 0.05 0.1 0.2 0.015 -0.01 0.12 0.809017 -0.587785 -3.59914e-17 4.9538e-17 
0.0361765 0.05 0.1 0.2 -0.025 -0.03 0.12 0.587785 0.809017 -4.9538e-17 3.59915e-17 
0.0357493 0.05 0.1 0.2 -0.015 0.01 0.12 0.587785 0.809017 -4.9538e-17 3.59915e-17 
0.0353363 0.05 0.1 0.2 -0.015 0.07 0.02 0.415627 0.572061 -0.572061 0.415629 
0.0350327 0.05 0.1 0.2 0.02 -0.07 -0.02 -0.572061 0.415627 0.415627 0.572062 
0.0349875 0.05 0.1 0.2 -0.02 -0.03 0.12 0.587785 0.809017 -4.9538e-17 3.59915e-17 
0.0346394 0.05 0.1 0.2 0.02 0.03 0.12 0.809017 -0.587785 -3.59914e-17 4.9538e-17 
0.034524 0.05 0.1 0.2 -0.02 -0.07 6.93889e-18 -0.415627 -0.572061 -0.572061 0.415629 
0.0341441 0.05 0.1 0.2 0.045 -0.05 0.08 -0.415627 -0.572061 0.415627 0.572062 
0.0329919 0.05 0.1 0.2 0.015 0.03 0.12 0.809017 -0.587785 -3.59914e-17 4.9538e-17 
0.0329042 0.05 0.1 0.2 -0.015 -0.03 0.12 0.587785 0.809017 -4.9538e-17 3.59915e-17 
0.0312244 0.05 0.1 0.2 0.02 -0.02 0.12 0.809017 -0.587785 -3.59914e-17 4.9538e-17 
0.0310007 0.05 0.1 0.2 -0.02 0.02 0.12 0.587785 0.809017 -4.9538e-17 3.59915e-17 
0.0305816 0.05 0.1 0.2 0.02 -0.07 0.06 -0.572061 0.415627 0.415627 0.572062 
0.030473 0.05 0.1 0.2 0.015 -0.07 0.02 -0.572061 0.415627 0.415627 0.572062 
0.0303493 0.05 0.1 0.2 -0.025 0.02 0.12 0.951057 0.309017 1.89218e-17 5.82354e-17 
0.0297503 0.05 0.1 0.2 0.015 -0.07 -0.02 -0.572061 0.415627 0.415627 0.572062 
0.0286362 0.05 0.1 0.2 0.015 -0.05 0.12 0.309017 0.951057 -5.82354e-17 1.89218e-17 
0.0284755 0.05 0.1 0.2 0.02 0.07 0.08 0.572061 -0.415627 0.415627 0.572062 
0.0278213 0.05 0.1 0.2 -0.025 0.07 6.93889e-18 0.415627 0.572061 -0.572061 0.415629 
0.0277267 0.05 0.1 0.2 0.02 -0.07 0.02 -0.572061 0.415627 0.415627 0.572062 
0.0272165 0.05 0.1 0.2 0.005 -0.04 0.12 0.309017 0.951057 -5.82354e-17 1.89218e-17 
0.0268896 0.05 0.1 0.2 -0.015 0.07 6.93889e-18 0.415627 0.572061 -0.572061 0.415629 
0.0266989 0.05 0.1 0.2 -0.005 0.04 0.12 0.951057 -0.309017 -1.89218e-17 5.82354e-17 
0.0265556 0.05 0.1 0.2 0.01 -0.05 0.12 -0.587785 0.809017 -4.9538e-17 -3.59915e-17 
0.0261531 0.05 0.1 0.2 -0.02 0.02 0.12 0.809017 0.587785 3.59914e-17 4.9538e-17 
0.0261382 0.05 0.1 0.2 -0.025 0.03 0.12 0.809017 0.587785 3.59914e-17 4.9538e-17 
0.0260452 0.05 0.1 0.2 -0.02 0.07 6.93889e-18 0.415627 0.572061 -0.572061 0.415629 
0.0260206 0.05 0.1 0.2 -0.02 -0.07 0.08 -0.415627 -0.572061 -0.572061 0.415629 
0.0257473 0.05 0.1 0.2 0.02 -0.02 0.12 -0.587785 0.809017 -4.9538e-17 -3.59915e-17 
0.0254145 0.05 0.1 0.2 0.01 -0.05 0.12 0.309017 0.951057 -5.82354e-17 1.89218e-17 
0.0230474 0.05 0.1 0.2 0.015 -0.07 0.06 -0.572061 0.415627 0.415627 0.572062 
0.022885 0.05 0.1 0.2 0.015 -0.02 0.12 0.809017 -0.587785 -3.59914e-17 4.9538e-17 
0.022385 0.05 0.1 0.2 -0.015 0.02 0.12 0.587785 0.809017 -4.9538e-17 3.59915e-17 
0.0214679 0.05 0.1 0.2 0.015 -0.07 6.93889e-18 -0.572061 0.415627 0.415627 0.572062 
0.0213176 0.05 0.1 0.2 -0.025 0.03 0.12 0.587785 0.809017 -4.9538e-17 3.59915e-17 
0.020391 0.05 0.1 0.2 0.005 -0.05 0.12 0.309017 0.951057 -5.82354e-17 1.89218e-17 
0.0200592 0.05 0.1 0.2 0.02 -0.02 0.12 -0.309017 0.951057 -5.82354e-17 -1.89218e-17 
0.0192156 0.05 0.1 0.2 0.02 -0.07 6.93889e-18 -0.572061 0.415627 0.415627 0.572062 
0.0188955 0.05 0.1 0.2 -0.02 0.02 0.12 0.951057 0.309017 1.89218e-17 5.82354e-17 
0.0178986 0.05 0.1 0.2 -0.02 0.07 0.08 0.415627 0.572061 -0.572061 0.415629 
0.0170273 0.05 0.1 0.2 -0.015 0.02 0.12 0.809017 0.587785 3.59914e-17 4.9538e-17 
0.0165035 0.05 0.1 0.2 0.015 0.04 0.12 0.809017 -0.587785 -3.59914e-17 4.9538e-17 
0.0163591 0.05 0.1 0.2 0.015 -0.02 0.12 -0.587785 0.809017 -4.9538e-17 -3.59915e-17 
0.0162084 0.05 0.1 0.2 -0.015 -0.04 0.12 0.587785 0.809017 -4.9538e-17 3.59915e-17 
0.0160292 0.05 0.1 0.2 0.02 0.04 0.12 0.809017 -0.587785 -3.59914e-17 4.9538e-17 
0.0159787 0.05 0.1 0.2 -0.02 -0.04 0.12 0.587785 0.809017 -4.9538e-17 3.59915e-17 
0.0158998 0.05 0.1 0.2 1.73472e-18 -0.04 0.12 0.309017 0.951057 -5.82354e-17 1.89218e-17 
0.015713 0.05 0.1 0.2 -0.025 -0.04 0.12 0.587785 0.809017 -4.9538e-17 3.59915e-17 
0.0156403 0.05 0.1 0.2 0.01 0.04 0.12 0.809017 -0.587785 -3.59914e-17 4.9538e-17 
0.0155335 0.05 0.1 0.2 -0.01 -0.04 0.12 0.587785 0.809017 -4.9538e-17 3.59915e-17 
0.0154353 0.05 0.1 0.2 -0.025 -0.07 6.93889e-18 -0.415627 -0.572061 -0.572061 0.415629 
0.0151744 0.05 0.1 0.2 -0.02 0.03 0.12 0.587785 0.809017 -4.9538e-17 3.59915e-17 
0.0151225 0.05 0.1 0.2 0.02 -0.03 0.12 0.809017 -0.587785 -3.59914e-17 4.9538e-17 
0.0149882 0.05 0.1 0.2 1.73472e-18 0.04 0.12 0.951057 -0.309017 -1.89218e-17 5.82354e-17 
0.0148633 0.05 0.1 0.2 0.02 -0.05 0.12 -0.309017 0.951057 -5.82354e-17 -1.89218e-17 
0.0147709 0.05 0.1 0.2 -0.025 0.01 0.12 0.809017 0.587785 3.59914e-17 4.9538e-17 
0.0145004 0.05 0.1 0.2 1.73472e-18 -0.05 0.12 0.309017 0.951057 -5.82354e-17 1.89218e-17 
0.0137756 0.05 0.1 0.2 -0.025 -0.04 0.12 0.309017 0.951057 -5.82354e-17 1.89218e-17 
0.011681 0.05 0.1 0.2 -0.01 0.02 0.12 0.809017 0.587785 3.59914e-17 4.9538e-17 
0.0113101 0.05 0.1 0.2 0.01 -0.02 0.12 -0.587785 0.809017 -4.9538e-17 -3.59915e-17 
0.00912073 0.05 0.1 0.2 -0.02 0.03 0.12 0.809017 0.587785 3.59914e-17 4.9538e-17 
0.00886279 0.05 0.1 0.2 0.015 -0.03 0.12 0.809017 -0.587785 -3.59914e-17 4.9538e-17 
0.0088319 0.05 0.1 0.2 0.015 -0.05 0.12 -0.587785 0.809017 -4.9538e-17 -3.59915e-17 
0.00867054 0.05 0.1 0.2 -0.005 -0.05 0.12 0.309017 0.951057 -5.82354e-17 1.89218e-17 
0.0086178 0.05 0.1 0.2 -0.015 0.03 0.12 0.587785 0.809017 -4.9538e-17 3.59915e-17 
0.00858401 0.05 0.1 0.2 0.02 -0.03 0.12 -0.587785 0.809017 -4.9538e-17 -3.59915e-17 
0.00750933 0.05 0.1 0.2 -0.02 0.03 0.12 0.951057 0.309017 1.89218e-17 5.82354e-17 
0.00702192 0.05 0.1 0.2 -0.005 -0.04 0.12 0.309017 0.951057 -5.82354e-17 1.89218e-17 
0.00666923 0.05 0.1 0.2 0.02 -0.03 0.12 -0.309017 0.951057 -5.82354e-17 -1.89218e-17 
0.00613247 0.05 0.1 0.2 0.005 0.04 0.12 0.951057 -0.309017 -1.89218e-17 5.82354e-17 
0.00586037 0.05 0.1 0.2 -0.025 -0.04 0.12 6.12323e-17 1 -6.12323e-17 3.7494e-33 
0.00582204 0.05 0.1 0.2 0.015 -0.04 0.12 6.12323e-17 1 -6.12323e-17 3.7494e-33 
0.00581495 0.05 0.1 0.2 -0.025 -0.07 0.08 -0.572061 -0.415627 -0.415627 0.572062 
0.00573064 0.05 0.1 0.2 0.02 -0.04 0.12 6.12323e-17 1 -6.12323e-17 3.7494e-33 
0.00572462 0.05 0.1 0.2 -0.015 0.04 0.12 1 0 0 6.12323e-17 
0.00567843 0.05 0.1 0.2 -0.025 -0.03 0.12 0.309017 0.951057 -5.82354e-17 1.89218e-17 
0.00556546 0.05 0.1 0.2 -0.02 0.04 0.12 1 0 0 6.12323e-17 
0.0052485 0.05 0.1 0.2 0.02 -0.01 0.12 -0.587785 0.809017 -4.9538e-17 -3.59915e-17 
0.00500646 0.05 0.1 0.2 -0.025 0.03 0.12 0.951057 0.309017 1.89218e-17 5.82354e-17 
0.00495784 0.05 0.1 0.2 -0.025 0.04 0.12 0.587785 0.809017 -4.9538e-17 3.59915e-17 
0.00471505 0.05 0.1 0.2 0.01 -0.04 0.12 6.12323e-17 1 -6.12323e-17 3.7494e-33 
0.00471029 0.05 0.1 0.2 -0.01 0.04 0.12 1 0 0 6.12323e-17 
0.00459874 0.05 0.1 0.2 -0.02 0.01 0.12 0.809017 0.587785 3.59914e-17 4.9538e-17 
0.00441412 0.05 0.1 0.2 0.02 0.07 0.08 0.415627 -0.572061 0.572061 0.415629 
0.00433044 0.05 0.1 0.2 0.02 0.04 0.12 0.951057 -0.309017 -1.89218e-17 5.82354e-17 
0.00407509 0.05 0.1 0.2 -0.02 -0.04 0.12 0.309017 0.951057 -5.82354e-17 1.89218e-17 
0.00385985 0.05 0.1 0.2 0.015 0.07 0.06 0.415627 -0.572061 0.572061 0.415629 
0.00383509 0.05 0.1 0.2 0.01 0.07 0.08 0.415627 -0.572061 0.572061 0.415629 
0.00380879 0.05 0.1 0.2 -0.01 -0.05 0.12 0.309017 0.951057 -5.82354e-17 1.89218e-17 
0.00372266 0.05 0.1 0.2 -0.025 0.04 0.12 1 0 0 6.12323e-17 
0.00359225 0.05 0.1 0.2 -0.025 -0.05 0.12 0.309017 0.951057 -5.82354e-17 1.89218e-17 
0.00314588 0.05 0.1 0.2 0.045 -0.04 0.06 0 -0.707107 0 0.707106 
0.00304787 0.05 0.1 0.2 0.045 -0.05 0.06 0 -0.707107 0 0.707106 
0.00304722 0.05 0.1 0.2 -0.005 0.04 0.12 1 0 0 6.12323e-17 
0.00296257 0.05 0.1 0.2 0.005 -0.04 0.12 6.12323e-17 1 -6.12323e-17 3.7494e-33 
0.0028113 0.05 0.1 0.2 0.02 0.07 0.06 0.415627 -0.572061 0.572061 0.415629 
0.00261733 0.05 0.1 0.2 -0.01 0.04 0.12 0.951057 0.309017 1.89218e-17 5.82354e-17 
0.00261231 0.05 0.1 0.2 0.01 -0.04 0.12 -0.309017 0.951057 -5.82354e-17 -1.89218e-17 
0.00216634 0.05 0.1 0.2 -0.025 -0.05 0.12 6.12323e-17 1 -6.12323e-17 3.7494e-33 
0.00195817 0.05 0.1 0.2 -0.025 0.04 0.12 0.809017 0.587785 3.59914e-17 4.9538e-17 
0.00179448 0.05 0.1 0.2 1.73472e-18 -0.05 0.12 0.587785 0.809017 -4.9538e-17 3.59915e-17 
0.00177073 0.05 0.1 0.2 0.005 -0.05 0.12 6.12323e-17 1 -6.12323e-17 3.7494e-33 
0.00163073 0.05 0.1 0.2 0.01 -0.05 0.12 6.12323e-17 1 -6.12323e-17 3.7494e-33 
0.0016286 0.05 0.1 0.2 -0.02 0.04 0.12 0.587785 0.809017 -4.9538e-17 3.59915e-17 
0.00162743 0.05 0.1 0.2 0.02 -0.05 0.12 -0.587785 0.809017 -4.9538e-17 -3.59915e-17 
0.00160062 0.05 0.1 0.2 0.02 -0.07 0.08 -0.572061 0.415627 0.415627 0.572062 
0.0015854 0.05 0.1 0.2 -0.015 0.07 0.08 0.415627 0.572061 -0.572061 0.415629 
0.00155522 0.05 0.1 0.2 0.015 -0.01 0.12 -0.587785 0.809017 -4.9538e-17 -3.59915e-17 
0.00154429 0.05 0.1 0.2 -0.01 -0.04 0.12 0.309017 0.951057 -5.82354e-17 1.89218e-17 
0.00151539 0.05 0.1 0.2 -0.02 -0.04 0.12 6.12323e-17 1 -6.12323e-17 3.7494e-33 
0.00140625 0.05 0.1 0.2 0.015 0.07 0.08 0.415627 -0.572061 0.572061 0.415629 
0.00137448 0.05 0.1 0.2 0.02 -0.04 0.12 0.809017 -0.587785 -3.59914e-17 4.9538e-17 
0.00127002 0.05 0.1 0.2 0.02 0.04 0.12 1 0 0 6.12323e-17 
0.00121954 0.05 0.1 0.2 -0.005 -0.05 0.12 0.587785 0.809017 -4.9538e-17 3.59915e-17 
0.00120027 0.05 0.1 0.2 1.73472e-18 0.04 0.12 1 0 0 6.12323e-17 
0.00114022 0.05 0.1 0.2 -0.015 -0.07 0.06 -0.572061 -0.415627 -0.415627 0.572062 
0.00106565 0.05 0.1 0.2 1.73472e-18 -0.05 0.12 6.12323e-17 1 -6.12323e-17 3.7494e-33 
0.00105716 0.05 0.1 0.2 1.73472e-18 -0.04 0.12 6.12323e-17 1 -6.12323e-17 3.7494e-33 
0.00089773 0.05 0.1 0.2 0.01 0.04 0.12 0.951057 -0.309017 -1.89218e-17 5.82354e-17 
0.000809411 0.05 0.1 0.2 -0.02 -0.07 0.08 -0.572061 -0.415627 -0.415627 0.572062 
0.0007776 0.05 0.1 0.2 -0.015 -0.05 0.12 0.309017 0.951057 -5.82354e-17 1.89218e-17 
0.000719941 0.05 0.1 0.2 -0.015 0.03 0.12 0.809017 0.587785 3.59914e-17 4.9538e-17 
0.000590786 0.05 0.1 0.2 -0.02 -0.07 0.08 -0.672499 -0.218508 -0.218508 0.672498 
0.000564804 0.05 0.1 0.2 -0.015 0.01 0.12 0.809017 0.587785 3.59914e-17 4.9538e-17 
0.000468858 0.05 0.1 0.2 -0.025 -0.07 0.08 -0.672499 -0.218508 -0.218508 0.672498 
0.000432229 0.05 0.1 0.2 -0.02 -0.05 0.12 0.309017 0.951057 -5.82354e-17 1.89218e-17 
0.000252264 0.05 0.1 0.2 -0.015 -0.04 0.12 0.309017 0.951057 -5.82354e-17 1.89218e-17 
0.00017206 0.05 0.1 0.2 0.015 -0.05 0.12 6.12323e-17 1 -6.12323e-17 3.7494e-33 
4.88106e-05 0.05 0.1 0.2 -0.005 -0.05 0.12 6.12323e-17 1 -6.12323e-17 3.7494e-33 
4.69417e-05 0.05 0.1 0.2 0.015 0.04 0.12 0.951057 -0.309017 -1.89218e-17 5.82354e-17 
-7.17254e-05 0.05 0.1 0.2 0.02 0.07 0.08 0.218508 -0.672499 0.672499 0.218502 
-0.000176433 0.05 0.1 0.2 -0.02 -0.05 0.12 6.12323e-17 1 -6.12323e-17 3.7494e-33 
-0.000220175 0.05 0.1 0.2 -0.01 -0.07 0.08 -0.572061 -0.415627 -0.415627 0.572062 
-0.000220765 0.05 0.1 0.2 0.015 -0.05 0.12 0.809017 -0.587785 -3.59914e-17 4.9538e-17 
-0.000362278 0.05 0.1 0.2 0.005 0.04 0.12 1 0 0 6.12323e-17 
-0.00049141 0.05 0.1 0.2 0.015 -0.03 0.12 -0.587785 0.809017 -4.9538e-17 -3.59915e-17 
-0.000494108 0.05 0.1 0.2 -0.005 -0.04 0.12 6.12323e-17 1 -6.12323e-17 3.7494e-33 
-0.000650288 0.05 0.1 0.2 -0.015 -0.07 0.08 -0.572061 -0.415627 -0.415627 0.572062 
-0.000650535 0.05 0.1 0.2 -0.01 -0.05 0.12 0.587785 0.809017 -4.9538e-17 3.59915e-17 
-0.000700729 0.05 0.1 0.2 -0.015 -0.04 0.12 6.12323e-17 1 -6.12323e-17 3.7494e-33 
-0.00071159 0.05 0.1 0.2 0.015 -0.04 0.12 -0.309017 0.951057 -5.82354e-17 -1.89218e-17 
-0.000738605 0.05 0.1 0.2 -0.015 0.04 0.12 0.951057 0.309017 1.89218e-17 5.82354e-17 
-0.000743677 0.05 0.1 0.2 0.015 0.04 0.12 1 0 0 6.12323e-17 
-0.000794571 0.05 0.1 0.2 -0.01 -0.05 0.12 6.12323e-17 1 -6.12323e-17 3.7494e-33 
-0.000842804 0.05 0.1 0.2 0.015 -0.04 0.12 0.809017 -0.587785 -3.59914e-17 4.9538e-17 
-0.000885522 0.05 0.1 0.2 -0.02 -0.07 0.06 -0.572061 -0.415627 -0.415627 0.572062 
-0.00102293 0.05 0.1 0.2 -0.015 -0.05 0.12 6.12323e-17 1 -6.12323e-17 3.7494e-33 
-0.00112307 0.05 0.1 0.2 -0.015 0.04 0.12 0.587785 0.809017 -4.9538e-17 3.59915e-17 
-0.00114416 0.05 0.1 0.2 0.01 0.04 0.12 1 0 0 6.12323e-17 
-0.00124619 0.05 0.1 0.2 -0.01 -0.04 0.12 6.12323e-17 1 -6.12323e-17 3.7494e-33 
-0.00175167 0.05 0.1 0.2 -0.025 0.04 0.12 0.951057 0.309017 1.89218e-17 5.82354e-17 
-0.00247576 0.05 0.1 0.2 0.02 -0.04 0.12 -0.309017 0.951057 -5.82354e-17 -1.89218e-17 
-0.00265477 0.05 0.1 0.2 -0.01 0.03 0.12 0.809017 0.587785 3.59914e-17 4.9538e-17 
-0.00300052 0.05 0.1 0.2 -0.015 -0.05 0.12 0.587785 0.809017 -4.9538e-17 3.59915e-17 
-0.00316389 0.05 0.1 0.2 0.01 -0.03 0.12 -0.587785 0.809017 -4.9538e-17 -3.59915e-17 
-0.00317245 0.05 0.1 0.2 0.02 -0.05 0.12 6.12323e-17 1 -6.12323e-17 3.7494e-33 
-0.00318136 0.05 0.1 0.2 -0.02 0.04 0.12 0.951057 0.309017 1.89218e-17 5.82354e-17 
-0.00395583 0.05 0.1 0.2 -0.025 -0.07 0.06 -0.572061 -0.415627 -0.415627 0.572062 
-0.00444713 0.05 0.1 0.2 0.02 -0.05 0.12 0.809017 -0.587785 -3.59914e-17 4.9538e-17 
-0.0047034 0.05 0.1 0.2 0.015 -0.07 0.08 -0.572061 0.415627 0.415627 0.572062 
-0.00507061 0.05 0.1 0.2 -0.02 -0.05 0.12 0.587785 0.809017 -4.9538e-17 3.59915e-17 
-0.00610243 0.05 0.1 0.2 -0.025 -0.05 0.12 0.587785 0.809017 -4.9538e-17 3.59915e-17 
-0.00763072 0.05 0.1 0.2 0.01 -0.04 0.12 -0.587785 0.809017 -4.9538e-17 -3.59915e-17 
-0.00789569 0.05 0.1 0.2 -0.01 0.04 0.12 0.809017 0.587785 3.59914e-17 4.9538e-17 
-0.00838919 0.05 0.1 0.2 -0.015 -0.07 0.08 -0.415627 -0.572061 -0.572061 0.415629 
-0.0094471 0.05 0.1 0.2 0.02 -0.04 0.12 -0.587785 0.809017 -4.9538e-17 -3.59915e-17 
-0.00994814 0.05 0.1 0.2 0.015 -0.05 0.12 -0.309017 0.951057 -5.82354e-17 -1.89218e-17 
-0.0102665 0.05 0.1 0.2 -0.02 0.04 0.12 0.809017 0.587785 3.59914e-17 4.9538e-17 
-0.0120997 0.05 0.1 0.2 0.015 0.07 0.08 0.572061 -0.415627 0.415627 0.572062 
-0.0123822 0.05 0.1 0.2 -0.015 0.04 0.12 0.809017 0.587785 3.59914e-17 4.9538e-17 
-0.0127939 0.05 0.1 0.2 0.015 -0.04 0.12 -0.587785 0.809017 -4.9538e-17 -3.59915e-17 
-0.030708 0.05 0.1 0.2 0.045 -0.04 0.04 0 -0.707107 0 0.707106 
-0.0316328 0.05 0.1 0.2 0.045 -0.05 0.04 0 -0.707107 0 0.707106 
-0.0326765 0.05 0.1 0.2 0.01 -0.05 0.12 -0.309017 0.951057 -5.82354e-17 -1.89218e-17 
-0.0567914 0.05 0.1 0.2 0.005 -0.05 0.12 -0.309017 0.951057 -5.82354e-17 -1.89218e-17 
-0.0650331 0.05 0.1 0.2 0.045 -0.05 0.02 0 -0.707107 0 0.707106 
-0.0693727 0.05 0.1 0.2 -0.045 0.04 0.04 0.707107 -4.32978e-17 0.707107 -4.32978e-17 
-0.0856739 0.05 0.1 0.2 1.73472e-18 -0.05 0.12 -0.309017 0.951057 -5.82354e-17 -1.89218e-17 
-0.0962898 0.05 0.1 0.2 -0.025 3.46945e-18 0.12 0.809017 0.587785 3.59914e-17 4.9538e-17 
-0.0979916 0.05 0.1 0.2 0.045 -0.05 6.93889e-18 0 -0.707107 0 0.707106 
-0.101445 0.05 0.1 0.2 0.045 -0.04 0.08 -0.218508 -0.672498 0.218508 0.672499 
-0.10218 0.05 0.1 0.2 0.045 -0.05 0.08 -0.218508 -0.672498 0.218508 0.672499 
-0.102202 0.05 0.1 0.2 -0.045 0.04 0.06 0.707107 -4.32978e-17 0.707107 -4.32978e-17 
-0.116973 0.05 0.1 0.2 0.045 -0.05 0.06 -0.218508 -0.672498 0.218508 0.672499 
-0.122754 0.05 0.1 0.2 -0.005 -0.05 0.12 -0.309017 0.951057 -5.82354e-17 -1.89218e-17 
-0.130597 0.05 0.1 0.2 -0.045 0.04 0.08 0.707107 -4.32978e-17 0.707107 -4.32978e-17 
-0.132613 0.05 0.1 0.2 0.045 -0.05 -0.02 0 -0.707107 0 0.707106 
-0.171442 0.05 0.1 0.2 -0.01 -0.05 0.12 -0.309017 0.951057 -5.82354e-17 -1.89218e-17 
-0.235146 0.05 0.1 0.2 -0.015 -0.05 0.12 -0.309017 0.951057 -5.82354e-17 -1.89218e-17 
-0.317218 0.05 0.1 0.2 -0.02 -0.05 0.12 -0.309017 0.951057 -5.82354e-17 -1.89218e-17 
-0.421044 0.05 0.1 0.2 -0.025 -0.05 0.12 -0.309017 0.951057 -5.82354e-17 -1.89218e-17 
-2.66256 0.05 0.1 0.2 -0.025 0.07 0.08 0.218508 0.672499 -0.672499 0.218502 
