0.0748653 0.062 0.062 0.062 0.0062 -0.031 0.051 6.12323e-17 1 -6.12323e-17 3.7494e-33 
0.0655254 0.062 0.062 0.062 -0.0186 0.0186 0.051 0.951057 0.309017 1.89218e-17 5.82354e-17 
0.0637502 0.062 0.062 0.062 -0.0062 -0.031 0.051 6.12323e-17 1 -6.12323e-17 3.7494e-33 
0.0574668 0.062 0.062 0.062 0.0062 -0.0186 0.051 6.12323e-17 1 -6.12323e-17 3.7494e-33 
0.0478395 0.062 0.062 0.062 -0.0186 -0.031 0.051 6.12323e-17 1 -6.12323e-17 3.7494e-33 
0.0407754 0.062 0.062 0.062 -0.0186 -0.0062 0.051 0.587785 0.809017 -4.9538e-17 3.59915e-17 
0.0398653 0.062 0.062 0.062 -0.031 0.0062 0.051 0.587785 0.809017 -4.9538e-17 3.59915e-17 
0.0397837 0.062 0.062 0.062 0.0186 -0.031 0.051 6.12323e-17 1 -6.12323e-17 3.7494e-33 
0.0376026 0.062 0.062 0.062 0.031 -0.0062 0.051 -0.587785 0.809017 -4.9538e-17 -3.59915e-17 
0.0367898 0.062 0.062 0.062 0.0186 0.0186 0.051 0.951057 -0.309017 -1.89218e-17 5.82354e-17 
0.0363853 0.062 0.062 0.062 0.031 0.0186 0.051 -0.587785 0.809017 -4.9538e-17 -3.59915e-17 
0.033401 0.062 0.062 0.062 -0.0062 -0.0186 0.051 6.12323e-17 1 -6.12323e-17 3.7494e-33 
0.031795 0.062 0.062 0.062 -0.0186 -0.0186 0.051 0.587785 0.809017 -4.9538e-17 3.59915e-17 
0.0284337 0.062 0.062 0.062 -0.0186 0.0062 0.051 0.587785 0.809017 -4.9538e-17 3.59915e-17 
0.0276357 0.062 0.062 0.062 0.0186 -0.0186 0.051 -0.587785 0.809017 -4.9538e-17 -3.59915e-17 
0.0265895 0.062 0.062 0.062 -0.031 0.0062 0.051 0.951057 0.309017 1.89218e-17 5.82354e-17 
0.0239896 0.062 0.062 0.062 -0.031 -0.0062 0.051 0.587785 0.809017 -4.9538e-17 3.59915e-17 
0.0230963 0.062 0.062 0.062 -0.0062 0.031 0.051 0.951057 0.309017 1.89218e-17 5.82354e-17 
0.0203124 0.062 0.062 0.062 0.031 0.0062 0.051 -0.587785 0.809017 -4.9538e-17 -3.59915e-17 
0.0196306 0.062 0.062 0.062 0.031 -0.0186 0.051 -0.587785 0.809017 -4.9538e-17 -3.59915e-17 
0.0192015 0.062 0.062 0.062 -0.0062 0.031 0.051 0.951057 -0.309017 -1.89218e-17 5.82354e-17 
0.0175866 0.062 0.062 0.062 0.0062 0.0186 0.051 0.951057 -0.309017 -1.89218e-17 5.82354e-17 
0.0157243 0.062 0.062 0.062 -0.031 0.0186 0.051 0.587785 0.809017 -4.9538e-17 3.59915e-17 
0.0146125 0.062 0.062 0.062 0.0186 -0.0062 0.051 -0.587785 0.809017 -4.9538e-17 -3.59915e-17 
0.0134583 0.062 0.062 0.062 0.0062 0.031 0.051 0.951057 0.309017 1.89218e-17 5.82354e-17 
0.00764284 0.062 0.062 0.062 -0.031 -0.031 0.051 6.12323e-17 1 -6.12323e-17 3.7494e-33 
0.00751787 0.062 0.062 0.062 -0.031 0.0186 0.051 0.951057 0.309017 1.89218e-17 5.82354e-17 
0.00714675 0.062 0.062 0.062 -0.0186 0.031 0.051 0.951057 0.309017 1.89218e-17 5.82354e-17 
0.00689522 0.062 0.062 0.062 0.031 0.031 0.051 0.951057 -0.309017 -1.89218e-17 5.82354e-17 
0.00468851 0.062 0.062 0.062 0.0062 0.031 0.051 0.951057 -0.309017 -1.89218e-17 5.82354e-17 
0.00454834 0.062 0.062 0.062 -0.031 0.031 0.051 0.951057 0.309017 1.89218e-17 5.82354e-17 
0.00378044 0.062 0.062 0.062 0.031 -0.031 0.051 -0.587785 0.809017 -4.9538e-17 -3.59915e-17 
0.00357044 0.062 0.062 0.062 -0.051 -0.0062 0.031 -0.218508 0.672498 -0.218508 0.672499 
0.00355602 0.062 0.062 0.062 -0.0186 -0.031 0.051 0.587785 0.809017 -4.9538e-17 3.59915e-17 
0.00347801 0.062 0.062 0.062 -0.0186 -0.0186 0.051 6.12323e-17 1 -6.12323e-17 3.7494e-33 
0.00263038 0.062 0.062 0.062 -0.031 -0.031 0.051 0.587785 0.809017 -4.9538e-17 3.59915e-17 
0.00167054 0.062 0.062 0.062 0.0186 -0.0186 0.051 6.12323e-17 1 -6.12323e-17 3.7494e-33 
0.000657163 0.062 0.062 0.062 -0.051 -0.031 0.031 -0.218508 0.672498 -0.218508 0.672499 
0.000624777 0.062 0.062 0.062 0.031 0.0186 0.051 0.951057 -0.309017 -1.89218e-17 5.82354e-17 
-7.24002e-05 0.062 0.062 0.062 0.0186 0.031 0.051 0.951057 -0.309017 -1.89218e-17 5.82354e-17 
-0.000221844 0.062 0.062 0.062 -0.031 -0.0186 0.051 0.587785 0.809017 -4.9538e-17 3.59915e-17 
-0.000614294 0.062 0.062 0.062 -0.031 -0.0186 0.051 6.12323e-17 1 -6.12323e-17 3.7494e-33 
-0.000685597 0.062 0.062 0.062 -0.0186 0.0186 0.051 0.587785 0.809017 -4.9538e-17 3.59915e-17 
-0.000822562 0.062 0.062 0.062 -0.0186 0.031 0.051 0.587785 0.809017 -4.9538e-17 3.59915e-17 
-0.00153342 0.062 0.062 0.062 0.031 -0.031 0.051 6.12323e-17 1 -6.12323e-17 3.7494e-33 
-0.00439673 0.062 0.062 0.062 -0.0062 -0.031 0.051 0.587785 0.809017 -4.9538e-17 3.59915e-17 
-0.00701832 0.062 0.062 0.062 -0.031 0.031 0.051 0.587785 0.809017 -4.9538e-17 3.59915e-17 
-0.00853128 0.062 0.062 0.062 0.0186 -0.031 0.051 -0.587785 0.809017 -4.9538e-17 -3.59915e-17 
-0.00971443 0.062 0.062 0.062 -0.051 -0.0186 0.031 -0.218508 0.672498 -0.218508 0.672499 
-0.0152728 0.062 0.062 0.062 0.0186 0.0062 0.051 -0.587785 0.809017 -4.9538e-17 -3.59915e-17 
-0.0787996 0.062 0.062 0.062 0.0186 0.031 0.051 0.951057 0.309017 1.89218e-17 5.82354e-17 
-0.21603 0.062 0.062 0.062 0.031 0.031 0.051 0.951057 0.309017 1.89218e-17 5.82354e-17 
