0.0575355 
0.0333931 
0.0534565 
0.0757321 
0.0910283 
0.096705 
0.243735 
0.0620006 
0.1018 
0.0584441 
0.098972 
0.047745 
0.148786 
0.0438266 
0.0609415 
0.0576036 
0.0817073 
0.0276881 
0.11927 
0.00516215 
0.0895121 
0.00353978 
0.0420674 
0.0856931 
0.00965694 
0.0914039 
0.013035 
0.127869 
0.102591 
0.116881 
0.0820336 
0.00140232 
0.081114 
0.0107982 
0.0826938 
0.0876432 
0.0360088 
0.149426 
0.109513 
0.116616 
0.0727533 
0.0379798 
0.113679 
0.000918469 
0.156396 
0.0198009 
0.0888163 
0.0617478 
0.0735576 
0.0218126 
0.11391 
0.0351782 
0.14309 
0.0225526 
0.115066 
0.0622564 
0.0254177 
0.125066 
0.0305803 
0.0672812 
0.0429895 
0.0871339 
0.0372747 
0.00385749 
0.237558 
0.0423052 
0.0496542 
0.0281997 
0.00462518 
0.0407289 
0.0715173 
0.0305662 
0.0389903 
0.0101454 
0.0540062 
0.0678731 
0.0939571 
0.0107315 
0.00167822 
0.0725809 
0.0682922 
0.0599579 
0.0417402 
0.0230242 
0.100781 
0.0396344 
0.0168765 
0.0493412 
0.0959443 
0.0182949 
0.00342165 
0.0239366 
0.0422057 
0.0461495 
0.057419 
0.0153605 
0.0326926 
0.0548251 
0.061815 
0.0783103 
0.114579 
0.0353074 
0.0584561 
0.0442041 
0.0124555 
0.0280891 
