0.0575355 0.04 0.1 0.2 -0.02 -0.07 6.93889e-18 -0.415627 -0.572061 -0.572061 0.415629 
0.0333931 0.04 0.1 0.2 -0.02 0.07 0.02 0.415627 0.572061 -0.572061 0.415629 
0.0534565 0.04 0.1 0.2 -0.02 -0.07 0.02 -0.415627 -0.572061 -0.572061 0.415629 
0.0757321 0.04 0.1 0.2 -0.02 0.07 0.04 0.415627 0.572061 -0.572061 0.415629 
0.0910283 0.04 0.1 0.2 -0.02 -0.07 0.04 -0.415627 -0.572061 -0.572061 0.415629 
0.096705 0.04 0.1 0.2 -0.02 0.07 0.06 0.415627 0.572061 -0.572061 0.415629 
0.243735 0.04 0.1 0.2 -0.02 -0.07 0.06 -0.415627 -0.572061 -0.572061 0.415629 
0.0620006 0.04 0.1 0.2 -0.016 0.07 0.02 0.415627 0.572061 -0.572061 0.415629 
0.1018 0.04 0.1 0.2 -0.016 -0.07 0.02 -0.415627 -0.572061 -0.572061 0.415629 
0.0584441 0.04 0.1 0.2 -0.016 0.07 0.04 0.415627 0.572061 -0.572061 0.415629 
0.098972 0.04 0.1 0.2 -0.016 -0.07 0.04 -0.415627 -0.572061 -0.572061 0.415629 
0.047745 0.04 0.1 0.2 -0.016 0.07 0.06 0.415627 0.572061 -0.572061 0.415629 
0.148786 0.04 0.1 0.2 -0.016 -0.07 0.06 -0.415627 -0.572061 -0.572061 0.415629 
0.0438266 0.04 0.1 0.2 -0.012 0.07 6.93889e-18 0.415627 0.572061 -0.572061 0.415629 
0.0609415 0.04 0.1 0.2 -0.012 -0.07 6.93889e-18 -0.415627 -0.572061 -0.572061 0.415629 
0.0576036 0.04 0.1 0.2 -0.012 0.07 0.02 0.415627 0.572061 -0.572061 0.415629 
0.0817073 0.04 0.1 0.2 -0.012 -0.07 0.02 -0.415627 -0.572061 -0.572061 0.415629 
0.0276881 0.04 0.1 0.2 -0.012 0.07 0.04 0.415627 0.572061 -0.572061 0.415629 
0.11927 0.04 0.1 0.2 -0.012 -0.07 0.04 -0.415627 -0.572061 -0.572061 0.415629 
0.00516215 0.04 0.1 0.2 -0.012 0.07 0.06 0.415627 0.572061 -0.572061 0.415629 
0.0895121 0.04 0.1 0.2 -0.012 -0.07 0.06 -0.415627 -0.572061 -0.572061 0.415629 
0.00353978 0.04 0.1 0.2 -0.008 -0.07 6.93889e-18 -0.415627 -0.572061 -0.572061 0.415629 
0.0420674 0.04 0.1 0.2 -0.008 0.07 0.02 0.415627 0.572061 -0.572061 0.415629 
0.0856931 0.04 0.1 0.2 -0.008 -0.07 0.02 -0.415627 -0.572061 -0.572061 0.415629 
0.00965694 0.04 0.1 0.2 -0.008 0.07 0.04 0.415627 0.572061 -0.572061 0.415629 
0.0914039 0.04 0.1 0.2 -0.008 -0.07 0.04 -0.415627 -0.572061 -0.572061 0.415629 
0.013035 0.04 0.1 0.2 -0.008 0.07 0.06 0.415627 0.572061 -0.572061 0.415629 
0.127869 0.04 0.1 0.2 -0.008 -0.07 0.06 -0.415627 -0.572061 -0.572061 0.415629 
0.102591 0.04 0.1 0.2 0.008 0.07 6.93889e-18 0.572061 -0.415627 0.415627 0.572062 
0.116881 0.04 0.1 0.2 0.008 -0.07 6.93889e-18 -0.572061 0.415627 0.415627 0.572062 
0.0820336 0.04 0.1 0.2 0.008 0.07 0.02 0.572061 -0.415627 0.415627 0.572062 
0.00140232 0.04 0.1 0.2 0.008 -0.07 0.02 -0.572061 0.415627 0.415627 0.572062 
0.081114 0.04 0.1 0.2 0.008 0.07 0.04 0.572061 -0.415627 0.415627 0.572062 
0.0107982 0.04 0.1 0.2 0.008 -0.07 0.04 -0.572061 0.415627 0.415627 0.572062 
0.0826938 0.04 0.1 0.2 0.008 0.07 0.06 0.572061 -0.415627 0.415627 0.572062 
0.0876432 0.04 0.1 0.2 0.012 0.07 6.93889e-18 0.572061 -0.415627 0.415627 0.572062 
0.0360088 0.04 0.1 0.2 0.012 -0.07 6.93889e-18 -0.572061 0.415627 0.415627 0.572062 
0.149426 0.04 0.1 0.2 0.012 0.07 0.02 0.572061 -0.415627 0.415627 0.572062 
0.109513 0.04 0.1 0.2 0.012 -0.07 0.02 -0.572061 0.415627 0.415627 0.572062 
0.116616 0.04 0.1 0.2 0.012 0.07 0.04 0.572061 -0.415627 0.415627 0.572062 
0.0727533 0.04 0.1 0.2 0.012 -0.07 0.04 -0.572061 0.415627 0.415627 0.572062 
0.0379798 0.04 0.1 0.2 0.016 0.07 6.93889e-18 0.572061 -0.415627 0.415627 0.572062 
0.113679 0.04 0.1 0.2 0.016 0.07 0.02 0.572061 -0.415627 0.415627 0.572062 
0.000918469 0.04 0.1 0.2 0.016 -0.07 0.02 -0.572061 0.415627 0.415627 0.572062 
0.156396 0.04 0.1 0.2 0.016 0.07 0.04 0.572061 -0.415627 0.415627 0.572062 
0.0198009 0.04 0.1 0.2 0.016 -0.07 0.04 -0.572061 0.415627 0.415627 0.572062 
0.0888163 0.04 0.1 0.2 0.02 0.07 6.93889e-18 0.572061 -0.415627 0.415627 0.572062 
0.0617478 0.04 0.1 0.2 0.02 -0.07 6.93889e-18 -0.572061 0.415627 0.415627 0.572062 
0.0735576 0.04 0.1 0.2 0.02 0.07 0.02 0.572061 -0.415627 0.415627 0.572062 
0.0218126 0.04 0.1 0.2 0.02 -0.07 0.02 -0.572061 0.415627 0.415627 0.572062 
0.11391 0.04 0.1 0.2 0.02 0.07 0.04 0.572061 -0.415627 0.415627 0.572062 
0.0351782 0.04 0.1 0.2 0.02 -0.07 0.04 -0.572061 0.415627 0.415627 0.572062 
0.14309 0.04 0.1 0.2 0.02 0.07 0.06 0.572061 -0.415627 0.415627 0.572062 
0.0225526 0.04 0.1 0.2 -0.02 -0.03 0.12 0.587785 0.809017 -4.9538e-17 3.59915e-17 
0.115066 0.04 0.1 0.2 -0.02 -0.02 0.12 0.587785 0.809017 -4.9538e-17 3.59915e-17 
0.0622564 0.04 0.1 0.2 -0.02 -0.01 0.12 0.587785 0.809017 -4.9538e-17 3.59915e-17 
0.0254177 0.04 0.1 0.2 -0.02 3.46945e-18 0.12 0.587785 0.809017 -4.9538e-17 3.59915e-17 
0.125066 0.04 0.1 0.2 -0.02 3.46945e-18 0.12 0.809017 0.587785 7.19829e-17 4.9538e-17 
0.0305803 0.04 0.1 0.2 -0.02 0.01 0.12 0.587785 0.809017 -4.9538e-17 3.59915e-17 
0.0672812 0.04 0.1 0.2 -0.02 0.02 0.12 0.587785 0.809017 -4.9538e-17 3.59915e-17 
0.0429895 0.04 0.1 0.2 -0.016 3.46945e-18 0.12 0.587785 0.809017 -4.9538e-17 3.59915e-17 
0.0871339 0.04 0.1 0.2 -0.016 0.01 0.12 0.587785 0.809017 -4.9538e-17 3.59915e-17 
0.0372747 0.04 0.1 0.2 -0.016 0.02 0.12 0.587785 0.809017 -4.9538e-17 3.59915e-17 
0.00385749 0.04 0.1 0.2 -0.012 -0.03 0.12 0.587785 0.809017 -4.9538e-17 3.59915e-17 
0.237558 0.04 0.1 0.2 -0.012 -0.02 0.12 0.587785 0.809017 -4.9538e-17 3.59915e-17 
0.0423052 0.04 0.1 0.2 -0.012 -0.01 0.12 0.587785 0.809017 -4.9538e-17 3.59915e-17 
0.0496542 0.04 0.1 0.2 -0.012 0.01 0.12 0.587785 0.809017 -4.9538e-17 3.59915e-17 
0.0281997 0.04 0.1 0.2 -0.012 0.04 0.12 1 0 0 6.12323e-17 
0.00462518 0.04 0.1 0.2 -0.008 -0.03 0.12 0.587785 0.809017 -4.9538e-17 3.59915e-17 
0.0407289 0.04 0.1 0.2 -0.008 3.46945e-18 0.12 0.587785 0.809017 -4.9538e-17 3.59915e-17 
0.0715173 0.04 0.1 0.2 0 -0.05 0.12 0.309017 0.951057 -5.82354e-17 1.89218e-17 
0.0305662 0.04 0.1 0.2 0 -0.04 0.12 0.309017 0.951057 -5.82354e-17 1.89218e-17 
0.0389903 0.04 0.1 0.2 0 0.04 0.12 0.951057 -0.309017 -3.78436e-17 5.82354e-17 
0.0101454 0.04 0.1 0.2 0.004 -0.04 0.12 0.309017 0.951057 -5.82354e-17 1.89218e-17 
0.0540062 0.04 0.1 0.2 0.004 0.04 0.12 0.809017 -0.587785 -7.19829e-17 4.9538e-17 
0.0678731 0.04 0.1 0.2 0.008 -0.01 0.12 0.809017 -0.587785 -7.19829e-17 4.9538e-17 
0.0939571 0.04 0.1 0.2 0.008 0.02 0.12 0.809017 -0.587785 -7.19829e-17 4.9538e-17 
0.0107315 0.04 0.1 0.2 0.008 0.04 0.12 0.951057 -0.309017 -3.78436e-17 5.82354e-17 
0.00167822 0.04 0.1 0.2 0.008 0.04 0.12 0.809017 -0.587785 -7.19829e-17 4.9538e-17 
0.0725809 0.04 0.1 0.2 0.012 -0.04 0.12 0.309017 0.951057 -5.82354e-17 1.89218e-17 
0.0682922 0.04 0.1 0.2 0.012 -0.03 0.12 -0.309017 0.951057 -5.82354e-17 -1.89218e-17 
0.0599579 0.04 0.1 0.2 0.012 -0.01 0.12 0.809017 -0.587785 -7.19829e-17 4.9538e-17 
0.0417402 0.04 0.1 0.2 0.012 -0.01 0.12 -0.587785 0.809017 -4.9538e-17 -3.59915e-17 
0.0230242 0.04 0.1 0.2 0.012 3.46945e-18 0.12 0.809017 -0.587785 -7.19829e-17 4.9538e-17 
0.100781 0.04 0.1 0.2 0.012 0.01 0.12 0.809017 -0.587785 -7.19829e-17 4.9538e-17 
0.0396344 0.04 0.1 0.2 0.012 0.02 0.12 0.809017 -0.587785 -7.19829e-17 4.9538e-17 
0.0168765 0.04 0.1 0.2 0.012 0.03 0.12 0.809017 -0.587785 -7.19829e-17 4.9538e-17 
0.0493412 0.04 0.1 0.2 0.012 0.04 0.12 0.809017 -0.587785 -7.19829e-17 4.9538e-17 
0.0959443 0.04 0.1 0.2 0.016 -0.05 0.12 0.309017 0.951057 -5.82354e-17 1.89218e-17 
0.0182949 0.04 0.1 0.2 0.016 -0.04 0.12 6.12323e-17 1 -6.12323e-17 3.7494e-33 
0.00342165 0.04 0.1 0.2 0.016 -0.02 0.12 0.809017 -0.587785 -7.19829e-17 4.9538e-17 
0.0239366 0.04 0.1 0.2 0.016 -0.01 0.12 0.809017 -0.587785 -7.19829e-17 4.9538e-17 
0.0422057 0.04 0.1 0.2 0.016 3.46945e-18 0.12 0.809017 -0.587785 -7.19829e-17 4.9538e-17 
0.0461495 0.04 0.1 0.2 0.016 0.01 0.12 0.809017 -0.587785 -7.19829e-17 4.9538e-17 
0.057419 0.04 0.1 0.2 0.016 0.02 0.12 0.809017 -0.587785 -7.19829e-17 4.9538e-17 
0.0153605 0.04 0.1 0.2 0.016 0.03 0.12 0.809017 -0.587785 -7.19829e-17 4.9538e-17 
0.0326926 0.04 0.1 0.2 0.016 0.04 0.12 0.809017 -0.587785 -7.19829e-17 4.9538e-17 
0.0548251 0.04 0.1 0.2 0.02 -0.02 0.12 0.809017 -0.587785 -7.19829e-17 4.9538e-17 
0.061815 0.04 0.1 0.2 0.02 -0.02 0.12 -0.309017 0.951057 -5.82354e-17 -1.89218e-17 
0.0783103 0.04 0.1 0.2 0.02 -0.01 0.12 0.809017 -0.587785 -7.19829e-17 4.9538e-17 
0.114579 0.04 0.1 0.2 0.02 -0.01 0.12 -0.587785 0.809017 -4.9538e-17 -3.59915e-17 
0.0353074 0.04 0.1 0.2 0.02 3.46945e-18 0.12 0.809017 -0.587785 -7.19829e-17 4.9538e-17 
0.0584561 0.04 0.1 0.2 0.02 0.02 0.12 0.809017 -0.587785 -7.19829e-17 4.9538e-17 
0.0442041 0.04 0.1 0.2 0.02 0.03 0.12 0.809017 -0.587785 -7.19829e-17 4.9538e-17 
0.0124555 0.04 0.1 0.2 0.02 0.04 0.12 0.951057 -0.309017 -3.78436e-17 5.82354e-17 
0.0280891 0.04 0.1 0.2 0.02 0.04 0.12 0.809017 -0.587785 -7.19829e-17 4.9538e-17 
