0 0.024 0.016 0.15 -0.032 -0.008 -0.015 -0.218508 0.672498 -0.218508 0.672499 
0 0.024 0.016 0.15 -0.032 -0.008 0.015 -0.218508 0.672498 -0.218508 0.672499 
0 0.024 0.016 0.15 0.032 -0.008 0.045 0.218508 -0.672498 -0.218508 0.672499 
0 0.024 0.016 0.15 0.032 -0.008 0.045 -0.218508 -0.672498 0.218508 0.672499 
0.0150901 0.024 0.016 0.15 -0.032 -0.008 0.045 0.707107 -4.32978e-17 0.707107 -4.32978e-17 
0 0.024 0.016 0.15 -0.032 -0.008 0.045 -0.218508 0.672498 -0.218508 0.672499 
0 0.024 0.016 0.15 0.032 -0.008 0.075 0.218508 -0.672498 -0.218508 0.672499 
0 0.024 0.016 0.15 0.032 -0.008 0.075 -0.218508 -0.672498 0.218508 0.672499 
0 0.024 0.016 0.15 0.032 -0.008 0.075 -0.572061 -0.415627 0.572061 0.415629 
0 0.024 0.016 0.15 -0.032 -0.008 0.075 0.707107 -4.32978e-17 0.707107 -4.32978e-17 
0 0.024 0.016 0.15 -0.032 -0.008 0.075 -0.572061 0.415627 -0.572061 0.415629 
0 0.024 0.016 0.15 -0.032 -0.008 0.075 -0.218508 0.672498 -0.218508 0.672499 
0 0.024 0.016 0.15 0.032 -0.0048 0.045 -0.218508 -0.672498 0.218508 0.672499 
0.00717844 0.024 0.016 0.15 -0.032 -0.0048 0.045 0.707107 -4.32978e-17 0.707107 -4.32978e-17 
0 0.024 0.016 0.15 -0.032 -0.0048 0.045 -0.218508 0.672498 -0.218508 0.672499 
0 0.024 0.016 0.15 0.032 -0.0048 0.075 -0.218508 -0.672498 0.218508 0.672499 
0 0.024 0.016 0.15 0.032 -0.0048 0.075 -0.572061 -0.415627 0.572061 0.415629 
0 0.024 0.016 0.15 -0.032 -0.0048 0.075 0.707107 -4.32978e-17 0.707107 -4.32978e-17 
0 0.024 0.016 0.15 -0.032 -0.0048 0.075 -0.572061 0.415627 -0.572061 0.415629 
0 0.024 0.016 0.15 -0.032 -0.0048 0.075 -0.218508 0.672498 -0.218508 0.672499 
0.0127829 0.024 0.016 0.15 -0.032 -0.0016 0.015 0.707107 -4.32978e-17 0.707107 -4.32978e-17 
0 0.024 0.016 0.15 0.032 -0.0016 0.045 -0.218508 -0.672498 0.218508 0.672499 
0.0226509 0.024 0.016 0.15 -0.032 -0.0016 0.045 0.707107 -4.32978e-17 0.707107 -4.32978e-17 
0 0.024 0.016 0.15 0.032 -0.0016 0.075 -0.218508 -0.672498 0.218508 0.672499 
0 0.024 0.016 0.15 0.032 -0.0016 0.075 -0.572061 -0.415627 0.572061 0.415629 
0 0.024 0.016 0.15 -0.032 -0.0016 0.075 0.707107 -4.32978e-17 0.707107 -4.32978e-17 
0 0.024 0.016 0.15 -0.032 -0.0016 0.075 -0.572061 0.415627 -0.572061 0.415629 
0 0.024 0.016 0.15 -0.032 -0.0016 0.075 -0.218508 0.672498 -0.218508 0.672499 
0 0.024 0.016 0.15 0.032 0.0016 0.015 0.707107 -4.32978e-17 -0.707107 4.32978e-17 
0.00616778 0.024 0.016 0.15 -0.032 0.0016 0.015 0.707107 -4.32978e-17 0.707107 -4.32978e-17 
0 0.024 0.016 0.15 0.032 0.0016 0.045 0.707107 -4.32978e-17 -0.707107 4.32978e-17 
0 0.024 0.016 0.15 0.032 0.0016 0.045 -0.218508 -0.672498 0.218508 0.672499 
0.0506504 0.024 0.016 0.15 -0.032 0.0016 0.045 0.707107 -4.32978e-17 0.707107 -4.32978e-17 
0 0.024 0.016 0.15 0.032 0.0016 0.075 0.707107 -4.32978e-17 -0.707107 4.32978e-17 
0 0.024 0.016 0.15 0.032 0.0016 0.075 -0.218508 -0.672498 0.218508 0.672499 
0 0.024 0.016 0.15 0.032 0.0016 0.075 -0.572061 -0.415627 0.572061 0.415629 
0 0.024 0.016 0.15 -0.032 0.0016 0.075 0.707107 -4.32978e-17 0.707107 -4.32978e-17 
0 0.024 0.016 0.15 -0.032 0.0016 0.075 -0.572061 0.415627 -0.572061 0.415629 
0 0.024 0.016 0.15 -0.032 0.0016 0.075 -0.218508 0.672498 -0.218508 0.672499 
0 0.024 0.016 0.15 0.032 0.0048 0.015 0.707107 -4.32978e-17 -0.707107 4.32978e-17 
0.000682173 0.024 0.016 0.15 -0.032 0.0048 0.015 0.707107 -4.32978e-17 0.707107 -4.32978e-17 
0 0.024 0.016 0.15 0.032 0.0048 0.045 0.707107 -4.32978e-17 -0.707107 4.32978e-17 
0 0.024 0.016 0.15 0.032 0.0048 0.045 -0.218508 -0.672498 0.218508 0.672499 
0.0412231 0.024 0.016 0.15 -0.032 0.0048 0.045 0.707107 -4.32978e-17 0.707107 -4.32978e-17 
0 0.024 0.016 0.15 0.032 0.0048 0.075 0.707107 -4.32978e-17 -0.707107 4.32978e-17 
0 0.024 0.016 0.15 0.032 0.0048 0.075 -0.218508 -0.672498 0.218508 0.672499 
0 0.024 0.016 0.15 0.032 0.0048 0.075 -0.572061 -0.415627 0.572061 0.415629 
0 0.024 0.016 0.15 -0.032 0.0048 0.075 0.707107 -4.32978e-17 0.707107 -4.32978e-17 
0 0.024 0.016 0.15 -0.032 0.0048 0.075 -0.572061 0.415627 -0.572061 0.415629 
0 0.024 0.016 0.15 -0.032 0.0048 0.075 -0.218508 0.672498 -0.218508 0.672499 
0 0.024 0.016 0.15 0.032 0.008 0.015 0.707107 -4.32978e-17 -0.707107 4.32978e-17 
0.0622401 0.024 0.016 0.15 -0.032 0.008 0.015 0.707107 -4.32978e-17 0.707107 -4.32978e-17 
0 0.024 0.016 0.15 0.032 0.008 0.045 0.707107 -4.32978e-17 -0.707107 4.32978e-17 
0 0.024 0.016 0.15 -0.032 0.008 0.045 0.707107 -4.32978e-17 0.707107 -4.32978e-17 
0 0.024 0.016 0.15 -0.032 0.008 0.045 -0.572061 0.415627 -0.572061 0.415629 
0 0.024 0.016 0.15 0.032 0.008 0.075 0.707107 -4.32978e-17 -0.707107 4.32978e-17 
0 0.024 0.016 0.15 0.032 0.008 0.075 -0.218508 -0.672498 0.218508 0.672499 
0 0.024 0.016 0.15 0.032 0.008 0.075 -0.572061 -0.415627 0.572061 0.415629 
0 0.024 0.016 0.15 -0.032 0.008 0.075 0.707107 -4.32978e-17 0.707107 -4.32978e-17 
0 0.024 0.016 0.15 -0.032 0.008 0.075 -0.572061 0.415627 -0.572061 0.415629 
0 0.024 0.016 0.15 -0.032 0.008 0.075 -0.218508 0.672498 -0.218508 0.672499 
0.012376 0.024 0.016 0.15 -0.012 0.028 0.015 0.415627 0.572061 -0.572061 0.415629 
0 0.024 0.016 0.15 -0.012 0.028 0.045 0.415627 0.572061 -0.572061 0.415629 
0.0237338 0.024 0.016 0.15 -0.012 -0.028 0.045 -0.415627 -0.572061 -0.572061 0.415629 
0 0.024 0.016 0.15 -0.012 -0.028 0.045 -0.672499 -0.218508 -0.218508 0.672498 
0 0.024 0.016 0.15 -0.012 0.028 0.075 -8.65956e-17 0.707107 -0.707107 4.32978e-17 
0 0.024 0.016 0.15 -0.012 0.028 0.075 0.415627 0.572061 -0.572061 0.415629 
0.0452435 0.024 0.016 0.15 -0.012 -0.028 0.075 -0.415627 -0.572061 -0.572061 0.415629 
0 0.024 0.016 0.15 -0.012 -0.028 0.075 -0.672499 -0.218508 -0.218508 0.672498 
0.069726 0.024 0.016 0.15 -0.0072 0.028 0.015 0.415627 0.572061 -0.572061 0.415629 
0 0.024 0.016 0.15 -0.0072 0.028 0.045 0.415627 0.572061 -0.572061 0.415629 
0.0480738 0.024 0.016 0.15 -0.0072 -0.028 0.045 -0.415627 -0.572061 -0.572061 0.415629 
0 0.024 0.016 0.15 -0.0072 -0.028 0.045 -0.672499 -0.218508 -0.218508 0.672498 
0 0.024 0.016 0.15 -0.0072 0.028 0.075 -8.65956e-17 0.707107 -0.707107 4.32978e-17 
0 0.024 0.016 0.15 -0.0072 0.028 0.075 0.415627 0.572061 -0.572061 0.415629 
0.110132 0.024 0.016 0.15 -0.0072 -0.028 0.075 -0.415627 -0.572061 -0.572061 0.415629 
0 0.024 0.016 0.15 -0.0072 -0.028 0.075 -0.672499 -0.218508 -0.218508 0.672498 
0.0235546 0.024 0.016 0.15 -0.0024 0.028 0.015 0.415627 0.572061 -0.572061 0.415629 
0 0.024 0.016 0.15 -0.0024 0.028 0.045 0.415627 0.572061 -0.572061 0.415629 
0 0.024 0.016 0.15 -0.0024 0.028 0.045 0.415627 -0.572061 0.572061 0.415629 
0.0359324 0.024 0.016 0.15 -0.0024 -0.028 0.045 -0.415627 -0.572061 -0.572061 0.415629 
0 0.024 0.016 0.15 -0.0024 0.028 0.075 -8.65956e-17 0.707107 -0.707107 4.32978e-17 
0 0.024 0.016 0.15 -0.0024 0.028 0.075 0.415627 0.572061 -0.572061 0.415629 
0 0.024 0.016 0.15 -0.0024 0.028 0.075 0.415627 -0.572061 0.572061 0.415629 
0.0163109 0.024 0.016 0.15 -0.0024 -0.028 0.075 -0.415627 -0.572061 -0.572061 0.415629 
0 0.024 0.016 0.15 -0.0024 -0.028 0.075 -0.672499 -0.218508 -0.218508 0.672498 
0 0.024 0.016 0.15 0.0024 0.028 0.045 0.415627 -0.572061 0.572061 0.415629 
0 0.024 0.016 0.15 0.0024 0.028 0.075 -8.65956e-17 0.707107 -0.707107 4.32978e-17 
0 0.024 0.016 0.15 0.0024 0.028 0.075 0.415627 0.572061 -0.572061 0.415629 
0 0.024 0.016 0.15 0.0024 0.028 0.075 0.415627 -0.572061 0.572061 0.415629 
0 0.024 0.016 0.15 0.0024 -0.028 0.075 -0.672499 -0.218508 -0.218508 0.672498 
0 0.024 0.016 0.15 0.0072 0.028 0.045 0.415627 -0.572061 0.572061 0.415629 
0 0.024 0.016 0.15 0.0072 0.028 0.075 -8.65956e-17 0.707107 -0.707107 4.32978e-17 
0 0.024 0.016 0.15 0.0072 0.028 0.075 0.415627 0.572061 -0.572061 0.415629 
0 0.024 0.016 0.15 0.0072 0.028 0.075 0.415627 -0.572061 0.572061 0.415629 
0 0.024 0.016 0.15 0.0072 -0.028 0.075 -0.672499 -0.218508 -0.218508 0.672498 
0 0.024 0.016 0.15 -0.012 -0.008 0.095 6.12323e-17 1 -6.12323e-17 3.7494e-33 
0 0.024 0.016 0.15 -0.012 -0.008 0.095 0.587785 0.809017 -4.9538e-17 3.59915e-17 
0 0.024 0.016 0.15 -0.012 -0.008 0.095 0.951057 0.309017 3.78436e-17 5.82354e-17 
0 0.024 0.016 0.15 -0.012 -0.0048 0.095 6.12323e-17 1 -6.12323e-17 3.7494e-33 
0.0123372 0.024 0.016 0.15 -0.012 -0.0048 0.095 0.587785 0.809017 -4.9538e-17 3.59915e-17 
0 0.024 0.016 0.15 -0.012 -0.0048 0.095 0.951057 0.309017 3.78436e-17 5.82354e-17 
0 0.024 0.016 0.15 -0.012 -0.0016 0.095 6.12323e-17 1 -6.12323e-17 3.7494e-33 
0 0.024 0.016 0.15 -0.012 -0.0016 0.095 0.587785 0.809017 -4.9538e-17 3.59915e-17 
0 0.024 0.016 0.15 -0.012 -0.0016 0.095 0.951057 0.309017 3.78436e-17 5.82354e-17 
0 0.024 0.016 0.15 -0.012 0.0016 0.095 6.12323e-17 1 -6.12323e-17 3.7494e-33 
0.00743868 0.024 0.016 0.15 -0.012 0.0016 0.095 0.587785 0.809017 -4.9538e-17 3.59915e-17 
0 0.024 0.016 0.15 -0.012 0.0016 0.095 0.951057 0.309017 3.78436e-17 5.82354e-17 
0 0.024 0.016 0.15 -0.012 0.0048 0.095 6.12323e-17 1 -6.12323e-17 3.7494e-33 
0.00167746 0.024 0.016 0.15 -0.012 0.0048 0.095 0.587785 0.809017 -4.9538e-17 3.59915e-17 
0 0.024 0.016 0.15 -0.012 0.0048 0.095 0.951057 0.309017 3.78436e-17 5.82354e-17 
0 0.024 0.016 0.15 -0.012 0.008 0.095 6.12323e-17 1 -6.12323e-17 3.7494e-33 
0 0.024 0.016 0.15 -0.012 0.008 0.095 0.587785 0.809017 -4.9538e-17 3.59915e-17 
0 0.024 0.016 0.15 -0.012 0.008 0.095 0.951057 0.309017 3.78436e-17 5.82354e-17 
0 0.024 0.016 0.15 -0.0072 -0.008 0.095 6.12323e-17 1 -6.12323e-17 3.7494e-33 
-0.00443764 0.024 0.016 0.15 -0.0072 -0.008 0.095 0.587785 0.809017 -4.9538e-17 3.59915e-17 
0 0.024 0.016 0.15 -0.0072 -0.008 0.095 0.951057 0.309017 3.78436e-17 5.82354e-17 
0 0.024 0.016 0.15 -0.0072 -0.0048 0.095 6.12323e-17 1 -6.12323e-17 3.7494e-33 
0.0248109 0.024 0.016 0.15 -0.0072 -0.0048 0.095 0.587785 0.809017 -4.9538e-17 3.59915e-17 
0 0.024 0.016 0.15 -0.0072 -0.0048 0.095 0.951057 0.309017 3.78436e-17 5.82354e-17 
0 0.024 0.016 0.15 -0.0072 -0.0016 0.095 6.12323e-17 1 -6.12323e-17 3.7494e-33 
0 0.024 0.016 0.15 -0.0072 -0.0016 0.095 0.587785 0.809017 -4.9538e-17 3.59915e-17 
0 0.024 0.016 0.15 -0.0072 -0.0016 0.095 0.951057 0.309017 3.78436e-17 5.82354e-17 
0 0.024 0.016 0.15 -0.0072 0.0016 0.095 6.12323e-17 1 -6.12323e-17 3.7494e-33 
0.0109225 0.024 0.016 0.15 -0.0072 0.0016 0.095 0.587785 0.809017 -4.9538e-17 3.59915e-17 
0 0.024 0.016 0.15 -0.0072 0.0016 0.095 0.951057 0.309017 3.78436e-17 5.82354e-17 
0 0.024 0.016 0.15 -0.0072 0.0048 0.095 6.12323e-17 1 -6.12323e-17 3.7494e-33 
0.0111425 0.024 0.016 0.15 -0.0072 0.0048 0.095 0.587785 0.809017 -4.9538e-17 3.59915e-17 
0 0.024 0.016 0.15 -0.0072 0.0048 0.095 0.951057 0.309017 3.78436e-17 5.82354e-17 
0 0.024 0.016 0.15 -0.0072 0.008 0.095 6.12323e-17 1 -6.12323e-17 3.7494e-33 
0 0.024 0.016 0.15 -0.0072 0.008 0.095 0.587785 0.809017 -4.9538e-17 3.59915e-17 
0 0.024 0.016 0.15 -0.0072 0.008 0.095 0.951057 0.309017 3.78436e-17 5.82354e-17 
0 0.024 0.016 0.15 -0.0024 -0.008 0.095 6.12323e-17 1 -6.12323e-17 3.7494e-33 
0.00377577 0.024 0.016 0.15 -0.0024 -0.008 0.095 0.587785 0.809017 -4.9538e-17 3.59915e-17 
0.0283481 0.024 0.016 0.15 -0.0024 -0.008 0.095 0.951057 0.309017 3.78436e-17 5.82354e-17 
0 0.024 0.016 0.15 -0.0024 -0.0048 0.095 6.12323e-17 1 -6.12323e-17 3.7494e-33 
0 0.024 0.016 0.15 -0.0024 -0.0048 0.095 0.587785 0.809017 -4.9538e-17 3.59915e-17 
0.0343678 0.024 0.016 0.15 -0.0024 -0.0048 0.095 0.951057 0.309017 3.78436e-17 5.82354e-17 
0 0.024 0.016 0.15 -0.0024 -0.0016 0.095 6.12323e-17 1 -6.12323e-17 3.7494e-33 
0 0.024 0.016 0.15 -0.0024 -0.0016 0.095 0.587785 0.809017 -4.9538e-17 3.59915e-17 
0 0.024 0.016 0.15 -0.0024 -0.0016 0.095 0.951057 0.309017 3.78436e-17 5.82354e-17 
0 0.024 0.016 0.15 -0.0024 0.0016 0.095 6.12323e-17 1 -6.12323e-17 3.7494e-33 
0 0.024 0.016 0.15 -0.0024 0.0016 0.095 0.587785 0.809017 -4.9538e-17 3.59915e-17 
0 0.024 0.016 0.15 -0.0024 0.0016 0.095 0.951057 0.309017 3.78436e-17 5.82354e-17 
0 0.024 0.016 0.15 -0.0024 0.0048 0.095 6.12323e-17 1 -6.12323e-17 3.7494e-33 
0 0.024 0.016 0.15 -0.0024 0.0048 0.095 0.587785 0.809017 -4.9538e-17 3.59915e-17 
0 0.024 0.016 0.15 -0.0024 0.0048 0.095 0.951057 0.309017 3.78436e-17 5.82354e-17 
0 0.024 0.016 0.15 -0.0024 0.008 0.095 6.12323e-17 1 -6.12323e-17 3.7494e-33 
0 0.024 0.016 0.15 -0.0024 0.008 0.095 0.587785 0.809017 -4.9538e-17 3.59915e-17 
0 0.024 0.016 0.15 -0.0024 0.008 0.095 0.951057 0.309017 3.78436e-17 5.82354e-17 
0 0.024 0.016 0.15 0.0024 -0.008 0.095 6.12323e-17 1 -6.12323e-17 3.7494e-33 
0 0.024 0.016 0.15 0.0024 -0.008 0.095 0.587785 0.809017 -4.9538e-17 3.59915e-17 
0 0.024 0.016 0.15 0.0024 -0.008 0.095 0.951057 -0.309017 -3.78436e-17 5.82354e-17 
0.00833527 0.024 0.016 0.15 0.0024 -0.0048 0.095 6.12323e-17 1 -6.12323e-17 3.7494e-33 
0 0.024 0.016 0.15 0.0024 -0.0048 0.095 0.587785 0.809017 -4.9538e-17 3.59915e-17 
0 0.024 0.016 0.15 0.0024 -0.0048 0.095 0.951057 -0.309017 -3.78436e-17 5.82354e-17 
0 0.024 0.016 0.15 0.0024 -0.0016 0.095 6.12323e-17 1 -6.12323e-17 3.7494e-33 
0 0.024 0.016 0.15 0.0024 -0.0016 0.095 0.587785 0.809017 -4.9538e-17 3.59915e-17 
0 0.024 0.016 0.15 0.0024 -0.0016 0.095 0.951057 0.309017 3.78436e-17 5.82354e-17 
0 0.024 0.016 0.15 0.0024 0.0016 0.095 6.12323e-17 1 -6.12323e-17 3.7494e-33 
0 0.024 0.016 0.15 0.0024 0.0016 0.095 0.587785 0.809017 -4.9538e-17 3.59915e-17 
0 0.024 0.016 0.15 0.0024 0.0016 0.095 0.951057 0.309017 3.78436e-17 5.82354e-17 
0 0.024 0.016 0.15 0.0024 0.0048 0.095 6.12323e-17 1 -6.12323e-17 3.7494e-33 
0 0.024 0.016 0.15 0.0024 0.0048 0.095 0.587785 0.809017 -4.9538e-17 3.59915e-17 
0.00454869 0.024 0.016 0.15 0.0024 0.0048 0.095 0.951057 0.309017 3.78436e-17 5.82354e-17 
0 0.024 0.016 0.15 0.0024 0.008 0.095 6.12323e-17 1 -6.12323e-17 3.7494e-33 
0.00285427 0.024 0.016 0.15 0.0024 0.008 0.095 0.951057 0.309017 3.78436e-17 5.82354e-17 
0.00624093 0.024 0.016 0.15 0.0024 0.008 0.095 -0.587785 0.809017 -4.9538e-17 -3.59915e-17 
0 0.024 0.016 0.15 0.0072 -0.008 0.095 6.12323e-17 1 -6.12323e-17 3.7494e-33 
0 0.024 0.016 0.15 0.0072 -0.008 0.095 0.587785 0.809017 -4.9538e-17 3.59915e-17 
0 0.024 0.016 0.15 0.0072 -0.008 0.095 0.951057 -0.309017 -3.78436e-17 5.82354e-17 
0 0.024 0.016 0.15 0.0072 -0.0048 0.095 6.12323e-17 1 -6.12323e-17 3.7494e-33 
0 0.024 0.016 0.15 0.0072 -0.0048 0.095 0.587785 0.809017 -4.9538e-17 3.59915e-17 
0 0.024 0.016 0.15 0.0072 -0.0048 0.095 0.951057 -0.309017 -3.78436e-17 5.82354e-17 
0 0.024 0.016 0.15 0.0072 -0.0016 0.095 6.12323e-17 1 -6.12323e-17 3.7494e-33 
0.00111364 0.024 0.016 0.15 0.0072 -0.0016 0.095 0.951057 -0.309017 -3.78436e-17 5.82354e-17 
0.0744 0.024 0.016 0.15 0.0072 -0.0016 0.095 -0.587785 0.809017 -4.9538e-17 -3.59915e-17 
0 0.024 0.016 0.15 0.0072 0.0016 0.095 6.12323e-17 1 -6.12323e-17 3.7494e-33 
0 0.024 0.016 0.15 0.0072 0.0016 0.095 0.951057 0.309017 3.78436e-17 5.82354e-17 
0 0.024 0.016 0.15 0.0072 0.0016 0.095 -0.587785 0.809017 -4.9538e-17 -3.59915e-17 
0 0.024 0.016 0.15 0.0072 0.0048 0.095 6.12323e-17 1 -6.12323e-17 3.7494e-33 
0 0.024 0.016 0.15 0.0072 0.0048 0.095 0.951057 0.309017 3.78436e-17 5.82354e-17 
0 0.024 0.016 0.15 0.0072 0.0048 0.095 -0.587785 0.809017 -4.9538e-17 -3.59915e-17 
0 0.024 0.016 0.15 0.0072 0.008 0.095 6.12323e-17 1 -6.12323e-17 3.7494e-33 
0 0.024 0.016 0.15 0.0072 0.008 0.095 0.951057 0.309017 3.78436e-17 5.82354e-17 
0.0143398 0.024 0.016 0.15 0.0072 0.008 0.095 -0.587785 0.809017 -4.9538e-17 -3.59915e-17 
