1 0.03 0.1 0.2 -0.015 0.07 0.02 0.415627 0.572061 -0.572061 0.415629 
2 0.03 0.1 0.2 -0.015 -0.07 0.02 -0.415627 -0.572061 -0.572061 0.415629 
3 0.03 0.1 0.2 -0.015 0.07 0.06 0.415627 0.572061 -0.572061 0.415629 
4 0.03 0.1 0.2 -0.015 -0.07 0.06 -0.415627 -0.572061 -0.572061 0.415629 
5 0.03 0.1 0.2 -0.009 0.07 0.02 0.415627 0.572061 -0.572061 0.415629 
6 0.03 0.1 0.2 -0.009 -0.07 0.02 -0.415627 -0.572061 -0.572061 0.415629 
7 0.03 0.1 0.2 -0.009 0.07 0.06 0.415627 0.572061 -0.572061 0.415629 
8 0.03 0.1 0.2 -0.009 -0.07 0.06 -0.415627 -0.572061 -0.572061 0.415629 
9 0.03 0.1 0.2 -0.003 0.07 0.02 0.415627 0.572061 -0.572061 0.415629 
10 0.03 0.1 0.2 -0.003 0.07 0.06 0.415627 0.572061 -0.572061 0.415629 
11 0.03 0.1 0.2 -0.003 -0.07 0.06 -0.415627 -0.572061 -0.572061 0.415629 
12 0.03 0.1 0.2 -0.015 -0.01 0.12 0.587785 0.809017 -4.9538e-17 3.59915e-17 
13 0.03 0.1 0.2 -0.015 0.01 0.12 0.587785 0.809017 -4.9538e-17 3.59915e-17 
14 0.03 0.1 0.2 -0.009 -0.01 0.12 0.587785 0.809017 -4.9538e-17 3.59915e-17 
15 0.03 0.1 0.2 -0.009 0.01 0.12 0.587785 0.809017 -4.9538e-17 3.59915e-17 
16 0.03 0.1 0.2 -0.003 0.01 0.12 0.587785 0.809017 -4.9538e-17 3.59915e-17 