-inf 0.05 0.05 0.05 -0.025 -0.025 0.045 0.309017 0.951057 -5.82354e-17 1.89218e-17 
-0.0453412 0.05 0.05 0.05 -0.025 -0.025 0.045 0.727148 0.68648 8.40695e-17 4.4525e-17 
0 0.05 0.05 0.05 -0.025 -0.025 0.045 0.171711 0.985147 -6.03229e-17 1.05143e-17 
0 0.05 0.05 0.05 -0.025 -0.025 0.045 0.983589 0.180422 2.20953e-17 6.02275e-17 
0 0.05 0.05 0.05 -0.025 -0.025 0.045 0.733197 0.680017 8.32779e-17 4.48953e-17 
0 0.05 0.05 0.05 -0.025 -0.025 0.045 0.999021 -0.0442365 -5.41742e-18 6.11724e-17 
0 0.05 0.05 0.05 -0.025 -0.025 0.045 0.584204 0.811607 -4.96966e-17 3.57721e-17 
0 0.05 0.05 0.05 -0.025 -0.025 0.045 -0.412111 0.911134 -5.57908e-17 -2.52345e-17 
0 0.05 0.05 0.05 -0.025 -0.025 0.045 0.0839833 0.996467 -6.10159e-17 5.14248e-18 
0 0.05 0.05 0.05 -0.025 -0.025 0.045 -0.463808 0.885936 -5.42479e-17 -2.84e-17 
0 0.05 0.05 0.05 -0.025 -0.025 0.045 -0.114776 0.993391 -6.08277e-17 -7.02802e-18 
0 0.05 0.05 0.05 -0.025 -0.025 0.045 0.73019 0.683245 8.36733e-17 4.47112e-17 
-inf 0.05 0.05 0.05 -0.025 -0.025 0.045 0.864556 0.502537 6.15431e-17 5.29388e-17 
0 0.05 0.05 0.05 -0.025 -0.025 0.045 0.127988 0.991776 -6.07287e-17 7.83695e-18 
0 0.05 0.05 0.05 -0.025 -0.025 0.045 0.408104 0.912936 -5.59012e-17 2.49891e-17 
0 0.05 0.05 0.05 -0.025 -0.025 0.045 0.914752 0.404016 4.94777e-17 5.60124e-17 
0 0.05 0.05 0.05 -0.025 -0.025 0.045 0.300616 0.953745 -5.84001e-17 1.84074e-17 
0 0.05 0.05 0.05 -0.025 -0.025 0.045 -0.0442037 0.999023 -6.11725e-17 -2.70671e-18 
0 0.05 0.05 0.05 -0.025 -0.025 0.045 0.106026 0.994363 -6.08872e-17 6.49222e-18 
0 0.05 0.05 0.05 -0.025 -0.025 0.045 0.686504 0.727126 -4.45236e-17 4.20362e-17 
0 0.05 0.05 0.05 -0.025 -0.025 0.045 -0.543989 0.839093 -5.13796e-17 -3.33097e-17 
0 0.05 0.05 0.05 -0.025 -0.025 0.045 0.444148 0.895954 -5.48613e-17 2.71962e-17 
0 0.05 0.05 0.05 -0.025 -0.025 0.045 0.742191 0.670189 8.20742e-17 4.5446e-17 
0 0.05 0.05 0.05 -0.025 -0.025 0.045 0.202188 0.979347 -5.99677e-17 1.23804e-17 
0 0.05 0.05 0.05 -0.025 -0.025 0.045 0.0707911 0.997491 -6.10786e-17 4.33469e-18 
0 0.05 0.05 0.05 -0.025 -0.025 0.045 0.96498 0.262323 3.21253e-17 5.9088e-17 
0 0.05 0.05 0.05 -0.025 -0.025 0.045 0.985158 0.171649 2.10209e-17 6.03235e-17 
0 0.05 0.05 0.05 -0.025 -0.025 0.045 0.54408 0.839034 -5.1376e-17 3.33152e-17 
0 0.05 0.05 0.05 -0.025 -0.025 0.045 0.963814 0.266576 3.26461e-17 5.90166e-17 
0 0.05 0.05 0.05 -0.025 -0.025 0.045 -0.576934 0.816791 -5.0014e-17 -3.5327e-17 
0 0.05 0.05 0.05 -0.025 -0.025 0.045 0.896009 0.444037 5.43788e-17 5.48647e-17 
0 0.05 0.05 0.05 -0.025 -0.025 0.045 0.193541 0.981092 -6.00746e-17 1.1851e-17 
0 0.05 0.05 0.05 -0.025 -0.025 0.045 -0.219358 0.975644 -5.9741e-17 -1.34318e-17 
0 0.05 0.05 0.05 -0.025 -0.025 0.045 -0.136654 0.990619 -6.06579e-17 -8.36764e-18 
0 0.05 0.05 0.05 -0.025 -0.025 0.045 0.432254 0.901752 -5.52164e-17 2.64679e-17 
0 0.05 0.05 0.05 -0.025 -0.025 0.045 0.999211 0.0397216 4.86447e-18 6.1184e-17 
0 0.05 0.05 0.05 -0.025 -0.025 0.045 -0.0264519 0.99965 -6.12109e-17 -1.61973e-18 
0 0.05 0.05 0.05 -0.025 -0.025 0.045 0.951024 -0.309117 -3.78559e-17 5.82334e-17 
0 0.05 0.05 0.05 -0.025 -0.025 0.045 -0.308914 0.95109 -5.82374e-17 -1.89155e-17 
0 0.05 0.05 0.05 -0.025 -0.025 0.045 -0.0706231 0.997503 -6.10794e-17 -4.32443e-18 
0 0.05 0.05 0.05 -0.025 -0.025 0.045 0.13248 0.991186 -6.06926e-17 8.11205e-18 
0 0.05 0.05 0.05 -0.025 -0.025 0.045 0.0929202 0.995674 -6.09674e-17 5.6897e-18 
0 0.05 0.05 0.05 -0.025 -0.025 0.045 -0.266504 0.963834 -5.90178e-17 -1.63187e-17 
-inf 0.05 0.05 0.05 -0.025 -0.025 0.045 0.776777 0.629776 7.71254e-17 4.75639e-17 
0 0.05 0.05 0.05 -0.025 -0.025 0.045 0.999991 0.00426608 5.22426e-19 6.12318e-17 
0 0.05 0.05 0.05 -0.025 -0.025 0.045 -0.110214 0.993908 -6.08593e-17 -6.74865e-18 
0 0.05 0.05 0.05 -0.025 -0.025 0.045 0.980202 -0.198 -2.4248e-17 6.00201e-17 
0.0624266 0.05 0.05 0.05 -0.025 -0.025 0.045 0.483484 0.875353 -5.35999e-17 2.96048e-17 
0 0.05 0.05 0.05 -0.025 -0.025 0.045 -0.257904 0.966171 -5.91609e-17 -1.57921e-17 
0 0.05 0.05 0.05 -0.025 -0.025 0.045 -0.287693 0.957723 -5.86436e-17 -1.76161e-17 
0 0.05 0.05 0.05 -0.025 -0.025 0.045 0.428382 0.903598 -5.53294e-17 2.62308e-17 
0 0.05 0.05 0.05 -0.025 -0.025 0.045 0.994343 -0.106221 -1.30083e-17 6.08859e-17 
0 0.05 0.05 0.05 -0.025 -0.025 0.045 0.26687 0.963733 -5.90116e-17 1.6341e-17 
0 0.05 0.05 0.05 -0.025 -0.025 0.045 0.670415 0.741987 -4.54336e-17 4.1051e-17 
0 0.05 0.05 0.05 -0.025 -0.025 0.045 0.667135 0.744936 -4.56142e-17 4.08503e-17 
0 0.05 0.05 0.05 -0.025 -0.025 0.045 0.630106 0.776509 -4.75475e-17 3.85828e-17 
0.137016 0.05 0.05 0.05 -0.025 -0.025 0.045 0.383971 0.923345 -5.65386e-17 2.35114e-17 
0 0.05 0.05 0.05 -0.025 -0.025 0.045 0.996443 -0.0842687 -1.032e-17 6.10145e-17 
0 0.05 0.05 0.05 -0.025 -0.025 0.045 0.979295 -0.202439 -2.47916e-17 5.99645e-17 
0 0.05 0.05 0.05 -0.025 -0.025 0.045 0.683488 0.729961 -4.46973e-17 4.18516e-17 
0 0.05 0.05 0.05 -0.025 -0.025 0.045 -0.547457 0.836834 -5.12413e-17 -3.35221e-17 
0 0.05 0.05 0.05 -0.025 -0.025 0.045 0.985205 0.171382 2.09883e-17 6.03264e-17 
-inf 0.05 0.05 0.05 -0.025 -0.025 0.045 0.258445 0.966026 -5.9152e-17 1.58252e-17 
0 0.05 0.05 0.05 -0.025 -0.025 0.045 0.816956 0.5767 7.06251e-17 5.00241e-17 
0 0.05 0.05 0.05 -0.025 -0.025 0.045 0.464144 0.88576 -5.42371e-17 2.84206e-17 
0 0.05 0.05 0.05 -0.025 -0.025 0.045 0.487498 0.873124 -5.34634e-17 2.98506e-17 
0.0669124 0.05 0.05 0.05 -0.025 -0.025 0.045 0.860258 0.509859 6.24396e-17 5.26756e-17 
0 0.05 0.05 0.05 -0.025 -0.025 0.045 0.985077 -0.172112 -2.10776e-17 6.03186e-17 
0 0.05 0.05 0.05 -0.025 -0.025 0.045 -0.127551 0.991832 -6.07322e-17 -7.81028e-18 
0 0.05 0.05 0.05 -0.025 -0.025 0.045 0.951188 0.308613 3.77941e-17 5.82434e-17 
0 0.05 0.05 0.05 -0.025 -0.025 0.045 0.00043092 1 -6.12323e-17 2.6368e-20 
0 0.05 0.05 0.05 -0.025 -0.025 0.045 -0.0260903 0.99966 -6.12115e-17 -1.59758e-18 
0 0.05 0.05 0.05 -0.025 -0.025 0.045 -0.179962 0.983674 -6.02326e-17 -1.10195e-17 
0 0.05 0.05 0.05 -0.025 -0.025 0.045 0.995641 -0.0932652 -1.14217e-17 6.09654e-17 
0 0.05 0.05 0.05 -0.025 -0.025 0.045 0.981013 -0.193941 -2.37509e-17 6.00697e-17 
0 0.05 0.05 0.05 -0.025 -0.025 0.045 0.322088 0.94671 -5.79693e-17 1.97221e-17 
0 0.05 0.05 0.05 -0.025 -0.025 0.045 0.936279 -0.351258 -4.30167e-17 5.73305e-17 
-0.00846427 0.05 0.05 0.05 -0.025 -0.025 0.045 0.777005 0.629495 7.70908e-17 4.75778e-17 
-inf 0.05 0.05 0.05 -0.025 -0.025 0.045 0.342971 0.939346 -5.75183e-17 2.10009e-17 
0 0.05 0.05 0.05 -0.025 -0.025 0.045 0.305307 0.952254 -5.83087e-17 1.86946e-17 
0 0.05 0.05 0.05 -0.025 -0.025 0.045 0.696455 0.717601 -4.39404e-17 4.26455e-17 
0 0.05 0.05 0.05 -0.025 -0.025 0.045 0.987254 -0.159152 -1.94905e-17 6.04519e-17 
0 0.05 0.05 0.05 -0.025 -0.025 0.045 0.0491994 0.998789 -6.11582e-17 3.01257e-18 
0 0.05 0.05 0.05 -0.025 -0.025 0.045 0.994427 0.105424 1.29107e-17 6.08911e-17 
0 0.05 0.05 0.05 -0.025 -0.025 0.045 0.966275 0.257511 3.1536e-17 5.91673e-17 
0 0.05 0.05 0.05 -0.025 -0.025 0.045 0.0227535 0.999741 -6.12165e-17 1.39323e-18 
0 0.05 0.05 0.05 -0.025 -0.025 0.045 0.991697 -0.1286 -1.57489e-17 6.07239e-17 
0 0.05 0.05 0.05 -0.025 -0.025 0.045 0.670706 0.741724 -4.54175e-17 4.10688e-17 
-inf 0.05 0.05 0.05 -0.025 -0.025 0.045 0.267276 0.96362 -5.90047e-17 1.63659e-17 
0 0.05 0.05 0.05 -0.025 -0.025 0.045 0.301219 0.953555 -5.83884e-17 1.84443e-17 
0 0.05 0.05 0.05 -0.025 -0.025 0.045 0.745561 0.666438 8.1615e-17 4.56524e-17 
0 0.05 0.05 0.05 -0.025 -0.025 0.045 0.267305 0.963612 -5.90042e-17 1.63677e-17 
0 0.05 0.05 0.05 -0.025 -0.025 0.045 -0.257409 0.966303 -5.9169e-17 -1.57617e-17 
0 0.05 0.05 0.05 -0.025 -0.025 0.045 -0.114057 0.993474 -6.08327e-17 -6.984e-18 
0 0.05 0.05 0.05 -0.025 -0.025 0.045 -0.105229 0.994448 -6.08924e-17 -6.44345e-18 
0 0.05 0.05 0.05 -0.025 -0.025 0.045 -0.240204 0.970722 -5.94396e-17 -1.47083e-17 
0 0.05 0.05 0.05 -0.025 -0.025 0.045 0.987211 -0.15942 -1.95233e-17 6.04492e-17 
0 0.05 0.05 0.05 -0.025 -0.025 0.045 0.305594 0.952162 -5.83031e-17 1.87122e-17 
0 0.05 0.05 0.05 -0.025 -0.025 0.045 0.777214 0.629237 7.70592e-17 4.75906e-17 
0.110418 0.05 0.05 0.05 -0.025 -0.025 0.045 0.351582 0.936157 -5.73231e-17 2.15282e-17 
0 0.05 0.05 0.05 -0.025 -0.025 0.045 0.32243 0.946593 -5.79621e-17 1.97431e-17 
0 0.05 0.05 0.05 -0.025 -0.025 0.045 0.715493 0.698619 8.5556e-17 4.38113e-17 
0 0.05 0.05 0.05 -0.025 -0.025 0.045 0.0936704 0.995603 -6.09631e-17 5.73564e-18 
0 0.05 0.05 0.05 -0.025 -0.025 0.045 0.529883 0.848071 -5.19294e-17 3.2446e-17 
0 0.05 0.05 0.05 -0.025 -0.025 0.045 0.172691 0.984976 -6.03124e-17 1.05743e-17 
0.0721967 0.05 0.05 0.05 -0.025 -0.025 0.045 0.785602 0.618733 7.57729e-17 4.81042e-17 
0 0.05 0.05 0.05 -0.025 -0.025 0.045 0.433097 0.901347 -5.51916e-17 2.65195e-17 
0 0.05 0.05 0.05 -0.025 -0.025 0.045 0.860596 0.509288 6.23696e-17 5.26963e-17 
-inf 0.05 0.05 0.05 -0.025 -0.025 0.045 0.464758 0.885438 -5.42174e-17 2.84582e-17 
0 0.05 0.05 0.05 -0.025 -0.025 0.045 0.936078 -0.351794 -4.30823e-17 5.73182e-17 
0 0.05 0.05 0.05 -0.025 -0.025 0.045 0.965835 -0.259159 -3.17378e-17 5.91403e-17 
0 0.05 0.05 0.05 -0.025 -0.025 0.045 -0.00331654 0.999995 -6.1232e-17 -2.03098e-19 
0 0.05 0.05 0.05 -0.025 -0.025 0.045 0.159733 0.98716 -6.04461e-17 9.78077e-18 
0 0.05 0.05 0.05 -0.025 -0.025 0.045 -0.546776 0.837279 -5.12685e-17 -3.34804e-17 
0 0.05 0.05 0.05 -0.025 -0.025 0.045 -0.528103 0.849181 -5.19973e-17 -3.2337e-17 
0 0.05 0.05 0.05 -0.025 -0.025 0.045 0.20328 0.979121 -5.99538e-17 1.24473e-17 
0 0.05 0.05 0.05 -0.025 -0.025 0.045 0.0851548 0.996368 -6.10099e-17 5.2142e-18 
0 0.05 0.05 0.05 -0.025 -0.025 0.045 -0.423065 0.906099 -5.54826e-17 -2.59053e-17 
0 0.05 0.05 0.05 -0.025 -0.025 0.045 0.630855 0.775901 -4.75103e-17 3.86287e-17 
0 0.05 0.05 0.05 -0.025 -0.025 0.045 0.687403 0.726277 -4.44716e-17 4.20912e-17 
0 0.05 0.05 0.05 -0.025 -0.025 0.045 0.671175 0.741299 -4.53915e-17 4.10976e-17 
0 0.05 0.05 0.05 -0.025 -0.025 0.045 0.963438 -0.26793 -3.2812e-17 5.89936e-17 
0 0.05 0.05 0.05 -0.025 -0.025 0.045 0.994223 -0.10733 -1.31441e-17 6.08786e-17 
0 0.05 0.05 0.05 -0.025 -0.025 0.045 -0.286596 0.958052 -5.86637e-17 -1.75489e-17 
0 0.05 0.05 0.05 -0.025 -0.025 0.045 -0.256768 0.966473 -5.91794e-17 -1.57225e-17 
0 0.05 0.05 0.05 -0.025 -0.025 0.045 0.92291 -0.385015 -4.71508e-17 5.6512e-17 
0 0.05 0.05 0.05 -0.025 -0.025 0.045 -0.462552 0.886592 -5.42881e-17 -2.83231e-17 
0 0.05 0.05 0.05 -0.025 -0.025 0.045 0.654734 0.75586 -4.62831e-17 4.00908e-17 
0 0.05 0.05 0.05 -0.025 -0.025 0.045 0.994048 0.10894 1.33412e-17 6.08679e-17 
0 0.05 0.05 0.05 -0.025 -0.025 0.045 0.849348 0.527834 6.46409e-17 5.20075e-17 
0 0.05 0.05 0.05 -0.025 -0.025 0.045 0.876169 0.482004 5.90284e-17 5.36499e-17 
0 0.05 0.05 0.05 -0.025 -0.025 0.045 0.998742 -0.0501478 -6.14135e-18 6.11553e-17 
0 0.05 0.05 0.05 -0.025 -0.025 0.045 -0.00289452 0.999996 -6.12321e-17 -1.77256e-19 
0 0.05 0.05 0.05 -0.025 -0.025 0.045 -0.265138 0.964211 -5.90408e-17 -1.6235e-17 
0 0.05 0.05 0.05 -0.025 -0.025 0.045 0.599735 0.800199 -4.89981e-17 3.67231e-17 
0 0.05 0.05 0.05 -0.025 -0.025 0.045 0.734282 0.678845 8.31345e-17 4.49618e-17 
0 0.05 0.05 0.05 -0.025 -0.025 0.045 0.0943907 0.995535 -6.09589e-17 5.77974e-18 
0 0.05 0.05 0.05 -0.025 -0.025 0.045 -0.135131 0.990828 -6.06707e-17 -8.27438e-18 
-inf 0.05 0.05 0.05 -0.025 -0.025 0.045 0.133974 0.990985 -6.06803e-17 8.20351e-18 
-0.00395696 0.05 0.05 0.05 -0.025 -0.025 0.045 0.785994 0.618235 7.57118e-17 4.81282e-17 
0 0.05 0.05 0.05 -0.025 -0.025 0.045 0.719134 0.694872 8.50971e-17 4.40342e-17 
0 0.05 0.05 0.05 -0.025 -0.025 0.045 -0.0690594 0.997613 -6.10861e-17 -4.22869e-18 
0 0.05 0.05 0.05 -0.025 -0.025 0.045 -0.426649 0.904417 -5.53796e-17 -2.61247e-17 
0 0.05 0.05 0.05 -0.025 -0.025 0.045 -0.307394 0.951582 -5.82676e-17 -1.88225e-17 
0 0.05 0.05 0.05 -0.025 -0.025 0.045 0.310651 0.950524 -5.82027e-17 1.90218e-17 
0 0.05 0.05 0.05 -0.025 -0.025 0.045 0.991998 0.126251 1.54613e-17 6.07424e-17 
0 0.05 0.05 0.05 -0.025 -0.025 0.045 -0.0689993 0.997617 -6.10864e-17 -4.225e-18 
0 0.05 0.05 0.05 -0.025 -0.025 0.045 -0.134952 0.990852 -6.06721e-17 -8.2634e-18 
0 0.05 0.05 0.05 -0.025 -0.025 0.045 0.976023 0.217666 2.66564e-17 5.97642e-17 
0 0.05 0.05 0.05 -0.025 -0.025 0.045 0.195256 0.980752 -6.00537e-17 1.1956e-17 
0 0.05 0.05 0.05 -0.025 -0.025 0.045 -0.57548 0.817816 -5.00768e-17 -3.5238e-17 
0 0.05 0.05 0.05 -0.025 -0.025 0.045 -0.264847 0.96429 -5.90457e-17 -1.62172e-17 
0 0.05 0.05 0.05 -0.025 -0.025 0.045 0.938875 -0.344259 -4.21596e-17 5.74895e-17 
0 0.05 0.05 0.05 -0.025 -0.025 0.045 0.585744 0.810496 -4.96286e-17 3.58665e-17 
0 0.05 0.05 0.05 -0.025 -0.025 0.045 -0.169823 0.985475 -6.03429e-17 -1.03986e-17 
0 0.05 0.05 0.05 -0.025 -0.025 0.045 -0.450296 0.892879 -5.46731e-17 -2.75727e-17 
0 0.05 0.05 0.05 -0.025 -0.025 0.045 -0.260504 0.965473 -5.91181e-17 -1.59513e-17 
0 0.05 0.05 0.05 -0.025 -0.025 0.045 0.425947 0.904748 -5.53998e-17 2.60817e-17 
0 0.05 0.05 0.05 -0.025 -0.025 0.045 0.204077 0.978955 -5.99437e-17 1.24961e-17 
0 0.05 0.05 0.05 -0.025 -0.025 0.045 0.920969 -0.389637 -4.77169e-17 5.63931e-17 
0 0.05 0.05 0.05 -0.025 -0.025 0.045 0.840198 0.54228 6.64101e-17 5.14473e-17 
0 0.05 0.05 0.05 -0.025 -0.025 0.045 0.688015 0.725697 -4.44361e-17 4.21287e-17 
0 0.05 0.05 0.05 -0.025 -0.025 0.045 0.994139 -0.108109 -1.32395e-17 6.08734e-17 
0 0.05 0.05 0.05 -0.025 -0.025 0.045 -0.0420956 0.999114 -6.1178e-17 -2.57763e-18 
0 0.05 0.05 0.05 -0.025 -0.025 0.045 0.915615 0.402057 4.92377e-17 5.60652e-17 
0 0.05 0.05 0.05 -0.025 -0.025 0.045 0.805079 0.593168 7.2642e-17 4.92968e-17 
0 0.05 0.05 0.05 -0.025 -0.025 0.045 0.937224 0.348728 4.27069e-17 5.73884e-17 
0 0.05 0.05 0.05 -0.025 -0.025 0.045 0.13017 0.991492 -6.07113e-17 7.97057e-18 
-inf 0.05 0.05 0.05 -0.025 -0.025 0.045 0.865675 0.500607 6.13067e-17 5.30073e-17 
0 0.05 0.05 0.05 -0.025 -0.025 0.045 0.731733 0.681592 8.34708e-17 4.48057e-17 
0 0.05 0.05 0.05 -0.025 -0.025 0.045 0.887003 0.461764 5.65498e-17 5.43133e-17 
0 0.05 0.05 0.05 -0.025 -0.025 0.045 0.0862961 0.99627 -6.10039e-17 5.28409e-18 
0 0.05 0.05 0.05 -0.025 -0.025 0.045 0.0731062 0.997324 -6.10684e-17 4.47645e-18 
0 0.05 0.05 0.05 -0.025 -0.025 0.045 -0.545716 0.83797 -5.13109e-17 -3.34154e-17 
0 0.05 0.05 0.05 -0.025 -0.025 0.045 0.697816 0.716277 -4.38593e-17 4.27289e-17 
0 0.05 0.05 0.05 -0.025 -0.025 0.045 0.586184 0.810178 -4.96091e-17 3.58934e-17 
0 0.05 0.05 0.05 -0.025 -0.025 0.045 0.965474 -0.260498 -3.19018e-17 5.91183e-17 
0 0.05 0.05 0.05 -0.025 -0.025 0.045 0.0467209 0.998908 -6.11655e-17 2.86081e-18 
0 0.05 0.05 0.05 -0.025 -0.025 0.045 0.946062 -0.323985 -3.96767e-17 5.79296e-17 
0 0.05 0.05 0.05 -0.025 -0.025 0.045 0.89709 0.441848 5.41107e-17 5.49309e-17 
0 0.05 0.05 0.05 -0.025 -0.025 0.045 0.734916 0.678159 8.30505e-17 4.50006e-17 
0 0.05 0.05 0.05 -0.025 -0.025 0.045 0.983923 -0.178591 -2.18711e-17 6.02479e-17 
0 0.05 0.05 0.05 -0.025 -0.025 0.045 -0.177886 0.984051 -6.02557e-17 -1.08924e-17 
0 0.05 0.05 0.05 -0.025 -0.025 0.045 0.56825 0.822856 -5.03854e-17 3.47953e-17 
0 0.05 0.05 0.05 -0.025 -0.025 0.045 0.174294 0.984694 -6.02951e-17 1.06724e-17 
0 0.05 0.05 0.05 -0.025 -0.025 0.045 0.243527 0.969894 -5.93888e-17 1.49117e-17 
0.0842335 0.05 0.05 0.05 -0.025 -0.025 0.045 0.728967 0.684549 8.38329e-17 4.46363e-17 
0 0.05 0.05 0.05 -0.025 -0.025 0.045 0.311567 0.950224 -5.81844e-17 1.9078e-17 
0 0.05 0.05 0.05 -0.025 -0.025 0.045 0.969876 -0.2436 -2.98324e-17 5.93878e-17 
0 0.05 0.05 0.05 -0.025 -0.025 0.045 0.984675 -0.174398 -2.13576e-17 6.0294e-17 
