0.0528348 0.05 0.05 0.05 -0.025 -0.025 0.045 0.809017 0.587785 7.19829e-17 4.9538e-17 
0.177372 0.05 0.05 0.05 -0.025 -0.02 0.045 0.309017 0.951057 -5.82354e-17 1.89218e-17 
0.0592535 0.05 0.05 0.05 -0.025 -0.02 0.045 0.809017 0.587785 7.19829e-17 4.9538e-17 
0.0158765 0.05 0.05 0.05 -0.025 -0.015 0.045 0.587785 0.809017 -4.9538e-17 3.59915e-17 
0.00765968 0.05 0.05 0.05 -0.025 -0.015 0.045 0.809017 0.587785 7.19829e-17 4.9538e-17 
0.00899251 0.05 0.05 0.05 -0.025 -0.01 0.045 0.587785 0.809017 -4.9538e-17 3.59915e-17 
0.0276701 0.05 0.05 0.05 -0.025 -0.01 0.045 0.951057 0.309017 3.78436e-17 5.82354e-17 
0.0980017 0.05 0.05 0.05 -0.025 -0.005 0.045 0.587785 0.809017 -4.9538e-17 3.59915e-17 
0.0956543 0.05 0.05 0.05 -0.025 1.73472e-18 0.045 0.587785 0.809017 -4.9538e-17 3.59915e-17 
0.0813957 0.05 0.05 0.05 -0.025 1.73472e-18 0.045 0.809017 0.587785 7.19829e-17 4.9538e-17 
0.00853481 0.05 0.05 0.05 -0.025 1.73472e-18 0.045 0.951057 0.309017 3.78436e-17 5.82354e-17 
0.0730017 0.05 0.05 0.05 -0.025 0.005 0.045 0.951057 0.309017 3.78436e-17 5.82354e-17 
0.163641 0.05 0.05 0.05 -0.025 0.01 0.045 0.809017 0.587785 7.19829e-17 4.9538e-17 
0.0445192 0.05 0.05 0.05 -0.025 0.01 0.045 0.951057 0.309017 3.78436e-17 5.82354e-17 
0.0802918 0.05 0.05 0.05 -0.025 0.015 0.045 0.809017 0.587785 7.19829e-17 4.9538e-17 
0.0254358 0.05 0.05 0.05 -0.025 0.02 0.045 0.809017 0.587785 7.19829e-17 4.9538e-17 
0.0462108 0.05 0.05 0.05 -0.025 0.02 0.045 0.951057 0.309017 3.78436e-17 5.82354e-17 
0.0532157 0.05 0.05 0.05 -0.025 0.02 0.045 1 0 0 6.12323e-17 
0.23274 0.05 0.05 0.05 -0.02 -0.025 0.045 0.309017 0.951057 -5.82354e-17 1.89218e-17 
0.307027 0.05 0.05 0.05 -0.02 -0.02 0.045 0.309017 0.951057 -5.82354e-17 1.89218e-17 
0.0498883 0.05 0.05 0.05 -0.02 -0.02 0.045 0.809017 0.587785 7.19829e-17 4.9538e-17 
0.0238013 0.05 0.05 0.05 -0.02 -0.015 0.045 0.309017 0.951057 -5.82354e-17 1.89218e-17 
0.0125104 0.05 0.05 0.05 -0.02 -0.015 0.045 0.587785 0.809017 -4.9538e-17 3.59915e-17 
0.0620033 0.05 0.05 0.05 -0.02 -0.015 0.045 0.809017 0.587785 7.19829e-17 4.9538e-17 
0.10091 0.05 0.05 0.05 -0.02 -0.01 0.045 0.309017 0.951057 -5.82354e-17 1.89218e-17 
0.11905 0.05 0.05 0.05 -0.02 -0.01 0.045 0.587785 0.809017 -4.9538e-17 3.59915e-17 
0.1481 0.05 0.05 0.05 -0.02 -0.01 0.045 0.809017 0.587785 7.19829e-17 4.9538e-17 
0.13778 0.05 0.05 0.05 -0.02 -0.005 0.045 0.587785 0.809017 -4.9538e-17 3.59915e-17 
0.0993245 0.05 0.05 0.05 -0.02 -0.005 0.045 0.809017 0.587785 7.19829e-17 4.9538e-17 
0.0275271 0.05 0.05 0.05 -0.02 -0.005 0.045 0.951057 0.309017 3.78436e-17 5.82354e-17 
0.353994 0.05 0.05 0.05 -0.02 1.73472e-18 0.045 0.587785 0.809017 -4.9538e-17 3.59915e-17 
0.102782 0.05 0.05 0.05 -0.02 1.73472e-18 0.045 0.809017 0.587785 7.19829e-17 4.9538e-17 
0.0427282 0.05 0.05 0.05 -0.02 1.73472e-18 0.045 0.951057 0.309017 3.78436e-17 5.82354e-17 
0.0233477 0.05 0.05 0.05 -0.02 0.005 0.045 0.951057 0.309017 3.78436e-17 5.82354e-17 
0.0592283 0.05 0.05 0.05 -0.02 0.01 0.045 0.951057 0.309017 3.78436e-17 5.82354e-17 
0.0424921 0.05 0.05 0.05 -0.02 0.015 0.045 0.951057 0.309017 3.78436e-17 5.82354e-17 
0.112118 0.05 0.05 0.05 -0.02 0.015 0.045 1 0 0 6.12323e-17 
0.171271 0.05 0.05 0.05 -0.02 0.02 0.045 0.809017 0.587785 7.19829e-17 4.9538e-17 
0.271125 0.05 0.05 0.05 -0.02 0.02 0.045 1 0 0 6.12323e-17 
0.683747 0.05 0.05 0.05 -0.015 -0.025 0.045 6.12323e-17 1 -6.12323e-17 3.7494e-33 
0.0894474 0.05 0.05 0.05 -0.015 -0.025 0.045 0.587785 0.809017 -4.9538e-17 3.59915e-17 
0.163517 0.05 0.05 0.05 -0.015 -0.02 0.045 6.12323e-17 1 -6.12323e-17 3.7494e-33 
0.159904 0.05 0.05 0.05 -0.015 -0.02 0.045 0.309017 0.951057 -5.82354e-17 1.89218e-17 
0.0117903 0.05 0.05 0.05 -0.015 -0.02 0.045 0.587785 0.809017 -4.9538e-17 3.59915e-17 
0.0533773 0.05 0.05 0.05 -0.015 -0.015 0.045 6.12323e-17 1 -6.12323e-17 3.7494e-33 
0.027316 0.05 0.05 0.05 -0.015 -0.015 0.045 0.309017 0.951057 -5.82354e-17 1.89218e-17 
0.00377578 0.05 0.05 0.05 -0.015 -0.015 0.045 0.809017 0.587785 7.19829e-17 4.9538e-17 
0.133079 0.05 0.05 0.05 -0.015 -0.01 0.045 6.12323e-17 1 -6.12323e-17 3.7494e-33 
0.311984 0.05 0.05 0.05 -0.015 -0.01 0.045 0.309017 0.951057 -5.82354e-17 1.89218e-17 
0.00297615 0.05 0.05 0.05 -0.015 -0.01 0.045 0.587785 0.809017 -4.9538e-17 3.59915e-17 
0.322497 0.05 0.05 0.05 -0.015 -0.005 0.045 0.809017 0.587785 7.19829e-17 4.9538e-17 
0.0460283 0.05 0.05 0.05 -0.015 1.73472e-18 0.045 0.587785 0.809017 -4.9538e-17 3.59915e-17 
0.0799025 0.05 0.05 0.05 -0.015 0.005 0.045 0.587785 0.809017 -4.9538e-17 3.59915e-17 
0.065305 0.05 0.05 0.05 -0.015 0.005 0.045 0.809017 0.587785 7.19829e-17 4.9538e-17 
0.122873 0.05 0.05 0.05 -0.015 0.01 0.045 0.809017 0.587785 7.19829e-17 4.9538e-17 
0.0799881 0.05 0.05 0.05 -0.015 0.01 0.045 0.951057 0.309017 3.78436e-17 5.82354e-17 
0.142075 0.05 0.05 0.05 -0.015 0.015 0.045 0.809017 0.587785 7.19829e-17 4.9538e-17 
0.0754928 0.05 0.05 0.05 -0.015 0.015 0.045 0.951057 0.309017 3.78436e-17 5.82354e-17 
0.00660153 0.05 0.05 0.05 -0.015 0.015 0.045 1 0 0 6.12323e-17 
0.0246596 0.05 0.05 0.05 -0.015 0.02 0.045 0.951057 0.309017 3.78436e-17 5.82354e-17 
0.205952 0.05 0.05 0.05 -0.015 0.02 0.045 1 0 0 6.12323e-17 
0.24808 0.05 0.05 0.05 -0.01 -0.025 0.045 0.309017 0.951057 -5.82354e-17 1.89218e-17 
0.133036 0.05 0.05 0.05 -0.01 -0.025 0.045 0.587785 0.809017 -4.9538e-17 3.59915e-17 
0.0277491 0.05 0.05 0.05 -0.01 -0.02 0.045 6.12323e-17 1 -6.12323e-17 3.7494e-33 
0.0305336 0.05 0.05 0.05 -0.01 -0.02 0.045 0.309017 0.951057 -5.82354e-17 1.89218e-17 
0.00679424 0.05 0.05 0.05 -0.01 -0.015 0.045 6.12323e-17 1 -6.12323e-17 3.7494e-33 
0.123521 0.05 0.05 0.05 -0.01 -0.015 0.045 0.309017 0.951057 -5.82354e-17 1.89218e-17 
0.0687567 0.05 0.05 0.05 -0.01 -0.015 0.045 0.587785 0.809017 -4.9538e-17 3.59915e-17 
0.119152 0.05 0.05 0.05 -0.01 -0.01 0.045 6.12323e-17 1 -6.12323e-17 3.7494e-33 
0.455691 0.05 0.05 0.05 -0.01 -0.01 0.045 0.309017 0.951057 -5.82354e-17 1.89218e-17 
0.305087 0.05 0.05 0.05 -0.01 -0.005 0.045 0.809017 0.587785 7.19829e-17 4.9538e-17 
0.416052 0.05 0.05 0.05 -0.01 1.73472e-18 0.045 0.809017 0.587785 7.19829e-17 4.9538e-17 
0.201775 0.05 0.05 0.05 -0.01 0.01 0.045 0.809017 0.587785 7.19829e-17 4.9538e-17 
0.123276 0.05 0.05 0.05 -0.01 0.01 0.045 1 0 0 6.12323e-17 
0.0983956 0.05 0.05 0.05 -0.01 0.015 0.045 0.809017 0.587785 7.19829e-17 4.9538e-17 
0.264995 0.05 0.05 0.05 -0.01 0.015 0.045 0.951057 0.309017 3.78436e-17 5.82354e-17 
0.35712 0.05 0.05 0.05 -0.01 0.015 0.045 1 0 0 6.12323e-17 
0.0845575 0.05 0.05 0.05 -0.01 0.02 0.045 0.809017 0.587785 7.19829e-17 4.9538e-17 
0.190432 0.05 0.05 0.05 -0.01 0.02 0.045 0.951057 0.309017 3.78436e-17 5.82354e-17 
0.0472812 0.05 0.05 0.05 -0.005 -0.025 0.045 6.12323e-17 1 -6.12323e-17 3.7494e-33 
0.0977635 0.05 0.05 0.05 -0.005 -0.02 0.045 6.12323e-17 1 -6.12323e-17 3.7494e-33 
0.0994529 0.05 0.05 0.05 -0.005 -0.02 0.045 0.309017 0.951057 -5.82354e-17 1.89218e-17 
0.439782 0.05 0.05 0.05 -0.005 -0.02 0.045 0.587785 0.809017 -4.9538e-17 3.59915e-17 
0.024973 0.05 0.05 0.05 -0.005 0.015 0.045 1 0 0 6.12323e-17 
0.0639222 0.05 0.05 0.05 -0.005 0.015 0.045 0.951057 -0.309017 -3.78436e-17 5.82354e-17 
0.0799857 0.05 0.05 0.05 -0.005 0.02 0.045 0.951057 0.309017 3.78436e-17 5.82354e-17 
0.0553213 0.05 0.05 0.05 1.73472e-18 -0.025 0.045 0.309017 0.951057 -5.82354e-17 1.89218e-17 
0.150098 0.05 0.05 0.05 1.73472e-18 -0.025 0.045 0.587785 0.809017 -4.9538e-17 3.59915e-17 
0.0836892 0.05 0.05 0.05 1.73472e-18 -0.02 0.045 6.12323e-17 1 -6.12323e-17 3.7494e-33 
0.192881 0.05 0.05 0.05 1.73472e-18 -0.015 0.045 6.12323e-17 1 -6.12323e-17 3.7494e-33 
0.300811 0.05 0.05 0.05 1.73472e-18 -0.01 0.045 6.12323e-17 1 -6.12323e-17 3.7494e-33 
0.161535 0.05 0.05 0.05 1.73472e-18 0.01 0.045 1 0 0 6.12323e-17 
0.0400175 0.05 0.05 0.05 1.73472e-18 0.015 0.045 0.951057 -0.309017 -3.78436e-17 5.82354e-17 
0.0877709 0.05 0.05 0.05 0.005 -0.025 0.045 0.309017 0.951057 -5.82354e-17 1.89218e-17 
0.207347 0.05 0.05 0.05 0.005 -0.025 0.045 0.587785 0.809017 -4.9538e-17 3.59915e-17 
0.0762126 0.05 0.05 0.05 0.005 -0.02 0.045 0.309017 0.951057 -5.82354e-17 1.89218e-17 
0.0997797 0.05 0.05 0.05 0.005 -0.015 0.045 0.309017 0.951057 -5.82354e-17 1.89218e-17 
0.212007 0.05 0.05 0.05 0.005 -0.01 0.045 6.12323e-17 1 -6.12323e-17 3.7494e-33 
0.0603434 0.05 0.05 0.05 0.005 0.01 0.045 1 0 0 6.12323e-17 
0.11871 0.05 0.05 0.05 0.005 0.015 0.045 1 0 0 6.12323e-17 
0.0503725 0.05 0.05 0.05 0.005 0.015 0.045 0.951057 -0.309017 -3.78436e-17 5.82354e-17 
0.029954 0.05 0.05 0.05 0.005 0.02 0.045 0.809017 -0.587785 -7.19829e-17 4.9538e-17 
0.12313 0.05 0.05 0.05 0.01 -0.025 0.045 6.12323e-17 1 -6.12323e-17 3.7494e-33 
0.147901 0.05 0.05 0.05 0.01 -0.025 0.045 0.309017 0.951057 -5.82354e-17 1.89218e-17 
0.190039 0.05 0.05 0.05 0.01 -0.02 0.045 6.12323e-17 1 -6.12323e-17 3.7494e-33 
0.0856 0.05 0.05 0.05 0.01 -0.02 0.045 0.309017 0.951057 -5.82354e-17 1.89218e-17 
0.0358076 0.05 0.05 0.05 0.01 -0.02 0.045 -0.587785 0.809017 -4.9538e-17 -3.59915e-17 
0.19389 0.05 0.05 0.05 0.01 -0.015 0.045 6.12323e-17 1 -6.12323e-17 3.7494e-33 
0.293086 0.05 0.05 0.05 0.01 -0.015 0.045 -0.587785 0.809017 -4.9538e-17 -3.59915e-17 
0.181264 0.05 0.05 0.05 0.01 -0.015 0.045 -0.309017 0.951057 -5.82354e-17 -1.89218e-17 
0.254517 0.05 0.05 0.05 0.01 -0.01 0.045 6.12323e-17 1 -6.12323e-17 3.7494e-33 
0.0039783 0.05 0.05 0.05 0.01 -0.01 0.045 -0.587785 0.809017 -4.9538e-17 -3.59915e-17 
0.172356 0.05 0.05 0.05 0.01 1.73472e-18 0.045 -0.587785 0.809017 -4.9538e-17 -3.59915e-17 
0.119132 0.05 0.05 0.05 0.01 0.005 0.045 -0.587785 0.809017 -4.9538e-17 -3.59915e-17 
0.0837954 0.05 0.05 0.05 0.01 0.01 0.045 1 0 0 6.12323e-17 
0.483527 0.05 0.05 0.05 0.01 0.01 0.045 0.951057 -0.309017 -3.78436e-17 5.82354e-17 
0.136523 0.05 0.05 0.05 0.01 0.015 0.045 1 0 0 6.12323e-17 
0.0812439 0.05 0.05 0.05 0.01 0.015 0.045 0.951057 -0.309017 -3.78436e-17 5.82354e-17 
0.022922 0.05 0.05 0.05 0.01 0.015 0.045 0.809017 -0.587785 -7.19829e-17 4.9538e-17 
0.097166 0.05 0.05 0.05 0.01 0.02 0.045 1 0 0 6.12323e-17 
0.0175354 0.05 0.05 0.05 0.01 0.02 0.045 0.809017 -0.587785 -7.19829e-17 4.9538e-17 
0.138104 0.05 0.05 0.05 0.015 -0.025 0.045 6.12323e-17 1 -6.12323e-17 3.7494e-33 
0.111676 0.05 0.05 0.05 0.015 -0.025 0.045 0.309017 0.951057 -5.82354e-17 1.89218e-17 
0.461675 0.05 0.05 0.05 0.015 -0.02 0.045 6.12323e-17 1 -6.12323e-17 3.7494e-33 
0.0120984 0.05 0.05 0.05 0.015 -0.02 0.045 0.309017 0.951057 -5.82354e-17 1.89218e-17 
0.0676506 0.05 0.05 0.05 0.015 -0.02 0.045 -0.587785 0.809017 -4.9538e-17 -3.59915e-17 
0.254509 0.05 0.05 0.05 0.015 -0.015 0.045 6.12323e-17 1 -6.12323e-17 3.7494e-33 
0.0903835 0.05 0.05 0.05 0.015 -0.015 0.045 -0.587785 0.809017 -4.9538e-17 -3.59915e-17 
0.193083 0.05 0.05 0.05 0.015 -0.015 0.045 -0.309017 0.951057 -5.82354e-17 -1.89218e-17 
0.0826693 0.05 0.05 0.05 0.015 -0.01 0.045 6.12323e-17 1 -6.12323e-17 3.7494e-33 
0.0582688 0.05 0.05 0.05 0.015 -0.01 0.045 -0.587785 0.809017 -4.9538e-17 -3.59915e-17 
0.0281474 0.05 0.05 0.05 0.015 -0.01 0.045 -0.309017 0.951057 -5.82354e-17 -1.89218e-17 
0.12896 0.05 0.05 0.05 0.015 -0.005 0.045 0.809017 -0.587785 -7.19829e-17 4.9538e-17 
0.298807 0.05 0.05 0.05 0.015 -0.005 0.045 -0.587785 0.809017 -4.9538e-17 -3.59915e-17 
0.117792 0.05 0.05 0.05 0.015 1.73472e-18 0.045 0.809017 -0.587785 -7.19829e-17 4.9538e-17 
0.141464 0.05 0.05 0.05 0.015 1.73472e-18 0.045 -0.587785 0.809017 -4.9538e-17 -3.59915e-17 
0.0132046 0.05 0.05 0.05 0.015 0.01 0.045 0.951057 -0.309017 -3.78436e-17 5.82354e-17 
0.359508 0.05 0.05 0.05 0.015 0.01 0.045 -0.587785 0.809017 -4.9538e-17 -3.59915e-17 
0.0586349 0.05 0.05 0.05 0.015 0.015 0.045 1 0 0 6.12323e-17 
0.0958962 0.05 0.05 0.05 0.015 0.015 0.045 0.951057 -0.309017 -3.78436e-17 5.82354e-17 
0.0505692 0.05 0.05 0.05 0.015 0.015 0.045 -0.587785 0.809017 -4.9538e-17 -3.59915e-17 
0.103174 0.05 0.05 0.05 0.015 0.02 0.045 1 0 0 6.12323e-17 
0.116828 0.05 0.05 0.05 0.015 0.02 0.045 0.809017 -0.587785 -7.19829e-17 4.9538e-17 
0.013421 0.05 0.05 0.05 0.02 -0.025 0.045 -0.309017 0.951057 -5.82354e-17 -1.89218e-17 
0.339012 0.05 0.05 0.05 0.02 -0.02 0.045 6.12323e-17 1 -6.12323e-17 3.7494e-33 
0.218087 0.05 0.05 0.05 0.02 -0.02 0.045 -0.587785 0.809017 -4.9538e-17 -3.59915e-17 
0.0152191 0.05 0.05 0.05 0.02 -0.02 0.045 -0.309017 0.951057 -5.82354e-17 -1.89218e-17 
0.0339841 0.05 0.05 0.05 0.02 -0.015 0.045 6.12323e-17 1 -6.12323e-17 3.7494e-33 
0.0223628 0.05 0.05 0.05 0.02 -0.015 0.045 -0.309017 0.951057 -5.82354e-17 -1.89218e-17 
0.182982 0.05 0.05 0.05 0.02 -0.01 0.045 6.12323e-17 1 -6.12323e-17 3.7494e-33 
0.181692 0.05 0.05 0.05 0.02 -0.01 0.045 -0.587785 0.809017 -4.9538e-17 -3.59915e-17 
0.224547 0.05 0.05 0.05 0.02 -0.005 0.045 -0.587785 0.809017 -4.9538e-17 -3.59915e-17 
0.0167202 0.05 0.05 0.05 0.02 -0.005 0.045 -0.309017 0.951057 -5.82354e-17 -1.89218e-17 
0.0113234 0.05 0.05 0.05 0.02 1.73472e-18 0.045 0.809017 -0.587785 -7.19829e-17 4.9538e-17 
0.0337657 0.05 0.05 0.05 0.02 1.73472e-18 0.045 -0.587785 0.809017 -4.9538e-17 -3.59915e-17 
0.0371655 0.05 0.05 0.05 0.02 1.73472e-18 0.045 -0.309017 0.951057 -5.82354e-17 -1.89218e-17 
0.231441 0.05 0.05 0.05 0.02 0.005 0.045 -0.587785 0.809017 -4.9538e-17 -3.59915e-17 
0.0247535 0.05 0.05 0.05 0.02 0.005 0.045 -0.309017 0.951057 -5.82354e-17 -1.89218e-17 
0.152286 0.05 0.05 0.05 0.02 0.01 0.045 0.951057 -0.309017 -3.78436e-17 5.82354e-17 
0.0474085 0.05 0.05 0.05 0.02 0.01 0.045 0.809017 -0.587785 -7.19829e-17 4.9538e-17 
0.0738257 0.05 0.05 0.05 0.02 0.01 0.045 -0.587785 0.809017 -4.9538e-17 -3.59915e-17 
0.0904989 0.05 0.05 0.05 0.02 0.015 0.045 1 0 0 6.12323e-17 
0.366901 0.05 0.05 0.05 0.02 0.015 0.045 0.951057 -0.309017 -3.78436e-17 5.82354e-17 
0.183642 0.05 0.05 0.05 0.02 0.015 0.045 0.809017 -0.587785 -7.19829e-17 4.9538e-17 
0.137692 0.05 0.05 0.05 0.02 0.015 0.045 -0.587785 0.809017 -4.9538e-17 -3.59915e-17 
0.0342846 0.05 0.05 0.05 -0.025 -0.025 0.045 0.809017 0.587785 7.19829e-17 4.9538e-17 
0.167658 0.05 0.05 0.05 -0.025 -0.02 0.045 0.309017 0.951057 -5.82354e-17 1.89218e-17 
0.034563 0.05 0.05 0.05 -0.025 -0.02 0.045 0.809017 0.587785 7.19829e-17 4.9538e-17 
0.00692826 0.05 0.05 0.05 -0.025 -0.015 0.045 0.587785 0.809017 -4.9538e-17 3.59915e-17 
0.00533372 0.05 0.05 0.05 -0.025 -0.015 0.045 0.809017 0.587785 7.19829e-17 4.9538e-17 
0.00406109 0.05 0.05 0.05 -0.025 -0.01 0.045 0.587785 0.809017 -4.9538e-17 3.59915e-17 
0.0201096 0.05 0.05 0.05 -0.025 -0.01 0.045 0.951057 0.309017 3.78436e-17 5.82354e-17 
0.0491588 0.05 0.05 0.05 -0.025 -0.005 0.045 0.587785 0.809017 -4.9538e-17 3.59915e-17 
0.0899498 0.05 0.05 0.05 -0.025 1.73472e-18 0.045 0.587785 0.809017 -4.9538e-17 3.59915e-17 
0.0602027 0.05 0.05 0.05 -0.025 1.73472e-18 0.045 0.809017 0.587785 7.19829e-17 4.9538e-17 
0.00761038 0.05 0.05 0.05 -0.025 1.73472e-18 0.045 0.951057 0.309017 3.78436e-17 5.82354e-17 
0.0628003 0.05 0.05 0.05 -0.025 0.005 0.045 0.951057 0.309017 3.78436e-17 5.82354e-17 
0.159876 0.05 0.05 0.05 -0.025 0.01 0.045 0.809017 0.587785 7.19829e-17 4.9538e-17 
0.0339512 0.05 0.05 0.05 -0.025 0.01 0.045 0.951057 0.309017 3.78436e-17 5.82354e-17 
0.378115 0.05 0.05 0.05 -0.025 0.01 0.045 1 0 0 6.12323e-17 
0.0395663 0.05 0.05 0.05 -0.025 0.015 0.045 0.809017 0.587785 7.19829e-17 4.9538e-17 
0.0240651 0.05 0.05 0.05 -0.025 0.02 0.045 0.809017 0.587785 7.19829e-17 4.9538e-17 
0.0351639 0.05 0.05 0.05 -0.025 0.02 0.045 0.951057 0.309017 3.78436e-17 5.82354e-17 
0.0430177 0.05 0.05 0.05 -0.025 0.02 0.045 1 0 0 6.12323e-17 
0.222764 0.05 0.05 0.05 -0.02 -0.025 0.045 0.309017 0.951057 -5.82354e-17 1.89218e-17 
0.289758 0.05 0.05 0.05 -0.02 -0.02 0.045 0.309017 0.951057 -5.82354e-17 1.89218e-17 
0.0316043 0.05 0.05 0.05 -0.02 -0.02 0.045 0.809017 0.587785 7.19829e-17 4.9538e-17 
0.0227138 0.05 0.05 0.05 -0.02 -0.015 0.045 0.309017 0.951057 -5.82354e-17 1.89218e-17 
0.0120078 0.05 0.05 0.05 -0.02 -0.015 0.045 0.587785 0.809017 -4.9538e-17 3.59915e-17 
0.0405078 0.05 0.05 0.05 -0.02 -0.015 0.045 0.809017 0.587785 7.19829e-17 4.9538e-17 
0.0975433 0.05 0.05 0.05 -0.02 -0.01 0.045 0.309017 0.951057 -5.82354e-17 1.89218e-17 
0.0536011 0.05 0.05 0.05 -0.02 -0.01 0.045 0.587785 0.809017 -4.9538e-17 3.59915e-17 
0.144319 0.05 0.05 0.05 -0.02 -0.01 0.045 0.809017 0.587785 7.19829e-17 4.9538e-17 
0.126858 0.05 0.05 0.05 -0.02 -0.005 0.045 0.587785 0.809017 -4.9538e-17 3.59915e-17 
0.0974151 0.05 0.05 0.05 -0.02 -0.005 0.045 0.809017 0.587785 7.19829e-17 4.9538e-17 
0.0215676 0.05 0.05 0.05 -0.02 -0.005 0.045 0.951057 0.309017 3.78436e-17 5.82354e-17 
0.331519 0.05 0.05 0.05 -0.02 1.73472e-18 0.045 0.587785 0.809017 -4.9538e-17 3.59915e-17 
0.0788128 0.05 0.05 0.05 -0.02 1.73472e-18 0.045 0.809017 0.587785 7.19829e-17 4.9538e-17 
0.0394894 0.05 0.05 0.05 -0.02 1.73472e-18 0.045 0.951057 0.309017 3.78436e-17 5.82354e-17 
0.0181856 0.05 0.05 0.05 -0.02 0.005 0.045 0.951057 0.309017 3.78436e-17 5.82354e-17 
0.0496313 0.05 0.05 0.05 -0.02 0.01 0.045 0.951057 0.309017 3.78436e-17 5.82354e-17 
0.0319176 0.05 0.05 0.05 -0.02 0.015 0.045 0.951057 0.309017 3.78436e-17 5.82354e-17 
0.103904 0.05 0.05 0.05 -0.02 0.015 0.045 1 0 0 6.12323e-17 
0.0675468 0.05 0.05 0.05 -0.02 0.02 0.045 0.809017 0.587785 7.19829e-17 4.9538e-17 
0.247945 0.05 0.05 0.05 -0.02 0.02 0.045 1 0 0 6.12323e-17 
0.475632 0.05 0.05 0.05 -0.015 -0.025 0.045 6.12323e-17 1 -6.12323e-17 3.7494e-33 
0.0450628 0.05 0.05 0.05 -0.015 -0.025 0.045 0.587785 0.809017 -4.9538e-17 3.59915e-17 
0.151513 0.05 0.05 0.05 -0.015 -0.02 0.045 6.12323e-17 1 -6.12323e-17 3.7494e-33 
0.124313 0.05 0.05 0.05 -0.015 -0.02 0.045 0.309017 0.951057 -5.82354e-17 1.89218e-17 
0.0112332 0.05 0.05 0.05 -0.015 -0.02 0.045 0.587785 0.809017 -4.9538e-17 3.59915e-17 
0.0340731 0.05 0.05 0.05 -0.015 -0.015 0.045 6.12323e-17 1 -6.12323e-17 3.7494e-33 
0.0250466 0.05 0.05 0.05 -0.015 -0.015 0.045 0.309017 0.951057 -5.82354e-17 1.89218e-17 
0.00371221 0.05 0.05 0.05 -0.015 -0.015 0.045 0.809017 0.587785 7.19829e-17 4.9538e-17 
0.0928985 0.05 0.05 0.05 -0.015 -0.01 0.045 6.12323e-17 1 -6.12323e-17 3.7494e-33 
0.292376 0.05 0.05 0.05 -0.015 -0.01 0.045 0.309017 0.951057 -5.82354e-17 1.89218e-17 
0.316628 0.05 0.05 0.05 -0.015 -0.005 0.045 0.809017 0.587785 7.19829e-17 4.9538e-17 
0.0444127 0.05 0.05 0.05 -0.015 1.73472e-18 0.045 0.587785 0.809017 -4.9538e-17 3.59915e-17 
0.0797766 0.05 0.05 0.05 -0.015 0.005 0.045 0.587785 0.809017 -4.9538e-17 3.59915e-17 
0.0651536 0.05 0.05 0.05 -0.015 0.005 0.045 0.809017 0.587785 7.19829e-17 4.9538e-17 
0.110274 0.05 0.05 0.05 -0.015 0.01 0.045 0.809017 0.587785 7.19829e-17 4.9538e-17 
0.071611 0.05 0.05 0.05 -0.015 0.01 0.045 0.951057 0.309017 3.78436e-17 5.82354e-17 
0.0724116 0.05 0.05 0.05 -0.015 0.015 0.045 0.809017 0.587785 7.19829e-17 4.9538e-17 
0.0722803 0.05 0.05 0.05 -0.015 0.015 0.045 0.951057 0.309017 3.78436e-17 5.82354e-17 
0.00612456 0.05 0.05 0.05 -0.015 0.015 0.045 1 0 0 6.12323e-17 
0.0230844 0.05 0.05 0.05 -0.015 0.02 0.045 0.951057 0.309017 3.78436e-17 5.82354e-17 
0.18975 0.05 0.05 0.05 -0.015 0.02 0.045 1 0 0 6.12323e-17 
0.0859629 0.05 0.05 0.05 -0.01 -0.025 0.045 0.309017 0.951057 -5.82354e-17 1.89218e-17 
0.0675976 0.05 0.05 0.05 -0.01 -0.025 0.045 0.587785 0.809017 -4.9538e-17 3.59915e-17 
0.0251339 0.05 0.05 0.05 -0.01 -0.02 0.045 6.12323e-17 1 -6.12323e-17 3.7494e-33 
0.01468 0.05 0.05 0.05 -0.01 -0.02 0.045 0.309017 0.951057 -5.82354e-17 1.89218e-17 
0.00293073 0.05 0.05 0.05 -0.01 -0.015 0.045 6.12323e-17 1 -6.12323e-17 3.7494e-33 
0.116751 0.05 0.05 0.05 -0.01 -0.015 0.045 0.309017 0.951057 -5.82354e-17 1.89218e-17 
0.0486798 0.05 0.05 0.05 -0.01 -0.015 0.045 0.587785 0.809017 -4.9538e-17 3.59915e-17 
0.0886804 0.05 0.05 0.05 -0.01 -0.01 0.045 6.12323e-17 1 -6.12323e-17 3.7494e-33 
0.443831 0.05 0.05 0.05 -0.01 -0.01 0.045 0.309017 0.951057 -5.82354e-17 1.89218e-17 
0.300846 0.05 0.05 0.05 -0.01 -0.005 0.045 0.809017 0.587785 7.19829e-17 4.9538e-17 
0.413889 0.05 0.05 0.05 -0.01 1.73472e-18 0.045 0.809017 0.587785 7.19829e-17 4.9538e-17 
0.200802 0.05 0.05 0.05 -0.01 0.01 0.045 0.809017 0.587785 7.19829e-17 4.9538e-17 
0.117074 0.05 0.05 0.05 -0.01 0.01 0.045 1 0 0 6.12323e-17 
0.0917071 0.05 0.05 0.05 -0.01 0.015 0.045 0.809017 0.587785 7.19829e-17 4.9538e-17 
0.23409 0.05 0.05 0.05 -0.01 0.015 0.045 0.951057 0.309017 3.78436e-17 5.82354e-17 
0.33756 0.05 0.05 0.05 -0.01 0.015 0.045 1 0 0 6.12323e-17 
0.077135 0.05 0.05 0.05 -0.01 0.02 0.045 0.809017 0.587785 7.19829e-17 4.9538e-17 
0.177604 0.05 0.05 0.05 -0.01 0.02 0.045 0.951057 0.309017 3.78436e-17 5.82354e-17 
0.0392511 0.05 0.05 0.05 -0.005 -0.025 0.045 6.12323e-17 1 -6.12323e-17 3.7494e-33 
0.0519297 0.05 0.05 0.05 -0.005 -0.02 0.045 6.12323e-17 1 -6.12323e-17 3.7494e-33 
0.0944147 0.05 0.05 0.05 -0.005 -0.02 0.045 0.309017 0.951057 -5.82354e-17 1.89218e-17 
0.418195 0.05 0.05 0.05 -0.005 -0.02 0.045 0.587785 0.809017 -4.9538e-17 3.59915e-17 
0.0133368 0.05 0.05 0.05 -0.005 0.015 0.045 1 0 0 6.12323e-17 
0.053006 0.05 0.05 0.05 -0.005 0.015 0.045 0.951057 -0.309017 -3.78436e-17 5.82354e-17 
0.0744566 0.05 0.05 0.05 -0.005 0.02 0.045 0.951057 0.309017 3.78436e-17 5.82354e-17 
0.0468434 0.05 0.05 0.05 1.73472e-18 -0.025 0.045 0.309017 0.951057 -5.82354e-17 1.89218e-17 
0.140097 0.05 0.05 0.05 1.73472e-18 -0.025 0.045 0.587785 0.809017 -4.9538e-17 3.59915e-17 
0.0677015 0.05 0.05 0.05 1.73472e-18 -0.02 0.045 6.12323e-17 1 -6.12323e-17 3.7494e-33 
0.173188 0.05 0.05 0.05 1.73472e-18 -0.015 0.045 6.12323e-17 1 -6.12323e-17 3.7494e-33 
0.249056 0.05 0.05 0.05 1.73472e-18 -0.01 0.045 6.12323e-17 1 -6.12323e-17 3.7494e-33 
0.104315 0.05 0.05 0.05 1.73472e-18 0.01 0.045 1 0 0 6.12323e-17 
0.0390583 0.05 0.05 0.05 1.73472e-18 0.015 0.045 0.951057 -0.309017 -3.78436e-17 5.82354e-17 
0.0594873 0.05 0.05 0.05 0.005 -0.025 0.045 0.309017 0.951057 -5.82354e-17 1.89218e-17 
0.177817 0.05 0.05 0.05 0.005 -0.025 0.045 0.587785 0.809017 -4.9538e-17 3.59915e-17 
0.0370127 0.05 0.05 0.05 0.005 -0.02 0.045 0.309017 0.951057 -5.82354e-17 1.89218e-17 
0.0979823 0.05 0.05 0.05 0.005 -0.015 0.045 0.309017 0.951057 -5.82354e-17 1.89218e-17 
0.194571 0.05 0.05 0.05 0.005 -0.01 0.045 6.12323e-17 1 -6.12323e-17 3.7494e-33 
0.0598246 0.05 0.05 0.05 0.005 0.01 0.045 1 0 0 6.12323e-17 
0.117616 0.05 0.05 0.05 0.005 0.015 0.045 1 0 0 6.12323e-17 
0.0491875 0.05 0.05 0.05 0.005 0.015 0.045 0.951057 -0.309017 -3.78436e-17 5.82354e-17 
0.0296317 0.05 0.05 0.05 0.005 0.02 0.045 0.809017 -0.587785 -7.19829e-17 4.9538e-17 
0.0767441 0.05 0.05 0.05 0.01 -0.025 0.045 6.12323e-17 1 -6.12323e-17 3.7494e-33 
0.0772273 0.05 0.05 0.05 0.01 -0.025 0.045 0.309017 0.951057 -5.82354e-17 1.89218e-17 
0.171378 0.05 0.05 0.05 0.01 -0.02 0.045 6.12323e-17 1 -6.12323e-17 3.7494e-33 
0.0423988 0.05 0.05 0.05 0.01 -0.02 0.045 0.309017 0.951057 -5.82354e-17 1.89218e-17 
0.0351639 0.05 0.05 0.05 0.01 -0.02 0.045 -0.587785 0.809017 -4.9538e-17 -3.59915e-17 
0.174937 0.05 0.05 0.05 0.01 -0.015 0.045 6.12323e-17 1 -6.12323e-17 3.7494e-33 
0.273263 0.05 0.05 0.05 0.01 -0.015 0.045 -0.587785 0.809017 -4.9538e-17 -3.59915e-17 
0.178268 0.05 0.05 0.05 0.01 -0.015 0.045 -0.309017 0.951057 -5.82354e-17 -1.89218e-17 
0.241689 0.05 0.05 0.05 0.01 -0.01 0.045 6.12323e-17 1 -6.12323e-17 3.7494e-33 
0.00370406 0.05 0.05 0.05 0.01 -0.01 0.045 -0.587785 0.809017 -4.9538e-17 -3.59915e-17 
0.167352 0.05 0.05 0.05 0.01 1.73472e-18 0.045 -0.587785 0.809017 -4.9538e-17 -3.59915e-17 
0.113709 0.05 0.05 0.05 0.01 0.005 0.045 -0.587785 0.809017 -4.9538e-17 -3.59915e-17 
0.0809291 0.05 0.05 0.05 0.01 0.01 0.045 1 0 0 6.12323e-17 
0.474588 0.05 0.05 0.05 0.01 0.01 0.045 0.951057 -0.309017 -3.78436e-17 5.82354e-17 
0.12795 0.05 0.05 0.05 0.01 0.015 0.045 1 0 0 6.12323e-17 
0.0592373 0.05 0.05 0.05 0.01 0.015 0.045 0.951057 -0.309017 -3.78436e-17 5.82354e-17 
0.0226245 0.05 0.05 0.05 0.01 0.015 0.045 0.809017 -0.587785 -7.19829e-17 4.9538e-17 
0.070373 0.05 0.05 0.05 0.01 0.02 0.045 1 0 0 6.12323e-17 
0.0148542 0.05 0.05 0.05 0.01 0.02 0.045 0.809017 -0.587785 -7.19829e-17 4.9538e-17 
0.128067 0.05 0.05 0.05 0.015 -0.025 0.045 6.12323e-17 1 -6.12323e-17 3.7494e-33 
0.0563683 0.05 0.05 0.05 0.015 -0.025 0.045 0.309017 0.951057 -5.82354e-17 1.89218e-17 
0.356589 0.05 0.05 0.05 0.015 -0.02 0.045 6.12323e-17 1 -6.12323e-17 3.7494e-33 
0.00606871 0.05 0.05 0.05 0.015 -0.02 0.045 0.309017 0.951057 -5.82354e-17 1.89218e-17 
0.0492224 0.05 0.05 0.05 0.015 -0.02 0.045 -0.587785 0.809017 -4.9538e-17 -3.59915e-17 
0.230065 0.05 0.05 0.05 0.015 -0.015 0.045 6.12323e-17 1 -6.12323e-17 3.7494e-33 
0.0847925 0.05 0.05 0.05 0.015 -0.015 0.045 -0.587785 0.809017 -4.9538e-17 -3.59915e-17 
0.0990955 0.05 0.05 0.05 0.015 -0.015 0.045 -0.309017 0.951057 -5.82354e-17 -1.89218e-17 
0.0785948 0.05 0.05 0.05 0.015 -0.01 0.045 6.12323e-17 1 -6.12323e-17 3.7494e-33 
0.0344293 0.05 0.05 0.05 0.015 -0.01 0.045 -0.587785 0.809017 -4.9538e-17 -3.59915e-17 
0.0233287 0.05 0.05 0.05 0.015 -0.01 0.045 -0.309017 0.951057 -5.82354e-17 -1.89218e-17 
0.116477 0.05 0.05 0.05 0.015 -0.005 0.045 0.809017 -0.587785 -7.19829e-17 4.9538e-17 
0.290151 0.05 0.05 0.05 0.015 -0.005 0.045 -0.587785 0.809017 -4.9538e-17 -3.59915e-17 
0.114983 0.05 0.05 0.05 0.015 1.73472e-18 0.045 0.809017 -0.587785 -7.19829e-17 4.9538e-17 
0.106024 0.05 0.05 0.05 0.015 1.73472e-18 0.045 -0.587785 0.809017 -4.9538e-17 -3.59915e-17 
0.0129636 0.05 0.05 0.05 0.015 0.01 0.045 0.951057 -0.309017 -3.78436e-17 5.82354e-17 
0.338914 0.05 0.05 0.05 0.015 0.01 0.045 -0.587785 0.809017 -4.9538e-17 -3.59915e-17 
0.038895 0.05 0.05 0.05 0.015 0.015 0.045 1 0 0 6.12323e-17 
0.0922429 0.05 0.05 0.05 0.015 0.015 0.045 0.951057 -0.309017 -3.78436e-17 5.82354e-17 
0.0343614 0.05 0.05 0.05 0.015 0.015 0.045 -0.587785 0.809017 -4.9538e-17 -3.59915e-17 
0.0844023 0.05 0.05 0.05 0.015 0.02 0.045 1 0 0 6.12323e-17 
0.0884683 0.05 0.05 0.05 0.015 0.02 0.045 0.809017 -0.587785 -7.19829e-17 4.9538e-17 
0.0106536 0.05 0.05 0.05 0.02 -0.025 0.045 -0.309017 0.951057 -5.82354e-17 -1.89218e-17 
0.19875 0.05 0.05 0.05 0.02 -0.02 0.045 6.12323e-17 1 -6.12323e-17 3.7494e-33 
0.199263 0.05 0.05 0.05 0.02 -0.02 0.045 -0.587785 0.809017 -4.9538e-17 -3.59915e-17 
0.0063524 0.05 0.05 0.05 0.02 -0.02 0.045 -0.309017 0.951057 -5.82354e-17 -1.89218e-17 
0.0271259 0.05 0.05 0.05 0.02 -0.015 0.045 6.12323e-17 1 -6.12323e-17 3.7494e-33 
0.0201509 0.05 0.05 0.05 0.02 -0.015 0.045 -0.309017 0.951057 -5.82354e-17 -1.89218e-17 
0.165351 0.05 0.05 0.05 0.02 -0.01 0.045 6.12323e-17 1 -6.12323e-17 3.7494e-33 
0.172307 0.05 0.05 0.05 0.02 -0.01 0.045 -0.587785 0.809017 -4.9538e-17 -3.59915e-17 
0.200463 0.05 0.05 0.05 0.02 -0.005 0.045 -0.587785 0.809017 -4.9538e-17 -3.59915e-17 
0.0130653 0.05 0.05 0.05 0.02 -0.005 0.045 -0.309017 0.951057 -5.82354e-17 -1.89218e-17 
0.0112823 0.05 0.05 0.05 0.02 1.73472e-18 0.045 0.809017 -0.587785 -7.19829e-17 4.9538e-17 
0.0276842 0.05 0.05 0.05 0.02 1.73472e-18 0.045 -0.587785 0.809017 -4.9538e-17 -3.59915e-17 
0.0378883 0.05 0.05 0.05 0.02 1.73472e-18 0.045 -0.309017 0.951057 -5.82354e-17 -1.89218e-17 
0.221247 0.05 0.05 0.05 0.02 0.005 0.045 -0.587785 0.809017 -4.9538e-17 -3.59915e-17 
0.0189319 0.05 0.05 0.05 0.02 0.005 0.045 -0.309017 0.951057 -5.82354e-17 -1.89218e-17 
0.149765 0.05 0.05 0.05 0.02 0.01 0.045 0.951057 -0.309017 -3.78436e-17 5.82354e-17 
0.0345854 0.05 0.05 0.05 0.02 0.01 0.045 0.809017 -0.587785 -7.19829e-17 4.9538e-17 
0.0694134 0.05 0.05 0.05 0.02 0.01 0.045 -0.587785 0.809017 -4.9538e-17 -3.59915e-17 
0.0735907 0.05 0.05 0.05 0.02 0.015 0.045 1 0 0 6.12323e-17 
0.359627 0.05 0.05 0.05 0.02 0.015 0.045 0.951057 -0.309017 -3.78436e-17 5.82354e-17 
0.122042 0.05 0.05 0.05 0.02 0.015 0.045 0.809017 -0.587785 -7.19829e-17 4.9538e-17 
0.062533 0.05 0.05 0.05 0.02 0.015 0.045 -0.587785 0.809017 -4.9538e-17 -3.59915e-17 
