0.32175 0.055 0.055 0.055 0.0055 0.0165 0.0475 0.951057 -0.309017 -1.89218e-17 5.82354e-17 
0.317097 0.055 0.055 0.055 0.0165 0.0275 0.0475 0.951057 -0.309017 -1.89218e-17 5.82354e-17 
0.312533 0.055 0.055 0.055 0.0055 0.0275 0.0475 0.951057 -0.309017 -1.89218e-17 5.82354e-17 
0.280118 0.055 0.055 0.055 0.0165 0.0165 0.0475 0.951057 -0.309017 -1.89218e-17 5.82354e-17 
0.261014 0.055 0.055 0.055 0.0275 0.0275 0.0475 0.951057 -0.309017 -1.89218e-17 5.82354e-17 
0.206648 0.055 0.055 0.055 0.0165 -0.0055 0.0475 -0.587785 0.809017 -4.9538e-17 -3.59915e-17 
0.190202 0.055 0.055 0.055 0.0165 0.0055 0.0475 -0.587785 0.809017 -4.9538e-17 -3.59915e-17 
0.177304 0.055 0.055 0.055 0.0275 0.0165 0.0475 0.951057 -0.309017 -1.89218e-17 5.82354e-17 
0.130415 0.055 0.055 0.055 -0.0165 -0.0055 0.0475 0.587785 0.809017 -4.9538e-17 3.59915e-17 
0.123099 0.055 0.055 0.055 0.0165 -0.0165 0.0475 -0.587785 0.809017 -4.9538e-17 -3.59915e-17 
0.112656 0.055 0.055 0.055 0.0275 -0.0275 0.0475 -0.587785 0.809017 -4.9538e-17 -3.59915e-17 
0.101329 0.055 0.055 0.055 0.0055 -0.0165 0.0475 6.12323e-17 1 -6.12323e-17 3.7494e-33 
0.0919946 0.055 0.055 0.055 0.0165 -0.0165 0.0475 6.12323e-17 1 -6.12323e-17 3.7494e-33 
0.0915015 0.055 0.055 0.055 -0.0165 0.0055 0.0475 0.587785 0.809017 -4.9538e-17 3.59915e-17 
0.0833849 0.055 0.055 0.055 -0.0165 0.0165 0.0475 0.951057 0.309017 1.89218e-17 5.82354e-17 
0.0824795 0.055 0.055 0.055 -0.0275 -0.0055 0.0475 0.587785 0.809017 -4.9538e-17 3.59915e-17 
0.0824239 0.055 0.055 0.055 -0.0275 -0.0165 0.0475 0.587785 0.809017 -4.9538e-17 3.59915e-17 
0.0813268 0.055 0.055 0.055 -0.0165 -0.0165 0.0475 0.587785 0.809017 -4.9538e-17 3.59915e-17 
0.0717353 0.055 0.055 0.055 -0.0275 0.0165 0.0475 0.951057 0.309017 1.89218e-17 5.82354e-17 
0.0628937 0.055 0.055 0.055 -0.0275 0.0275 0.0475 0.587785 0.809017 -4.9538e-17 3.59915e-17 
0.0590141 0.055 0.055 0.055 -0.0055 -0.0165 0.0475 6.12323e-17 1 -6.12323e-17 3.7494e-33 
0.0477142 0.055 0.055 0.055 -0.0275 0.0275 0.0475 0.951057 0.309017 1.89218e-17 5.82354e-17 
0.047619 0.055 0.055 0.055 -0.0275 0.0055 0.0475 0.951057 0.309017 1.89218e-17 5.82354e-17 
0.045546 0.055 0.055 0.055 -0.0275 0.0055 0.0475 0.587785 0.809017 -4.9538e-17 3.59915e-17 
0.0453851 0.055 0.055 0.055 0.0275 -0.0165 0.0475 -0.587785 0.809017 -4.9538e-17 -3.59915e-17 
0.0436022 0.055 0.055 0.055 0.0275 0.0275 0.0475 -0.587785 0.809017 -4.9538e-17 -3.59915e-17 
0.0407414 0.055 0.055 0.055 0.0275 0.0165 0.0475 -0.587785 0.809017 -4.9538e-17 -3.59915e-17 
0.0282917 0.055 0.055 0.055 0.0275 0.0055 0.0475 -0.587785 0.809017 -4.9538e-17 -3.59915e-17 
0.0260389 0.055 0.055 0.055 -0.0275 -0.0055 0.0475 0.951057 0.309017 1.89218e-17 5.82354e-17 
0.0236879 0.055 0.055 0.055 0.0275 -0.0055 0.0475 -0.587785 0.809017 -4.9538e-17 -3.59915e-17 
0.0199216 0.055 0.055 0.055 -0.0275 -0.0165 0.0475 6.12323e-17 1 -6.12323e-17 3.7494e-33 
0.0196757 0.055 0.055 0.055 -0.0275 0.0165 0.0475 0.587785 0.809017 -4.9538e-17 3.59915e-17 
0.017984 0.055 0.055 0.055 0.0055 -0.0275 0.0475 6.12323e-17 1 -6.12323e-17 3.7494e-33 
0.015897 0.055 0.055 0.055 -0.0165 0.0165 0.0475 0.587785 0.809017 -4.9538e-17 3.59915e-17 
0.0157232 0.055 0.055 0.055 -0.0165 -0.0165 0.0475 6.12323e-17 1 -6.12323e-17 3.7494e-33 
0.00780361 0.055 0.055 0.055 -0.0275 -0.0275 0.0475 0.587785 0.809017 -4.9538e-17 3.59915e-17 
0.00529902 0.055 0.055 0.055 -0.0275 -0.0275 0.0475 6.12323e-17 1 -6.12323e-17 3.7494e-33 
-0.00211384 0.055 0.055 0.055 -0.0055 0.0165 0.0475 0.951057 -0.309017 -1.89218e-17 5.82354e-17 
-0.00342127 0.055 0.055 0.055 -0.0055 -0.0275 0.0475 6.12323e-17 1 -6.12323e-17 3.7494e-33 
-0.00565833 0.055 0.055 0.055 0.0165 -0.0275 0.0475 6.12323e-17 1 -6.12323e-17 3.7494e-33 
-0.00721807 0.055 0.055 0.055 0.0275 0.0055 0.0475 0.951057 -0.309017 -1.89218e-17 5.82354e-17 
-0.013362 0.055 0.055 0.055 -0.0165 0.0275 0.0475 0.951057 0.309017 1.89218e-17 5.82354e-17 
-0.0214009 0.055 0.055 0.055 0.0275 -0.0165 0.0475 6.12323e-17 1 -6.12323e-17 3.7494e-33 
-0.0226575 0.055 0.055 0.055 -0.0165 -0.0275 0.0475 6.12323e-17 1 -6.12323e-17 3.7494e-33 
-0.03487 0.055 0.055 0.055 -0.0165 0.0275 0.0475 0.587785 0.809017 -4.9538e-17 3.59915e-17 
-0.0360463 0.055 0.055 0.055 0.0165 -0.0275 0.0475 -0.587785 0.809017 -4.9538e-17 -3.59915e-17 
-0.0441826 0.055 0.055 0.055 -0.0055 -0.0275 0.0475 0.587785 0.809017 -4.9538e-17 3.59915e-17 
-0.0543022 0.055 0.055 0.055 -0.0055 0.0275 0.0475 0.951057 -0.309017 -1.89218e-17 5.82354e-17 
-0.0634756 0.055 0.055 0.055 -0.0055 0.0275 0.0475 0.951057 0.309017 1.89218e-17 5.82354e-17 
-0.0962525 0.055 0.055 0.055 -0.0165 -0.0275 0.0475 0.587785 0.809017 -4.9538e-17 3.59915e-17 
-0.0975374 0.055 0.055 0.055 0.0055 0.0275 0.0475 0.951057 0.309017 1.89218e-17 5.82354e-17 
-0.114167 0.055 0.055 0.055 0.0165 0.0275 0.0475 0.951057 0.309017 1.89218e-17 5.82354e-17 
-0.115668 0.055 0.055 0.055 0.0275 0.0275 0.0475 0.951057 0.309017 1.89218e-17 5.82354e-17 
-0.123338 0.055 0.055 0.055 0.0275 -0.0275 0.0475 6.12323e-17 1 -6.12323e-17 3.7494e-33 
