0 0.09 0.074 0.151 -0.065 -0.037 -0.0151 -0.218508 0.672498 -0.218508 0.672499 
0 0.09 0.074 0.151 -0.065 -0.037 3.46945e-18 -0.218508 0.672498 -0.218508 0.672499 
0 0.09 0.074 0.151 0.065 -0.037 0.0151 0 -0.707107 0 0.707106 
0 0.09 0.074 0.151 -0.065 -0.037 0.0151 -0.218508 0.672498 -0.218508 0.672499 
0 0.09 0.074 0.151 -0.065 -0.037 0.0151 0 0.707107 0 0.707106 
0 0.09 0.074 0.151 0.065 -0.037 0.0302 0 -0.707107 0 0.707106 
0 0.09 0.074 0.151 -0.065 -0.037 0.0302 -0.218508 0.672498 -0.218508 0.672499 
0 0.09 0.074 0.151 -0.065 -0.037 0.0302 0 0.707107 0 0.707106 
0 0.09 0.074 0.151 0.065 -0.037 0.0453 0.218508 -0.672498 -0.218508 0.672499 
0 0.09 0.074 0.151 0.065 -0.037 0.0453 0 -0.707107 0 0.707106 
0 0.09 0.074 0.151 0.065 -0.037 0.0453 -0.218508 -0.672498 0.218508 0.672499 
0 0.09 0.074 0.151 -0.065 -0.037 0.0453 -0.218508 0.672498 -0.218508 0.672499 
0 0.09 0.074 0.151 -0.065 -0.037 0.0453 0 0.707107 0 0.707106 
0 0.09 0.074 0.151 0.065 -0.037 0.0604 0.218508 -0.672498 -0.218508 0.672499 
0 0.09 0.074 0.151 0.065 -0.037 0.0604 0 -0.707107 0 0.707106 
0 0.09 0.074 0.151 0.065 -0.037 0.0604 -0.218508 -0.672498 0.218508 0.672499 
0 0.09 0.074 0.151 0.065 -0.037 0.0604 -0.415627 -0.572061 0.415627 0.572062 
0 0.09 0.074 0.151 -0.065 -0.037 0.0604 -0.415627 0.572061 -0.415627 0.572062 
0 0.09 0.074 0.151 -0.065 -0.037 0.0604 -0.218508 0.672498 -0.218508 0.672499 
0 0.09 0.074 0.151 -0.065 -0.037 0.0604 0 0.707107 0 0.707106 
0 0.09 0.074 0.151 0.065 -0.037 0.0755 0.218508 -0.672498 -0.218508 0.672499 
0 0.09 0.074 0.151 0.065 -0.037 0.0755 0 -0.707107 0 0.707106 
0 0.09 0.074 0.151 0.065 -0.037 0.0755 -0.218508 -0.672498 0.218508 0.672499 
0 0.09 0.074 0.151 0.065 -0.037 0.0755 -0.415627 -0.572061 0.415627 0.572062 
0 0.09 0.074 0.151 -0.065 -0.037 0.0755 -0.572061 0.415627 -0.572061 0.415629 
0 0.09 0.074 0.151 -0.065 -0.037 0.0755 -0.415627 0.572061 -0.415627 0.572062 
0 0.09 0.074 0.151 -0.065 -0.037 0.0755 -0.218508 0.672498 -0.218508 0.672499 
0 0.09 0.074 0.151 -0.065 -0.037 0.0755 0 0.707107 0 0.707106 
0 0.09 0.074 0.151 0.065 -0.0296 0.0151 0 -0.707107 0 0.707106 
0 0.09 0.074 0.151 0.065 -0.0296 0.0302 0 -0.707107 0 0.707106 
0 0.09 0.074 0.151 0.065 -0.0296 0.0453 0 -0.707107 0 0.707106 
0 0.09 0.074 0.151 0.065 -0.0296 0.0453 -0.218508 -0.672498 0.218508 0.672499 
0 0.09 0.074 0.151 0.065 -0.0296 0.0604 0 -0.707107 0 0.707106 
0 0.09 0.074 0.151 0.065 -0.0296 0.0604 -0.218508 -0.672498 0.218508 0.672499 
0 0.09 0.074 0.151 0.065 -0.0296 0.0604 -0.415627 -0.572061 0.415627 0.572062 
0 0.09 0.074 0.151 -0.065 -0.0296 0.0604 -0.415627 0.572061 -0.415627 0.572062 
0 0.09 0.074 0.151 -0.065 -0.0296 0.0604 -0.218508 0.672498 -0.218508 0.672499 
0 0.09 0.074 0.151 0.065 -0.0296 0.0755 0 -0.707107 0 0.707106 
0 0.09 0.074 0.151 0.065 -0.0296 0.0755 -0.218508 -0.672498 0.218508 0.672499 
0 0.09 0.074 0.151 0.065 -0.0296 0.0755 -0.415627 -0.572061 0.415627 0.572062 
0 0.09 0.074 0.151 -0.065 -0.0296 0.0755 -0.572061 0.415627 -0.572061 0.415629 
0 0.09 0.074 0.151 -0.065 -0.0296 0.0755 -0.415627 0.572061 -0.415627 0.572062 
0 0.09 0.074 0.151 -0.065 -0.0296 0.0755 -0.218508 0.672498 -0.218508 0.672499 
0 0.09 0.074 0.151 0.065 -0.0222 0.0302 0 -0.707107 0 0.707106 
0 0.09 0.074 0.151 0.065 -0.0222 0.0453 0 -0.707107 0 0.707106 
0 0.09 0.074 0.151 0.065 -0.0222 0.0604 0 -0.707107 0 0.707106 
0 0.09 0.074 0.151 0.065 -0.0222 0.0604 -0.218508 -0.672498 0.218508 0.672499 
0 0.09 0.074 0.151 -0.065 -0.0222 0.0604 -0.415627 0.572061 -0.415627 0.572062 
0 0.09 0.074 0.151 0.065 -0.0222 0.0755 0 -0.707107 0 0.707106 
0 0.09 0.074 0.151 0.065 -0.0222 0.0755 -0.218508 -0.672498 0.218508 0.672499 
0 0.09 0.074 0.151 0.065 -0.0222 0.0755 -0.415627 -0.572061 0.415627 0.572062 
0 0.09 0.074 0.151 -0.065 -0.0222 0.0755 -0.572061 0.415627 -0.572061 0.415629 
0 0.09 0.074 0.151 -0.065 -0.0222 0.0755 -0.415627 0.572061 -0.415627 0.572062 
0 0.09 0.074 0.151 -0.065 -0.0222 0.0755 -0.218508 0.672498 -0.218508 0.672499 
0 0.09 0.074 0.151 -0.065 -0.0148 0.0604 -0.415627 0.572061 -0.415627 0.572062 
0 0.09 0.074 0.151 0.065 -0.0148 0.0755 -0.218508 -0.672498 0.218508 0.672499 
0 0.09 0.074 0.151 0.065 -0.0148 0.0755 -0.415627 -0.572061 0.415627 0.572062 
0 0.09 0.074 0.151 0.065 -0.0148 0.0755 -0.572061 -0.415627 0.572061 0.415629 
0 0.09 0.074 0.151 -0.065 -0.0148 0.0755 -0.572061 0.415627 -0.572061 0.415629 
0 0.09 0.074 0.151 -0.065 -0.0148 0.0755 -0.415627 0.572061 -0.415627 0.572062 
0 0.09 0.074 0.151 -0.065 -0.0148 0.0755 -0.218508 0.672498 -0.218508 0.672499 
0 0.09 0.074 0.151 -0.065 -0.0074 0.0604 -0.415627 0.572061 -0.415627 0.572062 
0 0.09 0.074 0.151 0.065 -0.0074 0.0755 -0.415627 -0.572061 0.415627 0.572062 
0 0.09 0.074 0.151 0.065 -0.0074 0.0755 -0.572061 -0.415627 0.572061 0.415629 
0 0.09 0.074 0.151 -0.065 -0.0074 0.0755 -0.572061 0.415627 -0.572061 0.415629 
0 0.09 0.074 0.151 -0.065 -0.0074 0.0755 -0.415627 0.572061 -0.415627 0.572062 
0 0.09 0.074 0.151 -0.065 -0.0074 0.0755 -0.218508 0.672498 -0.218508 0.672499 
0 0.09 0.074 0.151 0.065 1.73472e-18 0.0604 -0.572061 -0.415627 0.572061 0.415629 
0 0.09 0.074 0.151 -0.065 1.73472e-18 0.0604 -0.415627 0.572061 -0.415627 0.572062 
0 0.09 0.074 0.151 0.065 1.73472e-18 0.0755 -0.415627 -0.572061 0.415627 0.572062 
0 0.09 0.074 0.151 0.065 1.73472e-18 0.0755 -0.572061 -0.415627 0.572061 0.415629 
0 0.09 0.074 0.151 -0.065 1.73472e-18 0.0755 -0.572061 0.415627 -0.572061 0.415629 
0 0.09 0.074 0.151 -0.065 1.73472e-18 0.0755 -0.415627 0.572061 -0.415627 0.572062 
0 0.09 0.074 0.151 0.065 0.0074 0.0604 -0.572061 -0.415627 0.572061 0.415629 
0 0.09 0.074 0.151 0.065 0.0074 0.0755 -0.415627 -0.572061 0.415627 0.572062 
0 0.09 0.074 0.151 0.065 0.0074 0.0755 -0.572061 -0.415627 0.572061 0.415629 
0 0.09 0.074 0.151 0.065 0.0074 0.0755 -0.672498 -0.218508 0.672499 0.218508 
0 0.09 0.074 0.151 -0.065 0.0074 0.0755 -0.572061 0.415627 -0.572061 0.415629 
0 0.09 0.074 0.151 -0.065 0.0074 0.0755 -0.415627 0.572061 -0.415627 0.572062 
0 0.09 0.074 0.151 0.065 0.0148 0.0604 -0.572061 -0.415627 0.572061 0.415629 
0 0.09 0.074 0.151 0.065 0.0148 0.0755 -0.415627 -0.572061 0.415627 0.572062 
0 0.09 0.074 0.151 0.065 0.0148 0.0755 -0.572061 -0.415627 0.572061 0.415629 
0 0.09 0.074 0.151 0.065 0.0148 0.0755 -0.672498 -0.218508 0.672499 0.218508 
0 0.09 0.074 0.151 -0.065 0.0148 0.0755 -0.672498 0.218508 -0.672499 0.218508 
0 0.09 0.074 0.151 -0.065 0.0148 0.0755 -0.572061 0.415627 -0.572061 0.415629 
0 0.09 0.074 0.151 -0.065 0.0148 0.0755 -0.415627 0.572061 -0.415627 0.572062 
0 0.09 0.074 0.151 -0.065 0.0222 0.0302 0.707107 -4.32978e-17 0.707107 -4.32978e-17 
0 0.09 0.074 0.151 -0.065 0.0222 0.0453 0.707107 -4.32978e-17 0.707107 -4.32978e-17 
0 0.09 0.074 0.151 0.065 0.0222 0.0604 -0.572061 -0.415627 0.572061 0.415629 
0 0.09 0.074 0.151 -0.065 0.0222 0.0604 0.707107 -4.32978e-17 0.707107 -4.32978e-17 
0 0.09 0.074 0.151 -0.065 0.0222 0.0604 -0.672498 0.218508 -0.672499 0.218508 
0 0.09 0.074 0.151 0.065 0.0222 0.0755 -0.415627 -0.572061 0.415627 0.572062 
0 0.09 0.074 0.151 0.065 0.0222 0.0755 -0.572061 -0.415627 0.572061 0.415629 
0 0.09 0.074 0.151 0.065 0.0222 0.0755 -0.672498 -0.218508 0.672499 0.218508 
0 0.09 0.074 0.151 -0.065 0.0222 0.0755 0.707107 -4.32978e-17 0.707107 -4.32978e-17 
0 0.09 0.074 0.151 -0.065 0.0222 0.0755 -0.672498 0.218508 -0.672499 0.218508 
0 0.09 0.074 0.151 -0.065 0.0222 0.0755 -0.572061 0.415627 -0.572061 0.415629 
0 0.09 0.074 0.151 -0.065 0.0296 0.0151 0.707107 -4.32978e-17 0.707107 -4.32978e-17 
0 0.09 0.074 0.151 -0.065 0.0296 0.0302 0.707107 -4.32978e-17 0.707107 -4.32978e-17 
0 0.09 0.074 0.151 -0.065 0.0296 0.0453 0.707107 -4.32978e-17 0.707107 -4.32978e-17 
0 0.09 0.074 0.151 -0.065 0.0296 0.0453 -0.672498 0.218508 -0.672499 0.218508 
0 0.09 0.074 0.151 0.065 0.0296 0.0604 -0.572061 -0.415627 0.572061 0.415629 
0 0.09 0.074 0.151 0.065 0.0296 0.0604 -0.672498 -0.218508 0.672499 0.218508 
0 0.09 0.074 0.151 -0.065 0.0296 0.0604 0.707107 -4.32978e-17 0.707107 -4.32978e-17 
0 0.09 0.074 0.151 -0.065 0.0296 0.0604 -0.672498 0.218508 -0.672499 0.218508 
0 0.09 0.074 0.151 -0.065 0.0296 0.0604 -0.572061 0.415627 -0.572061 0.415629 
0 0.09 0.074 0.151 0.065 0.0296 0.0755 -0.415627 -0.572061 0.415627 0.572062 
0 0.09 0.074 0.151 0.065 0.0296 0.0755 -0.572061 -0.415627 0.572061 0.415629 
0 0.09 0.074 0.151 0.065 0.0296 0.0755 -0.672498 -0.218508 0.672499 0.218508 
0 0.09 0.074 0.151 -0.065 0.0296 0.0755 0.707107 -4.32978e-17 0.707107 -4.32978e-17 
0 0.09 0.074 0.151 -0.065 0.0296 0.0755 -0.672498 0.218508 -0.672499 0.218508 
0 0.09 0.074 0.151 -0.065 0.0296 0.0755 -0.572061 0.415627 -0.572061 0.415629 
0 0.09 0.074 0.151 0.065 0.037 -0.0151 -0.672498 -0.218508 0.672499 0.218508 
0 0.09 0.074 0.151 0.065 0.037 3.46945e-18 -0.672498 -0.218508 0.672499 0.218508 
0 0.09 0.074 0.151 0.065 0.037 0.0151 0.707107 -4.32978e-17 -0.707107 4.32978e-17 
0 0.09 0.074 0.151 0.065 0.037 0.0151 -0.672498 -0.218508 0.672499 0.218508 
0 0.09 0.074 0.151 -0.065 0.037 0.0151 0.707107 -4.32978e-17 0.707107 -4.32978e-17 
0 0.09 0.074 0.151 0.065 0.037 0.0302 0.707107 -4.32978e-17 -0.707107 4.32978e-17 
0 0.09 0.074 0.151 0.065 0.037 0.0302 -0.672498 -0.218508 0.672499 0.218508 
0 0.09 0.074 0.151 -0.065 0.037 0.0302 0.707107 -4.32978e-17 0.707107 -4.32978e-17 
0 0.09 0.074 0.151 0.065 0.037 0.0453 0.707107 -4.32978e-17 -0.707107 4.32978e-17 
0 0.09 0.074 0.151 0.065 0.037 0.0453 -0.672498 -0.218508 0.672499 0.218508 
0 0.09 0.074 0.151 -0.065 0.037 0.0453 0.707107 -4.32978e-17 0.707107 -4.32978e-17 
0 0.09 0.074 0.151 -0.065 0.037 0.0453 -0.672498 0.218508 -0.672499 0.218508 
0 0.09 0.074 0.151 -0.065 0.037 0.0453 0.672498 0.218508 0.672499 0.218508 
0 0.09 0.074 0.151 0.065 0.037 0.0604 0.707107 -4.32978e-17 -0.707107 4.32978e-17 
0 0.09 0.074 0.151 0.065 0.037 0.0604 -0.572061 -0.415627 0.572061 0.415629 
0 0.09 0.074 0.151 0.065 0.037 0.0604 -0.672498 -0.218508 0.672499 0.218508 
0 0.09 0.074 0.151 -0.065 0.037 0.0604 0.707107 -4.32978e-17 0.707107 -4.32978e-17 
0 0.09 0.074 0.151 -0.065 0.037 0.0604 -0.672498 0.218508 -0.672499 0.218508 
0 0.09 0.074 0.151 -0.065 0.037 0.0604 -0.572061 0.415627 -0.572061 0.415629 
0 0.09 0.074 0.151 -0.065 0.037 0.0604 0.672498 0.218508 0.672499 0.218508 
0 0.09 0.074 0.151 0.065 0.037 0.0755 0.707107 -4.32978e-17 -0.707107 4.32978e-17 
0 0.09 0.074 0.151 0.065 0.037 0.0755 -0.415627 -0.572061 0.415627 0.572062 
0 0.09 0.074 0.151 0.065 0.037 0.0755 -0.572061 -0.415627 0.572061 0.415629 
0 0.09 0.074 0.151 0.065 0.037 0.0755 -0.672498 -0.218508 0.672499 0.218508 
0 0.09 0.074 0.151 -0.065 0.037 0.0755 0.707107 -4.32978e-17 0.707107 -4.32978e-17 
0 0.09 0.074 0.151 -0.065 0.037 0.0755 -0.672498 0.218508 -0.672499 0.218508 
0 0.09 0.074 0.151 -0.065 0.037 0.0755 -0.572061 0.415627 -0.572061 0.415629 
0 0.09 0.074 0.151 -0.065 0.037 0.0755 0.672498 0.218508 0.672499 0.218508 
0 0.09 0.074 0.151 -0.045 0.057 3.46945e-18 0.415627 0.572061 -0.572061 0.415629 
0 0.09 0.074 0.151 -0.045 0.057 0.0151 0.415627 0.572061 -0.572061 0.415629 
0 0.09 0.074 0.151 -0.045 0.057 0.0302 0.415627 0.572061 -0.572061 0.415629 
0 0.09 0.074 0.151 -0.045 -0.057 0.0302 -0.415627 -0.572061 -0.572061 0.415629 
0 0.09 0.074 0.151 -0.045 -0.057 0.0302 -0.572061 -0.415627 -0.415627 0.572062 
0 0.09 0.074 0.151 -0.045 0.057 0.0453 0.415627 0.572061 -0.572061 0.415629 
0 0.09 0.074 0.151 -0.045 -0.057 0.0453 -0.415627 -0.572061 -0.572061 0.415629 
0 0.09 0.074 0.151 -0.045 -0.057 0.0453 -0.572061 -0.415627 -0.415627 0.572062 
0 0.09 0.074 0.151 -0.045 -0.057 0.0453 -0.672499 -0.218508 -0.218508 0.672498 
0 0.09 0.074 0.151 -0.045 0.057 0.0604 -8.65956e-17 0.707107 -0.707107 4.32978e-17 
0 0.09 0.074 0.151 -0.045 0.057 0.0604 0.218508 0.672499 -0.672499 0.218502 
0 0.09 0.074 0.151 -0.045 0.057 0.0604 0.415627 0.572061 -0.572061 0.415629 
0 0.09 0.074 0.151 -0.045 -0.057 0.0604 -0.415627 -0.572061 -0.572061 0.415629 
0 0.09 0.074 0.151 -0.045 -0.057 0.0604 -0.572061 -0.415627 -0.415627 0.572062 
0 0.09 0.074 0.151 -0.045 -0.057 0.0604 -0.672499 -0.218508 -0.218508 0.672498 
0 0.09 0.074 0.151 -0.045 0.057 0.0755 -8.65956e-17 0.707107 -0.707107 4.32978e-17 
0 0.09 0.074 0.151 -0.045 0.057 0.0755 0.218508 0.672499 -0.672499 0.218502 
0 0.09 0.074 0.151 -0.045 0.057 0.0755 0.415627 0.572061 -0.572061 0.415629 
0 0.09 0.074 0.151 -0.045 0.057 0.0755 0.218508 -0.672499 0.672499 0.218502 
0 0.09 0.074 0.151 -0.045 -0.057 0.0755 -0.415627 -0.572061 -0.572061 0.415629 
0 0.09 0.074 0.151 -0.045 -0.057 0.0755 -0.572061 -0.415627 -0.415627 0.572062 
0 0.09 0.074 0.151 -0.045 -0.057 0.0755 -0.672499 -0.218508 -0.218508 0.672498 
0 0.09 0.074 0.151 -0.045 -0.057 0.0755 -0.707107 0 0 0.707106 
0 0.09 0.074 0.151 -0.036 0.057 3.46945e-18 0.415627 0.572061 -0.572061 0.415629 
0 0.09 0.074 0.151 -0.036 0.057 0.0151 0.415627 0.572061 -0.572061 0.415629 
0 0.09 0.074 0.151 -0.036 0.057 0.0302 0.415627 0.572061 -0.572061 0.415629 
0 0.09 0.074 0.151 -0.036 -0.057 0.0302 -0.415627 -0.572061 -0.572061 0.415629 
0 0.09 0.074 0.151 -0.036 0.057 0.0453 0.415627 0.572061 -0.572061 0.415629 
0 0.09 0.074 0.151 -0.036 -0.057 0.0453 -0.415627 -0.572061 -0.572061 0.415629 
0 0.09 0.074 0.151 -0.036 -0.057 0.0453 -0.572061 -0.415627 -0.415627 0.572062 
0 0.09 0.074 0.151 -0.036 0.057 0.0604 -8.65956e-17 0.707107 -0.707107 4.32978e-17 
0 0.09 0.074 0.151 -0.036 0.057 0.0604 0.218508 0.672499 -0.672499 0.218502 
0 0.09 0.074 0.151 -0.036 0.057 0.0604 0.415627 0.572061 -0.572061 0.415629 
0 0.09 0.074 0.151 -0.036 -0.057 0.0604 -0.415627 -0.572061 -0.572061 0.415629 
0 0.09 0.074 0.151 -0.036 -0.057 0.0604 -0.572061 -0.415627 -0.415627 0.572062 
0 0.09 0.074 0.151 -0.036 -0.057 0.0604 -0.672499 -0.218508 -0.218508 0.672498 
0 0.09 0.074 0.151 -0.036 0.057 0.0755 -8.65956e-17 0.707107 -0.707107 4.32978e-17 
0 0.09 0.074 0.151 -0.036 0.057 0.0755 0.218508 0.672499 -0.672499 0.218502 
0 0.09 0.074 0.151 -0.036 0.057 0.0755 0.415627 0.572061 -0.572061 0.415629 
0 0.09 0.074 0.151 -0.036 0.057 0.0755 0.218508 -0.672499 0.672499 0.218502 
0 0.09 0.074 0.151 -0.036 -0.057 0.0755 -0.415627 -0.572061 -0.572061 0.415629 
0 0.09 0.074 0.151 -0.036 -0.057 0.0755 -0.572061 -0.415627 -0.415627 0.572062 
0 0.09 0.074 0.151 -0.036 -0.057 0.0755 -0.672499 -0.218508 -0.218508 0.672498 
0 0.09 0.074 0.151 -0.036 -0.057 0.0755 -0.707107 0 0 0.707106 
0 0.09 0.074 0.151 -0.027 -0.057 0.0453 -0.572061 -0.415627 -0.415627 0.572062 
0 0.09 0.074 0.151 -0.027 0.057 0.0604 -8.65956e-17 0.707107 -0.707107 4.32978e-17 
0 0.09 0.074 0.151 -0.027 -0.057 0.0604 -0.572061 -0.415627 -0.415627 0.572062 
0 0.09 0.074 0.151 -0.027 0.057 0.0755 -8.65956e-17 0.707107 -0.707107 4.32978e-17 
0 0.09 0.074 0.151 -0.027 0.057 0.0755 0.218508 0.672499 -0.672499 0.218502 
0 0.09 0.074 0.151 -0.027 0.057 0.0755 0.415627 0.572061 -0.572061 0.415629 
0 0.09 0.074 0.151 -0.027 0.057 0.0755 0.218508 -0.672499 0.672499 0.218502 
0 0.09 0.074 0.151 -0.027 -0.057 0.0755 -0.572061 -0.415627 -0.415627 0.572062 
0 0.09 0.074 0.151 -0.027 -0.057 0.0755 -0.672499 -0.218508 -0.218508 0.672498 
0 0.09 0.074 0.151 -0.027 -0.057 0.0755 -0.707107 0 0 0.707106 
0 0.09 0.074 0.151 -0.018 0.057 0.0604 -8.65956e-17 0.707107 -0.707107 4.32978e-17 
0 0.09 0.074 0.151 -0.018 0.057 0.0755 -8.65956e-17 0.707107 -0.707107 4.32978e-17 
0 0.09 0.074 0.151 -0.018 0.057 0.0755 0.218508 0.672499 -0.672499 0.218502 
0 0.09 0.074 0.151 -0.018 0.057 0.0755 0.415627 0.572061 -0.572061 0.415629 
0 0.09 0.074 0.151 -0.018 0.057 0.0755 0.218508 -0.672499 0.672499 0.218502 
0 0.09 0.074 0.151 -0.018 -0.057 0.0755 -0.672499 -0.218508 -0.218508 0.672498 
0 0.09 0.074 0.151 -0.018 -0.057 0.0755 -0.707107 0 0 0.707106 
0 0.09 0.074 0.151 -0.009 0.057 0.0604 -8.65956e-17 0.707107 -0.707107 4.32978e-17 
0 0.09 0.074 0.151 -0.009 -0.057 0.0604 -0.707107 0 0 0.707106 
0 0.09 0.074 0.151 -0.009 0.057 0.0755 -8.65956e-17 0.707107 -0.707107 4.32978e-17 
0 0.09 0.074 0.151 -0.009 0.057 0.0755 0.218508 0.672499 -0.672499 0.218502 
0 0.09 0.074 0.151 -0.009 0.057 0.0755 0.218508 -0.672499 0.672499 0.218502 
0 0.09 0.074 0.151 -0.009 -0.057 0.0755 -0.672499 -0.218508 -0.218508 0.672498 
0 0.09 0.074 0.151 -0.009 -0.057 0.0755 -0.707107 0 0 0.707106 
0 0.09 0.074 0.151 3.46945e-18 0.057 0.0604 -8.65956e-17 0.707107 -0.707107 4.32978e-17 
0 0.09 0.074 0.151 3.46945e-18 -0.057 0.0604 -0.707107 0 0 0.707106 
0 0.09 0.074 0.151 3.46945e-18 0.057 0.0755 -8.65956e-17 0.707107 -0.707107 4.32978e-17 
0 0.09 0.074 0.151 3.46945e-18 0.057 0.0755 0.218508 -0.672499 0.672499 0.218502 
0 0.09 0.074 0.151 3.46945e-18 -0.057 0.0755 -0.672499 -0.218508 -0.218508 0.672498 
0 0.09 0.074 0.151 3.46945e-18 -0.057 0.0755 -0.707107 0 0 0.707106 
0 0.09 0.074 0.151 0.009 0.057 0.0604 -8.65956e-17 0.707107 -0.707107 4.32978e-17 
0 0.09 0.074 0.151 0.009 -0.057 0.0604 -0.707107 0 0 0.707106 
0 0.09 0.074 0.151 0.009 0.057 0.0755 -8.65956e-17 0.707107 -0.707107 4.32978e-17 
0 0.09 0.074 0.151 0.009 0.057 0.0755 0.218508 -0.672499 0.672499 0.218502 
0 0.09 0.074 0.151 0.009 -0.057 0.0755 -0.672499 -0.218508 -0.218508 0.672498 
0 0.09 0.074 0.151 0.009 -0.057 0.0755 -0.707107 0 0 0.707106 
0 0.09 0.074 0.151 0.018 -0.057 0.0604 -0.707107 0 0 0.707106 
0 0.09 0.074 0.151 0.018 0.057 0.0755 -8.65956e-17 0.707107 -0.707107 4.32978e-17 
0 0.09 0.074 0.151 0.018 0.057 0.0755 0.218508 -0.672499 0.672499 0.218502 
0 0.09 0.074 0.151 0.018 -0.057 0.0755 -0.672499 -0.218508 -0.218508 0.672498 
0 0.09 0.074 0.151 0.018 -0.057 0.0755 -0.707107 0 0 0.707106 
0 0.09 0.074 0.151 0.018 -0.057 0.0755 -0.572061 0.415627 0.415627 0.572062 
0 0.09 0.074 0.151 0.027 0.057 0.0453 0.415627 -0.572061 0.572061 0.415629 
0 0.09 0.074 0.151 0.027 0.057 0.0604 0.415627 -0.572061 0.572061 0.415629 
0 0.09 0.074 0.151 0.027 -0.057 0.0604 -0.707107 0 0 0.707106 
0 0.09 0.074 0.151 0.027 0.057 0.0755 -8.65956e-17 0.707107 -0.707107 4.32978e-17 
0 0.09 0.074 0.151 0.027 0.057 0.0755 0.415627 -0.572061 0.572061 0.415629 
0 0.09 0.074 0.151 0.027 0.057 0.0755 0.218508 -0.672499 0.672499 0.218502 
0 0.09 0.074 0.151 0.027 -0.057 0.0755 -0.672499 -0.218508 -0.218508 0.672498 
0 0.09 0.074 0.151 0.027 -0.057 0.0755 -0.707107 0 0 0.707106 
0 0.09 0.074 0.151 0.027 -0.057 0.0755 -0.572061 0.415627 0.415627 0.572062 
0 0.09 0.074 0.151 0.036 -0.057 3.46945e-18 -0.572061 0.415627 0.415627 0.572062 
0 0.09 0.074 0.151 0.036 -0.057 0.0151 -0.572061 0.415627 0.415627 0.572062 
0 0.09 0.074 0.151 0.036 0.057 0.0302 0.572061 -0.415627 0.415627 0.572062 
0 0.09 0.074 0.151 0.036 -0.057 0.0302 -0.572061 0.415627 0.415627 0.572062 
0 0.09 0.074 0.151 0.036 0.057 0.0453 0.572061 -0.415627 0.415627 0.572062 
0 0.09 0.074 0.151 0.036 0.057 0.0453 0.415627 -0.572061 0.572061 0.415629 
0 0.09 0.074 0.151 0.036 -0.057 0.0453 -0.572061 0.415627 0.415627 0.572062 
0 0.09 0.074 0.151 0.036 0.057 0.0604 0.572061 -0.415627 0.415627 0.572062 
0 0.09 0.074 0.151 0.036 0.057 0.0604 0.415627 -0.572061 0.572061 0.415629 
0 0.09 0.074 0.151 0.036 0.057 0.0604 0.218508 -0.672499 0.672499 0.218502 
0 0.09 0.074 0.151 0.036 -0.057 0.0604 -0.707107 0 0 0.707106 
0 0.09 0.074 0.151 0.036 -0.057 0.0604 -0.672499 0.218508 0.218508 0.672498 
0 0.09 0.074 0.151 0.036 -0.057 0.0604 -0.572061 0.415627 0.415627 0.572062 
0 0.09 0.074 0.151 0.036 0.057 0.0755 -8.65956e-17 0.707107 -0.707107 4.32978e-17 
0 0.09 0.074 0.151 0.036 0.057 0.0755 0.572061 -0.415627 0.415627 0.572062 
0 0.09 0.074 0.151 0.036 0.057 0.0755 0.415627 -0.572061 0.572061 0.415629 
0 0.09 0.074 0.151 0.036 0.057 0.0755 0.218508 -0.672499 0.672499 0.218502 
0 0.09 0.074 0.151 0.036 -0.057 0.0755 -0.672499 -0.218508 -0.218508 0.672498 
0 0.09 0.074 0.151 0.036 -0.057 0.0755 -0.707107 0 0 0.707106 
0 0.09 0.074 0.151 0.036 -0.057 0.0755 -0.572061 0.415627 0.415627 0.572062 
0 0.09 0.074 0.151 -0.045 -0.037 0.0955 6.12323e-17 1 -6.12323e-17 3.7494e-33 
0 0.09 0.074 0.151 -0.045 -0.037 0.0955 0.309017 0.951057 -5.82354e-17 1.89218e-17 
0 0.09 0.074 0.151 -0.045 -0.037 0.0955 0.587785 0.809017 -4.9538e-17 3.59915e-17 
0 0.09 0.074 0.151 -0.045 -0.0296 0.0955 6.12323e-17 1 -6.12323e-17 3.7494e-33 
0 0.09 0.074 0.151 -0.045 -0.0296 0.0955 0.309017 0.951057 -5.82354e-17 1.89218e-17 
0 0.09 0.074 0.151 -0.045 -0.0296 0.0955 0.587785 0.809017 -4.9538e-17 3.59915e-17 
0 0.09 0.074 0.151 -0.045 -0.0222 0.0955 6.12323e-17 1 -6.12323e-17 3.7494e-33 
0 0.09 0.074 0.151 -0.045 -0.0222 0.0955 0.309017 0.951057 -5.82354e-17 1.89218e-17 
0 0.09 0.074 0.151 -0.045 -0.0222 0.0955 0.587785 0.809017 -4.9538e-17 3.59915e-17 
0 0.09 0.074 0.151 -0.045 -0.0148 0.0955 0.309017 0.951057 -5.82354e-17 1.89218e-17 
0 0.09 0.074 0.151 -0.045 -0.0148 0.0955 0.587785 0.809017 -4.9538e-17 3.59915e-17 
0 0.09 0.074 0.151 -0.045 -0.0148 0.0955 0.809017 0.587785 7.19829e-17 4.9538e-17 
0 0.09 0.074 0.151 -0.045 -0.0074 0.0955 0.587785 0.809017 -4.9538e-17 3.59915e-17 
0 0.09 0.074 0.151 -0.045 -0.0074 0.0955 0.809017 0.587785 7.19829e-17 4.9538e-17 
0 0.09 0.074 0.151 -0.045 1.73472e-18 0.0955 0.587785 0.809017 -4.9538e-17 3.59915e-17 
0 0.09 0.074 0.151 -0.045 1.73472e-18 0.0955 0.809017 0.587785 7.19829e-17 4.9538e-17 
0 0.09 0.074 0.151 -0.045 0.0074 0.0955 0.587785 0.809017 -4.9538e-17 3.59915e-17 
0 0.09 0.074 0.151 -0.045 0.0074 0.0955 0.809017 0.587785 7.19829e-17 4.9538e-17 
-0.00888681 0.09 0.074 0.151 -0.045 0.0074 0.0955 0.951057 0.309017 3.78436e-17 5.82354e-17 
0 0.09 0.074 0.151 -0.045 0.0148 0.0955 0.587785 0.809017 -4.9538e-17 3.59915e-17 
0 0.09 0.074 0.151 -0.045 0.0148 0.0955 0.809017 0.587785 7.19829e-17 4.9538e-17 
0 0.09 0.074 0.151 -0.045 0.0148 0.0955 0.951057 0.309017 3.78436e-17 5.82354e-17 
0 0.09 0.074 0.151 -0.045 0.0222 0.0955 0.587785 0.809017 -4.9538e-17 3.59915e-17 
0 0.09 0.074 0.151 -0.045 0.0222 0.0955 0.809017 0.587785 7.19829e-17 4.9538e-17 
0 0.09 0.074 0.151 -0.045 0.0222 0.0955 0.951057 0.309017 3.78436e-17 5.82354e-17 
0 0.09 0.074 0.151 -0.045 0.0296 0.0955 0.587785 0.809017 -4.9538e-17 3.59915e-17 
0 0.09 0.074 0.151 -0.045 0.0296 0.0955 0.809017 0.587785 7.19829e-17 4.9538e-17 
0 0.09 0.074 0.151 -0.045 0.0296 0.0955 0.951057 0.309017 3.78436e-17 5.82354e-17 
0 0.09 0.074 0.151 -0.045 0.037 0.0955 0.587785 0.809017 -4.9538e-17 3.59915e-17 
0 0.09 0.074 0.151 -0.045 0.037 0.0955 0.809017 0.587785 7.19829e-17 4.9538e-17 
0 0.09 0.074 0.151 -0.045 0.037 0.0955 0.951057 0.309017 3.78436e-17 5.82354e-17 
0 0.09 0.074 0.151 -0.045 0.037 0.0955 1 0 0 6.12323e-17 
0 0.09 0.074 0.151 -0.036 -0.037 0.0955 6.12323e-17 1 -6.12323e-17 3.7494e-33 
0 0.09 0.074 0.151 -0.036 -0.037 0.0955 0.309017 0.951057 -5.82354e-17 1.89218e-17 
0 0.09 0.074 0.151 -0.036 -0.037 0.0955 0.587785 0.809017 -4.9538e-17 3.59915e-17 
0 0.09 0.074 0.151 -0.036 -0.0296 0.0955 6.12323e-17 1 -6.12323e-17 3.7494e-33 
0 0.09 0.074 0.151 -0.036 -0.0296 0.0955 0.309017 0.951057 -5.82354e-17 1.89218e-17 
0 0.09 0.074 0.151 -0.036 -0.0296 0.0955 0.587785 0.809017 -4.9538e-17 3.59915e-17 
0 0.09 0.074 0.151 -0.036 -0.0222 0.0955 6.12323e-17 1 -6.12323e-17 3.7494e-33 
0 0.09 0.074 0.151 -0.036 -0.0222 0.0955 0.309017 0.951057 -5.82354e-17 1.89218e-17 
0 0.09 0.074 0.151 -0.036 -0.0222 0.0955 0.587785 0.809017 -4.9538e-17 3.59915e-17 
0 0.09 0.074 0.151 -0.036 -0.0148 0.0955 0.587785 0.809017 -4.9538e-17 3.59915e-17 
0 0.09 0.074 0.151 -0.036 -0.0074 0.0955 0.587785 0.809017 -4.9538e-17 3.59915e-17 
0 0.09 0.074 0.151 -0.036 1.73472e-18 0.0955 0.587785 0.809017 -4.9538e-17 3.59915e-17 
0 0.09 0.074 0.151 -0.036 1.73472e-18 0.0955 0.809017 0.587785 7.19829e-17 4.9538e-17 
0 0.09 0.074 0.151 -0.036 0.0074 0.0955 0.587785 0.809017 -4.9538e-17 3.59915e-17 
0 0.09 0.074 0.151 -0.036 0.0074 0.0955 0.809017 0.587785 7.19829e-17 4.9538e-17 
0 0.09 0.074 0.151 -0.036 0.0148 0.0955 0.587785 0.809017 -4.9538e-17 3.59915e-17 
0 0.09 0.074 0.151 -0.036 0.0148 0.0955 0.809017 0.587785 7.19829e-17 4.9538e-17 
0 0.09 0.074 0.151 -0.036 0.0222 0.0955 0.587785 0.809017 -4.9538e-17 3.59915e-17 
0 0.09 0.074 0.151 -0.036 0.0222 0.0955 0.809017 0.587785 7.19829e-17 4.9538e-17 
0 0.09 0.074 0.151 -0.036 0.0222 0.0955 0.951057 0.309017 3.78436e-17 5.82354e-17 
0 0.09 0.074 0.151 -0.036 0.0296 0.0955 0.587785 0.809017 -4.9538e-17 3.59915e-17 
0 0.09 0.074 0.151 -0.036 0.0296 0.0955 0.809017 0.587785 7.19829e-17 4.9538e-17 
0 0.09 0.074 0.151 -0.036 0.0296 0.0955 0.951057 0.309017 3.78436e-17 5.82354e-17 
0 0.09 0.074 0.151 -0.036 0.037 0.0955 0.587785 0.809017 -4.9538e-17 3.59915e-17 
0 0.09 0.074 0.151 -0.036 0.037 0.0955 0.809017 0.587785 7.19829e-17 4.9538e-17 
0 0.09 0.074 0.151 -0.036 0.037 0.0955 0.951057 0.309017 3.78436e-17 5.82354e-17 
0 0.09 0.074 0.151 -0.036 0.037 0.0955 1 0 0 6.12323e-17 
0 0.09 0.074 0.151 -0.027 -0.037 0.0955 6.12323e-17 1 -6.12323e-17 3.7494e-33 
0 0.09 0.074 0.151 -0.027 -0.037 0.0955 0.309017 0.951057 -5.82354e-17 1.89218e-17 
0 0.09 0.074 0.151 -0.027 -0.037 0.0955 0.587785 0.809017 -4.9538e-17 3.59915e-17 
0 0.09 0.074 0.151 -0.027 -0.0296 0.0955 6.12323e-17 1 -6.12323e-17 3.7494e-33 
0 0.09 0.074 0.151 -0.027 -0.0296 0.0955 0.309017 0.951057 -5.82354e-17 1.89218e-17 
0 0.09 0.074 0.151 -0.027 -0.0296 0.0955 0.587785 0.809017 -4.9538e-17 3.59915e-17 
0 0.09 0.074 0.151 -0.027 -0.0222 0.0955 6.12323e-17 1 -6.12323e-17 3.7494e-33 
0 0.09 0.074 0.151 -0.027 0.0074 0.0955 0.809017 0.587785 7.19829e-17 4.9538e-17 
0 0.09 0.074 0.151 -0.027 0.0148 0.0955 0.809017 0.587785 7.19829e-17 4.9538e-17 
0 0.09 0.074 0.151 -0.065 -0.037 -0.0151 -0.218508 0.672498 -0.218508 0.672499 
0 0.09 0.074 0.151 -0.065 -0.037 3.46945e-18 -0.218508 0.672498 -0.218508 0.672499 
0 0.09 0.074 0.151 -0.065 -0.037 0.0151 -0.218508 0.672498 -0.218508 0.672499 
0 0.09 0.074 0.151 -0.065 -0.037 0.0302 -0.218508 0.672498 -0.218508 0.672499 
0 0.09 0.074 0.151 0.065 -0.037 0.0453 0.218508 -0.672498 -0.218508 0.672499 
0 0.09 0.074 0.151 0.065 -0.037 0.0453 -0.218508 -0.672498 0.218508 0.672499 
0 0.09 0.074 0.151 -0.065 -0.037 0.0453 -0.218508 0.672498 -0.218508 0.672499 
0 0.09 0.074 0.151 0.065 -0.037 0.0604 0.218508 -0.672498 -0.218508 0.672499 
0 0.09 0.074 0.151 0.065 -0.037 0.0604 -0.218508 -0.672498 0.218508 0.672499 
0 0.09 0.074 0.151 -0.065 -0.037 0.0604 -0.218508 0.672498 -0.218508 0.672499 
0 0.09 0.074 0.151 0.065 -0.037 0.0755 0.218508 -0.672498 -0.218508 0.672499 
0 0.09 0.074 0.151 0.065 -0.037 0.0755 -0.218508 -0.672498 0.218508 0.672499 
0 0.09 0.074 0.151 -0.065 -0.037 0.0755 -0.572061 0.415627 -0.572061 0.415629 
0 0.09 0.074 0.151 -0.065 -0.037 0.0755 -0.218508 0.672498 -0.218508 0.672499 
0 0.09 0.074 0.151 0.065 -0.0296 0.0453 -0.218508 -0.672498 0.218508 0.672499 
0 0.09 0.074 0.151 0.065 -0.0296 0.0604 -0.218508 -0.672498 0.218508 0.672499 
0 0.09 0.074 0.151 -0.065 -0.0296 0.0604 -0.218508 0.672498 -0.218508 0.672499 
0 0.09 0.074 0.151 0.065 -0.0296 0.0755 -0.218508 -0.672498 0.218508 0.672499 
0 0.09 0.074 0.151 -0.065 -0.0296 0.0755 -0.572061 0.415627 -0.572061 0.415629 
0 0.09 0.074 0.151 -0.065 -0.0296 0.0755 -0.218508 0.672498 -0.218508 0.672499 
0 0.09 0.074 0.151 0.065 -0.0222 0.0604 -0.218508 -0.672498 0.218508 0.672499 
0 0.09 0.074 0.151 0.065 -0.0222 0.0755 -0.218508 -0.672498 0.218508 0.672499 
0 0.09 0.074 0.151 -0.065 -0.0222 0.0755 -0.572061 0.415627 -0.572061 0.415629 
0 0.09 0.074 0.151 -0.065 -0.0222 0.0755 -0.218508 0.672498 -0.218508 0.672499 
0 0.09 0.074 0.151 0.065 -0.0148 0.0755 -0.218508 -0.672498 0.218508 0.672499 
0 0.09 0.074 0.151 0.065 -0.0148 0.0755 -0.572061 -0.415627 0.572061 0.415629 
0 0.09 0.074 0.151 -0.065 -0.0148 0.0755 -0.572061 0.415627 -0.572061 0.415629 
0 0.09 0.074 0.151 -0.065 -0.0148 0.0755 -0.218508 0.672498 -0.218508 0.672499 
0 0.09 0.074 0.151 0.065 -0.0074 0.0755 -0.572061 -0.415627 0.572061 0.415629 
0 0.09 0.074 0.151 -0.065 -0.0074 0.0755 -0.572061 0.415627 -0.572061 0.415629 
0 0.09 0.074 0.151 -0.065 -0.0074 0.0755 -0.218508 0.672498 -0.218508 0.672499 
0 0.09 0.074 0.151 0.065 1.73472e-18 0.0604 -0.572061 -0.415627 0.572061 0.415629 
0 0.09 0.074 0.151 0.065 1.73472e-18 0.0755 -0.572061 -0.415627 0.572061 0.415629 
0 0.09 0.074 0.151 -0.065 1.73472e-18 0.0755 -0.572061 0.415627 -0.572061 0.415629 
0 0.09 0.074 0.151 0.065 0.0074 0.0604 -0.572061 -0.415627 0.572061 0.415629 
0 0.09 0.074 0.151 0.065 0.0074 0.0755 -0.572061 -0.415627 0.572061 0.415629 
0 0.09 0.074 0.151 0.065 0.0074 0.0755 -0.672498 -0.218508 0.672499 0.218508 
0 0.09 0.074 0.151 -0.065 0.0074 0.0755 -0.572061 0.415627 -0.572061 0.415629 
0 0.09 0.074 0.151 0.065 0.0148 0.0604 -0.572061 -0.415627 0.572061 0.415629 
0 0.09 0.074 0.151 0.065 0.0148 0.0755 -0.572061 -0.415627 0.572061 0.415629 
0 0.09 0.074 0.151 0.065 0.0148 0.0755 -0.672498 -0.218508 0.672499 0.218508 
0 0.09 0.074 0.151 -0.065 0.0148 0.0755 -0.672498 0.218508 -0.672499 0.218508 
0 0.09 0.074 0.151 -0.065 0.0148 0.0755 -0.572061 0.415627 -0.572061 0.415629 
0 0.09 0.074 0.151 0.065 0.0222 0.0604 -0.572061 -0.415627 0.572061 0.415629 
0 0.09 0.074 0.151 -0.065 0.0222 0.0604 -0.672498 0.218508 -0.672499 0.218508 
0 0.09 0.074 0.151 0.065 0.0222 0.0755 -0.572061 -0.415627 0.572061 0.415629 
0 0.09 0.074 0.151 0.065 0.0222 0.0755 -0.672498 -0.218508 0.672499 0.218508 
0 0.09 0.074 0.151 -0.065 0.0222 0.0755 -0.672498 0.218508 -0.672499 0.218508 
0 0.09 0.074 0.151 -0.065 0.0222 0.0755 -0.572061 0.415627 -0.572061 0.415629 
0 0.09 0.074 0.151 -0.065 0.0296 0.0453 -0.672498 0.218508 -0.672499 0.218508 
0 0.09 0.074 0.151 0.065 0.0296 0.0604 -0.572061 -0.415627 0.572061 0.415629 
0 0.09 0.074 0.151 0.065 0.0296 0.0604 -0.672498 -0.218508 0.672499 0.218508 
0 0.09 0.074 0.151 -0.065 0.0296 0.0604 -0.672498 0.218508 -0.672499 0.218508 
0 0.09 0.074 0.151 -0.065 0.0296 0.0604 -0.572061 0.415627 -0.572061 0.415629 
0 0.09 0.074 0.151 0.065 0.0296 0.0755 -0.572061 -0.415627 0.572061 0.415629 
0 0.09 0.074 0.151 0.065 0.0296 0.0755 -0.672498 -0.218508 0.672499 0.218508 
0 0.09 0.074 0.151 -0.065 0.0296 0.0755 -0.672498 0.218508 -0.672499 0.218508 
0 0.09 0.074 0.151 -0.065 0.0296 0.0755 -0.572061 0.415627 -0.572061 0.415629 
0 0.09 0.074 0.151 0.065 0.037 -0.0151 -0.672498 -0.218508 0.672499 0.218508 
0 0.09 0.074 0.151 0.065 0.037 3.46945e-18 -0.672498 -0.218508 0.672499 0.218508 
0 0.09 0.074 0.151 0.065 0.037 0.0151 -0.672498 -0.218508 0.672499 0.218508 
0 0.09 0.074 0.151 0.065 0.037 0.0302 -0.672498 -0.218508 0.672499 0.218508 
0 0.09 0.074 0.151 0.065 0.037 0.0453 -0.672498 -0.218508 0.672499 0.218508 
0 0.09 0.074 0.151 -0.065 0.037 0.0453 -0.672498 0.218508 -0.672499 0.218508 
0 0.09 0.074 0.151 -0.065 0.037 0.0453 0.672498 0.218508 0.672499 0.218508 
0 0.09 0.074 0.151 0.065 0.037 0.0604 -0.572061 -0.415627 0.572061 0.415629 
0 0.09 0.074 0.151 0.065 0.037 0.0604 -0.672498 -0.218508 0.672499 0.218508 
0 0.09 0.074 0.151 -0.065 0.037 0.0604 -0.672498 0.218508 -0.672499 0.218508 
0 0.09 0.074 0.151 -0.065 0.037 0.0604 -0.572061 0.415627 -0.572061 0.415629 
0 0.09 0.074 0.151 -0.065 0.037 0.0604 0.672498 0.218508 0.672499 0.218508 
0 0.09 0.074 0.151 0.065 0.037 0.0755 -0.572061 -0.415627 0.572061 0.415629 
0 0.09 0.074 0.151 0.065 0.037 0.0755 -0.672498 -0.218508 0.672499 0.218508 
0 0.09 0.074 0.151 -0.065 0.037 0.0755 -0.672498 0.218508 -0.672499 0.218508 
0 0.09 0.074 0.151 -0.065 0.037 0.0755 -0.572061 0.415627 -0.572061 0.415629 
0 0.09 0.074 0.151 -0.065 0.037 0.0755 0.672498 0.218508 0.672499 0.218508 
0 0.09 0.074 0.151 -0.045 0.057 3.46945e-18 0.415627 0.572061 -0.572061 0.415629 
0 0.09 0.074 0.151 -0.045 0.057 0.0151 0.415627 0.572061 -0.572061 0.415629 
0 0.09 0.074 0.151 -0.045 0.057 0.0302 0.415627 0.572061 -0.572061 0.415629 
0 0.09 0.074 0.151 -0.045 -0.057 0.0302 -0.415627 -0.572061 -0.572061 0.415629 
0 0.09 0.074 0.151 -0.045 0.057 0.0453 0.415627 0.572061 -0.572061 0.415629 
0 0.09 0.074 0.151 -0.045 -0.057 0.0453 -0.415627 -0.572061 -0.572061 0.415629 
0 0.09 0.074 0.151 -0.045 0.057 0.0604 0.218508 0.672499 -0.672499 0.218502 
0 0.09 0.074 0.151 -0.045 0.057 0.0604 0.415627 0.572061 -0.572061 0.415629 
0 0.09 0.074 0.151 -0.045 -0.057 0.0604 -0.415627 -0.572061 -0.572061 0.415629 
0 0.09 0.074 0.151 -0.045 0.057 0.0755 0.218508 0.672499 -0.672499 0.218502 
0 0.09 0.074 0.151 -0.045 0.057 0.0755 0.415627 0.572061 -0.572061 0.415629 
0 0.09 0.074 0.151 -0.045 0.057 0.0755 0.218508 -0.672499 0.672499 0.218502 
0 0.09 0.074 0.151 -0.045 -0.057 0.0755 -0.415627 -0.572061 -0.572061 0.415629 
0 0.09 0.074 0.151 -0.036 0.057 3.46945e-18 0.415627 0.572061 -0.572061 0.415629 
0 0.09 0.074 0.151 -0.036 0.057 0.0151 0.415627 0.572061 -0.572061 0.415629 
0 0.09 0.074 0.151 -0.036 0.057 0.0302 0.415627 0.572061 -0.572061 0.415629 
0 0.09 0.074 0.151 -0.036 -0.057 0.0302 -0.415627 -0.572061 -0.572061 0.415629 
0 0.09 0.074 0.151 -0.036 0.057 0.0453 0.415627 0.572061 -0.572061 0.415629 
0 0.09 0.074 0.151 -0.036 -0.057 0.0453 -0.415627 -0.572061 -0.572061 0.415629 
0 0.09 0.074 0.151 -0.036 0.057 0.0604 0.218508 0.672499 -0.672499 0.218502 
0 0.09 0.074 0.151 -0.036 0.057 0.0604 0.415627 0.572061 -0.572061 0.415629 
0 0.09 0.074 0.151 -0.036 -0.057 0.0604 -0.415627 -0.572061 -0.572061 0.415629 
0 0.09 0.074 0.151 -0.036 0.057 0.0755 0.218508 0.672499 -0.672499 0.218502 
0 0.09 0.074 0.151 -0.036 0.057 0.0755 0.415627 0.572061 -0.572061 0.415629 
0 0.09 0.074 0.151 -0.036 0.057 0.0755 0.218508 -0.672499 0.672499 0.218502 
0 0.09 0.074 0.151 -0.036 -0.057 0.0755 -0.415627 -0.572061 -0.572061 0.415629 
0 0.09 0.074 0.151 -0.027 0.057 0.0755 0.218508 0.672499 -0.672499 0.218502 
0 0.09 0.074 0.151 -0.027 0.057 0.0755 0.415627 0.572061 -0.572061 0.415629 
0 0.09 0.074 0.151 -0.027 0.057 0.0755 0.218508 -0.672499 0.672499 0.218502 
0 0.09 0.074 0.151 -0.018 0.057 0.0755 0.218508 0.672499 -0.672499 0.218502 
0 0.09 0.074 0.151 -0.018 0.057 0.0755 0.415627 0.572061 -0.572061 0.415629 
0 0.09 0.074 0.151 -0.018 0.057 0.0755 0.218508 -0.672499 0.672499 0.218502 
0 0.09 0.074 0.151 -0.009 0.057 0.0755 0.218508 0.672499 -0.672499 0.218502 
0 0.09 0.074 0.151 -0.009 0.057 0.0755 0.218508 -0.672499 0.672499 0.218502 
0 0.09 0.074 0.151 3.46945e-18 0.057 0.0755 0.218508 -0.672499 0.672499 0.218502 
0 0.09 0.074 0.151 0.009 0.057 0.0755 0.218508 -0.672499 0.672499 0.218502 
0 0.09 0.074 0.151 0.018 0.057 0.0755 0.218508 -0.672499 0.672499 0.218502 
0 0.09 0.074 0.151 0.027 0.057 0.0453 0.415627 -0.572061 0.572061 0.415629 
0 0.09 0.074 0.151 0.027 0.057 0.0604 0.415627 -0.572061 0.572061 0.415629 
0 0.09 0.074 0.151 0.027 0.057 0.0755 0.415627 -0.572061 0.572061 0.415629 
0 0.09 0.074 0.151 0.027 0.057 0.0755 0.218508 -0.672499 0.672499 0.218502 
0 0.09 0.074 0.151 0.036 0.057 0.0453 0.415627 -0.572061 0.572061 0.415629 
0 0.09 0.074 0.151 0.036 0.057 0.0604 0.415627 -0.572061 0.572061 0.415629 
0 0.09 0.074 0.151 0.036 0.057 0.0604 0.218508 -0.672499 0.672499 0.218502 
0 0.09 0.074 0.151 0.036 0.057 0.0755 0.415627 -0.572061 0.572061 0.415629 
0 0.09 0.074 0.151 0.036 0.057 0.0755 0.218508 -0.672499 0.672499 0.218502 
0 0.09 0.074 0.151 -0.027 0.0222 0.0955 0.809017 0.587785 7.19829e-17 4.9538e-17 
0 0.09 0.074 0.151 -0.027 0.0296 0.0955 0.809017 0.587785 7.19829e-17 4.9538e-17 
0.0497273 0.09 0.074 0.151 -0.027 0.0296 0.0955 0.951057 0.309017 3.78436e-17 5.82354e-17 
0 0.09 0.074 0.151 -0.027 0.037 0.0955 0.809017 0.587785 7.19829e-17 4.9538e-17 
0 0.09 0.074 0.151 -0.027 0.037 0.0955 0.951057 0.309017 3.78436e-17 5.82354e-17 
0 0.09 0.074 0.151 -0.027 0.037 0.0955 1 0 0 6.12323e-17 
0 0.09 0.074 0.151 -0.018 -0.037 0.0955 6.12323e-17 1 -6.12323e-17 3.7494e-33 
0 0.09 0.074 0.151 -0.018 -0.037 0.0955 0.309017 0.951057 -5.82354e-17 1.89218e-17 
0 0.09 0.074 0.151 -0.018 -0.037 0.0955 0.587785 0.809017 -4.9538e-17 3.59915e-17 
0 0.09 0.074 0.151 -0.018 -0.0296 0.0955 6.12323e-17 1 -6.12323e-17 3.7494e-33 
0 0.09 0.074 0.151 -0.018 -0.0296 0.0955 0.309017 0.951057 -5.82354e-17 1.89218e-17 
0.38393 0.09 0.074 0.151 -0.018 -0.0222 0.0955 6.12323e-17 1 -6.12323e-17 3.7494e-33 
0 0.09 0.074 0.151 -0.018 0.0296 0.0955 1 0 0 6.12323e-17 
0.0655305 0.09 0.074 0.151 -0.018 0.037 0.0955 0.951057 0.309017 3.78436e-17 5.82354e-17 
0 0.09 0.074 0.151 -0.018 0.037 0.0955 1 0 0 6.12323e-17 
0 0.09 0.074 0.151 -0.009 -0.037 0.0955 6.12323e-17 1 -6.12323e-17 3.7494e-33 
0.0458152 0.09 0.074 0.151 -0.009 -0.037 0.0955 0.309017 0.951057 -5.82354e-17 1.89218e-17 
0 0.09 0.074 0.151 -0.009 -0.0296 0.0955 6.12323e-17 1 -6.12323e-17 3.7494e-33 
0.00357653 0.09 0.074 0.151 -0.009 -0.0296 0.0955 0.309017 0.951057 -5.82354e-17 1.89218e-17 
0.591908 0.09 0.074 0.151 -0.009 -0.0222 0.0955 6.12323e-17 1 -6.12323e-17 3.7494e-33 
0 0.09 0.074 0.151 -0.009 0.0222 0.0955 1 0 0 6.12323e-17 
0.301661 0.09 0.074 0.151 -0.009 0.0296 0.0955 1 0 0 6.12323e-17 
0.130802 0.09 0.074 0.151 -0.009 0.037 0.0955 0.951057 0.309017 3.78436e-17 5.82354e-17 
0 0.09 0.074 0.151 -0.009 0.037 0.0955 1 0 0 6.12323e-17 
0 0.09 0.074 0.151 3.46945e-18 -0.037 0.0955 6.12323e-17 1 -6.12323e-17 3.7494e-33 
0 0.09 0.074 0.151 3.46945e-18 -0.037 0.0955 -0.309017 0.951057 -5.82354e-17 -1.89218e-17 
0.332089 0.09 0.074 0.151 3.46945e-18 -0.0296 0.0955 6.12323e-17 1 -6.12323e-17 3.7494e-33 
-0.171527 0.09 0.074 0.151 3.46945e-18 -0.0222 0.0955 6.12323e-17 1 -6.12323e-17 3.7494e-33 
0.0234268 0.09 0.074 0.151 3.46945e-18 0.0222 0.0955 1 0 0 6.12323e-17 
0.335237 0.09 0.074 0.151 3.46945e-18 0.0296 0.0955 1 0 0 6.12323e-17 
0.0767095 0.09 0.074 0.151 3.46945e-18 0.037 0.0955 0.951057 0.309017 3.78436e-17 5.82354e-17 
0.490084 0.09 0.074 0.151 3.46945e-18 0.037 0.0955 1 0 0 6.12323e-17 
0 0.09 0.074 0.151 0.009 -0.037 0.0955 6.12323e-17 1 -6.12323e-17 3.7494e-33 
0 0.09 0.074 0.151 0.009 -0.037 0.0955 -0.309017 0.951057 -5.82354e-17 -1.89218e-17 
0 0.09 0.074 0.151 0.009 -0.0296 0.0955 6.12323e-17 1 -6.12323e-17 3.7494e-33 
0 0.09 0.074 0.151 0.009 -0.0222 0.0955 6.12323e-17 1 -6.12323e-17 3.7494e-33 
0.700498 0.09 0.074 0.151 0.009 0.0222 0.0955 1 0 0 6.12323e-17 
-0.0429088 0.09 0.074 0.151 0.009 0.0296 0.0955 1 0 0 6.12323e-17 
0.0997615 0.09 0.074 0.151 0.009 0.0296 0.0955 0.951057 -0.309017 -3.78436e-17 5.82354e-17 
0 0.09 0.074 0.151 0.009 0.037 0.0955 0.951057 0.309017 3.78436e-17 5.82354e-17 
0 0.09 0.074 0.151 0.009 0.037 0.0955 1 0 0 6.12323e-17 
0 0.09 0.074 0.151 0.018 -0.037 0.0955 6.12323e-17 1 -6.12323e-17 3.7494e-33 
0 0.09 0.074 0.151 0.018 -0.037 0.0955 -0.309017 0.951057 -5.82354e-17 -1.89218e-17 
0 0.09 0.074 0.151 0.018 -0.0296 0.0955 6.12323e-17 1 -6.12323e-17 3.7494e-33 
0.161174 0.09 0.074 0.151 0.018 0.0222 0.0955 1 0 0 6.12323e-17 
0.283497 0.09 0.074 0.151 0.018 0.0296 0.0955 1 0 0 6.12323e-17 
0 0.09 0.074 0.151 0.018 0.0296 0.0955 0.951057 -0.309017 -3.78436e-17 5.82354e-17 
0 0.09 0.074 0.151 0.018 0.037 0.0955 0.951057 0.309017 3.78436e-17 5.82354e-17 
0 0.09 0.074 0.151 0.018 0.037 0.0955 1 0 0 6.12323e-17 
0 0.09 0.074 0.151 0.018 0.037 0.0955 0.809017 -0.587785 -7.19829e-17 4.9538e-17 
0 0.09 0.074 0.151 0.027 -0.037 0.0955 6.12323e-17 1 -6.12323e-17 3.7494e-33 
0 0.09 0.074 0.151 0.027 -0.037 0.0955 -0.587785 0.809017 -4.9538e-17 -3.59915e-17 
0 0.09 0.074 0.151 0.027 -0.037 0.0955 -0.309017 0.951057 -5.82354e-17 -1.89218e-17 
0 0.09 0.074 0.151 0.027 -0.0296 0.0955 -0.587785 0.809017 -4.9538e-17 -3.59915e-17 
0 0.09 0.074 0.151 0.027 -0.0296 0.0955 -0.309017 0.951057 -5.82354e-17 -1.89218e-17 
0 0.09 0.074 0.151 0.027 -0.0222 0.0955 -0.587785 0.809017 -4.9538e-17 -3.59915e-17 
0 0.09 0.074 0.151 0.027 -0.0148 0.0955 -0.587785 0.809017 -4.9538e-17 -3.59915e-17 
0 0.09 0.074 0.151 0.027 -0.0074 0.0955 -0.587785 0.809017 -4.9538e-17 -3.59915e-17 
0 0.09 0.074 0.151 0.027 0.0222 0.0955 1 0 0 6.12323e-17 
0 0.09 0.074 0.151 0.027 0.0296 0.0955 1 0 0 6.12323e-17 
0 0.09 0.074 0.151 0.027 0.0296 0.0955 0.951057 -0.309017 -3.78436e-17 5.82354e-17 
0 0.09 0.074 0.151 0.027 0.0296 0.0955 0.809017 -0.587785 -7.19829e-17 4.9538e-17 
0 0.09 0.074 0.151 0.027 0.037 0.0955 0.951057 0.309017 3.78436e-17 5.82354e-17 
0 0.09 0.074 0.151 0.027 0.037 0.0955 1 0 0 6.12323e-17 
0 0.09 0.074 0.151 0.027 0.037 0.0955 0.809017 -0.587785 -7.19829e-17 4.9538e-17 
0 0.09 0.074 0.151 0.036 -0.037 0.0955 6.12323e-17 1 -6.12323e-17 3.7494e-33 
0 0.09 0.074 0.151 0.036 -0.037 0.0955 0.809017 -0.587785 -7.19829e-17 4.9538e-17 
0 0.09 0.074 0.151 0.036 -0.037 0.0955 -0.587785 0.809017 -4.9538e-17 -3.59915e-17 
0 0.09 0.074 0.151 0.036 -0.037 0.0955 -0.309017 0.951057 -5.82354e-17 -1.89218e-17 
0 0.09 0.074 0.151 0.036 -0.0296 0.0955 0.809017 -0.587785 -7.19829e-17 4.9538e-17 
0 0.09 0.074 0.151 0.036 -0.0296 0.0955 -0.587785 0.809017 -4.9538e-17 -3.59915e-17 
0 0.09 0.074 0.151 0.036 -0.0296 0.0955 -0.309017 0.951057 -5.82354e-17 -1.89218e-17 
0 0.09 0.074 0.151 0.036 -0.0222 0.0955 0.809017 -0.587785 -7.19829e-17 4.9538e-17 
0 0.09 0.074 0.151 0.036 -0.0222 0.0955 -0.587785 0.809017 -4.9538e-17 -3.59915e-17 
0 0.09 0.074 0.151 0.036 -0.0222 0.0955 -0.309017 0.951057 -5.82354e-17 -1.89218e-17 
0 0.09 0.074 0.151 0.036 -0.0148 0.0955 0.809017 -0.587785 -7.19829e-17 4.9538e-17 
0 0.09 0.074 0.151 0.036 -0.0148 0.0955 -0.587785 0.809017 -4.9538e-17 -3.59915e-17 
0 0.09 0.074 0.151 0.036 -0.0074 0.0955 0.809017 -0.587785 -7.19829e-17 4.9538e-17 
0 0.09 0.074 0.151 0.036 -0.0074 0.0955 -0.587785 0.809017 -4.9538e-17 -3.59915e-17 
0 0.09 0.074 0.151 0.036 1.73472e-18 0.0955 0.809017 -0.587785 -7.19829e-17 4.9538e-17 
0 0.09 0.074 0.151 0.036 1.73472e-18 0.0955 -0.587785 0.809017 -4.9538e-17 -3.59915e-17 
0 0.09 0.074 0.151 0.036 0.0074 0.0955 0.809017 -0.587785 -7.19829e-17 4.9538e-17 
0 0.09 0.074 0.151 0.036 0.0148 0.0955 0.809017 -0.587785 -7.19829e-17 4.9538e-17 
0 0.09 0.074 0.151 0.036 0.0222 0.0955 1 0 0 6.12323e-17 
0 0.09 0.074 0.151 0.036 0.0222 0.0955 0.951057 -0.309017 -3.78436e-17 5.82354e-17 
0 0.09 0.074 0.151 0.036 0.0222 0.0955 0.809017 -0.587785 -7.19829e-17 4.9538e-17 
0 0.09 0.074 0.151 0.036 0.0296 0.0955 1 0 0 6.12323e-17 
0 0.09 0.074 0.151 0.036 0.0296 0.0955 0.951057 -0.309017 -3.78436e-17 5.82354e-17 
0 0.09 0.074 0.151 0.036 0.0296 0.0955 0.809017 -0.587785 -7.19829e-17 4.9538e-17 
0 0.09 0.074 0.151 0.036 0.037 0.0955 0.951057 0.309017 3.78436e-17 5.82354e-17 
0 0.09 0.074 0.151 0.036 0.037 0.0955 1 0 0 6.12323e-17 
0 0.09 0.074 0.151 0.036 0.037 0.0955 0.809017 -0.587785 -7.19829e-17 4.9538e-17 
