0.0497273 0.09 0.074 0.151 -0.027 0.0296 0.0955 0.951057 0.309017 3.78436e-17 5.82354e-17 
0.38393 0.09 0.074 0.151 -0.018 -0.0222 0.0955 6.12323e-17 1 -6.12323e-17 3.7494e-33 
0.0655305 0.09 0.074 0.151 -0.018 0.037 0.0955 0.951057 0.309017 3.78436e-17 5.82354e-17 
0.0458152 0.09 0.074 0.151 -0.009 -0.037 0.0955 0.309017 0.951057 -5.82354e-17 1.89218e-17 
0.00357653 0.09 0.074 0.151 -0.009 -0.0296 0.0955 0.309017 0.951057 -5.82354e-17 1.89218e-17 
0.591908 0.09 0.074 0.151 -0.009 -0.0222 0.0955 6.12323e-17 1 -6.12323e-17 3.7494e-33 
0.301661 0.09 0.074 0.151 -0.009 0.0296 0.0955 1 0 0 6.12323e-17 
0.130802 0.09 0.074 0.151 -0.009 0.037 0.0955 0.951057 0.309017 3.78436e-17 5.82354e-17 
0.332089 0.09 0.074 0.151 3.46945e-18 -0.0296 0.0955 6.12323e-17 1 -6.12323e-17 3.7494e-33 
0.0234268 0.09 0.074 0.151 3.46945e-18 0.0222 0.0955 1 0 0 6.12323e-17 
0.335237 0.09 0.074 0.151 3.46945e-18 0.0296 0.0955 1 0 0 6.12323e-17 
0.0767095 0.09 0.074 0.151 3.46945e-18 0.037 0.0955 0.951057 0.309017 3.78436e-17 5.82354e-17 
0.490084 0.09 0.074 0.151 3.46945e-18 0.037 0.0955 1 0 0 6.12323e-17 
0.700498 0.09 0.074 0.151 0.009 0.0222 0.0955 1 0 0 6.12323e-17 
0.0997615 0.09 0.074 0.151 0.009 0.0296 0.0955 0.951057 -0.309017 -3.78436e-17 5.82354e-17 
0.161174 0.09 0.074 0.151 0.018 0.0222 0.0955 1 0 0 6.12323e-17 
0.283497 0.09 0.074 0.151 0.018 0.0296 0.0955 1 0 0 6.12323e-17 
