0.0550084 
0.0616974 
0.0353864 
0.00570308 
0.0480651 
0.0588199 
0.0265874 
0.0449409 
0.164249 
0.0333524 
0.189202 
0.0113179 
0.0601887 
0.155388 
0.0649262 
0.641212 
0.0337892 
0.0535847 
0.0736528 
0.0511022 
0.208465 
0.00168136 
0.0312818 
0.0805887 
0.194064 
0.0293177 
0.0789125 
0.0949377 
0.058622 
0.0750775 
0.074638 
0.0507238 
0.102949 
0.0264562 
0.425454 
0.0395668 
0.0297816 
0.0835338 
0.0277745 
0.0405359 
0.0822727 
0.0068917 
0.0208822 
0.0109784 
0.0522845 
0.0319685 
0.0476593 
0.153151 
0.136283 
0.0284533 
0.0131947 
0.0766332 
0.0886823 
0.0162031 
0.0240986 
0.049178 
0.290538 
0.064429 
0.10431 
0.585748 
0.165805 
0.0425396 
0.00893377 
0.415726 
0.0160863 
0.101258 
0.0578732 
0.0139601 
0.0308708 
0.0111984 
0.170414 
0.118208 
0.109521 
0.0675046 
0.00317291 
0.0435157 
0.0425699 
0.0754299 
0.197555 
0.0130109 
0.1367 
0.034079 
0.279704 
0.257427 
0.0587293 
0.144235 
0.0494795 
0.223927 
0.0867058 
0.00386861 
0.178782 
0.19314 
0.108659 
0.25901 
0.190923 
0.428443 
0.440839 
0.0333084 
0.209544 
0.037082 
0.219267 
0.0817262 
0.0907662 
0.0572978 
0.0315177 
0.0337986 
0.18926 
0.0128665 
0.00276229 
0.0349783 
0.18329 
0.146544 
0.118802 
0.095691 
0.0317822 
0.0568295 
0.0469962 
0.0631214 
0.102767 
0.0494361 
0.128179 
0.00678865 
0.00404396 
0.162611 
0.129986 
0.197054 
0.141029 
0.0458654 
0.211 
0.00426022 
0.329868 
0.0203715 
0.110817 
0.0374723 
0.222589 
0.157068 
0.0268973 
0.0380353 
0.0262483 
0.0498187 
0.110625 
0.0209825 
0.0625295 
0.0162406 
0.0383944 
0.0395295 
0.0342871 
0.0695767 
0.080019 
0.146587 
0.022134 
0.00197525 
0.0891583 
0.0531857 
0.0564496 
0.0710756 
0.0824537 
0.105421 
0.0501137 
0.301414 
0.0107518 
0.0565957 
0.000674752 
0.0245237 
0.158784 
0.0769531 
0.467783 
0.0633194 
0.0514842 
0.0133636 
0.190569 
0.0560124 
0.00548864 
0.0744837 
0.0160517 
0.0136634 
0.103592 
0.0363387 
