0.329485 0.05 0.05 0.1 0.015 0.025 0.07 0.951057 -0.309017 -1.89218e-17 5.82354e-17 
0.320496 0.05 0.05 0.1 0.005 0.025 0.07 0.951057 -0.309017 -1.89218e-17 5.82354e-17 
0.302011 0.05 0.05 0.1 0.005 0.015 0.07 0.951057 -0.309017 -1.89218e-17 5.82354e-17 
0.277463 0.05 0.05 0.1 0.015 0.015 0.07 0.951057 -0.309017 -1.89218e-17 5.82354e-17 
0.255193 0.05 0.05 0.1 0.025 0.025 0.07 0.951057 -0.309017 -1.89218e-17 5.82354e-17 
0.207816 0.05 0.05 0.1 0.015 -0.005 0.07 -0.587785 0.809017 -4.9538e-17 -3.59915e-17 
0.19052 0.05 0.05 0.1 0.015 0.005 0.07 -0.587785 0.809017 -4.9538e-17 -3.59915e-17 
0.169001 0.05 0.05 0.1 0.025 0.015 0.07 0.951057 -0.309017 -1.89218e-17 5.82354e-17 
0.152791 0.05 0.05 0.1 -0.015 -0.005 0.07 0.587785 0.809017 -4.9538e-17 3.59915e-17 
0.128509 0.05 0.05 0.1 0.015 -0.015 0.07 -0.587785 0.809017 -4.9538e-17 -3.59915e-17 
0.117179 0.05 0.05 0.1 -0.015 0.005 0.07 0.587785 0.809017 -4.9538e-17 3.59915e-17 
0.112483 0.05 0.05 0.1 -0.015 -0.015 0.07 0.587785 0.809017 -4.9538e-17 3.59915e-17 
0.10209 0.05 0.05 0.1 0.015 -0.015 0.07 6.12323e-17 1 -6.12323e-17 3.7494e-33 
0.0998345 0.05 0.05 0.1 0.005 -0.015 0.07 6.12323e-17 1 -6.12323e-17 3.7494e-33 
0.0989658 0.05 0.05 0.1 0.025 -0.025 0.07 -0.587785 0.809017 -4.9538e-17 -3.59915e-17 
0.0923033 0.05 0.05 0.1 0.025 0.005 0.07 -0.587785 0.809017 -4.9538e-17 -3.59915e-17 
0.0922162 0.05 0.05 0.1 0.025 -0.005 0.07 -0.587785 0.809017 -4.9538e-17 -3.59915e-17 
0.0893999 0.05 0.05 0.1 0.025 -0.015 0.07 -0.587785 0.809017 -4.9538e-17 -3.59915e-17 
0.0856396 0.05 0.05 0.1 -0.015 0.015 0.07 0.951057 0.309017 1.89218e-17 5.82354e-17 
0.0823211 0.05 0.05 0.1 0.045 -0.025 0.05 -0.572061 -0.415627 0.572061 0.415629 
0.0752172 0.05 0.05 0.1 0.025 0.015 0.07 -0.587785 0.809017 -4.9538e-17 -3.59915e-17 
0.0726469 0.05 0.05 0.1 -0.025 0.015 0.07 0.951057 0.309017 1.89218e-17 5.82354e-17 
0.0644359 0.05 0.05 0.1 -0.025 -0.005 0.07 0.587785 0.809017 -4.9538e-17 3.59915e-17 
0.0600983 0.05 0.05 0.1 -0.025 -0.015 0.07 0.587785 0.809017 -4.9538e-17 3.59915e-17 
0.059207 0.05 0.05 0.1 0.015 0.015 0.07 -0.587785 0.809017 -4.9538e-17 -3.59915e-17 
0.0573024 0.05 0.05 0.1 0.025 0.045 0.05 -4.32978e-17 0.707107 -0.707107 4.32978e-17 
0.0566427 0.05 0.05 0.1 -0.005 -0.015 0.07 6.12323e-17 1 -6.12323e-17 3.7494e-33 
0.0512098 0.05 0.05 0.1 0.045 0.025 0.05 -0.572061 -0.415627 0.572061 0.415629 
0.0505769 0.05 0.05 0.1 -0.025 0.025 0.07 0.951057 0.309017 1.89218e-17 5.82354e-17 
0.0489574 0.05 0.05 0.1 0.005 -0.025 0.07 6.12323e-17 1 -6.12323e-17 3.7494e-33 
0.0451617 0.05 0.05 0.1 0.045 -0.015 0.05 -0.572061 -0.415627 0.572061 0.415629 
0.044047 0.05 0.05 0.1 -0.015 0.015 0.07 0.587785 0.809017 -4.9538e-17 3.59915e-17 
0.0433583 0.05 0.05 0.1 -0.025 0.005 0.07 0.951057 0.309017 1.89218e-17 5.82354e-17 
0.0396997 0.05 0.05 0.1 -0.005 -0.025 0.07 0.587785 0.809017 -4.9538e-17 3.59915e-17 
0.0389786 0.05 0.05 0.1 0.045 0.025 0.05 0.707107 -4.32978e-17 -0.707107 4.32978e-17 
0.0340125 0.05 0.05 0.1 0.015 -0.025 0.07 6.12323e-17 1 -6.12323e-17 3.7494e-33 
0.030642 0.05 0.05 0.1 -0.025 0.005 0.07 0.587785 0.809017 -4.9538e-17 3.59915e-17 
0.0277205 0.05 0.05 0.1 -0.005 -0.025 0.07 6.12323e-17 1 -6.12323e-17 3.7494e-33 
0.0272944 0.05 0.05 0.1 0.025 0.025 0.07 -0.587785 0.809017 -4.9538e-17 -3.59915e-17 
0.0261047 0.05 0.05 0.1 0.045 0.015 0.05 -0.572061 -0.415627 0.572061 0.415629 
0.0257735 0.05 0.05 0.1 0.025 -0.045 0.05 -0.672499 0.218508 0.218508 0.672498 
0.0254299 0.05 0.05 0.1 0.025 -0.045 0.03 -0.672499 0.218508 0.218508 0.672498 
0.0242578 0.05 0.05 0.1 0.025 -0.015 0.07 6.12323e-17 1 -6.12323e-17 3.7494e-33 
0.0234901 0.05 0.05 0.1 0.045 -0.005 0.05 -0.572061 -0.415627 0.572061 0.415629 
0.0215745 0.05 0.05 0.1 -0.025 -0.045 0.05 -0.415627 -0.572061 -0.572061 0.415629 
0.0207384 0.05 0.05 0.1 0.015 0.045 0.05 -4.32978e-17 0.707107 -0.707107 4.32978e-17 
0.0188192 0.05 0.05 0.1 -0.015 0.025 0.07 0.951057 0.309017 1.89218e-17 5.82354e-17 
0.0177832 0.05 0.05 0.1 -0.025 -0.025 0.07 6.12323e-17 1 -6.12323e-17 3.7494e-33 
0.0170717 0.05 0.05 0.1 0.045 0.005 0.05 -0.572061 -0.415627 0.572061 0.415629 
0.0165247 0.05 0.05 0.1 -0.005 0.015 0.07 0.951057 -0.309017 -1.89218e-17 5.82354e-17 
0.0163605 0.05 0.05 0.1 0.005 -0.025 0.07 0.587785 0.809017 -4.9538e-17 3.59915e-17 
0.0104835 0.05 0.05 0.1 -0.015 -0.015 0.07 6.12323e-17 1 -6.12323e-17 3.7494e-33 
0.00594599 0.05 0.05 0.1 -0.015 -0.025 0.07 6.12323e-17 1 -6.12323e-17 3.7494e-33 
0.00530696 0.05 0.05 0.1 0.025 0.025 0.07 0.951057 0.309017 1.89218e-17 5.82354e-17 
0.00387086 0.05 0.05 0.1 -0.005 0.025 0.07 0.951057 -0.309017 -1.89218e-17 5.82354e-17 
0.000632316 0.05 0.05 0.1 -0.015 -0.045 0.05 -0.415627 -0.572061 -0.572061 0.415629 
0.000306815 0.05 0.05 0.1 -0.025 0.025 0.07 0.587785 0.809017 -4.9538e-17 3.59915e-17 
1.92085e-05 0.05 0.05 0.1 0.025 0.005 0.07 0.951057 -0.309017 -1.89218e-17 5.82354e-17 
-2.91931e-05 0.05 0.05 0.1 -0.025 -0.005 0.07 0.951057 0.309017 1.89218e-17 5.82354e-17 
-0.00213566 0.05 0.05 0.1 -0.025 -0.015 0.07 6.12323e-17 1 -6.12323e-17 3.7494e-33 
-0.00417251 0.05 0.05 0.1 -0.005 0.025 0.07 0.951057 0.309017 1.89218e-17 5.82354e-17 
-0.00507901 0.05 0.05 0.1 -0.025 0.015 0.07 0.587785 0.809017 -4.9538e-17 3.59915e-17 
-0.0110274 0.05 0.05 0.1 0.015 0.025 0.07 0.951057 0.309017 1.89218e-17 5.82354e-17 
-0.0114999 0.05 0.05 0.1 -0.025 -0.025 0.07 0.587785 0.809017 -4.9538e-17 3.59915e-17 
-0.0145709 0.05 0.05 0.1 0.005 0.025 0.07 0.951057 0.309017 1.89218e-17 5.82354e-17 
-0.0212368 0.05 0.05 0.1 -0.015 0.025 0.07 0.587785 0.809017 -4.9538e-17 3.59915e-17 
-0.0288741 0.05 0.05 0.1 0.015 -0.025 0.07 -0.587785 0.809017 -4.9538e-17 -3.59915e-17 
-0.0303315 0.05 0.05 0.1 0.015 -0.045 0.05 -0.672499 0.218508 0.218508 0.672498 
-0.0348603 0.05 0.05 0.1 -0.015 -0.025 0.07 0.587785 0.809017 -4.9538e-17 3.59915e-17 
-0.0504481 0.05 0.05 0.1 -0.025 0.045 0.05 0.415627 0.572061 -0.572061 0.415629 
-0.0510348 0.05 0.05 0.1 0.005 0.045 0.05 -4.32978e-17 0.707107 -0.707107 4.32978e-17 
-0.0511741 0.05 0.05 0.1 -0.025 0.045 0.03 0.415627 0.572061 -0.572061 0.415629 
-0.0539504 0.05 0.05 0.1 0.025 -0.025 0.07 6.12323e-17 1 -6.12323e-17 3.7494e-33 
-0.0731583 0.05 0.05 0.1 -0.045 -0.015 0.05 -0.218508 0.672498 -0.218508 0.672499 
-0.0791237 0.05 0.05 0.1 -0.045 -0.005 0.05 -0.218508 0.672498 -0.218508 0.672499 
-0.084984 0.05 0.05 0.1 0.025 0.045 0.05 0.415627 -0.572061 0.572061 0.415629 
-0.0930755 0.05 0.05 0.1 0.005 -0.045 0.05 -0.672499 0.218508 0.218508 0.672498 
-0.106028 0.05 0.05 0.1 -0.015 0.045 0.05 0.415627 0.572061 -0.572061 0.415629 
-0.107111 0.05 0.05 0.1 -0.045 -0.025 0.05 -0.218508 0.672498 -0.218508 0.672499 
-0.107198 0.05 0.05 0.1 -0.015 0.045 0.03 0.415627 0.572061 -0.572061 0.415629 
-0.107237 0.05 0.05 0.1 -0.045 -0.025 0.01 -0.218508 0.672498 -0.218508 0.672499 
-0.107344 0.05 0.05 0.1 -0.045 -0.025 0.03 -0.218508 0.672498 -0.218508 0.672499 
-0.120379 0.05 0.05 0.1 -0.045 0.005 0.05 -0.218508 0.672498 -0.218508 0.672499 
-0.144416 0.05 0.05 0.1 -0.005 0.045 0.05 -4.32978e-17 0.707107 -0.707107 4.32978e-17 
-0.154978 0.05 0.05 0.1 -0.005 0.045 0.05 0.415627 0.572061 -0.572061 0.415629 
-0.160322 0.05 0.05 0.1 0.015 0.045 0.05 0.415627 -0.572061 0.572061 0.415629 
-0.180086 0.05 0.05 0.1 -0.005 -0.045 0.05 -0.672499 0.218508 0.218508 0.672498 
-0.203154 0.05 0.05 0.1 -0.045 0.015 0.03 0.707107 -4.32978e-17 0.707107 -4.32978e-17 
-0.203857 0.05 0.05 0.1 -0.045 0.015 0.05 0.707107 -4.32978e-17 0.707107 -4.32978e-17 
-0.210189 0.05 0.05 0.1 -0.045 0.025 0.03 0.707107 -4.32978e-17 0.707107 -4.32978e-17 
-0.210868 0.05 0.05 0.1 -0.045 0.025 0.05 0.707107 -4.32978e-17 0.707107 -4.32978e-17 
-0.23341 0.05 0.05 0.1 -0.045 0.005 0.05 -0.572061 0.415627 -0.572061 0.415629 
-0.245814 0.05 0.05 0.1 -0.015 0.045 0.05 -4.32978e-17 0.707107 -0.707107 4.32978e-17 
-0.253171 0.05 0.05 0.1 -0.045 -0.005 0.05 -0.572061 0.415627 -0.572061 0.415629 
-0.259115 0.05 0.05 0.1 -0.045 0.015 0.05 -0.572061 0.415627 -0.572061 0.415629 
-0.308936 0.05 0.05 0.1 -0.015 -0.045 0.05 -0.672499 0.218508 0.218508 0.672498 
-0.312095 0.05 0.05 0.1 -0.045 -0.015 0.05 -0.572061 0.415627 -0.572061 0.415629 
-0.335663 0.05 0.05 0.1 -0.045 0.025 0.05 -0.572061 0.415627 -0.572061 0.415629 
-0.34176 0.05 0.05 0.1 -0.025 0.045 0.05 -4.32978e-17 0.707107 -0.707107 4.32978e-17 
-0.402997 0.05 0.05 0.1 -0.045 -0.025 0.05 -0.572061 0.415627 -0.572061 0.415629 
-0.84331 0.05 0.05 0.1 -0.015 0.025 0.07 0.951057 -0.309017 -1.89218e-17 5.82354e-17 
