4 -1386917923.859552 0.05 0.05 0.05 0.015 -0.025 0.045 6.12323e-17 1 -6.12323e-17 3.7494e-33
4 -1387740329.379945 0.05 0.05 0.05 -0.015 0.025 0.045 1 3.99574e-23 -7.498799999999999e-33 -6.12323e-17
4 -1387633826.527518 0.05 0.05 0.05 0.015 0.025 -0.045 7.498799999999999e-33 1.22465e-16 1 -6.12323e-17
4 -1388990791.51439 0.05 0.05 0.05 -0.015 -0.025 -0.045 6.12323e-17 -6.12323e-17 6.12323e-17 1
4 -580082119.7069055 0.05 0.05 0.05 -0.005 0.025 0.045 0.951057 0.309017 3.78436e-17 5.82354e-17
4 -581424762.5314426 0.05 0.05 0.05 0.005 -0.025 0.045 -0.309017 0.951057 5.82354e-17 -3.78436e-17
4 -578043575.6779833 0.05 0.05 0.05 -0.005 -0.025 -0.045 -1.16471e-16 1.89218e-17 -0.309017 0.951057
4 -579992886.8328365 0.05 0.05 0.05 0.005 0.025 -0.045 -9.60791e-17 -7.71572e-17 0.951057 0.309017
4 -1002861272.130627 0.05 0.05 0.05 0.015 0.015 0.045 -0.587785 0.809017 -4.9538e-17 -3.59915e-17
4 -1009844463.974172 0.05 0.05 0.05 -0.015 -0.015 0.045 0.809017 0.587785 3.59915e-17 -4.9538e-17
4 -1009755835.872363 0.05 0.05 0.05 0.015 -0.015 -0.045 -7.19829e-17 9.9076e-17 0.809017 0.587785
4 -1011220704.289167 0.05 0.05 0.05 -0.015 0.015 -0.045 8.55294e-17 -1.35465e-17 -0.587785 0.809017
4 -497193673.071595 0.05 0.05 0.05 0.025 -0.015 0.045 6.12323e-17 1 -6.12323e-17 3.7494e-33
4 -496673983.2226334 0.05 0.05 0.05 -0.025 0.015 0.045 1 3.99574e-23 -7.498799999999999e-33 -6.12323e-17
4 -496877279.4472864 0.05 0.05 0.05 0.025 0.015 -0.045 7.498799999999999e-33 1.22465e-16 1 -6.12323e-17
4 -495878896.7969984 0.05 0.05 0.05 -0.025 -0.015 -0.045 6.12323e-17 -6.12323e-17 6.12323e-17 1
4 -342033228.5337776 0.05 0.05 0.05 -0.005 -0.025 0.045 6.12323e-17 1 -6.12323e-17 3.7494e-33
4 -341630752.3641477 0.05 0.05 0.05 0.005 0.025 0.045 1 3.99574e-23 -7.498799999999999e-33 -6.12323e-17
4 -341685806.3180248 0.05 0.05 0.05 -0.005 0.025 -0.045 7.498799999999999e-33 1.22465e-16 1 -6.12323e-17
4 -340881624.1105377 0.05 0.05 0.05 0.005 -0.025 -0.045 6.12323e-17 -6.12323e-17 6.12323e-17 1
4 -179841239.1329306 0.05 0.05 0.05 -0.025 -0.025 0.045 6.12323e-17 1 -6.12323e-17 3.7494e-33
4 -180410754.4367217 0.05 0.05 0.05 0.025 0.025 0.045 1 3.99574e-23 -7.498799999999999e-33 -6.12323e-17
4 -180289892.7707152 0.05 0.05 0.05 -0.025 0.025 -0.045 7.498799999999999e-33 1.22465e-16 1 -6.12323e-17
4 -181374690.6482486 0.05 0.05 0.05 0.025 -0.025 -0.045 6.12323e-17 -6.12323e-17 6.12323e-17 1
4 116634128.6032622 0.05 0.05 0.05 -0.025 -0.025 0.045 0.587785 0.809017 -4.9538e-17 3.59915e-17
4 129940589.6977223 0.05 0.05 0.05 0.025 0.025 0.045 0.809017 -0.587785 -3.59915e-17 -4.9538e-17
4 151765992.0615911 0.05 0.05 0.05 -0.025 0.025 -0.045 -7.19829e-17 -9.9076e-17 -0.809017 0.587785
4 116806745.3379229 0.05 0.05 0.05 0.025 -0.025 -0.045 1.35465e-17 -8.55295e-17 0.587785 0.809017
4 21785101.95358222 0.05 0.05 0.05 -0.025 -0.015 0.045 6.12323e-17 1 -6.12323e-17 3.7494e-33
4 21124271.72178961 0.05 0.05 0.05 0.025 0.015 0.045 1 3.99574e-23 -7.498799999999999e-33 -6.12323e-17
4 21216668.76361818 0.05 0.05 0.05 -0.025 0.015 -0.045 7.498799999999999e-33 1.22465e-16 1 -6.12323e-17
4 20358641.70421479 0.05 0.05 0.05 0.025 -0.015 -0.045 6.12323e-17 -6.12323e-17 6.12323e-17 1
4 -310204324.8611227 0.05 0.05 0.05 -0.025 0.005 0.045 0.587785 0.809017 -4.9538e-17 3.59915e-17
4 -316429825.6999423 0.05 0.05 0.05 0.025 -0.005 0.045 0.809017 -0.587785 -3.59915e-17 -4.9538e-17
4 -322655856.3284073 0.05 0.05 0.05 -0.025 -0.005 -0.045 -7.19829e-17 -9.9076e-17 -0.809017 0.587785
4 -310284211.4252274 0.05 0.05 0.05 0.025 0.005 -0.045 1.35465e-17 -8.55295e-17 0.587785 0.809017
4 51463777.89086276 0.05 0.05 0.05 -0.025 0.015 0.045 0.587785 0.809017 -4.9538e-17 3.59915e-17
4 55188021.29990917 0.05 0.05 0.05 0.025 -0.015 0.045 0.809017 -0.587785 -3.59915e-17 -4.9538e-17
4 36242122.68405746 0.05 0.05 0.05 -0.025 -0.015 -0.045 -7.19829e-17 -9.9076e-17 -0.809017 0.587785
4 51416042.23641562 0.05 0.05 0.05 0.025 0.015 -0.045 1.35465e-17 -8.55295e-17 0.587785 0.809017
4 -3017567.414740698 0.05 0.05 0.05 -0.025 0.025 0.045 0.587785 0.809017 -4.9538e-17 3.59915e-17
4 6555024.309949552 0.05 0.05 0.05 0.025 -0.025 0.045 0.809017 -0.587785 -3.59915e-17 -4.9538e-17
4 8559900.808494624 0.05 0.05 0.05 -0.025 -0.025 -0.045 -7.19829e-17 -9.9076e-17 -0.809017 0.587785
4 -2928762.147672238 0.05 0.05 0.05 0.025 0.025 -0.045 1.35465e-17 -8.55295e-17 0.587785 0.809017
4 353103422.8321782 0.05 0.05 0.05 -0.015 -0.025 0.045 0.587785 0.809017 -4.9538e-17 3.59915e-17
4 353841407.8210541 0.05 0.05 0.05 0.015 0.025 0.045 0.809017 -0.587785 -3.59915e-17 -4.9538e-17
4 215437118.2715484 0.05 0.05 0.05 -0.015 0.025 -0.045 -7.19829e-17 -9.9076e-17 -0.809017 0.587785
4 352599825.2899711 0.05 0.05 0.05 0.015 -0.025 -0.045 1.35465e-17 -8.55295e-17 0.587785 0.809017
4 -446010707.2145784 0.05 0.05 0.05 -0.015 0.015 0.045 0.587785 0.809017 -4.9538e-17 3.59915e-17
4 -453632721.0827617 0.05 0.05 0.05 0.015 -0.015 0.045 0.809017 -0.587785 -3.59915e-17 -4.9538e-17
4 -440028928.1449047 0.05 0.05 0.05 -0.015 -0.015 -0.045 -7.19829e-17 -9.9076e-17 -0.809017 0.587785
4 -445974153.8766986 0.05 0.05 0.05 0.015 0.015 -0.045 1.35465e-17 -8.55295e-17 0.587785 0.809017
4 215082837.1956472 0.05 0.05 0.05 -0.015 0.025 0.045 0.587785 0.809017 -4.9538e-17 3.59915e-17
4 208035403.7350497 0.05 0.05 0.05 0.015 -0.025 0.045 0.809017 -0.587785 -3.59915e-17 -4.9538e-17
4 206977927.1696513 0.05 0.05 0.05 -0.015 -0.025 -0.045 -7.19829e-17 -9.9076e-17 -0.809017 0.587785
4 214989219.9122399 0.05 0.05 0.05 0.015 0.025 -0.045 1.35465e-17 -8.55295e-17 0.587785 0.809017
4 -167332703.1488378 0.05 0.05 0.05 -0.005 0.015 0.045 0.951057 -0.309017 -3.78436e-17 5.82354e-17
4 -164079936.52912 0.05 0.05 0.05 0.005 -0.015 0.045 0.309017 0.951057 5.82354e-17 3.78436e-17
4 -166305387.4035692 0.05 0.05 0.05 -0.005 -0.015 -0.045 -1.16471e-16 -1.89218e-17 0.309017 0.951057
4 -159154042.3855297 0.05 0.05 0.05 0.005 0.015 -0.045 -2.03919e-17 -3.93136e-17 0.951057 -0.309017
4 147617936.5914793 0.05 0.05 0.05 0.005 0.025 0.045 0.951057 0.309017 3.78436e-17 5.82354e-17
4 148978017.0513946 0.05 0.05 0.05 -0.005 -0.025 0.045 -0.309017 0.951057 5.82354e-17 -3.78436e-17
4 145347858.6868939 0.05 0.05 0.05 0.005 -0.025 -0.045 -1.16471e-16 1.89218e-17 -0.309017 0.951057
4 147524919.7461844 0.05 0.05 0.05 -0.005 0.025 -0.045 -9.60791e-17 -7.71572e-17 0.951057 0.309017
4 292461266.5939757 0.05 0.05 0.05 0.015 -0.025 0.045 -0.587785 0.809017 -4.9538e-17 -3.59915e-17
4 280431996.7413385 0.05 0.05 0.05 -0.015 0.025 0.045 0.809017 0.587785 3.59915e-17 -4.9538e-17
4 280571455.5664534 0.05 0.05 0.05 0.015 0.025 -0.045 -7.19829e-17 9.9076e-17 0.809017 0.587785
4 279547100.0308683 0.05 0.05 0.05 -0.015 -0.025 -0.045 8.55294e-17 -1.35465e-17 -0.587785 0.809017
4 111772615.7807849 0.05 0.05 0.05 0.015 0.025 0.045 0.951057 0.309017 3.78436e-17 5.82354e-17
4 114019598.1336104 0.05 0.05 0.05 -0.015 -0.025 0.045 -0.309017 0.951057 5.82354e-17 -3.78436e-17
4 108132615.2670663 0.05 0.05 0.05 0.015 -0.025 -0.045 -1.16471e-16 1.89218e-17 -0.309017 0.951057
4 111592620.9742388 0.05 0.05 0.05 -0.015 0.025 -0.045 -9.60791e-17 -7.71572e-17 0.951057 0.309017
4 546481676.919804 0.05 0.05 0.05 0.025 -0.025 0.045 6.12323e-17 1 -6.12323e-17 3.7494e-33
4 547165825.6430678 0.05 0.05 0.05 -0.025 0.025 0.045 1 3.99574e-23 -7.498799999999999e-33 -6.12323e-17
4 547068203.8933643 0.05 0.05 0.05 0.025 0.025 -0.045 7.498799999999999e-33 1.22465e-16 1 -6.12323e-17
4 548028735.6910611 0.05 0.05 0.05 -0.025 -0.025 -0.045 6.12323e-17 -6.12323e-17 6.12323e-17 1
4 -933615266.2927767 0.05 0.05 0.05 0.025 -0.005 0.045 -0.587785 0.809017 -4.9538e-17 -3.59915e-17
4 -948172524.1754683 0.05 0.05 0.05 -0.025 0.005 0.045 0.809017 0.587785 3.59915e-17 -4.9538e-17
4 -948067668.1217266 0.05 0.05 0.05 0.025 0.005 -0.045 -7.19829e-17 9.9076e-17 0.809017 0.587785
4 -949046516.6991359 0.05 0.05 0.05 -0.025 -0.005 -0.045 8.55294e-17 -1.35465e-17 -0.587785 0.809017
4 -1849.170442907771 0.05 0.05 0.05 0.025 0.005 0.045 0.951057 -0.309017 -3.78436e-17 5.82354e-17
4 -2165.152060977311 0.05 0.05 0.05 -0.025 -0.005 0.045 0.309017 0.951057 5.82354e-17 3.78436e-17
4 -2701.285374534089 0.05 0.05 0.05 0.025 -0.005 -0.045 -1.16471e-16 -1.89218e-17 0.309017 0.951057
4 -975.123196179901 0.05 0.05 0.05 -0.025 0.005 -0.045 -2.03919e-17 -3.93136e-17 0.951057 -0.309017
4 -53476235.85215435 0.05 0.05 0.05 0.025 0.025 0.045 0.951057 0.309017 3.78436e-17 5.82354e-17
4 -55086341.53769553 0.05 0.05 0.05 -0.025 -0.025 0.045 -0.309017 0.951057 5.82354e-17 -3.78436e-17
4 -50793649.11341499 0.05 0.05 0.05 0.025 -0.025 -0.045 -1.16471e-16 1.89218e-17 -0.309017 0.951057
4 -53334047.76086197 0.05 0.05 0.05 -0.025 0.025 -0.045 -9.60791e-17 -7.71572e-17 0.951057 0.309017
4 -1121199914.600934 0.05 0.05 0.05 -0.015 -0.015 0.045 0.587785 0.809017 -4.9538e-17 3.59915e-17
4 -1104315538.098376 0.05 0.05 0.05 0.015 0.015 0.045 0.809017 -0.587785 -3.59915e-17 -4.9538e-17
4 -1161540349.457757 0.05 0.05 0.05 -0.015 0.015 -0.045 -7.19829e-17 -9.9076e-17 -0.809017 0.587785
4 -1121325708.170151 0.05 0.05 0.05 0.015 -0.015 -0.045 1.35465e-17 -8.55295e-17 0.587785 0.809017
4 27320408.6170601 0.05 0.05 0.05 -0.025 -0.005 0.045 0.951057 0.309017 3.78436e-17 5.82354e-17
4 27961309.07334774 0.05 0.05 0.05 0.025 0.005 0.045 -0.309017 0.951057 5.82354e-17 -3.78436e-17
4 27299154.31536835 0.05 0.05 0.05 -0.025 0.005 -0.045 -1.16471e-16 1.89218e-17 -0.309017 0.951057
4 27588418.02270143 0.05 0.05 0.05 0.025 -0.005 -0.045 -9.60791e-17 -7.71572e-17 0.951057 0.309017
4 -468088703.9196081 0.05 0.05 0.05 -0.025 -0.015 0.045 0.587785 0.809017 -4.9538e-17 3.59915e-17
4 -481526632.2698368 0.05 0.05 0.05 0.025 0.015 0.045 0.809017 -0.587785 -3.59915e-17 -4.9538e-17
4 -440653117.6592978 0.05 0.05 0.05 -0.025 0.015 -0.045 -7.19829e-17 -9.9076e-17 -0.809017 0.587785
4 -468026771.7439481 0.05 0.05 0.05 0.025 -0.015 -0.045 1.35465e-17 -8.55295e-17 0.587785 0.809017
4 -1941956853.603178 0.05 0.05 0.05 0.015 -0.005 0.045 -0.587785 0.809017 -4.9538e-17 -3.59915e-17
4 -1936781210.192547 0.05 0.05 0.05 -0.015 0.005 0.045 0.809017 0.587785 3.59915e-17 -4.9538e-17
4 -1936864301.439581 0.05 0.05 0.05 0.015 0.005 -0.045 -7.19829e-17 9.9076e-17 0.809017 0.587785
4 -1935700802.236282 0.05 0.05 0.05 -0.015 -0.005 -0.045 8.55294e-17 -1.35465e-17 -0.587785 0.809017
4 -596119500.7557316 0.05 0.05 0.05 0.025 0.015 0.045 -0.587785 0.809017 -4.9538e-17 -3.59915e-17
4 -581111516.136279 0.05 0.05 0.05 -0.025 -0.015 0.045 0.809017 0.587785 3.59915e-17 -4.9538e-17
4 -581165379.6058489 0.05 0.05 0.05 0.025 -0.015 -0.045 -7.19829e-17 9.9076e-17 0.809017 0.587785
4 -580724043.9029677 0.05 0.05 0.05 -0.025 0.015 -0.045 8.55294e-17 -1.35465e-17 -0.587785 0.809017
4 -402499412.4761233 0.05 0.05 0.05 -0.005 -0.015 0.045 6.12323e-17 1 -6.12323e-17 3.7494e-33
4 -401979451.7657033 0.05 0.05 0.05 0.005 0.015 0.045 1 3.99574e-23 -7.498799999999999e-33 -6.12323e-17
4 -402041163.8070797 0.05 0.05 0.05 -0.005 0.015 -0.045 7.498799999999999e-33 1.22465e-16 1 -6.12323e-17
4 -401406963.9183402 0.05 0.05 0.05 0.005 -0.015 -0.045 6.12323e-17 -6.12323e-17 6.12323e-17 1
4 10077589.19809889 0.05 0.05 0.05 0.005 -0.025 0.045 0.587785 0.809017 -4.9538e-17 3.59915e-17
4 18205599.14936912 0.05 0.05 0.05 -0.005 0.025 0.045 0.809017 -0.587785 -3.59915e-17 -4.9538e-17
4 -43503726.25252575 0.05 0.05 0.05 0.005 0.025 -0.045 -7.19829e-17 -9.9076e-17 -0.809017 0.587785
4 9872016.330755806 0.05 0.05 0.05 -0.005 -0.025 -0.045 1.35465e-17 -8.55295e-17 0.587785 0.809017
4 -191462740.7344426 0.05 0.05 0.05 -0.025 0.025 0.045 0.951057 0.309017 3.78436e-17 5.82354e-17
4 -190186980.9541008 0.05 0.05 0.05 0.025 -0.025 0.045 -0.309017 0.951057 5.82354e-17 -3.78436e-17
4 -194144074.5250512 0.05 0.05 0.05 -0.025 -0.025 -0.045 -1.16471e-16 1.89218e-17 -0.309017 0.951057
4 -191768642.1098357 0.05 0.05 0.05 0.025 0.025 -0.045 -9.60791e-17 -7.71572e-17 0.951057 0.309017
4 292601278.0704627 0.05 0.05 0.05 -0.015 -0.025 0.045 6.12323e-17 1 -6.12323e-17 3.7494e-33
4 293460202.3652508 0.05 0.05 0.05 0.015 0.025 0.045 1 3.99574e-23 -7.498799999999999e-33 -6.12323e-17
4 293290909.617171 0.05 0.05 0.05 -0.015 0.025 -0.045 7.498799999999999e-33 1.22465e-16 1 -6.12323e-17
4 294786722.4483759 0.05 0.05 0.05 0.015 -0.025 -0.045 6.12323e-17 -6.12323e-17 6.12323e-17 1
4 -81933716.58648379 0.05 0.05 0.05 -0.025 0.005 0.045 0.951057 0.309017 3.78436e-17 5.82354e-17
4 -83876531.85197045 0.05 0.05 0.05 0.025 -0.005 0.045 -0.309017 0.951057 5.82354e-17 -3.78436e-17
4 -81892187.99876 0.05 0.05 0.05 -0.025 -0.005 -0.045 -1.16471e-16 1.89218e-17 -0.309017 0.951057
4 -82750776.95322821 0.05 0.05 0.05 0.025 0.005 -0.045 -9.60791e-17 -7.71572e-17 0.951057 0.309017
4 255355870.5204437 0.05 0.05 0.05 -0.015 -0.015 0.045 6.12323e-17 1 -6.12323e-17 3.7494e-33
4 256259988.0102234 0.05 0.05 0.05 0.015 0.015 0.045 1 3.99574e-23 -7.498799999999999e-33 -6.12323e-17
4 256024241.4371062 0.05 0.05 0.05 -0.015 0.015 -0.045 7.498799999999999e-33 1.22465e-16 1 -6.12323e-17
4 257365839.7101431 0.05 0.05 0.05 0.015 -0.015 -0.045 6.12323e-17 -6.12323e-17 6.12323e-17 1
4 -29537685.05820691 0.05 0.05 0.05 -0.005 -0.025 0.045 0.587785 0.809017 -4.9538e-17 3.59915e-17
4 -54099866.85820644 0.05 0.05 0.05 0.005 0.025 0.045 0.809017 -0.587785 -3.59915e-17 -4.9538e-17
4 130495556.333365 0.05 0.05 0.05 -0.005 0.025 -0.045 -7.19829e-17 -9.9076e-17 -0.809017 0.587785
4 -28972746.20897113 0.05 0.05 0.05 0.005 -0.025 -0.045 1.35465e-17 -8.55295e-17 0.587785 0.809017
4 -538965555.2674093 0.05 0.05 0.05 0.025 -0.025 0.045 -0.587785 0.809017 -4.9538e-17 -3.59915e-17
4 -531522460.8613356 0.05 0.05 0.05 -0.025 0.025 0.045 0.809017 0.587785 3.59915e-17 -4.9538e-17
4 -531585272.6165782 0.05 0.05 0.05 0.025 0.025 -0.045 -7.19829e-17 9.9076e-17 0.809017 0.587785
4 -530571188.4809417 0.05 0.05 0.05 -0.025 -0.025 -0.045 8.55294e-17 -1.35465e-17 -0.587785 0.809017
4 -543328812.3560386 0.05 0.05 0.05 0.005 -0.015 0.045 6.12323e-17 1 -6.12323e-17 3.7494e-33
4 -543793520.4314384 0.05 0.05 0.05 -0.005 0.015 0.045 1 3.99574e-23 -7.498799999999999e-33 -6.12323e-17
4 -543590356.131461 0.05 0.05 0.05 0.005 0.015 -0.045 7.498799999999999e-33 1.22465e-16 1 -6.12323e-17
4 -544448931.9498826 0.05 0.05 0.05 -0.005 -0.015 -0.045 6.12323e-17 -6.12323e-17 6.12323e-17 1
4 332693830.9641759 0.05 0.05 0.05 0.025 0.025 0.045 -0.587785 0.809017 -4.9538e-17 -3.59915e-17
4 330217993.8808123 0.05 0.05 0.05 -0.025 -0.025 0.045 0.809017 0.587785 3.59915e-17 -4.9538e-17
4 330181711.3876855 0.05 0.05 0.05 0.025 -0.025 -0.045 -7.19829e-17 9.9076e-17 0.809017 0.587785
4 330595376.0748247 0.05 0.05 0.05 -0.025 0.025 -0.045 8.55294e-17 -1.35465e-17 -0.587785 0.809017
4 538273193.246902 0.05 0.05 0.05 -0.015 0.025 0.045 0.951057 0.309017 3.78436e-17 5.82354e-17
4 535679934.2127274 0.05 0.05 0.05 0.015 -0.025 0.045 -0.309017 0.951057 5.82354e-17 -3.78436e-17
4 542142482.2576386 0.05 0.05 0.05 -0.015 -0.025 -0.045 -1.16471e-16 1.89218e-17 -0.309017 0.951057
4 538339069.6216846 0.05 0.05 0.05 0.015 0.025 -0.045 -9.60791e-17 -7.71572e-17 0.951057 0.309017
4 82491026.10280205 0.05 0.05 0.05 -0.025 0.015 0.045 0.951057 0.309017 3.78436e-17 5.82354e-17
4 84209617.95498902 0.05 0.05 0.05 0.025 -0.015 0.045 -0.309017 0.951057 5.82354e-17 -3.78436e-17
4 82436565.15101098 0.05 0.05 0.05 -0.025 -0.015 -0.045 -1.16471e-16 1.89218e-17 -0.309017 0.951057
4 83278198.72533563 0.05 0.05 0.05 0.025 0.015 -0.045 -9.60791e-17 -7.71572e-17 0.951057 0.309017
4 -521306.032087577 0.05 0.05 0.05 -0.015 0.015 0.045 0.951057 0.309017 3.78436e-17 5.82354e-17
4 -274697.628744991 0.05 0.05 0.05 0.015 -0.015 0.045 -0.309017 0.951057 5.82354e-17 -3.78436e-17
4 -486010.9423250759 0.05 0.05 0.05 -0.015 -0.015 -0.045 -1.16471e-16 1.89218e-17 -0.309017 0.951057
4 -477700.874292044 0.05 0.05 0.05 0.015 0.015 -0.045 -9.60791e-17 -7.71572e-17 0.951057 0.309017
4 -225624205.2466087 0.05 0.05 0.05 -0.015 0.005 0.045 0.587785 0.809017 -4.9538e-17 3.59915e-17
4 -220491928.1859749 0.05 0.05 0.05 0.015 -0.005 0.045 0.809017 -0.587785 -3.59915e-17 -4.9538e-17
4 -210179465.4919288 0.05 0.05 0.05 -0.015 -0.005 -0.045 -7.19829e-17 -9.9076e-17 -0.809017 0.587785
4 -225514331.5896335 0.05 0.05 0.05 0.015 0.005 -0.045 1.35465e-17 -8.55295e-17 0.587785 0.809017
4 603764882.2174021 0.05 0.05 0.05 -0.025 -0.005 0.045 0.587785 0.809017 -4.9538e-17 3.59915e-17
4 588568716.7840135 0.05 0.05 0.05 0.025 0.005 0.045 0.809017 -0.587785 -3.59915e-17 -4.9538e-17
4 610288529.6897873 0.05 0.05 0.05 -0.025 0.005 -0.045 -7.19829e-17 -9.9076e-17 -0.809017 0.587785
4 603724117.664294 0.05 0.05 0.05 0.025 -0.005 -0.045 1.35465e-17 -8.55295e-17 0.587785 0.809017
4 32260496.85597248 0.05 0.05 0.05 0.015 -0.015 0.045 -0.587785 0.809017 -4.9538e-17 -3.59915e-17
4 44071103.343343 0.05 0.05 0.05 -0.015 0.015 0.045 0.809017 0.587785 3.59915e-17 -4.9538e-17
4 43956467.15071816 0.05 0.05 0.05 0.015 0.015 -0.045 -7.19829e-17 9.9076e-17 0.809017 0.587785
4 44179584.73536399 0.05 0.05 0.05 -0.015 -0.015 -0.045 8.55294e-17 -1.35465e-17 -0.587785 0.809017
4 427570684.2248622 0.05 0.05 0.05 0.025 0.005 0.045 -0.587785 0.809017 -4.9538e-17 -3.59915e-17
4 420887267.9240577 0.05 0.05 0.05 -0.025 -0.005 0.045 0.809017 0.587785 3.59915e-17 -4.9538e-17
4 420964058.6067004 0.05 0.05 0.05 0.025 -0.005 -0.045 -7.19829e-17 9.9076e-17 0.809017 0.587785
4 420476200.1124651 0.05 0.05 0.05 -0.025 0.005 -0.045 8.55294e-17 -1.35465e-17 -0.587785 0.809017
4 1069711282.450964 0.05 0.05 0.05 0.005 -0.025 0.045 6.12323e-17 1 -6.12323e-17 3.7494e-33
4 1069157611.767862 0.05 0.05 0.05 -0.005 0.025 0.045 1 3.99574e-23 -7.498799999999999e-33 -6.12323e-17
4 1069252662.296792 0.05 0.05 0.05 0.005 0.025 -0.045 7.498799999999999e-33 1.22465e-16 1 -6.12323e-17
4 1068432923.275576 0.05 0.05 0.05 -0.005 -0.025 -0.045 6.12323e-17 -6.12323e-17 6.12323e-17 1
4 166384530.6246948 0.05 0.05 0.05 0.025 0.015 0.045 0.951057 -0.309017 -3.78436e-17 5.82354e-17
4 163016910.1580431 0.05 0.05 0.05 -0.025 -0.015 0.045 0.309017 0.951057 5.82354e-17 3.78436e-17
4 165305993.8917785 0.05 0.05 0.05 0.025 -0.015 -0.045 -1.16471e-16 -1.89218e-17 0.309017 0.951057
4 158731422.7959774 0.05 0.05 0.05 -0.025 0.015 -0.045 -2.03919e-17 -3.93136e-17 0.951057 -0.309017
4 1165879776.760923 0.05 0.05 0.05 0.015 -0.015 0.045 6.12323e-17 1 -6.12323e-17 3.7494e-33
4 1165061624.886315 0.05 0.05 0.05 -0.015 0.015 0.045 1 3.99574e-23 -7.498799999999999e-33 -6.12323e-17
4 1165266086.474893 0.05 0.05 0.05 0.015 0.015 -0.045 7.498799999999999e-33 1.22465e-16 1 -6.12323e-17
4 1164009699.458726 0.05 0.05 0.05 -0.015 -0.015 -0.045 6.12323e-17 -6.12323e-17 6.12323e-17 1
4 1308512827.163061 0.05 0.05 0.05 0.025 -0.015 0.045 -0.587785 0.809017 -4.9538e-17 -3.59915e-17
4 1309804874.480465 0.05 0.05 0.05 -0.025 0.015 0.045 0.809017 0.587785 3.59915e-17 -4.9538e-17
4 1309774904.556313 0.05 0.05 0.05 0.025 0.015 -0.045 -7.19829e-17 9.9076e-17 0.809017 0.587785
4 1309376530.641445 0.05 0.05 0.05 -0.025 -0.015 -0.045 8.55294e-17 -1.35465e-17 -0.587785 0.809017
4 -499696626.2151169 0.05 0.05 0.05 0.015 0.015 0.045 0.951057 -0.309017 -3.78436e-17 5.82354e-17
4 -489714298.446911 0.05 0.05 0.05 -0.015 -0.015 0.045 0.309017 0.951057 5.82354e-17 3.78436e-17
4 -496511395.9593999 0.05 0.05 0.05 0.015 -0.015 -0.045 -1.16471e-16 -1.89218e-17 0.309017 0.951057
4 -476233407.366691 0.05 0.05 0.05 -0.015 0.015 -0.045 -2.03919e-17 -3.93136e-17 0.951057 -0.309017
4 1253558282.549304 0.05 0.05 0.05 -0.015 -0.005 0.045 0.587785 0.809017 -4.9538e-17 3.59915e-17
4 1270163373.205461 0.05 0.05 0.05 0.015 0.005 0.045 0.809017 -0.587785 -3.59915e-17 -4.9538e-17
4 1258795654.014426 0.05 0.05 0.05 -0.015 0.005 -0.045 -7.19829e-17 -9.9076e-17 -0.809017 0.587785
4 1253620487.018271 0.05 0.05 0.05 0.015 -0.005 -0.045 1.35465e-17 -8.55295e-17 0.587785 0.809017
4 500645889.8148226 0.05 0.05 0.05 0.005 0.015 0.045 0.951057 -0.309017 -3.78436e-17 5.82354e-17
4 490778643.083905 0.05 0.05 0.05 -0.005 -0.015 0.045 0.309017 0.951057 5.82354e-17 3.78436e-17
4 497512694.4086714 0.05 0.05 0.05 0.005 -0.015 -0.045 -1.16471e-16 -1.89218e-17 0.309017 0.951057
4 476656664.229328 0.05 0.05 0.05 -0.005 0.015 -0.045 -2.03919e-17 -3.93136e-17 0.951057 -0.309017
4 2620019468.779945 0.05 0.05 0.05 0.015 0.005 0.045 -0.587785 0.809017 -4.9538e-17 -3.59915e-17
4 2622019036.523538 0.05 0.05 0.05 -0.015 -0.005 0.045 0.809017 0.587785 3.59915e-17 -4.9538e-17
4 2621989965.238832 0.05 0.05 0.05 0.015 -0.005 -0.045 -7.19829e-17 9.9076e-17 0.809017 0.587785
4 2623088576.721886 0.05 0.05 0.05 -0.015 0.005 -0.045 8.55294e-17 -1.35465e-17 -0.587785 0.809017
