0.685473 0.045 0.045 0.045 0.0045 0.0045 0.0425 -0.587785 0.809017 -4.9538e-17 -3.59915e-17 
0.488047 0.045 0.045 0.045 0.0045 0.0225 0.0425 0.951057 -0.309017 -1.89218e-17 5.82354e-17 
0.408589 0.045 0.045 0.045 0.0135 0.0045 0.0425 -0.587785 0.809017 -4.9538e-17 -3.59915e-17 
0.395082 0.045 0.045 0.045 0.0135 0.0225 0.0425 0.951057 -0.309017 -1.89218e-17 5.82354e-17 
0.325867 0.045 0.045 0.045 0.0045 0.0135 0.0425 0.951057 -0.309017 -1.89218e-17 5.82354e-17 
0.298722 0.045 0.045 0.045 0.0225 0.0225 0.0425 0.951057 -0.309017 -1.89218e-17 5.82354e-17 
0.268331 0.045 0.045 0.045 0.0045 -0.0045 0.0425 -0.587785 0.809017 -4.9538e-17 -3.59915e-17 
0.235509 0.045 0.045 0.045 -0.0135 -0.0045 0.0425 0.587785 0.809017 -4.9538e-17 3.59915e-17 
0.229883 0.045 0.045 0.045 0.0135 0.0135 0.0425 0.951057 -0.309017 -1.89218e-17 5.82354e-17 
0.189831 0.045 0.045 0.045 0.0135 -0.0135 0.0425 6.12323e-17 1 -6.12323e-17 3.7494e-33 
0.171888 0.045 0.045 0.045 -0.0135 0.0045 0.0425 0.587785 0.809017 -4.9538e-17 3.59915e-17 
0.171703 0.045 0.045 0.045 0.0135 -0.0045 0.0425 -0.587785 0.809017 -4.9538e-17 -3.59915e-17 
0.171014 0.045 0.045 0.045 0.0225 -0.0045 0.0425 6.12323e-17 1 -6.12323e-17 3.7494e-33 
0.168753 0.045 0.045 0.045 -0.0045 0.0225 0.0425 0.951057 -0.309017 -1.89218e-17 5.82354e-17 
0.160037 0.045 0.045 0.045 0.0225 -0.0225 0.0425 -0.587785 0.809017 -4.9538e-17 -3.59915e-17 
0.152762 0.045 0.045 0.045 0.0225 -0.0135 0.0425 -0.587785 0.809017 -4.9538e-17 -3.59915e-17 
0.13223 0.045 0.045 0.045 0.0225 0.0135 0.0425 0.951057 -0.309017 -1.89218e-17 5.82354e-17 
0.125567 0.045 0.045 0.045 0.0225 0.0045 0.0425 -0.587785 0.809017 -4.9538e-17 -3.59915e-17 
0.119002 0.045 0.045 0.045 -0.0225 -0.0045 0.0425 0.587785 0.809017 -4.9538e-17 3.59915e-17 
0.118851 0.045 0.045 0.045 0.0135 0.0135 0.0425 -0.587785 0.809017 -4.9538e-17 -3.59915e-17 
0.110787 0.045 0.045 0.045 -0.0225 0.0135 0.0425 0.951057 0.309017 1.89218e-17 5.82354e-17 
0.109144 0.045 0.045 0.045 0.0045 -0.0135 0.0425 6.12323e-17 1 -6.12323e-17 3.7494e-33 
0.0989951 0.045 0.045 0.045 -0.0135 -0.0135 0.0425 0.587785 0.809017 -4.9538e-17 3.59915e-17 
0.0972924 0.045 0.045 0.045 -0.0225 0.0225 0.0425 0.951057 0.309017 1.89218e-17 5.82354e-17 
0.0917063 0.045 0.045 0.045 0.0225 0.0135 0.0425 -0.587785 0.809017 -4.9538e-17 -3.59915e-17 
0.0772848 0.045 0.045 0.045 0.0225 -0.0135 0.0425 6.12323e-17 1 -6.12323e-17 3.7494e-33 
0.0721552 0.045 0.045 0.045 0.0225 -0.0045 0.0425 -0.587785 0.809017 -4.9538e-17 -3.59915e-17 
0.0648681 0.045 0.045 0.045 -0.0225 0.0045 0.0425 0.951057 0.309017 1.89218e-17 5.82354e-17 
0.0641308 0.045 0.045 0.045 -0.0135 0.0135 0.0425 0.951057 0.309017 1.89218e-17 5.82354e-17 
0.0627688 0.045 0.045 0.045 -0.0135 0.0225 0.0425 0.951057 0.309017 1.89218e-17 5.82354e-17 
0.0616729 0.045 0.045 0.045 -0.0225 0.0045 0.0425 0.587785 0.809017 -4.9538e-17 3.59915e-17 
0.0609445 0.045 0.045 0.045 0.0045 -0.0225 0.0425 6.12323e-17 1 -6.12323e-17 3.7494e-33 
0.0566165 0.045 0.045 0.045 0.0135 -0.0225 0.0425 -0.587785 0.809017 -4.9538e-17 -3.59915e-17 
0.0425556 0.045 0.045 0.045 -0.0045 -0.0225 0.0425 6.12323e-17 1 -6.12323e-17 3.7494e-33 
0.0345219 0.045 0.045 0.045 0.0135 -0.0225 0.0425 6.12323e-17 1 -6.12323e-17 3.7494e-33 
0.0336038 0.045 0.045 0.045 -0.0225 -0.0135 0.0425 6.12323e-17 1 -6.12323e-17 3.7494e-33 
0.0331868 0.045 0.045 0.045 -0.0225 -0.0045 0.0425 0.951057 0.309017 1.89218e-17 5.82354e-17 
0.0320542 0.045 0.045 0.045 -0.0225 -0.0135 0.0425 0.587785 0.809017 -4.9538e-17 3.59915e-17 
0.0284097 0.045 0.045 0.045 -0.0135 -0.0225 0.0425 6.12323e-17 1 -6.12323e-17 3.7494e-33 
0.0230868 0.045 0.045 0.045 0.0135 -0.0135 0.0425 -0.587785 0.809017 -4.9538e-17 -3.59915e-17 
0.0205631 0.045 0.045 0.045 -0.0135 0.0135 0.0425 0.587785 0.809017 -4.9538e-17 3.59915e-17 
0.0176478 0.045 0.045 0.045 -0.0225 -0.0225 0.0425 6.12323e-17 1 -6.12323e-17 3.7494e-33 
0.0138018 0.045 0.045 0.045 0.0135 0.0225 0.0425 0.951057 0.309017 1.89218e-17 5.82354e-17 
0.0131827 0.045 0.045 0.045 0.0225 0.0225 0.0425 0.951057 0.309017 1.89218e-17 5.82354e-17 
0.0118482 0.045 0.045 0.045 -0.0135 0.0045 0.0425 0.951057 0.309017 1.89218e-17 5.82354e-17 
0.0115247 0.045 0.045 0.045 -0.0045 0.0135 0.0425 0.951057 -0.309017 -1.89218e-17 5.82354e-17 
0.00737173 0.045 0.045 0.045 -0.0045 -0.0135 0.0425 6.12323e-17 1 -6.12323e-17 3.7494e-33 
0.00505592 0.045 0.045 0.045 -0.0045 -0.0225 0.0425 0.587785 0.809017 -4.9538e-17 3.59915e-17 
0.00151837 0.045 0.045 0.045 -0.0135 -0.0135 0.0425 6.12323e-17 1 -6.12323e-17 3.7494e-33 
-0.00769264 0.045 0.045 0.045 0.0045 -0.0225 0.0425 0.587785 0.809017 -4.9538e-17 3.59915e-17 
-0.0169889 0.045 0.045 0.045 -0.0045 0.0225 0.0425 0.951057 0.309017 1.89218e-17 5.82354e-17 
-0.0184125 0.045 0.045 0.045 -0.0135 0.0225 0.0425 0.587785 0.809017 -4.9538e-17 3.59915e-17 
-0.0190243 0.045 0.045 0.045 0.0225 -0.0225 0.0425 6.12323e-17 1 -6.12323e-17 3.7494e-33 
-0.0256937 0.045 0.045 0.045 0.0045 0.0225 0.0425 0.951057 0.309017 1.89218e-17 5.82354e-17 
-0.0262471 0.045 0.045 0.045 -0.0225 0.0225 0.0425 0.587785 0.809017 -4.9538e-17 3.59915e-17 
-0.033006 0.045 0.045 0.045 -0.0225 0.0135 0.0425 0.587785 0.809017 -4.9538e-17 3.59915e-17 
-0.0359756 0.045 0.045 0.045 0.0225 0.0045 0.0425 0.951057 -0.309017 -1.89218e-17 5.82354e-17 
-0.0433656 0.045 0.045 0.045 -0.0135 -0.0225 0.0425 0.587785 0.809017 -4.9538e-17 3.59915e-17 
-0.0471026 0.045 0.045 0.045 0.0045 -0.0225 0.0425 -0.587785 0.809017 -4.9538e-17 -3.59915e-17 
-0.0553941 0.045 0.045 0.045 -0.0225 -0.0225 0.0425 0.587785 0.809017 -4.9538e-17 3.59915e-17 
-0.106422 0.045 0.045 0.045 0.0045 -0.0135 0.0425 -0.587785 0.809017 -4.9538e-17 -3.59915e-17 
-0.269026 0.045 0.045 0.045 0.0225 0.0225 0.0425 -0.587785 0.809017 -4.9538e-17 -3.59915e-17 
-0.950422 0.045 0.045 0.045 -0.0135 0.0225 0.0425 0.951057 -0.309017 -1.89218e-17 5.82354e-17 
