14.4211 0.046 0.127 0.183 -0.0138 -0.0835 0.0915 -0.672499 0.218508 0.218508 0.672498 
10.2646 0.046 0.127 0.183 -0.0046 -0.0835 0.0915 -0.672499 0.218508 0.218508 0.672498 
5.92364 0.046 0.127 0.183 0.0046 -0.0835 0.0915 -0.672499 0.218508 0.218508 0.672498 
1.48397 0.046 0.127 0.183 0.0138 -0.0835 0.0915 -0.672499 0.218508 0.218508 0.672498 
0.957348 0.046 0.127 0.183 -0.023 0.0835 0.0915 -4.32978e-17 0.707107 -0.707107 4.32978e-17 
0.762517 0.046 0.127 0.183 -0.0138 0.0835 0.0915 -4.32978e-17 0.707107 -0.707107 4.32978e-17 
0.558568 0.046 0.127 0.183 -0.0046 0.0835 0.0915 -4.32978e-17 0.707107 -0.707107 4.32978e-17 
0.349558 0.046 0.127 0.183 0.0046 0.0835 0.0915 -4.32978e-17 0.707107 -0.707107 4.32978e-17 
0.270053 0.046 0.127 0.183 -0.023 -0.0835 0.0549 -0.415627 -0.572061 -0.572061 0.415629 
0.229976 0.046 0.127 0.183 -0.023 0.0635 0.1115 0.951057 0.309017 1.89218e-17 5.82354e-17 
0.181176 0.046 0.127 0.183 0.0046 -0.0635 0.1115 -0.587785 0.809017 -4.9538e-17 -3.59915e-17 
0.169186 0.046 0.127 0.183 0.0046 0.0835 0.0915 0.415627 0.572061 -0.572061 0.415629 
0.163854 0.046 0.127 0.183 -0.023 0.0835 0.0549 0.415627 0.572061 -0.572061 0.415629 
0.139674 0.046 0.127 0.183 0.0138 0.0835 0.0915 -4.32978e-17 0.707107 -0.707107 4.32978e-17 
0.131946 0.046 0.127 0.183 -0.023 -0.0635 0.1115 0.587785 0.809017 -4.9538e-17 3.59915e-17 
0.127997 0.046 0.127 0.183 0.0138 -0.0635 0.1115 -0.587785 0.809017 -4.9538e-17 -3.59915e-17 
0.124731 0.046 0.127 0.183 -0.0138 0.0635 0.1115 0.587785 0.809017 -4.9538e-17 3.59915e-17 
0.122947 0.046 0.127 0.183 -0.0138 -0.0635 0.1115 0.587785 0.809017 -4.9538e-17 3.59915e-17 
0.115029 0.046 0.127 0.183 -0.0138 -0.0835 0.0549 -0.415627 -0.572061 -0.572061 0.415629 
0.109577 0.046 0.127 0.183 0.0046 -0.0635 0.1115 0.587785 0.809017 -4.9538e-17 3.59915e-17 
0.105748 0.046 0.127 0.183 -0.0046 -0.0635 0.1115 0.587785 0.809017 -4.9538e-17 3.59915e-17 
0.0964995 0.046 0.127 0.183 -0.023 0.0635 0.1115 0.587785 0.809017 -4.9538e-17 3.59915e-17 
0.0953203 0.046 0.127 0.183 -0.0138 -0.0835 0.0183 -0.415627 -0.572061 -0.572061 0.415629 
0.0863571 0.046 0.127 0.183 0.023 -0.0127 0.1115 -0.587785 0.809017 -4.9538e-17 -3.59915e-17 
0.0758922 0.046 0.127 0.183 -0.023 0.0835 0.0183 0.415627 0.572061 -0.572061 0.415629 
0.0718141 0.046 0.127 0.183 -0.023 -0.0835 0.0183 -0.415627 -0.572061 -0.572061 0.415629 
0.0695514 0.046 0.127 0.183 -0.023 0.0127 0.1115 0.587785 0.809017 -4.9538e-17 3.59915e-17 
0.0672012 0.046 0.127 0.183 -0.023 -0.0127 0.1115 0.587785 0.809017 -4.9538e-17 3.59915e-17 
0.0560063 0.046 0.127 0.183 0.023 -0.0635 0.1115 -0.587785 0.809017 -4.9538e-17 -3.59915e-17 
0.0487221 0.046 0.127 0.183 -0.0138 -0.0127 0.1115 0.587785 0.809017 -4.9538e-17 3.59915e-17 
0.0456965 0.046 0.127 0.183 -0.023 -0.0381 0.1115 0.587785 0.809017 -4.9538e-17 3.59915e-17 
0.0400999 0.046 0.127 0.183 -0.0138 0.0835 0.0183 0.415627 0.572061 -0.572061 0.415629 
0.0314223 0.046 0.127 0.183 -0.0138 0.0127 0.1115 0.587785 0.809017 -4.9538e-17 3.59915e-17 
0.0277498 0.046 0.127 0.183 -0.023 0.0381 0.1115 0.587785 0.809017 -4.9538e-17 3.59915e-17 
0.0256079 0.046 0.127 0.183 -0.0138 0.0835 0.0549 0.415627 0.572061 -0.572061 0.415629 
0.0131259 0.046 0.127 0.183 -0.0138 -0.0381 0.1115 0.587785 0.809017 -4.9538e-17 3.59915e-17 
0.00241183 0.046 0.127 0.183 0.0138 -0.0381 0.1115 -0.587785 0.809017 -4.9538e-17 -3.59915e-17 
0.00210162 0.046 0.127 0.183 -0.023 0.0381 0.1115 0.951057 0.309017 1.89218e-17 5.82354e-17 
0.00108597 0.046 0.127 0.183 0.0046 -0.0381 0.1115 -0.587785 0.809017 -4.9538e-17 -3.59915e-17 
0.000297086 0.046 0.127 0.183 0.023 -0.0381 0.1115 -0.587785 0.809017 -4.9538e-17 -3.59915e-17 
5.69474e-05 0.046 0.127 0.183 -0.023 -0.0835 0.0915 -0.672499 -0.218508 -0.218508 0.672498 
1.47079e-05 0.046 0.127 0.183 -0.0138 -0.0835 0.0915 -0.672499 -0.218508 -0.218508 0.672498 
1.4284e-06 0.046 0.127 0.183 0.043 -0.0635 0.0549 0.218508 -0.672498 -0.218508 0.672499 
1.35324e-06 0.046 0.127 0.183 0.043 -0.0635 0.0915 0.218508 -0.672498 -0.218508 0.672499 
8.94276e-07 0.046 0.127 0.183 0.043 0.0635 0.0915 0.707107 -4.32978e-17 -0.707107 4.32978e-17 
8.75944e-07 0.046 0.127 0.183 0.043 0.0635 0.0549 0.707107 -4.32978e-17 -0.707107 4.32978e-17 
7.70455e-07 0.046 0.127 0.183 0.043 0.0635 0.0183 0.707107 -4.32978e-17 -0.707107 4.32978e-17 
1.39283e-07 0.046 0.127 0.183 -0.043 0.0635 0.0183 0.707107 -4.32978e-17 0.707107 -4.32978e-17 
1.36721e-07 0.046 0.127 0.183 -0.043 0.0635 0.0549 0.707107 -4.32978e-17 0.707107 -4.32978e-17 
1.20689e-07 0.046 0.127 0.183 -0.043 0.0635 0.0915 0.707107 -4.32978e-17 0.707107 -4.32978e-17 
2.78334e-09 0.046 0.127 0.183 0.043 -0.0635 0.0915 -0.218508 -0.672498 0.218508 0.672499 
2.21264e-09 0.046 0.127 0.183 0.043 -0.0635 0.0549 -0.218508 -0.672498 0.218508 0.672499 
-1.61459e-10 0.046 0.127 0.183 -0.043 -0.0635 0.0915 -0.572061 0.415627 -0.572061 0.415629 
-2.10161e-10 0.046 0.127 0.183 -0.043 -0.0381 0.0915 -0.572061 0.415627 -0.572061 0.415629 
-2.67129e-10 0.046 0.127 0.183 -0.043 -0.0127 0.0915 -0.572061 0.415627 -0.572061 0.415629 
-3.23743e-10 0.046 0.127 0.183 -0.043 0.0127 0.0915 -0.572061 0.415627 -0.572061 0.415629 
-4.00445e-10 0.046 0.127 0.183 -0.043 0.0381 0.0915 -0.572061 0.415627 -0.572061 0.415629 
-5.75656e-10 0.046 0.127 0.183 -0.043 0.0635 0.0915 -0.572061 0.415627 -0.572061 0.415629 
-3.02959e-08 0.046 0.127 0.183 0.043 0.0635 0.0915 -0.572061 -0.415627 0.572061 0.415629 
-3.30771e-08 0.046 0.127 0.183 0.043 0.0381 0.0915 -0.572061 -0.415627 0.572061 0.415629 
-3.47786e-08 0.046 0.127 0.183 0.043 0.0127 0.0915 -0.572061 -0.415627 0.572061 0.415629 
-4.78109e-07 0.046 0.127 0.183 -0.043 -0.0635 -0.0183 -0.218508 0.672498 -0.218508 0.672499 
-5.68603e-07 0.046 0.127 0.183 -0.043 -0.0381 0.0915 -0.218508 0.672498 -0.218508 0.672499 
-5.97051e-07 0.046 0.127 0.183 -0.043 -0.0635 0.0183 -0.218508 0.672498 -0.218508 0.672499 
-6.42063e-07 0.046 0.127 0.183 -0.043 -0.0635 0.0915 -0.218508 0.672498 -0.218508 0.672499 
-6.57323e-07 0.046 0.127 0.183 -0.043 -0.0635 0.0549 -0.218508 0.672498 -0.218508 0.672499 
-2.16326e-05 0.046 0.127 0.183 -0.0046 -0.0835 0.0915 -0.672499 -0.218508 -0.218508 0.672498 
-0.00018171 0.046 0.127 0.183 0.0046 -0.0835 0.0915 -0.672499 -0.218508 -0.218508 0.672498 
-0.000591928 0.046 0.127 0.183 0.0138 -0.0835 0.0915 -0.672499 -0.218508 -0.218508 0.672498 
-0.00136676 0.046 0.127 0.183 0.023 -0.0835 0.0915 -0.672499 -0.218508 -0.218508 0.672498 
-0.00644476 0.046 0.127 0.183 -0.0138 0.0381 0.1115 0.587785 0.809017 -4.9538e-17 3.59915e-17 
-0.00835298 0.046 0.127 0.183 -0.0046 0.0635 0.1115 0.951057 -0.309017 -1.89218e-17 5.82354e-17 
-0.010918 0.046 0.127 0.183 0.0046 0.0635 0.1115 0.951057 -0.309017 -1.89218e-17 5.82354e-17 
-0.0136131 0.046 0.127 0.183 0.023 -0.0635 0.1115 6.12323e-17 1 -6.12323e-17 3.7494e-33 
-0.0161008 0.046 0.127 0.183 0.0138 -0.0635 0.1115 6.12323e-17 1 -6.12323e-17 3.7494e-33 
-0.0177524 0.046 0.127 0.183 -0.0046 -0.0635 0.1115 6.12323e-17 1 -6.12323e-17 3.7494e-33 
-0.0178393 0.046 0.127 0.183 0.023 0.0635 0.1115 0.951057 -0.309017 -1.89218e-17 5.82354e-17 
-0.0189214 0.046 0.127 0.183 0.0046 -0.0635 0.1115 6.12323e-17 1 -6.12323e-17 3.7494e-33 
-0.0208031 0.046 0.127 0.183 -0.0138 -0.0635 0.1115 6.12323e-17 1 -6.12323e-17 3.7494e-33 
-0.0314301 0.046 0.127 0.183 0.0138 0.0635 0.1115 0.951057 -0.309017 -1.89218e-17 5.82354e-17 
-0.038157 0.046 0.127 0.183 -0.023 -0.0635 0.1115 6.12323e-17 1 -6.12323e-17 3.7494e-33 
-0.0546622 0.046 0.127 0.183 -0.0046 0.0835 0.0915 0.415627 0.572061 -0.572061 0.415629 
-0.057341 0.046 0.127 0.183 -0.0138 0.0635 0.1115 0.951057 -0.309017 -1.89218e-17 5.82354e-17 
-0.0669091 0.046 0.127 0.183 0.023 0.0835 0.0915 -4.32978e-17 0.707107 -0.707107 4.32978e-17 
-0.166793 0.046 0.127 0.183 -0.0138 0.0835 0.0915 0.415627 0.572061 -0.572061 0.415629 
-0.176509 0.046 0.127 0.183 -0.0138 0.0635 0.1115 0.951057 0.309017 1.89218e-17 5.82354e-17 
-0.293133 0.046 0.127 0.183 -0.0138 -0.0835 0.0915 -0.415627 -0.572061 -0.572061 0.415629 
-0.412892 0.046 0.127 0.183 -0.023 0.0835 0.0915 0.415627 0.572061 -0.572061 0.415629 
-0.424971 0.046 0.127 0.183 0.023 0.0835 0.0549 0.415627 -0.572061 0.572061 0.415629 
-0.437843 0.046 0.127 0.183 0.0138 0.0835 0.0549 0.415627 -0.572061 0.572061 0.415629 
-0.772484 0.046 0.127 0.183 -0.023 -0.0835 0.0915 -0.415627 -0.572061 -0.572061 0.415629 
-0.943484 0.046 0.127 0.183 -0.0046 0.0635 0.1115 0.951057 0.309017 1.89218e-17 5.82354e-17 
-1.15058 0.046 0.127 0.183 0.023 0.0835 0.0915 0.415627 -0.572061 0.572061 0.415629 
-1.17919 0.046 0.127 0.183 0.0138 0.0835 0.0915 0.415627 -0.572061 0.572061 0.415629 
-1.20366 0.046 0.127 0.183 0.0046 0.0835 0.0915 0.415627 -0.572061 0.572061 0.415629 
-2.07809 0.046 0.127 0.183 0.0046 0.0635 0.1115 0.951057 0.309017 1.89218e-17 5.82354e-17 
-2.9654 0.046 0.127 0.183 0.023 -0.0835 0.0915 -0.672499 0.218508 0.218508 0.672498 
-3.56572 0.046 0.127 0.183 0.0138 0.0635 0.1115 0.951057 0.309017 1.89218e-17 5.82354e-17 
-5.37033 0.046 0.127 0.183 0.023 0.0635 0.1115 0.951057 0.309017 1.89218e-17 5.82354e-17 
