16.4048 0.046 0.127 0.183 -0.0184 -0.0835 0.0915 -0.672499 0.218508 0.218508 0.672498 
14.4211 0.046 0.127 0.183 -0.0138 -0.0835 0.0915 -0.672499 0.218508 0.218508 0.672498 
12.3711 0.046 0.127 0.183 -0.0092 -0.0835 0.0915 -0.672499 0.218508 0.218508 0.672498 
10.2646 0.046 0.127 0.183 -0.0046 -0.0835 0.0915 -0.672499 0.218508 0.218508 0.672498 
8.11193 0.046 0.127 0.183 0 -0.0835 0.0915 -0.672499 0.218508 0.218508 0.672498 
5.92364 0.046 0.127 0.183 0.0046 -0.0835 0.0915 -0.672499 0.218508 0.218508 0.672498 
4.37984 0.046 0.127 0.183 -0.0184 0.0835 0.0732 0.218508 0.672499 -0.672499 0.218502 
3.71062 0.046 0.127 0.183 0.0092 -0.0835 0.0915 -0.672499 0.218508 0.218508 0.672498 
3.58739 0.046 0.127 0.183 -0.023 0.0835 0.0732 0.218508 0.672499 -0.672499 0.218502 
1.52002 0.046 0.127 0.183 0.0184 -0.0835 0.0732 -0.672499 0.218508 0.218508 0.672498 
1.48397 0.046 0.127 0.183 0.0138 -0.0835 0.0915 -0.672499 0.218508 0.218508 0.672498 
0.957348 0.046 0.127 0.183 -0.023 0.0835 0.0915 -4.32978e-17 0.707107 -0.707107 4.32978e-17 
0.861317 0.046 0.127 0.183 -0.0184 0.0835 0.0915 -4.32978e-17 0.707107 -0.707107 4.32978e-17 
0.762517 0.046 0.127 0.183 -0.0138 0.0835 0.0915 -4.32978e-17 0.707107 -0.707107 4.32978e-17 
0.661433 0.046 0.127 0.183 -0.0092 0.0835 0.0915 -4.32978e-17 0.707107 -0.707107 4.32978e-17 
0.634178 0.046 0.127 0.183 0.023 -0.0835 0.0915 -0.707107 0 0 0.707106 
0.570572 0.046 0.127 0.183 0.0184 -0.0835 0.0915 -0.707107 0 0 0.707106 
0.558568 0.046 0.127 0.183 -0.0046 0.0835 0.0915 -4.32978e-17 0.707107 -0.707107 4.32978e-17 
0.505131 0.046 0.127 0.183 0.0138 -0.0835 0.0915 -0.707107 0 0 0.707106 
0.454435 0.046 0.127 0.183 0 0.0835 0.0915 -4.32978e-17 0.707107 -0.707107 4.32978e-17 
0.438176 0.046 0.127 0.183 0.0092 -0.0835 0.0915 -0.707107 0 0 0.707106 
0.370041 0.046 0.127 0.183 0.0046 -0.0835 0.0915 -0.707107 0 0 0.707106 
0.349558 0.046 0.127 0.183 0.0046 0.0835 0.0915 -4.32978e-17 0.707107 -0.707107 4.32978e-17 
0.309932 0.046 0.127 0.183 0.0046 0.0835 0.0732 0.415627 -0.572061 0.572061 0.415629 
0.306949 0.046 0.127 0.183 0.0092 0.0835 0.0732 0.415627 -0.572061 0.572061 0.415629 
0.303458 0.046 0.127 0.183 0.0138 0.0835 0.0732 0.415627 -0.572061 0.572061 0.415629 
0.301066 0.046 0.127 0.183 0 -0.0835 0.0915 -0.707107 0 0 0.707106 
0.299616 0.046 0.127 0.183 0.0184 0.0835 0.0732 0.415627 -0.572061 0.572061 0.415629 
0.295559 0.046 0.127 0.183 0.023 0.0835 0.0732 0.415627 -0.572061 0.572061 0.415629 
0.270053 0.046 0.127 0.183 -0.023 -0.0835 0.0549 -0.415627 -0.572061 -0.572061 0.415629 
0.25361 0.046 0.127 0.183 0.023 0.0835 0.0549 0.572061 -0.415627 0.415627 0.572062 
0.244462 0.046 0.127 0.183 0.0092 0.0835 0.0915 -4.32978e-17 0.707107 -0.707107 4.32978e-17 
0.231597 0.046 0.127 0.183 -0.0046 -0.0835 0.0915 -0.707107 0 0 0.707106 
0.230038 0.046 0.127 0.183 0.023 -0.0635 0.1115 -0.309017 0.951057 -5.82354e-17 -1.89218e-17 
0.229976 0.046 0.127 0.183 -0.023 0.0635 0.1115 0.951057 0.309017 1.89218e-17 5.82354e-17 
0.207126 0.046 0.127 0.183 0.023 0.0835 0.0366 0.572061 -0.415627 0.415627 0.572062 
0.203432 0.046 0.127 0.183 -0.023 -0.0835 0.0732 -0.415627 -0.572061 -0.572061 0.415629 
0.181176 0.046 0.127 0.183 0.0046 -0.0635 0.1115 -0.587785 0.809017 -4.9538e-17 -3.59915e-17 
0.179047 0.046 0.127 0.183 -0.0046 0.0635 0.1115 0.809017 0.587785 3.59914e-17 4.9538e-17 
0.169186 0.046 0.127 0.183 0.0046 0.0835 0.0915 0.415627 0.572061 -0.572061 0.415629 
0.168544 0.046 0.127 0.183 -0.0184 -0.0835 0.0549 -0.415627 -0.572061 -0.572061 0.415629 
0.163854 0.046 0.127 0.183 -0.023 0.0835 0.0549 0.415627 0.572061 -0.572061 0.415629 
0.161984 0.046 0.127 0.183 -0.0092 -0.0835 0.0915 -0.707107 0 0 0.707106 
0.147856 0.046 0.127 0.183 0.023 0.0835 0.0183 0.572061 -0.415627 0.415627 0.572062 
0.145588 0.046 0.127 0.183 0.023 0.0835 -6.93889e-18 0.572061 -0.415627 0.415627 0.572062 
0.144404 0.046 0.127 0.183 0.0092 -0.0635 0.1115 -0.587785 0.809017 -4.9538e-17 -3.59915e-17 
0.143622 0.046 0.127 0.183 -0.0092 0.0635 0.1115 0.809017 0.587785 3.59914e-17 4.9538e-17 
0.142495 0.046 0.127 0.183 -0.023 0.0835 0.0366 0.415627 0.572061 -0.572061 0.415629 
0.139674 0.046 0.127 0.183 0.0138 0.0835 0.0915 -4.32978e-17 0.707107 -0.707107 4.32978e-17 
0.139243 0.046 0.127 0.183 -0.023 -0.0835 -6.93889e-18 -0.415627 -0.572061 -0.572061 0.415629 
0.137468 0.046 0.127 0.183 0.023 0.0835 0.0732 0.572061 -0.415627 0.415627 0.572062 
0.133817 0.046 0.127 0.183 -0.0184 -0.0835 0.0732 -0.415627 -0.572061 -0.572061 0.415629 
0.131946 0.046 0.127 0.183 -0.023 -0.0635 0.1115 0.587785 0.809017 -4.9538e-17 3.59915e-17 
0.131857 0.046 0.127 0.183 0.023 0.0635 0.1115 0.809017 -0.587785 -3.59914e-17 4.9538e-17 
0.12807 0.046 0.127 0.183 -0.0138 0.0635 0.1115 0.809017 0.587785 3.59914e-17 4.9538e-17 
0.127997 0.046 0.127 0.183 0.0138 -0.0635 0.1115 -0.587785 0.809017 -4.9538e-17 -3.59915e-17 
0.127625 0.046 0.127 0.183 0.0184 0.0835 0.0549 0.572061 -0.415627 0.415627 0.572062 
0.127268 0.046 0.127 0.183 -0.0184 0.0635 0.1115 0.587785 0.809017 -4.9538e-17 3.59915e-17 
0.126918 0.046 0.127 0.183 0.0184 -0.0635 0.1115 0.809017 -0.587785 -3.59914e-17 4.9538e-17 
0.126149 0.046 0.127 0.183 0.0184 0.0635 0.1115 0.809017 -0.587785 -3.59914e-17 4.9538e-17 
0.126089 0.046 0.127 0.183 -0.0184 -0.0635 0.1115 0.587785 0.809017 -4.9538e-17 3.59915e-17 
0.125052 0.046 0.127 0.183 0.023 -0.0835 0.0366 -0.572061 0.415627 0.415627 0.572062 
0.124731 0.046 0.127 0.183 -0.0138 0.0635 0.1115 0.587785 0.809017 -4.9538e-17 3.59915e-17 
0.124409 0.046 0.127 0.183 -0.0046 -0.0835 0.0915 -0.572061 0.415627 0.415627 0.572062 
0.124349 0.046 0.127 0.183 0.0138 -0.0635 0.1115 0.809017 -0.587785 -3.59914e-17 4.9538e-17 
0.123049 0.046 0.127 0.183 0.0138 0.0635 0.1115 0.809017 -0.587785 -3.59914e-17 4.9538e-17 
0.122947 0.046 0.127 0.183 -0.0138 -0.0635 0.1115 0.587785 0.809017 -4.9538e-17 3.59915e-17 
0.116142 0.046 0.127 0.183 0.0092 0.0635 0.1115 0.809017 -0.587785 -3.59914e-17 4.9538e-17 
0.116039 0.046 0.127 0.183 -0.0092 -0.0635 0.1115 0.587785 0.809017 -4.9538e-17 3.59915e-17 
0.115029 0.046 0.127 0.183 -0.0138 -0.0835 0.0549 -0.415627 -0.572061 -0.572061 0.415629 
0.11116 0.046 0.127 0.183 0.0092 0.0835 0.0366 0.572061 -0.415627 0.415627 0.572062 
0.109625 0.046 0.127 0.183 -0.0046 0.0635 0.1115 0.809017 -0.587785 -3.59914e-17 4.9538e-17 
0.109577 0.046 0.127 0.183 0.0046 -0.0635 0.1115 0.587785 0.809017 -4.9538e-17 3.59915e-17 
0.108158 0.046 0.127 0.183 0.0184 0.0835 0.0366 0.572061 -0.415627 0.415627 0.572062 
0.107817 0.046 0.127 0.183 0.0092 0.0835 -6.93889e-18 0.572061 -0.415627 0.415627 0.572062 
0.107816 0.046 0.127 0.183 0.023 -0.0835 0.0549 -0.572061 0.415627 0.415627 0.572062 
0.105939 0.046 0.127 0.183 -0.0184 0.0635 0.1115 0.809017 0.587785 3.59914e-17 4.9538e-17 
0.105839 0.046 0.127 0.183 0.0046 0.0635 0.1115 0.809017 -0.587785 -3.59914e-17 4.9538e-17 
0.105776 0.046 0.127 0.183 -0.0092 -0.0835 0.0549 -0.415627 -0.572061 -0.572061 0.415629 
0.105748 0.046 0.127 0.183 -0.0046 -0.0635 0.1115 0.587785 0.809017 -4.9538e-17 3.59915e-17 
0.105672 0.046 0.127 0.183 0.0184 -0.0635 0.1115 -0.587785 0.809017 -4.9538e-17 -3.59915e-17 
0.10443 0.046 0.127 0.183 0.0092 0.0835 0.0183 0.572061 -0.415627 0.415627 0.572062 
0.102124 0.046 0.127 0.183 -0.023 -0.0835 0.0366 -0.415627 -0.572061 -0.572061 0.415629 
0.101676 0.046 0.127 0.183 0.023 -0.0835 0.0183 -0.572061 0.415627 0.415627 0.572062 
0.101639 0.046 0.127 0.183 0.0138 0.0835 0.0366 0.572061 -0.415627 0.415627 0.572062 
0.0991941 0.046 0.127 0.183 0 0.0635 0.1115 0.809017 -0.587785 -3.59914e-17 4.9538e-17 
0.0991299 0.046 0.127 0.183 0 -0.0635 0.1115 0.587785 0.809017 -4.9538e-17 3.59915e-17 
0.0990912 0.046 0.127 0.183 0.0138 0.0835 -6.93889e-18 0.572061 -0.415627 0.415627 0.572062 
0.0987574 0.046 0.127 0.183 -0.0092 -0.0835 0.0366 -0.415627 -0.572061 -0.572061 0.415629 
0.0964995 0.046 0.127 0.183 -0.023 0.0635 0.1115 0.587785 0.809017 -4.9538e-17 3.59915e-17 
0.0962925 0.046 0.127 0.183 0.023 -0.0635 0.1115 0.809017 -0.587785 -3.59914e-17 4.9538e-17 
0.0953203 0.046 0.127 0.183 -0.0138 -0.0835 0.0183 -0.415627 -0.572061 -0.572061 0.415629 
0.0937197 0.046 0.127 0.183 0.0138 0.0835 0.0183 0.572061 -0.415627 0.415627 0.572062 
0.0925724 0.046 0.127 0.183 -0.0138 -0.0835 0.0915 -0.707107 0 0 0.707106 
0.090113 0.046 0.127 0.183 0.0138 0.0835 0.0732 0.218508 -0.672499 0.672499 0.218502 
0.0896483 0.046 0.127 0.183 -0.0138 -0.0835 0.0366 -0.415627 -0.572061 -0.572061 0.415629 
0.0886128 0.046 0.127 0.183 0.0092 0.0835 0.0549 0.572061 -0.415627 0.415627 0.572062 
0.0884205 0.046 0.127 0.183 0.0184 0.0835 0.0732 0.218508 -0.672499 0.672499 0.218502 
0.0880754 0.046 0.127 0.183 -0.023 0.0835 0.0732 0.415627 0.572061 -0.572061 0.415629 
0.0879224 0.046 0.127 0.183 -0.0092 -0.0835 0.0183 -0.415627 -0.572061 -0.572061 0.415629 
0.0877605 0.046 0.127 0.183 -0.0092 0.0635 0.1115 0.587785 0.809017 -4.9538e-17 3.59915e-17 
0.0873345 0.046 0.127 0.183 0.0092 -0.0635 0.1115 0.809017 -0.587785 -3.59914e-17 4.9538e-17 
0.0865854 0.046 0.127 0.183 0.023 0.0835 0.0732 0.218508 -0.672499 0.672499 0.218502 
0.0864504 0.046 0.127 0.183 -0.023 0.0127 0.1115 0.809017 0.587785 3.59914e-17 4.9538e-17 
0.0863571 0.046 0.127 0.183 0.023 -0.0127 0.1115 -0.587785 0.809017 -4.9538e-17 -3.59915e-17 
0.0861454 0.046 0.127 0.183 0.0138 0.0835 0.0549 0.572061 -0.415627 0.415627 0.572062 
0.07671 0.046 0.127 0.183 -0.0184 -0.0835 0.0366 -0.415627 -0.572061 -0.572061 0.415629 
0.0758922 0.046 0.127 0.183 -0.023 0.0835 0.0183 0.415627 0.572061 -0.572061 0.415629 
0.0748805 0.046 0.127 0.183 -0.0138 -0.0835 0.0732 -0.415627 -0.572061 -0.572061 0.415629 
0.073295 0.046 0.127 0.183 0.0184 0.0835 0.0183 0.572061 -0.415627 0.415627 0.572062 
0.0718141 0.046 0.127 0.183 -0.023 -0.0835 0.0183 -0.415627 -0.572061 -0.572061 0.415629 
0.0713321 0.046 0.127 0.183 0.0184 0.0835 -6.93889e-18 0.572061 -0.415627 0.415627 0.572062 
0.0705827 0.046 0.127 0.183 0.0184 -0.0635 0.1115 -0.309017 0.951057 -5.82354e-17 -1.89218e-17 
0.0705175 0.046 0.127 0.183 -0.0184 0.0635 0.1115 0.951057 0.309017 1.89218e-17 5.82354e-17 
0.0695594 0.046 0.127 0.183 0.023 -0.0127 0.1115 0.809017 -0.587785 -3.59914e-17 4.9538e-17 
0.0695514 0.046 0.127 0.183 -0.023 0.0127 0.1115 0.587785 0.809017 -4.9538e-17 3.59915e-17 
0.0691114 0.046 0.127 0.183 -0.0184 0.0835 0.0549 0.415627 0.572061 -0.572061 0.415629 
0.0690064 0.046 0.127 0.183 0.023 -0.0508 0.1115 -0.309017 0.951057 -5.82354e-17 -1.89218e-17 
0.0689962 0.046 0.127 0.183 -0.023 0.0508 0.1115 0.951057 0.309017 1.89218e-17 5.82354e-17 
0.0681446 0.046 0.127 0.183 -0.023 3.46945e-18 0.1115 0.587785 0.809017 -4.9538e-17 3.59915e-17 
0.0681277 0.046 0.127 0.183 0.023 3.46945e-18 0.1115 0.809017 -0.587785 -3.59914e-17 4.9538e-17 
0.0672012 0.046 0.127 0.183 -0.023 -0.0127 0.1115 0.587785 0.809017 -4.9538e-17 3.59915e-17 
0.0671639 0.046 0.127 0.183 0.023 0.0127 0.1115 0.809017 -0.587785 -3.59914e-17 4.9538e-17 
0.0641145 0.046 0.127 0.183 0.023 -0.0835 -6.93889e-18 -0.572061 0.415627 0.415627 0.572062 
0.063926 0.046 0.127 0.183 -0.023 -0.0254 0.1115 0.587785 0.809017 -4.9538e-17 3.59915e-17 
0.0638856 0.046 0.127 0.183 0.023 0.0254 0.1115 0.809017 -0.587785 -3.59914e-17 4.9538e-17 
0.0624392 0.046 0.127 0.183 -0.0184 -0.0835 0.0183 -0.415627 -0.572061 -0.572061 0.415629 
0.0614784 0.046 0.127 0.183 -0.0184 0.0835 0.0366 0.415627 0.572061 -0.572061 0.415629 
0.0584425 0.046 0.127 0.183 0.023 -0.0254 0.1115 0.809017 -0.587785 -3.59914e-17 4.9538e-17 
0.0584254 0.046 0.127 0.183 -0.023 0.0254 0.1115 0.587785 0.809017 -4.9538e-17 3.59915e-17 
0.0560097 0.046 0.127 0.183 -0.0092 -0.0835 0.0732 -0.415627 -0.572061 -0.572061 0.415629 
0.0560063 0.046 0.127 0.183 0.023 -0.0635 0.1115 -0.587785 0.809017 -4.9538e-17 -3.59915e-17 
0.0557499 0.046 0.127 0.183 -0.023 0.0635 0.1115 0.809017 0.587785 3.59914e-17 4.9538e-17 
0.054248 0.046 0.127 0.183 0.0184 0.0835 0.0732 0.572061 -0.415627 0.415627 0.572062 
0.0511101 0.046 0.127 0.183 -0.0184 0.0835 0.0732 0.415627 0.572061 -0.572061 0.415629 
0.0510527 0.046 0.127 0.183 0 -0.0835 0.0915 -0.572061 0.415627 0.415627 0.572062 
0.0492426 0.046 0.127 0.183 0.023 -0.0835 0.0732 -0.572061 0.415627 0.415627 0.572062 
0.0487221 0.046 0.127 0.183 -0.0138 -0.0127 0.1115 0.587785 0.809017 -4.9538e-17 3.59915e-17 
0.048722 0.046 0.127 0.183 0.0138 0.0127 0.1115 0.809017 -0.587785 -3.59914e-17 4.9538e-17 
0.0456965 0.046 0.127 0.183 -0.023 -0.0381 0.1115 0.587785 0.809017 -4.9538e-17 3.59915e-17 
0.0456395 0.046 0.127 0.183 0.023 0.0381 0.1115 0.809017 -0.587785 -3.59914e-17 4.9538e-17 
0.0450541 0.046 0.127 0.183 -0.0184 -0.0127 0.1115 0.587785 0.809017 -4.9538e-17 3.59915e-17 
0.0450468 0.046 0.127 0.183 0.0184 0.0127 0.1115 0.809017 -0.587785 -3.59914e-17 4.9538e-17 
0.0429343 0.046 0.127 0.183 0.0138 3.46945e-18 0.1115 0.809017 -0.587785 -3.59914e-17 4.9538e-17 
0.0429315 0.046 0.127 0.183 -0.0138 3.46945e-18 0.1115 0.587785 0.809017 -4.9538e-17 3.59915e-17 
0.0426597 0.046 0.127 0.183 0.0184 3.46945e-18 0.1115 0.809017 -0.587785 -3.59914e-17 4.9538e-17 
0.0426569 0.046 0.127 0.183 -0.0184 3.46945e-18 0.1115 0.587785 0.809017 -4.9538e-17 3.59915e-17 
0.0411344 0.046 0.127 0.183 -0.0138 -0.0254 0.1115 0.587785 0.809017 -4.9538e-17 3.59915e-17 
0.0411342 0.046 0.127 0.183 0.0138 0.0254 0.1115 0.809017 -0.587785 -3.59914e-17 4.9538e-17 
0.0409013 0.046 0.127 0.183 -0.0138 0.0835 0.0366 0.415627 0.572061 -0.572061 0.415629 
0.0400999 0.046 0.127 0.183 -0.0138 0.0835 0.0183 0.415627 0.572061 -0.572061 0.415629 
0.0393521 0.046 0.127 0.183 -0.0092 -0.0127 0.1115 0.587785 0.809017 -4.9538e-17 3.59915e-17 
0.0393502 0.046 0.127 0.183 -0.0092 -0.0254 0.1115 0.587785 0.809017 -4.9538e-17 3.59915e-17 
0.039347 0.046 0.127 0.183 0.0092 0.0127 0.1115 0.809017 -0.587785 -3.59914e-17 4.9538e-17 
0.039343 0.046 0.127 0.183 0.0092 0.0254 0.1115 0.809017 -0.587785 -3.59914e-17 4.9538e-17 
0.0378661 0.046 0.127 0.183 0.0184 0.0254 0.1115 0.809017 -0.587785 -3.59914e-17 4.9538e-17 
0.0378571 0.046 0.127 0.183 -0.0184 -0.0254 0.1115 0.587785 0.809017 -4.9538e-17 3.59915e-17 
0.0377833 0.046 0.127 0.183 0.0092 -0.0835 0.0183 -0.572061 0.415627 0.415627 0.572062 
0.0365368 0.046 0.127 0.183 -0.0092 0.0835 0.0366 0.415627 0.572061 -0.572061 0.415629 
0.0360917 0.046 0.127 0.183 0.0184 0.0835 0.0732 -4.32978e-17 0.707107 -0.707107 4.32978e-17 
0.0358006 0.046 0.127 0.183 -0.0184 0.0127 0.1115 0.587785 0.809017 -4.9538e-17 3.59915e-17 
0.0357974 0.046 0.127 0.183 0.0184 -0.0127 0.1115 0.809017 -0.587785 -3.59914e-17 4.9538e-17 
0.035713 0.046 0.127 0.183 0.0184 0.0835 0.0915 -4.32978e-17 0.707107 -0.707107 4.32978e-17 
0.0350043 0.046 0.127 0.183 -0.0092 0.0835 0.0183 0.415627 0.572061 -0.572061 0.415629 
0.0335312 0.046 0.127 0.183 -0.0184 0.0835 0.0183 0.415627 0.572061 -0.572061 0.415629 
0.0318456 0.046 0.127 0.183 0.0138 -0.0835 0.0183 -0.572061 0.415627 0.415627 0.572062 
0.0314257 0.046 0.127 0.183 0.0138 -0.0127 0.1115 0.809017 -0.587785 -3.59914e-17 4.9538e-17 
0.0314223 0.046 0.127 0.183 -0.0138 0.0127 0.1115 0.587785 0.809017 -4.9538e-17 3.59915e-17 
0.0304972 0.046 0.127 0.183 -0.0138 -0.0835 -6.93889e-18 -0.415627 -0.572061 -0.572061 0.415629 
0.0300684 0.046 0.127 0.183 -0.023 -0.0508 0.1115 0.587785 0.809017 -4.9538e-17 3.59915e-17 
0.0299789 0.046 0.127 0.183 0.023 0.0508 0.1115 0.809017 -0.587785 -3.59914e-17 4.9538e-17 
0.0288654 0.046 0.127 0.183 -0.0092 3.46945e-18 0.1115 0.587785 0.809017 -4.9538e-17 3.59915e-17 
0.0288621 0.046 0.127 0.183 0.0092 3.46945e-18 0.1115 0.809017 -0.587785 -3.59914e-17 4.9538e-17 
0.0281951 0.046 0.127 0.183 0 0.0835 0.0915 0.415627 0.572061 -0.572061 0.415629 
0.0279629 0.046 0.127 0.183 0.0138 -0.0835 0.0366 -0.572061 0.415627 0.415627 0.572062 
0.0277951 0.046 0.127 0.183 0.023 -0.0381 0.1115 0.809017 -0.587785 -3.59914e-17 4.9538e-17 
0.0277583 0.046 0.127 0.183 0.0092 -0.0835 0.0366 -0.572061 0.415627 0.415627 0.572062 
0.0277498 0.046 0.127 0.183 -0.023 0.0381 0.1115 0.587785 0.809017 -4.9538e-17 3.59915e-17 
0.027391 0.046 0.127 0.183 -0.0184 -0.0835 -6.93889e-18 -0.415627 -0.572061 -0.572061 0.415629 
0.0270711 0.046 0.127 0.183 -0.0092 -0.0835 -6.93889e-18 -0.415627 -0.572061 -0.572061 0.415629 
0.026806 0.046 0.127 0.183 0.0092 -0.0835 -6.93889e-18 -0.572061 0.415627 0.415627 0.572062 
0.0256079 0.046 0.127 0.183 -0.0138 0.0835 0.0549 0.415627 0.572061 -0.572061 0.415629 
0.02521 0.046 0.127 0.183 -0.0138 0.0835 -6.93889e-18 0.415627 0.572061 -0.572061 0.415629 
0.0242047 0.046 0.127 0.183 0.0184 -0.0835 0.0366 -0.572061 0.415627 0.415627 0.572062 
0.0238675 0.046 0.127 0.183 -0.0184 -0.0835 0.0732 -0.707107 0 0 0.707106 
0.0237089 0.046 0.127 0.183 -0.0184 -0.0835 0.0915 -0.707107 0 0 0.707106 
0.0228612 0.046 0.127 0.183 -0.0138 0.0835 0.0732 0.415627 0.572061 -0.572061 0.415629 
0.0219965 0.046 0.127 0.183 0.0092 -0.0508 0.1115 0.309017 0.951057 -5.82354e-17 1.89218e-17 
0.0219839 0.046 0.127 0.183 -0.0092 0.0508 0.1115 0.951057 -0.309017 -1.89218e-17 5.82354e-17 
0.0203682 0.046 0.127 0.183 0.0184 -0.0508 0.1115 -0.309017 0.951057 -5.82354e-17 -1.89218e-17 
0.0203574 0.046 0.127 0.183 -0.0184 0.0508 0.1115 0.951057 0.309017 1.89218e-17 5.82354e-17 
0.0193518 0.046 0.127 0.183 -0.0184 0.0254 0.1115 0.587785 0.809017 -4.9538e-17 3.59915e-17 
0.0193497 0.046 0.127 0.183 0.0184 -0.0254 0.1115 0.809017 -0.587785 -3.59914e-17 4.9538e-17 
0.0192653 0.046 0.127 0.183 0.0046 -0.0508 0.1115 0.309017 0.951057 -5.82354e-17 1.89218e-17 
0.0192506 0.046 0.127 0.183 -0.0046 0.0508 0.1115 0.951057 -0.309017 -1.89218e-17 5.82354e-17 
0.0185066 0.046 0.127 0.183 0.0092 -0.0127 0.1115 0.809017 -0.587785 -3.59914e-17 4.9538e-17 
0.0184997 0.046 0.127 0.183 -0.0092 0.0127 0.1115 0.587785 0.809017 -4.9538e-17 3.59915e-17 
0.0179447 0.046 0.127 0.183 -0.0092 0.0835 -6.93889e-18 0.415627 0.572061 -0.572061 0.415629 
0.0178519 0.046 0.127 0.183 0.0092 0.0381 0.1115 0.809017 -0.587785 -3.59914e-17 4.9538e-17 
0.0178512 0.046 0.127 0.183 -0.0092 -0.0381 0.1115 0.587785 0.809017 -4.9538e-17 3.59915e-17 
0.0177894 0.046 0.127 0.183 0.0138 -0.0835 -6.93889e-18 -0.572061 0.415627 0.415627 0.572062 
0.0169929 0.046 0.127 0.183 0.0184 -0.0835 0.0549 -0.572061 0.415627 0.415627 0.572062 
0.0168223 0.046 0.127 0.183 0.0092 0.0835 0.0732 0.572061 -0.415627 0.415627 0.572062 
0.0159011 0.046 0.127 0.183 0 -0.0508 0.1115 0.309017 0.951057 -5.82354e-17 1.89218e-17 
0.0158872 0.046 0.127 0.183 0 0.0508 0.1115 0.951057 -0.309017 -1.89218e-17 5.82354e-17 
0.015018 0.046 0.127 0.183 -0.023 0.0835 -6.93889e-18 0.415627 0.572061 -0.572061 0.415629 
0.0148262 0.046 0.127 0.183 0.0138 0.0835 0.0732 0.572061 -0.415627 0.415627 0.572062 
0.0143152 0.046 0.127 0.183 -0.023 0.0254 0.1115 0.809017 0.587785 3.59914e-17 4.9538e-17 
0.0141998 0.046 0.127 0.183 0.023 -0.0254 0.1115 -0.587785 0.809017 -4.9538e-17 -3.59915e-17 
0.0133873 0.046 0.127 0.183 0.0184 0.0381 0.1115 0.809017 -0.587785 -3.59914e-17 4.9538e-17 
0.0133822 0.046 0.127 0.183 -0.0184 -0.0381 0.1115 0.587785 0.809017 -4.9538e-17 3.59915e-17 
0.0133352 0.046 0.127 0.183 -0.0138 0.0254 0.1115 0.587785 0.809017 -4.9538e-17 3.59915e-17 
0.0133333 0.046 0.127 0.183 0.0138 -0.0254 0.1115 0.809017 -0.587785 -3.59914e-17 4.9538e-17 
0.0131371 0.046 0.127 0.183 0.0138 0.0381 0.1115 0.809017 -0.587785 -3.59914e-17 4.9538e-17 
0.0131259 0.046 0.127 0.183 -0.0138 -0.0381 0.1115 0.587785 0.809017 -4.9538e-17 3.59915e-17 
0.0122715 0.046 0.127 0.183 0.0184 -0.0835 0.0183 -0.572061 0.415627 0.415627 0.572062 
0.0121029 0.046 0.127 0.183 -0.023 -0.0508 0.1115 0.309017 0.951057 -5.82354e-17 1.89218e-17 
0.0120766 0.046 0.127 0.183 0.023 0.0508 0.1115 0.951057 -0.309017 -1.89218e-17 5.82354e-17 
0.011804 0.046 0.127 0.183 -0.0092 0.0835 0.0549 0.415627 0.572061 -0.572061 0.415629 
0.0111536 0.046 0.127 0.183 -0.0046 -0.0508 0.1115 0.309017 0.951057 -5.82354e-17 1.89218e-17 
0.0111353 0.046 0.127 0.183 0.0046 0.0508 0.1115 0.951057 -0.309017 -1.89218e-17 5.82354e-17 
0.0093093 0.046 0.127 0.183 0.023 -0.0508 0.1115 0.809017 -0.587785 -3.59914e-17 4.9538e-17 
0.00925028 0.046 0.127 0.183 -0.023 0.0508 0.1115 0.587785 0.809017 -4.9538e-17 3.59915e-17 
0.00787002 0.046 0.127 0.183 -0.0092 0.0835 0.0732 0.415627 0.572061 -0.572061 0.415629 
0.00786077 0.046 0.127 0.183 0.0092 -0.0254 0.1115 0.809017 -0.587785 -3.59914e-17 4.9538e-17 
0.00785953 0.046 0.127 0.183 -0.0092 0.0254 0.1115 0.587785 0.809017 -4.9538e-17 3.59915e-17 
0.00753134 0.046 0.127 0.183 0.0138 -0.0835 0.0549 -0.572061 0.415627 0.415627 0.572062 
0.00637953 0.046 0.127 0.183 -0.0092 0.0508 0.1115 0.587785 0.809017 -4.9538e-17 3.59915e-17 
0.00636839 0.046 0.127 0.183 0.0092 -0.0508 0.1115 0.809017 -0.587785 -3.59914e-17 4.9538e-17 
0.00552541 0.046 0.127 0.183 -0.0138 0.0508 0.1115 0.587785 0.809017 -4.9538e-17 3.59915e-17 
0.00551708 0.046 0.127 0.183 0.0138 -0.0508 0.1115 0.809017 -0.587785 -3.59914e-17 4.9538e-17 
0.00461511 0.046 0.127 0.183 -0.0092 -0.0508 0.1115 0.309017 0.951057 -5.82354e-17 1.89218e-17 
0.00459507 0.046 0.127 0.183 0.0092 0.0508 0.1115 0.951057 -0.309017 -1.89218e-17 5.82354e-17 
0.00241907 0.046 0.127 0.183 -0.0138 0.0381 0.1115 0.809017 0.587785 3.59914e-17 4.9538e-17 
0.00241183 0.046 0.127 0.183 0.0138 -0.0381 0.1115 -0.587785 0.809017 -4.9538e-17 -3.59915e-17 
0.00221926 0.046 0.127 0.183 -0.023 -0.0835 0.0732 -0.572061 -0.415627 -0.415627 0.572062 
0.00210231 0.046 0.127 0.183 0.023 -0.0381 0.1115 -0.309017 0.951057 -5.82354e-17 -1.89218e-17 
0.00210162 0.046 0.127 0.183 -0.023 0.0381 0.1115 0.951057 0.309017 1.89218e-17 5.82354e-17 
0.00197029 0.046 0.127 0.183 -0.0184 0.0508 0.1115 0.587785 0.809017 -4.9538e-17 3.59915e-17 
0.00195644 0.046 0.127 0.183 0.0184 -0.0508 0.1115 0.809017 -0.587785 -3.59914e-17 4.9538e-17 
0.00181174 0.046 0.127 0.183 -0.0092 -0.0508 0.1115 0.587785 0.809017 -4.9538e-17 3.59915e-17 
0.00180639 0.046 0.127 0.183 0.0092 0.0508 0.1115 0.809017 -0.587785 -3.59914e-17 4.9538e-17 
0.0017175 0.046 0.127 0.183 -0.0092 0.0381 0.1115 0.809017 0.587785 3.59914e-17 4.9538e-17 
0.00171631 0.046 0.127 0.183 0.0092 -0.0381 0.1115 -0.587785 0.809017 -4.9538e-17 -3.59915e-17 
0.00154412 0.046 0.127 0.183 0.0092 0.0835 0.0915 0.572061 -0.415627 0.415627 0.572062 
0.0013659 0.046 0.127 0.183 -0.0184 0.0835 -6.93889e-18 0.415627 0.572061 -0.572061 0.415629 
0.00133412 0.046 0.127 0.183 -0.0184 -0.0835 0.0732 -0.572061 -0.415627 -0.415627 0.572062 
0.00120181 0.046 0.127 0.183 0.0184 -0.0835 0.0732 -0.572061 0.415627 0.415627 0.572062 
0.00118679 0.046 0.127 0.183 0.0138 -0.0508 0.1115 6.12323e-17 1 -6.12323e-17 3.7494e-33 
0.00118674 0.046 0.127 0.183 -0.0138 0.0508 0.1115 1 0 0 6.12323e-17 
0.00109893 0.046 0.127 0.183 -0.0046 0.0381 0.1115 0.809017 0.587785 3.59914e-17 4.9538e-17 
0.00108597 0.046 0.127 0.183 0.0046 -0.0381 0.1115 -0.587785 0.809017 -4.9538e-17 -3.59915e-17 
0.00107117 0.046 0.127 0.183 -0.0184 0.0508 0.1115 0.809017 0.587785 3.59914e-17 4.9538e-17 
0.00105538 0.046 0.127 0.183 0.0184 -0.0508 0.1115 -0.587785 0.809017 -4.9538e-17 -3.59915e-17 
0.000962343 0.046 0.127 0.183 0.0184 -0.0381 0.1115 -0.587785 0.809017 -4.9538e-17 -3.59915e-17 
0.000960364 0.046 0.127 0.183 -0.0184 0.0381 0.1115 0.809017 0.587785 3.59914e-17 4.9538e-17 
0.000949118 0.046 0.127 0.183 0.0138 0.0508 0.1115 1 0 0 6.12323e-17 
0.000948799 0.046 0.127 0.183 -0.0138 -0.0508 0.1115 6.12323e-17 1 -6.12323e-17 3.7494e-33 
0.000770162 0.046 0.127 0.183 -0.0138 -0.0835 0.0732 -0.572061 -0.415627 -0.415627 0.572062 
0.000455373 0.046 0.127 0.183 -0.0092 -0.0835 0.0732 -0.572061 -0.415627 -0.415627 0.572062 
0.000405107 0.046 0.127 0.183 -0.023 0.0381 0.1115 0.809017 0.587785 3.59914e-17 4.9538e-17 
0.000363556 0.046 0.127 0.183 0.0092 0.0508 0.1115 1 0 0 6.12323e-17 
0.000362668 0.046 0.127 0.183 -0.0092 -0.0508 0.1115 6.12323e-17 1 -6.12323e-17 3.7494e-33 
0.000298189 0.046 0.127 0.183 -0.0046 -0.0835 0.0732 -0.572061 -0.415627 -0.415627 0.572062 
0.000297086 0.046 0.127 0.183 0.023 -0.0381 0.1115 -0.587785 0.809017 -4.9538e-17 -3.59915e-17 
7.26477e-05 0.046 0.127 0.183 0.0184 0.0508 0.1115 0.809017 -0.587785 -3.59914e-17 4.9538e-17 
6.77303e-05 0.046 0.127 0.183 -0.0184 -0.0508 0.1115 0.587785 0.809017 -4.9538e-17 3.59915e-17 
5.69474e-05 0.046 0.127 0.183 -0.023 -0.0835 0.0915 -0.672499 -0.218508 -0.218508 0.672498 
2.71042e-05 0.046 0.127 0.183 -0.0184 -0.0835 0.0915 -0.672499 -0.218508 -0.218508 0.672498 
1.47079e-05 0.046 0.127 0.183 -0.0138 -0.0835 0.0915 -0.672499 -0.218508 -0.218508 0.672498 
3.87414e-06 0.046 0.127 0.183 -0.0092 -0.0835 0.0915 -0.672499 -0.218508 -0.218508 0.672498 
1.4284e-06 0.046 0.127 0.183 0.043 -0.0635 0.0549 0.218508 -0.672498 -0.218508 0.672499 
1.41413e-06 0.046 0.127 0.183 0.043 -0.0635 0.0366 0.218508 -0.672498 -0.218508 0.672499 
1.40763e-06 0.046 0.127 0.183 0.043 -0.0635 0.0732 0.218508 -0.672498 -0.218508 0.672499 
1.35324e-06 0.046 0.127 0.183 0.043 -0.0635 0.0915 0.218508 -0.672498 -0.218508 0.672499 
8.96964e-07 0.046 0.127 0.183 0.043 0.0635 0.0732 0.707107 -4.32978e-17 -0.707107 4.32978e-17 
8.94276e-07 0.046 0.127 0.183 0.043 0.0635 0.0915 0.707107 -4.32978e-17 -0.707107 4.32978e-17 
8.75944e-07 0.046 0.127 0.183 0.043 0.0635 0.0549 0.707107 -4.32978e-17 -0.707107 4.32978e-17 
8.32679e-07 0.046 0.127 0.183 0.043 0.0635 0.0366 0.707107 -4.32978e-17 -0.707107 4.32978e-17 
7.70455e-07 0.046 0.127 0.183 0.043 0.0635 0.0183 0.707107 -4.32978e-17 -0.707107 4.32978e-17 
6.9395e-07 0.046 0.127 0.183 0.043 0.0635 -6.93889e-18 0.707107 -4.32978e-17 -0.707107 4.32978e-17 
2.06841e-07 0.046 0.127 0.183 0.043 -0.0508 0.0366 0 -0.707107 0 0.707106 
2.06674e-07 0.046 0.127 0.183 0.043 -0.0635 0.0366 0 -0.707107 0 0.707106 
2.05728e-07 0.046 0.127 0.183 0.043 -0.0508 0.0549 0 -0.707107 0 0.707106 
2.04714e-07 0.046 0.127 0.183 0.043 -0.0635 0.0549 0 -0.707107 0 0.707106 
2.03073e-07 0.046 0.127 0.183 0.043 -0.0635 0.0183 0 -0.707107 0 0.707106 
1.99238e-07 0.046 0.127 0.183 0.043 -0.0508 0.0732 0 -0.707107 0 0.707106 
1.97388e-07 0.046 0.127 0.183 0.043 -0.0635 0.0732 0 -0.707107 0 0.707106 
1.94137e-07 0.046 0.127 0.183 0.043 -0.0635 -6.93889e-18 0 -0.707107 0 0.707106 
1.87783e-07 0.046 0.127 0.183 0.043 -0.0508 0.0915 0 -0.707107 0 0.707106 
1.85261e-07 0.046 0.127 0.183 0.043 -0.0635 0.0915 0 -0.707107 0 0.707106 
1.39853e-07 0.046 0.127 0.183 -0.043 0.0635 0.0366 0.707107 -4.32978e-17 0.707107 -4.32978e-17 
1.39283e-07 0.046 0.127 0.183 -0.043 0.0635 0.0183 0.707107 -4.32978e-17 0.707107 -4.32978e-17 
1.37434e-07 0.046 0.127 0.183 -0.043 0.0508 0.0366 0.707107 -4.32978e-17 0.707107 -4.32978e-17 
1.36721e-07 0.046 0.127 0.183 -0.043 0.0635 0.0549 0.707107 -4.32978e-17 0.707107 -4.32978e-17 
1.35012e-07 0.046 0.127 0.183 -0.043 0.0635 -6.93889e-18 0.707107 -4.32978e-17 0.707107 -4.32978e-17 
1.345e-07 0.046 0.127 0.183 -0.043 0.0508 0.0549 0.707107 -4.32978e-17 0.707107 -4.32978e-17 
1.30162e-07 0.046 0.127 0.183 -0.043 0.0635 0.0732 0.707107 -4.32978e-17 0.707107 -4.32978e-17 
1.28247e-07 0.046 0.127 0.183 -0.043 0.0508 0.0732 0.707107 -4.32978e-17 0.707107 -4.32978e-17 
1.20689e-07 0.046 0.127 0.183 -0.043 0.0635 0.0915 0.707107 -4.32978e-17 0.707107 -4.32978e-17 
1.19095e-07 0.046 0.127 0.183 -0.043 0.0508 0.0915 0.707107 -4.32978e-17 0.707107 -4.32978e-17 
2.78865e-09 0.046 0.127 0.183 0.043 -0.0508 0.0915 -0.218508 -0.672498 0.218508 0.672499 
2.78334e-09 0.046 0.127 0.183 0.043 -0.0635 0.0915 -0.218508 -0.672498 0.218508 0.672499 
2.60632e-09 0.046 0.127 0.183 0.043 -0.0635 0.0732 -0.218508 -0.672498 0.218508 0.672499 
2.5403e-09 0.046 0.127 0.183 0.043 -0.0508 0.0732 -0.218508 -0.672498 0.218508 0.672499 
2.21264e-09 0.046 0.127 0.183 0.043 -0.0635 0.0549 -0.218508 -0.672498 0.218508 0.672499 
-4.68104e-12 0.046 0.127 0.183 -0.043 0.0635 0.0549 -0.672498 0.218508 -0.672499 0.218508 
-5.03585e-12 0.046 0.127 0.183 -0.043 0.0635 0.0732 -0.672498 0.218508 -0.672499 0.218508 
-5.34397e-12 0.046 0.127 0.183 -0.043 0.0635 0.0915 -0.672498 0.218508 -0.672499 0.218508 
-6.52107e-12 0.046 0.127 0.183 -0.043 0.0508 0.0732 -0.672498 0.218508 -0.672499 0.218508 
-6.7793e-12 0.046 0.127 0.183 -0.043 0.0508 0.0915 -0.672498 0.218508 -0.672499 0.218508 
-1.19017e-10 0.046 0.127 0.183 0.043 0.0635 0.0915 -0.415627 -0.572061 0.415627 0.572062 
-1.19926e-10 0.046 0.127 0.183 0.043 0.0508 0.0915 -0.415627 -0.572061 0.415627 0.572062 
-1.23681e-10 0.046 0.127 0.183 0.043 0.0381 0.0915 -0.415627 -0.572061 0.415627 0.572062 
-1.30284e-10 0.046 0.127 0.183 0.043 0.0254 0.0915 -0.415627 -0.572061 0.415627 0.572062 
-1.38553e-10 0.046 0.127 0.183 0.043 0.0127 0.0915 -0.415627 -0.572061 0.415627 0.572062 
-1.47066e-10 0.046 0.127 0.183 0.043 3.46945e-18 0.0915 -0.415627 -0.572061 0.415627 0.572062 
-1.55122e-10 0.046 0.127 0.183 0.043 -0.0127 0.0915 -0.415627 -0.572061 0.415627 0.572062 
-1.61459e-10 0.046 0.127 0.183 -0.043 -0.0635 0.0915 -0.572061 0.415627 -0.572061 0.415629 
-1.63368e-10 0.046 0.127 0.183 0.043 -0.0254 0.0915 -0.415627 -0.572061 0.415627 0.572062 
-1.73808e-10 0.046 0.127 0.183 0.043 -0.0381 0.0915 -0.415627 -0.572061 0.415627 0.572062 
-1.85043e-10 0.046 0.127 0.183 -0.043 -0.0508 0.0915 -0.572061 0.415627 -0.572061 0.415629 
-1.89091e-10 0.046 0.127 0.183 0.043 -0.0508 0.0915 -0.415627 -0.572061 0.415627 0.572062 
-2.10161e-10 0.046 0.127 0.183 -0.043 -0.0381 0.0915 -0.572061 0.415627 -0.572061 0.415629 
-2.11217e-10 0.046 0.127 0.183 0.043 -0.0635 0.0915 -0.415627 -0.572061 0.415627 0.572062 
-2.18874e-10 0.046 0.127 0.183 0.043 -0.0635 0.0732 -0.415627 -0.572061 0.415627 0.572062 
-2.38034e-10 0.046 0.127 0.183 -0.043 -0.0254 0.0915 -0.572061 0.415627 -0.572061 0.415629 
-2.67129e-10 0.046 0.127 0.183 -0.043 -0.0127 0.0915 -0.572061 0.415627 -0.572061 0.415629 
-2.95594e-10 0.046 0.127 0.183 -0.043 3.46945e-18 0.0915 -0.572061 0.415627 -0.572061 0.415629 
-3.23743e-10 0.046 0.127 0.183 -0.043 0.0127 0.0915 -0.572061 0.415627 -0.572061 0.415629 
-3.55819e-10 0.046 0.127 0.183 -0.043 0.0254 0.0915 -0.572061 0.415627 -0.572061 0.415629 
-4.00445e-10 0.046 0.127 0.183 -0.043 0.0381 0.0915 -0.572061 0.415627 -0.572061 0.415629 
-4.69508e-10 0.046 0.127 0.183 -0.043 0.0508 0.0915 -0.572061 0.415627 -0.572061 0.415629 
-5.73153e-10 0.046 0.127 0.183 -0.043 0.0635 0.0732 -0.572061 0.415627 -0.572061 0.415629 
-5.75656e-10 0.046 0.127 0.183 -0.043 0.0635 0.0915 -0.572061 0.415627 -0.572061 0.415629 
-2.01786e-09 0.046 0.127 0.183 -0.043 -0.0635 0.0915 -0.415627 0.572061 -0.415627 0.572062 
-2.27234e-09 0.046 0.127 0.183 -0.043 -0.0635 0.0732 -0.415627 0.572061 -0.415627 0.572062 
-3.39885e-09 0.046 0.127 0.183 -0.043 0.0635 0.0915 0.672498 0.218508 0.672499 0.218508 
-4.89552e-09 0.046 0.127 0.183 -0.043 -0.0508 0.0915 -0.415627 0.572061 -0.415627 0.572062 
-5.16413e-09 0.046 0.127 0.183 -0.043 -0.0508 0.0732 -0.415627 0.572061 -0.415627 0.572062 
-5.53959e-09 0.046 0.127 0.183 -0.043 0.0635 0.0732 0.672498 0.218508 0.672499 0.218508 
-5.93179e-09 0.046 0.127 0.183 -0.043 -0.0635 0.0183 0 0.707107 0 0.707106 
-5.94967e-09 0.046 0.127 0.183 -0.043 -0.0635 0.0366 0 0.707107 0 0.707106 
-6.21809e-09 0.046 0.127 0.183 -0.043 -0.0635 -6.93889e-18 0 0.707107 0 0.707106 
-6.22114e-09 0.046 0.127 0.183 -0.043 -0.0635 0.0549 0 0.707107 0 0.707106 
-6.63357e-09 0.046 0.127 0.183 -0.043 -0.0635 0.0732 0 0.707107 0 0.707106 
-7.06454e-09 0.046 0.127 0.183 -0.043 -0.0635 0.0915 0 0.707107 0 0.707106 
-7.96944e-09 0.046 0.127 0.183 -0.043 -0.0381 0.0915 -0.415627 0.572061 -0.415627 0.572062 
-7.99919e-09 0.046 0.127 0.183 -0.043 0.0635 0.0549 0.672498 0.218508 0.672499 0.218508 
-8.25181e-09 0.046 0.127 0.183 -0.043 -0.0381 0.0732 -0.415627 0.572061 -0.415627 0.572062 
-1.06348e-08 0.046 0.127 0.183 -0.043 0.0635 0.0366 0.672498 0.218508 0.672499 0.218508 
-1.11836e-08 0.046 0.127 0.183 -0.043 -0.0254 0.0915 -0.415627 0.572061 -0.415627 0.572062 
-1.44452e-08 0.046 0.127 0.183 -0.043 -0.0127 0.0915 -0.415627 0.572061 -0.415627 0.572062 
-3.02959e-08 0.046 0.127 0.183 0.043 0.0635 0.0915 -0.572061 -0.415627 0.572061 0.415629 
-3.15315e-08 0.046 0.127 0.183 0.043 0.0635 0.0732 -0.572061 -0.415627 0.572061 0.415629 
-3.18068e-08 0.046 0.127 0.183 0.043 0.0508 0.0915 -0.572061 -0.415627 0.572061 0.415629 
-3.30674e-08 0.046 0.127 0.183 0.043 0.0508 0.0732 -0.572061 -0.415627 0.572061 0.415629 
-3.30771e-08 0.046 0.127 0.183 0.043 0.0381 0.0915 -0.572061 -0.415627 0.572061 0.415629 
-3.40761e-08 0.046 0.127 0.183 0.043 0.0254 0.0915 -0.572061 -0.415627 0.572061 0.415629 
-3.43489e-08 0.046 0.127 0.183 0.043 0.0381 0.0732 -0.572061 -0.415627 0.572061 0.415629 
-3.47786e-08 0.046 0.127 0.183 0.043 0.0127 0.0915 -0.572061 -0.415627 0.572061 0.415629 
-4.78109e-07 0.046 0.127 0.183 -0.043 -0.0635 -0.0183 -0.218508 0.672498 -0.218508 0.672499 
-5.43043e-07 0.046 0.127 0.183 -0.043 -0.0635 -6.93889e-18 -0.218508 0.672498 -0.218508 0.672499 
-5.68603e-07 0.046 0.127 0.183 -0.043 -0.0381 0.0915 -0.218508 0.672498 -0.218508 0.672499 
-5.97051e-07 0.046 0.127 0.183 -0.043 -0.0635 0.0183 -0.218508 0.672498 -0.218508 0.672499 
-6.0995e-07 0.046 0.127 0.183 0.043 0.0381 0.0915 -0.672498 -0.218508 0.672499 0.218508 
-6.10941e-07 0.046 0.127 0.183 -0.043 -0.0508 0.0915 -0.218508 0.672498 -0.218508 0.672499 
-6.36114e-07 0.046 0.127 0.183 -0.043 -0.0635 0.0366 -0.218508 0.672498 -0.218508 0.672499 
-6.42063e-07 0.046 0.127 0.183 -0.043 -0.0635 0.0915 -0.218508 0.672498 -0.218508 0.672499 
-6.57323e-07 0.046 0.127 0.183 -0.043 -0.0635 0.0549 -0.218508 0.672498 -0.218508 0.672499 
-6.5924e-07 0.046 0.127 0.183 -0.043 -0.0635 0.0732 -0.218508 0.672498 -0.218508 0.672499 
-6.61268e-07 0.046 0.127 0.183 0.043 0.0508 0.0915 -0.672498 -0.218508 0.672499 0.218508 
-6.98456e-07 0.046 0.127 0.183 0.043 0.0635 0.0915 -0.672498 -0.218508 0.672499 0.218508 
-7.62529e-07 0.046 0.127 0.183 0.043 0.0635 0.0732 -0.672498 -0.218508 0.672499 0.218508 
-7.92506e-07 0.046 0.127 0.183 0.043 0.0635 -0.0183 -0.672498 -0.218508 0.672499 0.218508 
-8.10787e-07 0.046 0.127 0.183 0.043 0.0635 0.0549 -0.672498 -0.218508 0.672499 0.218508 
-8.30058e-07 0.046 0.127 0.183 0.043 0.0635 -6.93889e-18 -0.672498 -0.218508 0.672499 0.218508 
-8.39439e-07 0.046 0.127 0.183 0.043 0.0635 0.0366 -0.672498 -0.218508 0.672499 0.218508 
-8.46087e-07 0.046 0.127 0.183 0.043 0.0635 0.0183 -0.672498 -0.218508 0.672499 0.218508 
-5.98851e-06 0.046 0.127 0.183 -0.0138 -0.0835 0.0732 -0.672499 -0.218508 -0.218508 0.672498 
-1.53636e-05 0.046 0.127 0.183 -0.0184 -0.0835 0.0732 -0.672499 -0.218508 -0.218508 0.672498 
-2.16326e-05 0.046 0.127 0.183 -0.0046 -0.0835 0.0915 -0.672499 -0.218508 -0.218508 0.672498 
-2.35207e-05 0.046 0.127 0.183 -0.023 -0.0835 0.0732 -0.672499 -0.218508 -0.218508 0.672498 
-7.81241e-05 0.046 0.127 0.183 0 -0.0835 0.0915 -0.672499 -0.218508 -0.218508 0.672498 
-0.00018171 0.046 0.127 0.183 0.0046 -0.0835 0.0915 -0.672499 -0.218508 -0.218508 0.672498 
-0.000220033 0.046 0.127 0.183 -0.0092 0.0508 0.1115 1 0 0 6.12323e-17 
-0.000220444 0.046 0.127 0.183 0.0092 -0.0508 0.1115 6.12323e-17 1 -6.12323e-17 3.7494e-33 
-0.000230253 0.046 0.127 0.183 -0.0184 0.0508 0.1115 1 0 0 6.12323e-17 
-0.000230293 0.046 0.127 0.183 0.0184 -0.0508 0.1115 6.12323e-17 1 -6.12323e-17 3.7494e-33 
-0.000348018 0.046 0.127 0.183 0.0092 -0.0835 0.0915 -0.672499 -0.218508 -0.218508 0.672498 
-0.000400683 0.046 0.127 0.183 -0.0092 -0.0835 0.0549 -0.572061 -0.415627 -0.415627 0.572062 
-0.000591928 0.046 0.127 0.183 0.0138 -0.0835 0.0915 -0.672499 -0.218508 -0.218508 0.672498 
-0.000630225 0.046 0.127 0.183 -0.0092 0.0254 0.1115 0.809017 0.587785 3.59914e-17 4.9538e-17 
-0.000640884 0.046 0.127 0.183 0.0092 -0.0254 0.1115 -0.587785 0.809017 -4.9538e-17 -3.59915e-17 
-0.000702221 0.046 0.127 0.183 -0.0138 -0.0835 0.0549 -0.572061 -0.415627 -0.415627 0.572062 
-0.00078439 0.046 0.127 0.183 -0.0138 0.0508 0.1115 0.809017 0.587785 3.59914e-17 4.9538e-17 
-0.000791424 0.046 0.127 0.183 0.0184 0.0508 0.1115 1 0 0 6.12323e-17 
-0.000792102 0.046 0.127 0.183 -0.0184 -0.0508 0.1115 6.12323e-17 1 -6.12323e-17 3.7494e-33 
-0.000804581 0.046 0.127 0.183 0.0138 -0.0508 0.1115 -0.587785 0.809017 -4.9538e-17 -3.59915e-17 
-0.000822306 0.046 0.127 0.183 0.0092 -0.0835 0.0549 -0.572061 0.415627 0.415627 0.572062 
-0.000927306 0.046 0.127 0.183 0.0184 -0.0835 0.0915 -0.672499 -0.218508 -0.218508 0.672498 
-0.00106311 0.046 0.127 0.183 0.0046 0.0508 0.1115 1 0 0 6.12323e-17 
-0.00106355 0.046 0.127 0.183 -0.0046 -0.0508 0.1115 6.12323e-17 1 -6.12323e-17 3.7494e-33 
-0.00133564 0.046 0.127 0.183 -0.0184 -0.0835 0.0549 -0.572061 -0.415627 -0.415627 0.572062 
-0.00136676 0.046 0.127 0.183 0.023 -0.0835 0.0915 -0.672499 -0.218508 -0.218508 0.672498 
-0.00170004 0.046 0.127 0.183 -0.0046 -0.0835 0.0915 -0.572061 -0.415627 -0.415627 0.572062 
-0.00170995 0.046 0.127 0.183 -0.0046 0.0508 0.1115 1 0 0 6.12323e-17 
-0.00171066 0.046 0.127 0.183 0.0046 -0.0508 0.1115 6.12323e-17 1 -6.12323e-17 3.7494e-33 
-0.00172795 0.046 0.127 0.183 -0.023 -0.0835 0.0549 -0.572061 -0.415627 -0.415627 0.572062 
-0.00198541 0.046 0.127 0.183 -0.0138 -0.0508 0.1115 0.309017 0.951057 -5.82354e-17 1.89218e-17 
-0.00200806 0.046 0.127 0.183 0.0138 0.0508 0.1115 0.951057 -0.309017 -1.89218e-17 5.82354e-17 
-0.00201697 0.046 0.127 0.183 0 0.0508 0.1115 1 0 0 6.12323e-17 
-0.00201751 0.046 0.127 0.183 0 -0.0508 0.1115 6.12323e-17 1 -6.12323e-17 3.7494e-33 
-0.00227538 0.046 0.127 0.183 0.0184 -0.0381 0.1115 -0.309017 0.951057 -5.82354e-17 -1.89218e-17 
-0.00227571 0.046 0.127 0.183 -0.0184 0.0381 0.1115 0.951057 0.309017 1.89218e-17 5.82354e-17 
-0.00250259 0.046 0.127 0.183 -0.0092 -0.0835 0.0915 -0.572061 -0.415627 -0.415627 0.572062 
-0.00294616 0.046 0.127 0.183 0.0092 -0.0381 0.1115 0.809017 -0.587785 -3.59914e-17 4.9538e-17 
-0.00297746 0.046 0.127 0.183 -0.0092 0.0381 0.1115 0.587785 0.809017 -4.9538e-17 3.59915e-17 
-0.00311513 0.046 0.127 0.183 -0.0184 -0.0508 0.1115 0.309017 0.951057 -5.82354e-17 1.89218e-17 
-0.00314148 0.046 0.127 0.183 0.0184 0.0508 0.1115 0.951057 -0.309017 -1.89218e-17 5.82354e-17 
-0.00348976 0.046 0.127 0.183 0.0138 0.0508 0.1115 0.809017 -0.587785 -3.59914e-17 4.9538e-17 
-0.00350204 0.046 0.127 0.183 -0.0138 -0.0508 0.1115 0.587785 0.809017 -4.9538e-17 3.59915e-17 
-0.00426236 0.046 0.127 0.183 -0.0184 0.0381 0.1115 0.587785 0.809017 -4.9538e-17 3.59915e-17 
-0.0042741 0.046 0.127 0.183 0.0184 -0.0381 0.1115 0.809017 -0.587785 -3.59914e-17 4.9538e-17 
-0.00429456 0.046 0.127 0.183 -0.0138 -0.0835 0.0915 -0.572061 -0.415627 -0.415627 0.572062 
-0.00433872 0.046 0.127 0.183 0 -0.0635 0.1115 0.309017 0.951057 -5.82354e-17 1.89218e-17 
-0.00502217 0.046 0.127 0.183 0.0138 -0.0835 0.0732 -0.572061 0.415627 0.415627 0.572062 
-0.00548155 0.046 0.127 0.183 0 0.0635 0.1115 0.951057 -0.309017 -1.89218e-17 5.82354e-17 
-0.00560123 0.046 0.127 0.183 0.0046 -0.0835 0.0915 -0.572061 0.415627 0.415627 0.572062 
-0.00603766 0.046 0.127 0.183 -0.0138 0.0254 0.1115 0.809017 0.587785 3.59914e-17 4.9538e-17 
-0.00604858 0.046 0.127 0.183 0.0138 -0.0254 0.1115 -0.587785 0.809017 -4.9538e-17 -3.59915e-17 
-0.00616765 0.046 0.127 0.183 0.023 0.0508 0.1115 1 0 0 6.12323e-17 
-0.00616837 0.046 0.127 0.183 -0.023 -0.0508 0.1115 6.12323e-17 1 -6.12323e-17 3.7494e-33 
-0.00643648 0.046 0.127 0.183 0.0138 -0.0381 0.1115 0.809017 -0.587785 -3.59914e-17 4.9538e-17 
-0.00644476 0.046 0.127 0.183 -0.0138 0.0381 0.1115 0.587785 0.809017 -4.9538e-17 3.59915e-17 
-0.00653777 0.046 0.127 0.183 0.0046 -0.0508 0.1115 -0.587785 0.809017 -4.9538e-17 -3.59915e-17 
-0.00663683 0.046 0.127 0.183 0.0184 -0.0254 0.1115 -0.587785 0.809017 -4.9538e-17 -3.59915e-17 
-0.00664464 0.046 0.127 0.183 -0.0184 0.0254 0.1115 0.809017 0.587785 3.59914e-17 4.9538e-17 
-0.00691065 0.046 0.127 0.183 -0.0046 0.0508 0.1115 0.809017 0.587785 3.59914e-17 4.9538e-17 
-0.00730618 0.046 0.127 0.183 0.0046 -0.0635 0.1115 0.309017 0.951057 -5.82354e-17 1.89218e-17 
-0.00735273 0.046 0.127 0.183 -0.0184 -0.0835 0.0915 -0.572061 -0.415627 -0.415627 0.572062 
-0.00833448 0.046 0.127 0.183 0.0092 -0.0508 0.1115 -0.587785 0.809017 -4.9538e-17 -3.59915e-17 
-0.00835298 0.046 0.127 0.183 -0.0046 0.0635 0.1115 0.951057 -0.309017 -1.89218e-17 5.82354e-17 
-0.0084616 0.046 0.127 0.183 -0.0092 0.0508 0.1115 0.809017 0.587785 3.59914e-17 4.9538e-17 
-0.00893327 0.046 0.127 0.183 0.023 -0.0508 0.1115 6.12323e-17 1 -6.12323e-17 3.7494e-33 
-0.00893376 0.046 0.127 0.183 -0.023 0.0508 0.1115 1 0 0 6.12323e-17 
-0.0096809 0.046 0.127 0.183 -0.0046 -0.0635 0.1115 0.309017 0.951057 -5.82354e-17 1.89218e-17 
-0.00993496 0.046 0.127 0.183 -0.023 -0.0835 0.0366 -0.572061 -0.415627 -0.415627 0.572062 
-0.0101174 0.046 0.127 0.183 0.0184 -0.0835 -6.93889e-18 -0.572061 0.415627 0.415627 0.572062 
-0.0105094 0.046 0.127 0.183 0.0092 -0.0835 0.0732 -0.572061 0.415627 0.415627 0.572062 
-0.010918 0.046 0.127 0.183 0.0046 0.0635 0.1115 0.951057 -0.309017 -1.89218e-17 5.82354e-17 
-0.0119582 0.046 0.127 0.183 -0.023 -0.0835 0.0915 -0.572061 -0.415627 -0.415627 0.572062 
-0.0127071 0.046 0.127 0.183 0.023 -0.0508 0.1115 -0.587785 0.809017 -4.9538e-17 -3.59915e-17 
-0.012794 0.046 0.127 0.183 -0.023 0.0508 0.1115 0.809017 0.587785 3.59914e-17 4.9538e-17 
-0.0136131 0.046 0.127 0.183 0.023 -0.0635 0.1115 6.12323e-17 1 -6.12323e-17 3.7494e-33 
-0.0136163 0.046 0.127 0.183 -0.023 0.0635 0.1115 1 0 0 6.12323e-17 
-0.0137884 0.046 0.127 0.183 0.0184 -0.0635 0.1115 6.12323e-17 1 -6.12323e-17 3.7494e-33 
-0.0137897 0.046 0.127 0.183 -0.0184 0.0635 0.1115 1 0 0 6.12323e-17 
-0.0161008 0.046 0.127 0.183 0.0138 -0.0635 0.1115 6.12323e-17 1 -6.12323e-17 3.7494e-33 
-0.0161012 0.046 0.127 0.183 -0.0138 0.0635 0.1115 1 0 0 6.12323e-17 
-0.0162447 0.046 0.127 0.183 -0.023 -0.0635 0.1115 0.309017 0.951057 -5.82354e-17 1.89218e-17 
-0.0177483 0.046 0.127 0.183 0.0046 0.0635 0.1115 1 0 0 6.12323e-17 
-0.0177524 0.046 0.127 0.183 -0.0046 -0.0635 0.1115 6.12323e-17 1 -6.12323e-17 3.7494e-33 
-0.0178393 0.046 0.127 0.183 0.023 0.0635 0.1115 0.951057 -0.309017 -1.89218e-17 5.82354e-17 
-0.0180303 0.046 0.127 0.183 0.0092 0.0635 0.1115 1 0 0 6.12323e-17 
-0.018036 0.046 0.127 0.183 -0.0092 -0.0635 0.1115 6.12323e-17 1 -6.12323e-17 3.7494e-33 
-0.0181498 0.046 0.127 0.183 -0.0092 0.0635 0.1115 1 0 0 6.12323e-17 
-0.0181517 0.046 0.127 0.183 0.0092 -0.0635 0.1115 6.12323e-17 1 -6.12323e-17 3.7494e-33 
-0.0184913 0.046 0.127 0.183 0 0.0635 0.1115 1 0 0 6.12323e-17 
-0.0184947 0.046 0.127 0.183 0 -0.0635 0.1115 6.12323e-17 1 -6.12323e-17 3.7494e-33 
-0.0189185 0.046 0.127 0.183 -0.0046 0.0635 0.1115 1 0 0 6.12323e-17 
-0.0189214 0.046 0.127 0.183 0.0046 -0.0635 0.1115 6.12323e-17 1 -6.12323e-17 3.7494e-33 
-0.0198081 0.046 0.127 0.183 -0.0092 -0.0635 0.1115 0.309017 0.951057 -5.82354e-17 1.89218e-17 
-0.0207966 0.046 0.127 0.183 0.0138 0.0635 0.1115 1 0 0 6.12323e-17 
-0.0208031 0.046 0.127 0.183 -0.0138 -0.0635 0.1115 6.12323e-17 1 -6.12323e-17 3.7494e-33 
-0.0211357 0.046 0.127 0.183 0.0092 0.0635 0.1115 0.951057 -0.309017 -1.89218e-17 5.82354e-17 
-0.0226145 0.046 0.127 0.183 0.0092 -0.0635 0.1115 0.309017 0.951057 -5.82354e-17 1.89218e-17 
-0.0235663 0.046 0.127 0.183 -0.0092 0.0635 0.1115 0.951057 -0.309017 -1.89218e-17 5.82354e-17 
-0.0272779 0.046 0.127 0.183 0.0184 0.0635 0.1115 1 0 0 6.12323e-17 
-0.0272859 0.046 0.127 0.183 -0.0184 -0.0635 0.1115 6.12323e-17 1 -6.12323e-17 3.7494e-33 
-0.030011 0.046 0.127 0.183 -0.0138 -0.0635 0.1115 0.309017 0.951057 -5.82354e-17 1.89218e-17 
-0.0314301 0.046 0.127 0.183 0.0138 0.0635 0.1115 0.951057 -0.309017 -1.89218e-17 5.82354e-17 
-0.0327708 0.046 0.127 0.183 -0.0184 -0.0635 0.1115 0.309017 0.951057 -5.82354e-17 1.89218e-17 
-0.0342789 0.046 0.127 0.183 0.0184 0.0635 0.1115 0.951057 -0.309017 -1.89218e-17 5.82354e-17 
-0.0381477 0.046 0.127 0.183 0.023 0.0635 0.1115 1 0 0 6.12323e-17 
-0.038157 0.046 0.127 0.183 -0.023 -0.0635 0.1115 6.12323e-17 1 -6.12323e-17 3.7494e-33 
-0.0442686 0.046 0.127 0.183 -0.023 -0.0835 0.0915 -0.707107 0 0 0.707106 
-0.0443421 0.046 0.127 0.183 -0.023 -0.0835 0.0732 -0.707107 0 0 0.707106 
-0.0494636 0.046 0.127 0.183 0.0092 -0.0835 0.0915 -0.572061 0.415627 0.415627 0.572062 
-0.0546622 0.046 0.127 0.183 -0.0046 0.0835 0.0915 0.415627 0.572061 -0.572061 0.415629 
-0.0548265 0.046 0.127 0.183 0.0138 0.0835 0.0915 0.572061 -0.415627 0.415627 0.572062 
-0.0564893 0.046 0.127 0.183 0.0138 -0.0635 0.1115 0.309017 0.951057 -5.82354e-17 1.89218e-17 
-0.057341 0.046 0.127 0.183 -0.0138 0.0635 0.1115 0.951057 -0.309017 -1.89218e-17 5.82354e-17 
-0.0598355 0.046 0.127 0.183 0.0138 -0.0508 0.1115 -0.309017 0.951057 -5.82354e-17 -1.89218e-17 
-0.0598458 0.046 0.127 0.183 -0.0138 0.0508 0.1115 0.951057 0.309017 1.89218e-17 5.82354e-17 
-0.0668862 0.046 0.127 0.183 0.023 0.0835 0.0732 -4.32978e-17 0.707107 -0.707107 4.32978e-17 
-0.0669091 0.046 0.127 0.183 0.023 0.0835 0.0915 -4.32978e-17 0.707107 -0.707107 4.32978e-17 
-0.0846087 0.046 0.127 0.183 0.0138 -0.0835 0.0915 -0.572061 0.415627 0.415627 0.572062 
-0.109408 0.046 0.127 0.183 -0.0092 0.0835 0.0915 0.415627 0.572061 -0.572061 0.415629 
-0.115257 0.046 0.127 0.183 0.0184 -0.0835 0.0915 -0.572061 0.415627 0.415627 0.572062 
-0.11895 0.046 0.127 0.183 0.0184 -0.0635 0.1115 0.309017 0.951057 -5.82354e-17 1.89218e-17 
-0.119705 0.046 0.127 0.183 -0.0184 0.0635 0.1115 0.951057 -0.309017 -1.89218e-17 5.82354e-17 
-0.143813 0.046 0.127 0.183 0.023 0.0835 0.0915 0.218508 -0.672499 0.672499 0.218502 
-0.145662 0.046 0.127 0.183 0.023 -0.0835 0.0915 -0.572061 0.415627 0.415627 0.572062 
-0.146876 0.046 0.127 0.183 0.0184 0.0835 0.0915 0.218508 -0.672499 0.672499 0.218502 
-0.148226 0.046 0.127 0.183 0.0184 0.0835 0.0915 0.572061 -0.415627 0.415627 0.572062 
-0.149687 0.046 0.127 0.183 0.0138 0.0835 0.0915 0.218508 -0.672499 0.672499 0.218502 
-0.152237 0.046 0.127 0.183 0.0092 0.0835 0.0915 0.218508 -0.672499 0.672499 0.218502 
-0.154518 0.046 0.127 0.183 0.0046 0.0835 0.0915 0.218508 -0.672499 0.672499 0.218502 
-0.156524 0.046 0.127 0.183 0 0.0835 0.0915 0.218508 -0.672499 0.672499 0.218502 
-0.158253 0.046 0.127 0.183 -0.0046 0.0835 0.0915 0.218508 -0.672499 0.672499 0.218502 
-0.1597 0.046 0.127 0.183 -0.0092 0.0835 0.0915 0.218508 -0.672499 0.672499 0.218502 
-0.160867 0.046 0.127 0.183 -0.0138 0.0835 0.0915 0.218508 -0.672499 0.672499 0.218502 
-0.161753 0.046 0.127 0.183 -0.0184 0.0835 0.0915 0.218508 -0.672499 0.672499 0.218502 
-0.162362 0.046 0.127 0.183 -0.023 0.0835 0.0915 0.218508 -0.672499 0.672499 0.218502 
-0.166793 0.046 0.127 0.183 -0.0138 0.0835 0.0915 0.415627 0.572061 -0.572061 0.415629 
-0.175586 0.046 0.127 0.183 0.0092 -0.0508 0.1115 -0.309017 0.951057 -5.82354e-17 -1.89218e-17 
-0.175595 0.046 0.127 0.183 -0.0092 0.0508 0.1115 0.951057 0.309017 1.89218e-17 5.82354e-17 
-0.17645 0.046 0.127 0.183 0.0138 -0.0635 0.1115 -0.309017 0.951057 -5.82354e-17 -1.89218e-17 
-0.176509 0.046 0.127 0.183 -0.0138 0.0635 0.1115 0.951057 0.309017 1.89218e-17 5.82354e-17 
-0.185119 0.046 0.127 0.183 -0.0092 -0.0835 0.0915 -0.415627 -0.572061 -0.572061 0.415629 
-0.257753 0.046 0.127 0.183 -0.0184 0.0835 0.0915 0.415627 0.572061 -0.572061 0.415629 
-0.293133 0.046 0.127 0.183 -0.0138 -0.0835 0.0915 -0.415627 -0.572061 -0.572061 0.415629 
-0.311401 0.046 0.127 0.183 0.023 0.0835 0.0915 0.572061 -0.415627 0.415627 0.572062 
-0.412892 0.046 0.127 0.183 -0.023 0.0835 0.0915 0.415627 0.572061 -0.572061 0.415629 
-0.424971 0.046 0.127 0.183 0.023 0.0835 0.0549 0.415627 -0.572061 0.572061 0.415629 
-0.431994 0.046 0.127 0.183 0.0184 0.0835 0.0549 0.415627 -0.572061 0.572061 0.415629 
-0.437843 0.046 0.127 0.183 0.0138 0.0835 0.0549 0.415627 -0.572061 0.572061 0.415629 
-0.443174 0.046 0.127 0.183 0.0092 0.0835 0.0549 0.415627 -0.572061 0.572061 0.415629 
-0.470876 0.046 0.127 0.183 -0.0184 -0.0835 0.0915 -0.415627 -0.572061 -0.572061 0.415629 
-0.513932 0.046 0.127 0.183 0.0092 -0.0635 0.1115 -0.309017 0.951057 -5.82354e-17 -1.89218e-17 
-0.513986 0.046 0.127 0.183 -0.0092 0.0635 0.1115 0.951057 0.309017 1.89218e-17 5.82354e-17 
-0.745104 0.046 0.127 0.183 0.0184 -0.0835 0.0915 -0.672499 0.218508 0.218508 0.672498 
-0.772484 0.046 0.127 0.183 -0.023 -0.0835 0.0915 -0.415627 -0.572061 -0.572061 0.415629 
-0.87263 0.046 0.127 0.183 0.023 -0.0835 0.0732 -0.672499 0.218508 0.218508 0.672498 
-0.943434 0.046 0.127 0.183 0.0046 -0.0635 0.1115 -0.309017 0.951057 -5.82354e-17 -1.89218e-17 
-0.943484 0.046 0.127 0.183 -0.0046 0.0635 0.1115 0.951057 0.309017 1.89218e-17 5.82354e-17 
-1.00428 0.046 0.127 0.183 0.0184 0.0835 0.0915 0.218508 0.672499 -0.672499 0.218502 
-1.15058 0.046 0.127 0.183 0.023 0.0835 0.0915 0.415627 -0.572061 0.572061 0.415629 
-1.16517 0.046 0.127 0.183 0.0184 0.0835 0.0915 0.415627 -0.572061 0.572061 0.415629 
-1.17919 0.046 0.127 0.183 0.0138 0.0835 0.0915 0.415627 -0.572061 0.572061 0.415629 
-1.19218 0.046 0.127 0.183 0.0092 0.0835 0.0915 0.415627 -0.572061 0.572061 0.415629 
-1.20366 0.046 0.127 0.183 0.0046 0.0835 0.0915 0.415627 -0.572061 0.572061 0.415629 
-1.46518 0.046 0.127 0.183 0 -0.0635 0.1115 -0.309017 0.951057 -5.82354e-17 -1.89218e-17 
-1.46523 0.046 0.127 0.183 0 0.0635 0.1115 0.951057 0.309017 1.89218e-17 5.82354e-17 
-1.72622 0.046 0.127 0.183 0.0138 0.0835 0.0915 0.218508 0.672499 -0.672499 0.218502 
-2.07802 0.046 0.127 0.183 -0.0046 -0.0635 0.1115 -0.309017 0.951057 -5.82354e-17 -1.89218e-17 
-2.07809 0.046 0.127 0.183 0.0046 0.0635 0.1115 0.951057 0.309017 1.89218e-17 5.82354e-17 
-2.45682 0.046 0.127 0.183 0.0092 0.0835 0.0915 0.218508 0.672499 -0.672499 0.218502 
-2.77944 0.046 0.127 0.183 -0.0092 -0.0635 0.1115 -0.309017 0.951057 -5.82354e-17 -1.89218e-17 
-2.77954 0.046 0.127 0.183 0.0092 0.0635 0.1115 0.951057 0.309017 1.89218e-17 5.82354e-17 
-2.9654 0.046 0.127 0.183 0.023 -0.0835 0.0915 -0.672499 0.218508 0.218508 0.672498 
-3.19307 0.046 0.127 0.183 0.0046 0.0835 0.0915 0.218508 0.672499 -0.672499 0.218502 
-3.32216 0.046 0.127 0.183 0.023 0.0835 0.0366 0.415627 -0.572061 0.572061 0.415629 
-3.56557 0.046 0.127 0.183 -0.0138 -0.0635 0.1115 -0.309017 0.951057 -5.82354e-17 -1.89218e-17 
-3.56572 0.046 0.127 0.183 0.0138 0.0635 0.1115 0.951057 0.309017 1.89218e-17 5.82354e-17 
-3.93194 0.046 0.127 0.183 0 0.0835 0.0915 0.218508 0.672499 -0.672499 0.218502 
-4.43122 0.046 0.127 0.183 -0.0184 -0.0635 0.1115 -0.309017 0.951057 -5.82354e-17 -1.89218e-17 
-4.43146 0.046 0.127 0.183 0.0184 0.0635 0.1115 0.951057 0.309017 1.89218e-17 5.82354e-17 
-4.67034 0.046 0.127 0.183 -0.0046 0.0835 0.0915 0.218508 0.672499 -0.672499 0.218502 
-5.36999 0.046 0.127 0.183 -0.023 -0.0635 0.1115 -0.309017 0.951057 -5.82354e-17 -1.89218e-17 
-5.37033 0.046 0.127 0.183 0.023 0.0635 0.1115 0.951057 0.309017 1.89218e-17 5.82354e-17 
-5.40517 0.046 0.127 0.183 -0.0092 0.0835 0.0915 0.218508 0.672499 -0.672499 0.218502 
-6.13334 0.046 0.127 0.183 -0.0138 0.0835 0.0915 0.218508 0.672499 -0.672499 0.218502 
-6.85178 0.046 0.127 0.183 -0.0184 0.0835 0.0915 0.218508 0.672499 -0.672499 0.218502 
-7.55747 0.046 0.127 0.183 -0.023 0.0835 0.0915 0.218508 0.672499 -0.672499 0.218502 
