34.7325 0.062 0.062 0.062 0.0186 -0.031 0.051 -0.587785 0.809017 -4.9538e-17 -3.59915e-17 
34.6308 0.062 0.062 0.062 0.031 -0.031 0.051 -0.587785 0.809017 -4.9538e-17 -3.59915e-17 
34.6065 0.062 0.062 0.062 0.0186 -0.0186 0.051 -0.587785 0.809017 -4.9538e-17 -3.59915e-17 
34.5634 0.062 0.062 0.062 0.031 -0.0186 0.051 -0.587785 0.809017 -4.9538e-17 -3.59915e-17 
34.4229 0.062 0.062 0.062 0.0186 -0.0062 0.051 -0.587785 0.809017 -4.9538e-17 -3.59915e-17 
34.4051 0.062 0.062 0.062 0.031 -0.0062 0.051 -0.587785 0.809017 -4.9538e-17 -3.59915e-17 
34.2283 0.062 0.062 0.062 0.0186 0.0062 0.051 -0.587785 0.809017 -4.9538e-17 -3.59915e-17 
34.1819 0.062 0.062 0.062 0.031 0.0062 0.051 -0.587785 0.809017 -4.9538e-17 -3.59915e-17 
33.9315 0.062 0.062 0.062 0.031 0.0186 0.051 -0.587785 0.809017 -4.9538e-17 -3.59915e-17 
24.1593 0.062 0.062 0.062 -0.0186 0.031 0.051 0.587785 0.809017 -4.9538e-17 3.59915e-17 
24.0695 0.062 0.062 0.062 -0.031 0.031 0.051 0.587785 0.809017 -4.9538e-17 3.59915e-17 
23.8629 0.062 0.062 0.062 -0.0186 0.0186 0.051 0.587785 0.809017 -4.9538e-17 3.59915e-17 
23.7952 0.062 0.062 0.062 -0.031 0.0186 0.051 0.587785 0.809017 -4.9538e-17 3.59915e-17 
23.5725 0.062 0.062 0.062 -0.0186 0.0062 0.051 0.587785 0.809017 -4.9538e-17 3.59915e-17 
23.4954 0.062 0.062 0.062 -0.031 0.0062 0.051 0.587785 0.809017 -4.9538e-17 3.59915e-17 
23.2235 0.062 0.062 0.062 -0.0186 -0.0062 0.051 0.587785 0.809017 -4.9538e-17 3.59915e-17 
23.1235 0.062 0.062 0.062 -0.031 -0.0062 0.051 0.587785 0.809017 -4.9538e-17 3.59915e-17 
22.799 0.062 0.062 0.062 -0.0186 -0.0186 0.051 0.587785 0.809017 -4.9538e-17 3.59915e-17 
22.6803 0.062 0.062 0.062 -0.031 -0.0186 0.051 0.587785 0.809017 -4.9538e-17 3.59915e-17 
22.392 0.062 0.062 0.062 -0.0062 -0.031 0.051 0.587785 0.809017 -4.9538e-17 3.59915e-17 
22.3302 0.062 0.062 0.062 -0.0186 -0.031 0.051 0.587785 0.809017 -4.9538e-17 3.59915e-17 
22.215 0.062 0.062 0.062 -0.031 -0.031 0.051 0.587785 0.809017 -4.9538e-17 3.59915e-17 
5.07035 0.062 0.062 0.062 0.0062 -0.0186 0.051 6.12323e-17 1 -6.12323e-17 3.7494e-33 
5.05424 0.062 0.062 0.062 -0.0062 -0.0186 0.051 6.12323e-17 1 -6.12323e-17 3.7494e-33 
5.04998 0.062 0.062 0.062 0.0062 -0.031 0.051 6.12323e-17 1 -6.12323e-17 3.7494e-33 
5.0368 0.062 0.062 0.062 -0.0062 -0.031 0.051 6.12323e-17 1 -6.12323e-17 3.7494e-33 
5.00101 0.062 0.062 0.062 0.0186 -0.031 0.051 6.12323e-17 1 -6.12323e-17 3.7494e-33 
5.00096 0.062 0.062 0.062 0.0186 -0.0186 0.051 6.12323e-17 1 -6.12323e-17 3.7494e-33 
5.00014 0.062 0.062 0.062 -0.0186 -0.0186 0.051 6.12323e-17 1 -6.12323e-17 3.7494e-33 
4.99069 0.062 0.062 0.062 -0.031 -0.0186 0.051 6.12323e-17 1 -6.12323e-17 3.7494e-33 
4.98233 0.062 0.062 0.062 -0.0186 -0.031 0.051 6.12323e-17 1 -6.12323e-17 3.7494e-33 
4.94311 0.062 0.062 0.062 -0.031 -0.031 0.051 6.12323e-17 1 -6.12323e-17 3.7494e-33 
4.90539 0.062 0.062 0.062 0.031 -0.031 0.051 6.12323e-17 1 -6.12323e-17 3.7494e-33 
-0.00596681 0.062 0.062 0.062 -0.051 -0.0062 0.031 -0.218508 0.672498 -0.218508 0.672499 
-0.0984138 0.062 0.062 0.062 -0.051 -0.0186 0.031 -0.218508 0.672498 -0.218508 0.672499 
-0.162413 0.062 0.062 0.062 -0.051 -0.031 0.031 -0.218508 0.672498 -0.218508 0.672499 
-0.79454 0.062 0.062 0.062 0.0186 0.031 0.051 0.951057 0.309017 1.89218e-17 5.82354e-17 
-0.79852 0.062 0.062 0.062 0.031 0.031 0.051 0.951057 0.309017 1.89218e-17 5.82354e-17 
-0.822857 0.062 0.062 0.062 0.0062 0.031 0.051 0.951057 0.309017 1.89218e-17 5.82354e-17 
-0.893548 0.062 0.062 0.062 -0.0062 0.031 0.051 0.951057 0.309017 1.89218e-17 5.82354e-17 
-0.948344 0.062 0.062 0.062 -0.0186 0.0186 0.051 0.951057 0.309017 1.89218e-17 5.82354e-17 
-0.981305 0.062 0.062 0.062 -0.0186 0.031 0.051 0.951057 0.309017 1.89218e-17 5.82354e-17 
-1.00653 0.062 0.062 0.062 -0.031 0.0062 0.051 0.951057 0.309017 1.89218e-17 5.82354e-17 
-1.00946 0.062 0.062 0.062 -0.031 0.0186 0.051 0.951057 0.309017 1.89218e-17 5.82354e-17 
-1.02632 0.062 0.062 0.062 -0.031 0.031 0.051 0.951057 0.309017 1.89218e-17 5.82354e-17 
-53.5581 0.062 0.062 0.062 -0.0062 0.031 0.051 0.951057 -0.309017 -1.89218e-17 5.82354e-17 
-53.5632 0.062 0.062 0.062 0.0062 0.0186 0.051 0.951057 -0.309017 -1.89218e-17 5.82354e-17 
-53.6029 0.062 0.062 0.062 0.0186 0.0186 0.051 0.951057 -0.309017 -1.89218e-17 5.82354e-17 
-53.6072 0.062 0.062 0.062 0.031 0.0186 0.051 0.951057 -0.309017 -1.89218e-17 5.82354e-17 
-53.7903 0.062 0.062 0.062 0.0062 0.031 0.051 0.951057 -0.309017 -1.89218e-17 5.82354e-17 
-53.8038 0.062 0.062 0.062 0.031 0.031 0.051 0.951057 -0.309017 -1.89218e-17 5.82354e-17 
-53.8377 0.062 0.062 0.062 0.0186 0.031 0.051 0.951057 -0.309017 -1.89218e-17 5.82354e-17 
