0.360604 0.045 0.045 0.045 0.0045 0.0225 0.0425 0.951057 -0.309017 -1.89218e-17 5.82354e-17 
0.349392 0.045 0.045 0.045 0.0135 0.0225 0.0425 0.951057 -0.309017 -1.89218e-17 5.82354e-17 
0.30122 0.045 0.045 0.045 0.0045 0.0135 0.0425 0.951057 -0.309017 -1.89218e-17 5.82354e-17 
0.270075 0.045 0.045 0.045 0.0225 0.0225 0.0425 0.951057 -0.309017 -1.89218e-17 5.82354e-17 
0.264498 0.045 0.045 0.045 0.0135 0.0135 0.0425 0.951057 -0.309017 -1.89218e-17 5.82354e-17 
0.21009 0.045 0.045 0.045 0.0135 -0.0045 0.0425 -0.587785 0.809017 -4.9538e-17 -3.59915e-17 
0.19346 0.045 0.045 0.045 0.0135 0.0045 0.0425 -0.587785 0.809017 -4.9538e-17 -3.59915e-17 
0.183911 0.045 0.045 0.045 -0.0135 -0.0045 0.0425 0.587785 0.809017 -4.9538e-17 3.59915e-17 
0.161059 0.045 0.045 0.045 0.0225 0.0135 0.0425 0.951057 -0.309017 -1.89218e-17 5.82354e-17 
0.149883 0.045 0.045 0.045 -0.0135 0.0045 0.0425 0.587785 0.809017 -4.9538e-17 3.59915e-17 
0.148653 0.045 0.045 0.045 -0.0135 -0.0135 0.0425 0.587785 0.809017 -4.9538e-17 3.59915e-17 
0.148191 0.045 0.045 0.045 0.0225 -0.0045 0.0425 -0.587785 0.809017 -4.9538e-17 -3.59915e-17 
0.145192 0.045 0.045 0.045 0.0225 0.0045 0.0425 -0.587785 0.809017 -4.9538e-17 -3.59915e-17 
0.133507 0.045 0.045 0.045 0.0135 -0.0135 0.0425 -0.587785 0.809017 -4.9538e-17 -3.59915e-17 
0.128959 0.045 0.045 0.045 0.0225 -0.0135 0.0425 -0.587785 0.809017 -4.9538e-17 -3.59915e-17 
0.119018 0.045 0.045 0.045 -0.0045 -0.0225 0.0425 0.587785 0.809017 -4.9538e-17 3.59915e-17 
0.117897 0.045 0.045 0.045 0.0045 -0.0225 0.0425 0.587785 0.809017 -4.9538e-17 3.59915e-17 
0.111308 0.045 0.045 0.045 0.0135 -0.0135 0.0425 6.12323e-17 1 -6.12323e-17 3.7494e-33 
0.10748 0.045 0.045 0.045 0.0225 0.0135 0.0425 -0.587785 0.809017 -4.9538e-17 -3.59915e-17 
0.100953 0.045 0.045 0.045 0.0225 -0.0225 0.0425 -0.587785 0.809017 -4.9538e-17 -3.59915e-17 
0.0989798 0.045 0.045 0.045 0.0045 -0.0135 0.0425 6.12323e-17 1 -6.12323e-17 3.7494e-33 
0.0949552 0.045 0.045 0.045 0.0045 -0.0045 0.0425 -0.587785 0.809017 -4.9538e-17 -3.59915e-17 
0.085515 0.045 0.045 0.045 -0.0135 0.0135 0.0425 0.951057 0.309017 1.89218e-17 5.82354e-17 
0.0844454 0.045 0.045 0.045 0.0225 -0.0045 0.0425 6.12323e-17 1 -6.12323e-17 3.7494e-33 
0.080031 0.045 0.045 0.045 0.0225 0.0225 0.0425 0.951057 0.309017 1.89218e-17 5.82354e-17 
0.0776886 0.045 0.045 0.045 -0.0225 0.0135 0.0425 0.951057 0.309017 1.89218e-17 5.82354e-17 
0.0766207 0.045 0.045 0.045 -0.0135 0.0135 0.0425 0.587785 0.809017 -4.9538e-17 3.59915e-17 
0.0704547 0.045 0.045 0.045 0.0045 -0.0225 0.0425 6.12323e-17 1 -6.12323e-17 3.7494e-33 
0.066544 0.045 0.045 0.045 -0.0225 -0.0045 0.0425 0.587785 0.809017 -4.9538e-17 3.59915e-17 
0.0662976 0.045 0.045 0.045 0.0135 0.0135 0.0425 -0.587785 0.809017 -4.9538e-17 -3.59915e-17 
0.0646307 0.045 0.045 0.045 0.0135 -0.0225 0.0425 6.12323e-17 1 -6.12323e-17 3.7494e-33 
0.0640709 0.045 0.045 0.045 0.0045 0.0045 0.0425 -0.587785 0.809017 -4.9538e-17 -3.59915e-17 
0.0625333 0.045 0.045 0.045 -0.0045 0.0225 0.0425 0.951057 -0.309017 -1.89218e-17 5.82354e-17 
0.0621391 0.045 0.045 0.045 -0.0225 0.0225 0.0425 0.951057 0.309017 1.89218e-17 5.82354e-17 
0.0605511 0.045 0.045 0.045 0.0225 -0.0135 0.0425 6.12323e-17 1 -6.12323e-17 3.7494e-33 
0.0571727 0.045 0.045 0.045 -0.0225 -0.0135 0.0425 0.587785 0.809017 -4.9538e-17 3.59915e-17 
0.0547074 0.045 0.045 0.045 -0.0045 -0.0135 0.0425 6.12323e-17 1 -6.12323e-17 3.7494e-33 
0.0544178 0.045 0.045 0.045 0.0135 0.0225 0.0425 0.951057 0.309017 1.89218e-17 5.82354e-17 
0.049511 0.045 0.045 0.045 -0.0135 0.0225 0.0425 0.951057 0.309017 1.89218e-17 5.82354e-17 
0.0487653 0.045 0.045 0.045 -0.0045 -0.0225 0.0425 6.12323e-17 1 -6.12323e-17 3.7494e-33 
0.0406694 0.045 0.045 0.045 0.0045 0.0225 0.0425 0.951057 0.309017 1.89218e-17 5.82354e-17 
0.0400092 0.045 0.045 0.045 -0.0045 0.0225 0.0425 0.951057 0.309017 1.89218e-17 5.82354e-17 
0.0369183 0.045 0.045 0.045 -0.0225 0.0045 0.0425 0.951057 0.309017 1.89218e-17 5.82354e-17 
0.0352984 0.045 0.045 0.045 -0.0225 0.0045 0.0425 0.587785 0.809017 -4.9538e-17 3.59915e-17 
0.0276802 0.045 0.045 0.045 -0.0045 0.0135 0.0425 0.951057 -0.309017 -1.89218e-17 5.82354e-17 
0.0248486 0.045 0.045 0.045 -0.0135 -0.0225 0.0425 0.587785 0.809017 -4.9538e-17 3.59915e-17 
0.0246814 0.045 0.045 0.045 -0.0135 -0.0225 0.0425 6.12323e-17 1 -6.12323e-17 3.7494e-33 
0.0237615 0.045 0.045 0.045 0.0225 0.0225 0.0425 -0.587785 0.809017 -4.9538e-17 -3.59915e-17 
0.0207011 0.045 0.045 0.045 -0.0225 -0.0225 0.0425 6.12323e-17 1 -6.12323e-17 3.7494e-33 
0.0198109 0.045 0.045 0.045 -0.0135 0.0045 0.0425 0.951057 0.309017 1.89218e-17 5.82354e-17 
0.00719708 0.045 0.045 0.045 -0.0135 -0.0135 0.0425 6.12323e-17 1 -6.12323e-17 3.7494e-33 
0.00471327 0.045 0.045 0.045 -0.0135 0.0225 0.0425 0.587785 0.809017 -4.9538e-17 3.59915e-17 
0.00375216 0.045 0.045 0.045 0.0225 -0.0225 0.0425 6.12323e-17 1 -6.12323e-17 3.7494e-33 
-0.000364982 0.045 0.045 0.045 0.0225 0.0045 0.0425 0.951057 -0.309017 -1.89218e-17 5.82354e-17 
-0.00907063 0.045 0.045 0.045 -0.0225 -0.0225 0.0425 0.587785 0.809017 -4.9538e-17 3.59915e-17 
-0.00964821 0.045 0.045 0.045 -0.0225 0.0135 0.0425 0.587785 0.809017 -4.9538e-17 3.59915e-17 
-0.0174684 0.045 0.045 0.045 -0.0225 -0.0135 0.0425 6.12323e-17 1 -6.12323e-17 3.7494e-33 
-0.0175988 0.045 0.045 0.045 0.0135 -0.0225 0.0425 -0.587785 0.809017 -4.9538e-17 -3.59915e-17 
-0.0191095 0.045 0.045 0.045 -0.0225 -0.0045 0.0425 0.951057 0.309017 1.89218e-17 5.82354e-17 
-0.0309775 0.045 0.045 0.045 -0.0225 0.0225 0.0425 0.587785 0.809017 -4.9538e-17 3.59915e-17 
-0.0380258 0.045 0.045 0.045 0.0045 -0.0135 0.0425 -0.587785 0.809017 -4.9538e-17 -3.59915e-17 
-0.311022 0.045 0.045 0.045 0.0045 -0.0225 0.0425 -0.587785 0.809017 -4.9538e-17 -3.59915e-17 
-0.784779 0.045 0.045 0.045 -0.0135 0.0225 0.0425 0.951057 -0.309017 -1.89218e-17 5.82354e-17 
