16.2599 0.05 0.1 0.2 -0.045 -0.05 0.1 -0.572061 0.415627 -0.572061 0.415629 
16.2559 0.05 0.1 0.2 -0.045 -0.03 0.1 -0.572061 0.415627 -0.572061 0.415629 
16.229 0.05 0.1 0.2 -0.045 -0.01 0.1 -0.572061 0.415627 -0.572061 0.415629 
16.1681 0.05 0.1 0.2 -0.045 0.01 0.1 -0.572061 0.415627 -0.572061 0.415629 
16.0533 0.05 0.1 0.2 -0.045 0.03 0.1 -0.572061 0.415627 -0.572061 0.415629 
15.857 0.05 0.1 0.2 -0.045 0.05 0.1 -0.572061 0.415627 -0.572061 0.415629 
12.9399 0.05 0.1 0.2 -0.015 -0.07 0.1 -0.672499 0.218508 0.218508 0.672498 
11.5342 0.05 0.1 0.2 -0.005 -0.07 0.1 -0.672499 0.218508 0.218508 0.672498 
9.94973 0.05 0.1 0.2 0.005 -0.07 0.1 -0.672499 0.218508 0.218508 0.672498 
8.29407 0.05 0.1 0.2 0.015 -0.07 0.1 -0.672499 0.218508 0.218508 0.672498 
6.67545 0.05 0.1 0.2 0.025 -0.07 0.1 -0.672499 0.218508 0.218508 0.672498 
0.78486 0.05 0.1 0.2 -0.005 -0.07 0.1 -0.672499 -0.218508 -0.218508 0.672498 
0.780323 0.05 0.1 0.2 -0.015 -0.07 0.1 -0.672499 -0.218508 -0.218508 0.672498 
0.77737 0.05 0.1 0.2 0.005 -0.07 0.1 -0.672499 -0.218508 -0.218508 0.672498 
0.76677 0.05 0.1 0.2 -0.025 -0.07 0.1 -0.672499 -0.218508 -0.218508 0.672498 
0.754946 0.05 0.1 0.2 0.015 -0.07 0.1 -0.672499 -0.218508 -0.218508 0.672498 
0.714803 0.05 0.1 0.2 0.025 -0.07 0.1 -0.672499 -0.218508 -0.218508 0.672498 
0.44062 0.05 0.1 0.2 0.025 0.07 0.1 0.415627 -0.572061 0.572061 0.415629 
0.439924 0.05 0.1 0.2 0.015 0.07 0.1 0.415627 -0.572061 0.572061 0.415629 
0.359794 0.05 0.1 0.2 -0.045 -0.05 0.1 -0.218508 0.672498 -0.218508 0.672499 
0.272046 0.05 0.1 0.2 -0.045 -0.05 0.06 -0.218508 0.672498 -0.218508 0.672499 
0.260479 0.05 0.1 0.2 -0.025 -0.07 0.06 -0.415627 -0.572061 -0.572061 0.415629 
0.214432 0.05 0.1 0.2 0.045 -0.05 0.1 0.218508 -0.672498 -0.218508 0.672499 
0.191865 0.05 0.1 0.2 -0.045 -0.05 0.02 -0.218508 0.672498 -0.218508 0.672499 
0.14988 0.05 0.1 0.2 0.045 -0.05 0.06 0.218508 -0.672498 -0.218508 0.672499 
0.146106 0.05 0.1 0.2 -0.015 -0.07 0.06 -0.415627 -0.572061 -0.572061 0.415629 
0.117996 0.05 0.1 0.2 -0.045 -0.05 -0.02 -0.218508 0.672498 -0.218508 0.672499 
0.110491 0.05 0.1 0.2 -0.025 0.07 0.06 0.415627 0.572061 -0.572061 0.415629 
0.10869 0.05 0.1 0.2 -0.045 0.05 -0.02 0.707107 -4.32978e-17 0.707107 -4.32978e-17 
0.0844292 0.05 0.1 0.2 0.045 -0.05 0.02 0.218508 -0.672498 -0.218508 0.672499 
0.0809418 0.05 0.1 0.2 -0.025 0.05 0.12 0.951057 0.309017 1.89218e-17 5.82354e-17 
0.0770152 0.05 0.1 0.2 -0.015 -0.07 0.02 -0.415627 -0.572061 -0.572061 0.415629 
0.0572304 0.05 0.1 0.2 -0.025 -0.01 0.12 0.587785 0.809017 -4.9538e-17 3.59915e-17 
0.0558488 0.05 0.1 0.2 -0.025 -0.07 0.02 -0.415627 -0.572061 -0.572061 0.415629 
0.0503885 0.05 0.1 0.2 -0.025 0.01 0.12 0.587785 0.809017 -4.9538e-17 3.59915e-17 
0.0500691 0.05 0.1 0.2 -0.015 0.07 0.06 0.415627 0.572061 -0.572061 0.415629 
0.0489285 0.05 0.1 0.2 -0.015 -0.01 0.12 0.587785 0.809017 -4.9538e-17 3.59915e-17 
0.0484961 0.05 0.1 0.2 -0.025 0.07 -0.02 0.415627 0.572061 -0.572061 0.415629 
0.0379723 0.05 0.1 0.2 -0.015 0.07 -0.02 0.415627 0.572061 -0.572061 0.415629 
0.0374872 0.05 0.1 0.2 -0.025 0.07 0.02 0.415627 0.572061 -0.572061 0.415629 
0.0372859 0.05 0.1 0.2 0.045 -0.03 0.1 -0.218508 -0.672498 0.218508 0.672499 
0.0366097 0.05 0.1 0.2 -0.015 0.07 0.02 0.415627 0.572061 -0.572061 0.415629 
0.0361469 0.05 0.1 0.2 -0.015 0.01 0.12 0.587785 0.809017 -4.9538e-17 3.59915e-17 
0.0351516 0.05 0.1 0.2 -0.025 -0.03 0.12 0.587785 0.809017 -4.9538e-17 3.59915e-17 
0.0330342 0.05 0.1 0.2 -0.015 -0.03 0.12 0.587785 0.809017 -4.9538e-17 3.59915e-17 
0.0310803 0.05 0.1 0.2 0.025 -0.03 0.12 -0.587785 0.809017 -4.9538e-17 -3.59915e-17 
0.0277198 0.05 0.1 0.2 -0.015 0.05 0.12 0.951057 -0.309017 -1.89218e-17 5.82354e-17 
0.0258709 0.05 0.1 0.2 0.025 -0.01 0.12 -0.587785 0.809017 -4.9538e-17 -3.59915e-17 
0.0242527 0.05 0.1 0.2 -0.045 0.05 0.02 0.707107 -4.32978e-17 0.707107 -4.32978e-17 
0.0222657 0.05 0.1 0.2 -0.025 0.03 0.12 0.587785 0.809017 -4.9538e-17 3.59915e-17 
0.0204183 0.05 0.1 0.2 -0.005 0.05 0.12 0.951057 -0.309017 -1.89218e-17 5.82354e-17 
0.0154629 0.05 0.1 0.2 0.025 0.07 0.06 0.415627 -0.572061 0.572061 0.415629 
0.0136273 0.05 0.1 0.2 0.025 -0.05 0.12 -0.587785 0.809017 -4.9538e-17 -3.59915e-17 
0.0119524 0.05 0.1 0.2 -0.005 0.07 0.1 0.415627 0.572061 -0.572061 0.415629 
0.00964467 0.05 0.1 0.2 0.005 0.05 0.12 0.951057 -0.309017 -1.89218e-17 5.82354e-17 
0.00866139 0.05 0.1 0.2 -0.015 0.03 0.12 0.587785 0.809017 -4.9538e-17 3.59915e-17 
0.007505 0.05 0.1 0.2 0.015 -0.05 0.12 -0.587785 0.809017 -4.9538e-17 -3.59915e-17 
0.00535388 0.05 0.1 0.2 -0.025 0.03 0.12 0.951057 0.309017 1.89218e-17 5.82354e-17 
0.0031859 0.05 0.1 0.2 -0.025 -0.05 0.12 6.12323e-17 1 -6.12323e-17 3.7494e-33 
0.00313976 0.05 0.1 0.2 0.015 0.07 0.06 0.415627 -0.572061 0.572061 0.415629 
0.00223348 0.05 0.1 0.2 0.015 -0.01 0.12 -0.587785 0.809017 -4.9538e-17 -3.59915e-17 
0.00146323 0.05 0.1 0.2 0.005 -0.05 0.12 6.12323e-17 1 -6.12323e-17 3.7494e-33 
0.00102344 0.05 0.1 0.2 -0.005 -0.05 0.12 0.587785 0.809017 -4.9538e-17 3.59915e-17 
0.000762734 0.05 0.1 0.2 0.025 0.03 0.12 0.951057 -0.309017 -1.89218e-17 5.82354e-17 
0.000469127 0.05 0.1 0.2 0.015 0.05 0.12 0.951057 -0.309017 -1.89218e-17 5.82354e-17 
0.000385763 0.05 0.1 0.2 0.015 -0.05 0.12 6.12323e-17 1 -6.12323e-17 3.7494e-33 
-0.00031348 0.05 0.1 0.2 -0.005 -0.05 0.12 6.12323e-17 1 -6.12323e-17 3.7494e-33 
-0.000821708 0.05 0.1 0.2 -0.025 -0.05 0.12 0.587785 0.809017 -4.9538e-17 3.59915e-17 
-0.00083916 0.05 0.1 0.2 -0.015 -0.05 0.12 6.12323e-17 1 -6.12323e-17 3.7494e-33 
-0.00170142 0.05 0.1 0.2 0.015 -0.03 0.12 -0.587785 0.809017 -4.9538e-17 -3.59915e-17 
-0.00172058 0.05 0.1 0.2 -0.025 0.05 0.12 0.587785 0.809017 -4.9538e-17 3.59915e-17 
-0.00225637 0.05 0.1 0.2 -0.015 0.05 0.12 0.587785 0.809017 -4.9538e-17 3.59915e-17 
-0.00258789 0.05 0.1 0.2 0.025 0.05 0.12 0.951057 -0.309017 -1.89218e-17 5.82354e-17 
-0.00316294 0.05 0.1 0.2 -0.015 -0.05 0.12 0.587785 0.809017 -4.9538e-17 3.59915e-17 
-0.00840645 0.05 0.1 0.2 0.025 -0.05 0.12 6.12323e-17 1 -6.12323e-17 3.7494e-33 
-0.01458 0.05 0.1 0.2 -0.015 0.05 0.12 0.951057 0.309017 1.89218e-17 5.82354e-17 
-0.029858 0.05 0.1 0.2 0.045 -0.05 0.1 -0.218508 -0.672498 0.218508 0.672499 
-0.0503261 0.05 0.1 0.2 -0.045 0.05 0.06 0.707107 -4.32978e-17 0.707107 -4.32978e-17 
-0.0530995 0.05 0.1 0.2 0.045 -0.05 0.06 -0.218508 -0.672498 0.218508 0.672499 
-0.0996745 0.05 0.1 0.2 -0.005 0.05 0.12 0.951057 0.309017 1.89218e-17 5.82354e-17 
-0.115082 0.05 0.1 0.2 -0.045 0.05 0.1 0.707107 -4.32978e-17 0.707107 -4.32978e-17 
-0.116307 0.05 0.1 0.2 -0.015 0.07 0.1 0.415627 0.572061 -0.572061 0.415629 
-0.131997 0.05 0.1 0.2 -0.025 0.07 0.1 0.415627 0.572061 -0.572061 0.415629 
-0.215867 0.05 0.1 0.2 0.005 0.05 0.12 0.951057 0.309017 1.89218e-17 5.82354e-17 
-0.358325 0.05 0.1 0.2 0.045 0.05 0.1 0.707107 -4.32978e-17 -0.707107 4.32978e-17 
-0.404596 0.05 0.1 0.2 0.015 0.05 0.12 0.951057 0.309017 1.89218e-17 5.82354e-17 
-0.442846 0.05 0.1 0.2 0.045 0.05 0.06 0.707107 -4.32978e-17 -0.707107 4.32978e-17 
-0.508846 0.05 0.1 0.2 0.045 0.05 0.02 0.707107 -4.32978e-17 -0.707107 4.32978e-17 
-0.706959 0.05 0.1 0.2 0.025 0.05 0.12 0.951057 0.309017 1.89218e-17 5.82354e-17 
-0.798714 0.05 0.1 0.2 -0.015 -0.07 0.1 -0.415627 -0.572061 -0.572061 0.415629 
-0.854408 0.05 0.1 0.2 -0.025 -0.07 0.1 -0.415627 -0.572061 -0.572061 0.415629 
-2.03699 0.05 0.1 0.2 -0.045 -0.03 0.1 -0.218508 0.672498 -0.218508 0.672499 
-8.71419 0.05 0.1 0.2 0.025 0.07 0.1 -4.32978e-17 0.707107 -0.707107 4.32978e-17 
-13.5798 0.05 0.1 0.2 0.045 0.05 0.1 -0.572061 -0.415627 0.572061 0.415629 
-14.443 0.05 0.1 0.2 0.045 0.03 0.1 -0.572061 -0.415627 0.572061 0.415629 
-15.2464 0.05 0.1 0.2 0.045 0.01 0.1 -0.572061 -0.415627 0.572061 0.415629 
-17.6242 0.05 0.1 0.2 0.015 0.07 0.1 -4.32978e-17 0.707107 -0.707107 4.32978e-17 
-26.5653 0.05 0.1 0.2 0.005 0.07 0.1 -4.32978e-17 0.707107 -0.707107 4.32978e-17 
-35.5009 0.05 0.1 0.2 -0.005 0.07 0.1 -4.32978e-17 0.707107 -0.707107 4.32978e-17 
-44.3943 0.05 0.1 0.2 -0.015 0.07 0.1 -4.32978e-17 0.707107 -0.707107 4.32978e-17 
-53.2091 0.05 0.1 0.2 -0.025 0.07 0.1 -4.32978e-17 0.707107 -0.707107 4.32978e-17 
