0.832209 0.05 0.05 0.05 0.025 0.005 0.045 0.951057 -0.309017 -1.89218e-17 5.82354e-17 
0.485847 0.05 0.05 0.05 0.005 0.015 0.045 0.951057 -0.309017 -1.89218e-17 5.82354e-17 
0.46219 0.05 0.05 0.05 -0.005 0.015 0.045 0.951057 -0.309017 -1.89218e-17 5.82354e-17 
0.436438 0.05 0.05 0.05 0.015 0.015 0.045 0.951057 -0.309017 -1.89218e-17 5.82354e-17 
0.327368 0.05 0.05 0.05 0.025 0.025 0.045 -0.587785 0.809017 -4.9538e-17 -3.59915e-17 
0.292937 0.05 0.05 0.05 0.025 0.015 0.045 0.951057 -0.309017 -1.89218e-17 5.82354e-17 
0.250359 0.05 0.05 0.05 0.025 -0.015 0.045 6.12323e-17 1 -6.12323e-17 3.7494e-33 
0.235016 0.05 0.05 0.05 0.025 0.015 0.045 -0.587785 0.809017 -4.9538e-17 -3.59915e-17 
0.180347 0.05 0.05 0.05 0.015 -0.015 0.045 6.12323e-17 1 -6.12323e-17 3.7494e-33 
0.165908 0.05 0.05 0.05 0.025 0.005 0.045 -0.587785 0.809017 -4.9538e-17 -3.59915e-17 
0.155496 0.05 0.05 0.05 -0.015 -0.005 0.045 0.587785 0.809017 -4.9538e-17 3.59915e-17 
0.135306 0.05 0.05 0.05 -0.015 -0.015 0.045 0.587785 0.809017 -4.9538e-17 3.59915e-17 
0.134558 0.05 0.05 0.05 0.015 0.025 0.045 0.951057 -0.309017 -1.89218e-17 5.82354e-17 
0.131796 0.05 0.05 0.05 -0.005 -0.025 0.045 6.12323e-17 1 -6.12323e-17 3.7494e-33 
0.126111 0.05 0.05 0.05 0.005 -0.025 0.045 6.12323e-17 1 -6.12323e-17 3.7494e-33 
0.124652 0.05 0.05 0.05 0.025 -0.005 0.045 -0.587785 0.809017 -4.9538e-17 -3.59915e-17 
0.122521 0.05 0.05 0.05 -0.015 -0.025 0.045 6.12323e-17 1 -6.12323e-17 3.7494e-33 
0.116713 0.05 0.05 0.05 -0.015 0.005 0.045 0.587785 0.809017 -4.9538e-17 3.59915e-17 
0.115722 0.05 0.05 0.05 0.005 0.025 0.045 0.951057 -0.309017 -1.89218e-17 5.82354e-17 
0.115054 0.05 0.05 0.05 -0.025 -0.005 0.045 0.587785 0.809017 -4.9538e-17 3.59915e-17 
0.114461 0.05 0.05 0.05 0.005 -0.015 0.045 6.12323e-17 1 -6.12323e-17 3.7494e-33 
0.110803 0.05 0.05 0.05 0.015 -0.025 0.045 6.12323e-17 1 -6.12323e-17 3.7494e-33 
0.10304 0.05 0.05 0.05 0.025 -0.015 0.045 -0.587785 0.809017 -4.9538e-17 -3.59915e-17 
0.102291 0.05 0.05 0.05 0.015 0.015 0.045 -0.587785 0.809017 -4.9538e-17 -3.59915e-17 
0.100823 0.05 0.05 0.05 0.025 0.025 0.045 0.951057 -0.309017 -1.89218e-17 5.82354e-17 
0.0909387 0.05 0.05 0.05 -0.025 -0.015 0.045 0.587785 0.809017 -4.9538e-17 3.59915e-17 
0.0892434 0.05 0.05 0.05 -0.025 0.005 0.045 0.587785 0.809017 -4.9538e-17 3.59915e-17 
0.0877991 0.05 0.05 0.05 -0.025 -0.025 0.045 6.12323e-17 1 -6.12323e-17 3.7494e-33 
0.0863805 0.05 0.05 0.05 0.025 -0.025 0.045 6.12323e-17 1 -6.12323e-17 3.7494e-33 
0.0800627 0.05 0.05 0.05 0.025 -0.025 0.045 -0.587785 0.809017 -4.9538e-17 -3.59915e-17 
0.0746801 0.05 0.05 0.05 -0.005 -0.025 0.045 0.587785 0.809017 -4.9538e-17 3.59915e-17 
0.0694436 0.05 0.05 0.05 -0.015 -0.025 0.045 0.587785 0.809017 -4.9538e-17 3.59915e-17 
0.0692045 0.05 0.05 0.05 -0.005 0.025 0.045 0.951057 -0.309017 -1.89218e-17 5.82354e-17 
0.0552366 0.05 0.05 0.05 -0.005 -0.015 0.045 6.12323e-17 1 -6.12323e-17 3.7494e-33 
0.0508074 0.05 0.05 0.05 -0.025 0.025 0.045 0.951057 0.309017 1.89218e-17 5.82354e-17 
0.0502421 0.05 0.05 0.05 0.015 -0.025 0.045 -0.587785 0.809017 -4.9538e-17 -3.59915e-17 
0.0387165 0.05 0.05 0.05 -0.025 0.015 0.045 0.951057 0.309017 1.89218e-17 5.82354e-17 
0.036065 0.05 0.05 0.05 -0.015 0.015 0.045 0.587785 0.809017 -4.9538e-17 3.59915e-17 
0.0347435 0.05 0.05 0.05 -0.025 -0.025 0.045 0.587785 0.809017 -4.9538e-17 3.59915e-17 
0.0322141 0.05 0.05 0.05 0.015 0.005 0.045 -0.587785 0.809017 -4.9538e-17 -3.59915e-17 
0.0320105 0.05 0.05 0.05 0.005 -0.025 0.045 0.587785 0.809017 -4.9538e-17 3.59915e-17 
0.0281904 0.05 0.05 0.05 0.015 -0.015 0.045 -0.587785 0.809017 -4.9538e-17 -3.59915e-17 
0.026293 0.05 0.05 0.05 -0.025 0.015 0.045 0.587785 0.809017 -4.9538e-17 3.59915e-17 
0.0232948 0.05 0.05 0.05 -0.015 0.025 0.045 0.951057 0.309017 1.89218e-17 5.82354e-17 
0.019284 0.05 0.05 0.05 -0.015 0.025 0.045 0.951057 -0.309017 -1.89218e-17 5.82354e-17 
0.0126853 0.05 0.05 0.05 0.015 -0.005 0.045 -0.587785 0.809017 -4.9538e-17 -3.59915e-17 
0.0106675 0.05 0.05 0.05 -0.025 0.005 0.045 0.951057 0.309017 1.89218e-17 5.82354e-17 
0.000448238 0.05 0.05 0.05 -0.015 -0.015 0.045 6.12323e-17 1 -6.12323e-17 3.7494e-33 
-0.0187916 0.05 0.05 0.05 -0.015 0.015 0.045 0.951057 0.309017 1.89218e-17 5.82354e-17 
-0.0307427 0.05 0.05 0.05 -0.025 0.025 0.045 0.587785 0.809017 -4.9538e-17 3.59915e-17 
-0.0379739 0.05 0.05 0.05 -0.005 0.025 0.045 0.951057 0.309017 1.89218e-17 5.82354e-17 
-0.0387079 0.05 0.05 0.05 -0.015 0.025 0.045 0.587785 0.809017 -4.9538e-17 3.59915e-17 
-0.0576889 0.05 0.05 0.05 -0.025 -0.015 0.045 6.12323e-17 1 -6.12323e-17 3.7494e-33 
-0.0622122 0.05 0.05 0.05 -0.025 -0.005 0.045 0.951057 0.309017 1.89218e-17 5.82354e-17 
-0.105031 0.05 0.05 0.05 0.005 0.025 0.045 0.951057 0.309017 1.89218e-17 5.82354e-17 
-0.155941 0.05 0.05 0.05 0.015 0.025 0.045 0.951057 0.309017 1.89218e-17 5.82354e-17 
-0.174951 0.05 0.05 0.05 0.025 0.025 0.045 0.951057 0.309017 1.89218e-17 5.82354e-17 
