0 0.065 0.065 0.17 -0.0525 -0.0325 -0.017 -0.218508 0.672498 -0.218508 0.672499 
0 0.065 0.065 0.17 -0.0525 -0.0325 0.017 -0.218508 0.672498 -0.218508 0.672499 
0 0.065 0.065 0.17 0.0525 -0.0325 0.051 0.218508 -0.672498 -0.218508 0.672499 
0 0.065 0.065 0.17 0.0525 -0.0325 0.051 -0.218508 -0.672498 0.218508 0.672499 
0 0.065 0.065 0.17 -0.0525 -0.0325 0.051 -0.218508 0.672498 -0.218508 0.672499 
0 0.065 0.065 0.17 0.0525 -0.0325 0.085 0.218508 -0.672498 -0.218508 0.672499 
0 0.065 0.065 0.17 0.0525 -0.0325 0.085 -0.218508 -0.672498 0.218508 0.672499 
0 0.065 0.065 0.17 -0.0525 -0.0325 0.085 -0.572061 0.415627 -0.572061 0.415629 
0 0.065 0.065 0.17 -0.0525 -0.0325 0.085 -0.218508 0.672498 -0.218508 0.672499 
0 0.065 0.065 0.17 0.0525 -0.0195 0.085 -0.218508 -0.672498 0.218508 0.672499 
0 0.065 0.065 0.17 0.0525 -0.0195 0.085 -0.572061 -0.415627 0.572061 0.415629 
0 0.065 0.065 0.17 -0.0525 -0.0195 0.085 -0.572061 0.415627 -0.572061 0.415629 
0 0.065 0.065 0.17 -0.0525 -0.0195 0.085 -0.218508 0.672498 -0.218508 0.672499 
0 0.065 0.065 0.17 0.0525 -0.0065 0.085 -0.572061 -0.415627 0.572061 0.415629 
0 0.065 0.065 0.17 -0.0525 -0.0065 0.085 -0.572061 0.415627 -0.572061 0.415629 
0 0.065 0.065 0.17 -0.0525 -0.0065 0.085 -0.218508 0.672498 -0.218508 0.672499 
0 0.065 0.065 0.17 0.0525 0.0065 0.085 -0.572061 -0.415627 0.572061 0.415629 
0 0.065 0.065 0.17 -0.0525 0.0065 0.085 -0.572061 0.415627 -0.572061 0.415629 
0 0.065 0.065 0.17 -0.0525 0.0195 0.051 0.707107 -4.32978e-17 0.707107 -4.32978e-17 
0 0.065 0.065 0.17 0.0525 0.0195 0.085 -0.572061 -0.415627 0.572061 0.415629 
0 0.065 0.065 0.17 -0.0525 0.0195 0.085 0.707107 -4.32978e-17 0.707107 -4.32978e-17 
0 0.065 0.065 0.17 -0.0525 0.0195 0.085 -0.572061 0.415627 -0.572061 0.415629 
0 0.065 0.065 0.17 0.0525 0.0325 0.017 0.707107 -4.32978e-17 -0.707107 4.32978e-17 
0 0.065 0.065 0.17 -0.0525 0.0325 0.017 0.707107 -4.32978e-17 0.707107 -4.32978e-17 
0 0.065 0.065 0.17 0.0525 0.0325 0.051 0.707107 -4.32978e-17 -0.707107 4.32978e-17 
0 0.065 0.065 0.17 -0.0525 0.0325 0.051 0.707107 -4.32978e-17 0.707107 -4.32978e-17 
0 0.065 0.065 0.17 0.0525 0.0325 0.085 0.707107 -4.32978e-17 -0.707107 4.32978e-17 
0 0.065 0.065 0.17 0.0525 0.0325 0.085 -0.572061 -0.415627 0.572061 0.415629 
0 0.065 0.065 0.17 -0.0525 0.0325 0.085 0.707107 -4.32978e-17 0.707107 -4.32978e-17 
0 0.065 0.065 0.17 -0.0525 0.0325 0.085 -0.572061 0.415627 -0.572061 0.415629 
0 0.065 0.065 0.17 -0.0325 0.0525 0.017 0.415627 0.572061 -0.572061 0.415629 
-0.000520721 0.065 0.065 0.17 -0.0325 -0.0525 0.017 -0.415627 -0.572061 -0.572061 0.415629 
0 0.065 0.065 0.17 -0.0325 0.0525 0.051 0.415627 0.572061 -0.572061 0.415629 
0 0.065 0.065 0.17 -0.0325 -0.0525 0.051 -0.415627 -0.572061 -0.572061 0.415629 
0 0.065 0.065 0.17 -0.0325 -0.0525 0.051 -0.672499 -0.218508 -0.218508 0.672498 
0 0.065 0.065 0.17 -0.0325 0.0525 0.085 -8.65956e-17 0.707107 -0.707107 4.32978e-17 
0 0.065 0.065 0.17 -0.0325 0.0525 0.085 0.415627 0.572061 -0.572061 0.415629 
0 0.065 0.065 0.17 -0.0325 -0.0525 0.085 -0.415627 -0.572061 -0.572061 0.415629 
0 0.065 0.065 0.17 -0.0325 -0.0525 0.085 -0.672499 -0.218508 -0.218508 0.672498 
0.101732 0.065 0.065 0.17 -0.0195 0.0525 0.017 0.415627 0.572061 -0.572061 0.415629 
0.734538 0.065 0.065 0.17 -0.0195 -0.0525 0.017 -0.415627 -0.572061 -0.572061 0.415629 
0.018278 0.065 0.065 0.17 -0.0195 0.0525 0.051 0.415627 0.572061 -0.572061 0.415629 
0 0.065 0.065 0.17 -0.0195 -0.0525 0.051 -0.415627 -0.572061 -0.572061 0.415629 
0 0.065 0.065 0.17 -0.0195 0.0525 0.085 -8.65956e-17 0.707107 -0.707107 4.32978e-17 
0.0381096 0.065 0.065 0.17 -0.0195 0.0525 0.085 0.415627 0.572061 -0.572061 0.415629 
0 0.065 0.065 0.17 -0.0195 -0.0525 0.085 -0.415627 -0.572061 -0.572061 0.415629 
0 0.065 0.065 0.17 -0.0195 -0.0525 0.085 -0.672499 -0.218508 -0.218508 0.672498 
0 0.065 0.065 0.17 -0.0065 0.0525 0.085 -8.65956e-17 0.707107 -0.707107 4.32978e-17 
0.0373153 0.065 0.065 0.17 -0.0065 0.0525 0.085 0.415627 0.572061 -0.572061 0.415629 
0 0.065 0.065 0.17 -0.0065 -0.0525 0.085 -0.672499 -0.218508 -0.218508 0.672498 
0 0.065 0.065 0.17 0.0065 0.0525 0.085 -8.65956e-17 0.707107 -0.707107 4.32978e-17 
0 0.065 0.065 0.17 0.0065 -0.0525 0.085 -0.672499 -0.218508 -0.218508 0.672498 
0 0.065 0.065 0.17 0.0195 0.0525 0.051 0.415627 -0.572061 0.572061 0.415629 
0 0.065 0.065 0.17 0.0195 0.0525 0.085 -8.65956e-17 0.707107 -0.707107 4.32978e-17 
0 0.065 0.065 0.17 0.0195 0.0525 0.085 0.415627 -0.572061 0.572061 0.415629 
0 0.065 0.065 0.17 0.0195 -0.0525 0.085 -0.672499 -0.218508 -0.218508 0.672498 
0 0.065 0.065 0.17 0.0325 0.0525 0.051 0.415627 -0.572061 0.572061 0.415629 
0 0.065 0.065 0.17 0.0325 0.0525 0.085 -8.65956e-17 0.707107 -0.707107 4.32978e-17 
0 0.065 0.065 0.17 0.0325 0.0525 0.085 0.415627 -0.572061 0.572061 0.415629 
0 0.065 0.065 0.17 0.0325 -0.0525 0.085 -0.672499 -0.218508 -0.218508 0.672498 
0 0.065 0.065 0.17 -0.0325 -0.0325 0.105 6.12323e-17 1 -6.12323e-17 3.7494e-33 
0 0.065 0.065 0.17 -0.0325 -0.0325 0.105 0.587785 0.809017 -4.9538e-17 3.59915e-17 
0 0.065 0.065 0.17 -0.0325 -0.0195 0.105 6.12323e-17 1 -6.12323e-17 3.7494e-33 
0.0214232 0.065 0.065 0.17 -0.0325 -0.0195 0.105 0.587785 0.809017 -4.9538e-17 3.59915e-17 
0 0.065 0.065 0.17 -0.0325 -0.0065 0.105 0.587785 0.809017 -4.9538e-17 3.59915e-17 
0.111983 0.065 0.065 0.17 -0.0325 0.0065 0.105 0.587785 0.809017 -4.9538e-17 3.59915e-17 
0.15531 0.065 0.065 0.17 -0.0325 0.0065 0.105 0.951057 0.309017 3.78436e-17 5.82354e-17 
0 0.065 0.065 0.17 -0.0325 0.0195 0.105 0.587785 0.809017 -4.9538e-17 3.59915e-17 
0.000627094 0.065 0.065 0.17 -0.0325 0.0195 0.105 0.951057 0.309017 3.78436e-17 5.82354e-17 
0 0.065 0.065 0.17 -0.0325 0.0325 0.105 0.587785 0.809017 -4.9538e-17 3.59915e-17 
0 0.065 0.065 0.17 -0.0325 0.0325 0.105 0.951057 0.309017 3.78436e-17 5.82354e-17 
0 0.065 0.065 0.17 -0.0195 -0.0325 0.105 6.12323e-17 1 -6.12323e-17 3.7494e-33 
0 0.065 0.065 0.17 -0.0195 -0.0325 0.105 0.587785 0.809017 -4.9538e-17 3.59915e-17 
0 0.065 0.065 0.17 -0.0195 -0.0195 0.105 6.12323e-17 1 -6.12323e-17 3.7494e-33 
0.0699346 0.065 0.065 0.17 -0.0195 -0.0195 0.105 0.587785 0.809017 -4.9538e-17 3.59915e-17 
0.501156 0.065 0.065 0.17 -0.0195 -0.0065 0.105 0.587785 0.809017 -4.9538e-17 3.59915e-17 
0 0.065 0.065 0.17 -0.0195 0.0065 0.105 0.587785 0.809017 -4.9538e-17 3.59915e-17 
0 0.065 0.065 0.17 -0.0195 0.0195 0.105 0.587785 0.809017 -4.9538e-17 3.59915e-17 
0.024731 0.065 0.065 0.17 -0.0195 0.0195 0.105 0.951057 0.309017 3.78436e-17 5.82354e-17 
0 0.065 0.065 0.17 -0.0195 0.0325 0.105 0.587785 0.809017 -4.9538e-17 3.59915e-17 
0 0.065 0.065 0.17 -0.0195 0.0325 0.105 0.951057 0.309017 3.78436e-17 5.82354e-17 
0.224099 0.065 0.065 0.17 -0.0065 -0.0325 0.105 6.12323e-17 1 -6.12323e-17 3.7494e-33 
0 0.065 0.065 0.17 -0.0065 -0.0325 0.105 0.587785 0.809017 -4.9538e-17 3.59915e-17 
0 0.065 0.065 0.17 -0.0065 -0.0195 0.105 6.12323e-17 1 -6.12323e-17 3.7494e-33 
0.12451 0.065 0.065 0.17 -0.0065 0.0325 0.105 0.951057 0.309017 3.78436e-17 5.82354e-17 
0.11607 0.065 0.065 0.17 0.0065 -0.0325 0.105 6.12323e-17 1 -6.12323e-17 3.7494e-33 
0 0.065 0.065 0.17 0.0065 -0.0195 0.105 6.12323e-17 1 -6.12323e-17 3.7494e-33 
0.019663 0.065 0.065 0.17 0.0065 0.0195 0.105 0.951057 -0.309017 -3.78436e-17 5.82354e-17 
0.0289594 0.065 0.065 0.17 0.0065 0.0325 0.105 0.951057 0.309017 3.78436e-17 5.82354e-17 
0 0.065 0.065 0.17 0.0195 -0.0325 0.105 6.12323e-17 1 -6.12323e-17 3.7494e-33 
0 0.065 0.065 0.17 0.0195 -0.0325 0.105 -0.587785 0.809017 -4.9538e-17 -3.59915e-17 
0.18166 0.065 0.065 0.17 0.0195 -0.0195 0.105 6.12323e-17 1 -6.12323e-17 3.7494e-33 
0.0430909 0.065 0.065 0.17 0.0195 -0.0195 0.105 -0.587785 0.809017 -4.9538e-17 -3.59915e-17 
0 0.065 0.065 0.17 0.0195 -0.0065 0.105 -0.587785 0.809017 -4.9538e-17 -3.59915e-17 
0.189256 0.065 0.065 0.17 0.0195 0.0065 0.105 -0.587785 0.809017 -4.9538e-17 -3.59915e-17 
0.12984 0.065 0.065 0.17 0.0195 0.0195 0.105 0.951057 -0.309017 -3.78436e-17 5.82354e-17 
0.00170623 0.065 0.065 0.17 0.0195 0.0325 0.105 0.951057 0.309017 3.78436e-17 5.82354e-17 
0 0.065 0.065 0.17 0.0325 -0.0325 0.105 6.12323e-17 1 -6.12323e-17 3.7494e-33 
-0.00101015 0.065 0.065 0.17 0.0325 -0.0325 0.105 -0.587785 0.809017 -4.9538e-17 -3.59915e-17 
-0.0407175 0.065 0.065 0.17 0.0325 -0.0195 0.105 -0.587785 0.809017 -4.9538e-17 -3.59915e-17 
0.148066 0.065 0.065 0.17 0.0325 -0.0065 0.105 -0.587785 0.809017 -4.9538e-17 -3.59915e-17 
0.103796 0.065 0.065 0.17 0.0325 0.0065 0.105 -0.587785 0.809017 -4.9538e-17 -3.59915e-17 
-0.0129588 0.065 0.065 0.17 0.0325 0.0195 0.105 0.951057 -0.309017 -3.78436e-17 5.82354e-17 
0.0364936 0.065 0.065 0.17 0.0325 0.0195 0.105 -0.587785 0.809017 -4.9538e-17 -3.59915e-17 
0 0.065 0.065 0.17 0.0325 0.0325 0.105 0.951057 0.309017 3.78436e-17 5.82354e-17 
