16.5372 0.062 0.11 0.094 1.73472e-18 0.075 0.0376 0.218508 0.672499 -0.672499 0.218502 
15.8577 0.062 0.11 0.094 -0.0062 0.075 0.0376 0.218508 0.672499 -0.672499 0.218502 
15.123 0.062 0.11 0.094 -0.0124 0.075 0.0376 0.218508 0.672499 -0.672499 0.218502 
14.6895 0.062 0.11 0.094 0.0062 0.075 0.047 0.218508 0.672499 -0.672499 0.218502 
14.4953 0.062 0.11 0.094 -0.031 0.075 0.0282 0.218508 0.672499 -0.672499 0.218502 
14.3413 0.062 0.11 0.094 -0.0186 0.075 0.0376 0.218508 0.672499 -0.672499 0.218502 
14.0666 0.062 0.11 0.094 1.73472e-18 0.075 0.047 0.218508 0.672499 -0.672499 0.218502 
13.521 0.062 0.11 0.094 -0.0248 0.075 0.0376 0.218508 0.672499 -0.672499 0.218502 
13.3895 0.062 0.11 0.094 -0.0062 0.075 0.047 0.218508 0.672499 -0.672499 0.218502 
12.671 0.062 0.11 0.094 -0.031 0.075 0.0376 0.218508 0.672499 -0.672499 0.218502 
12.6655 0.062 0.11 0.094 -0.0124 0.075 0.047 0.218508 0.672499 -0.672499 0.218502 
11.9022 0.062 0.11 0.094 -0.0186 0.075 0.047 0.218508 0.672499 -0.672499 0.218502 
11.1077 0.062 0.11 0.094 -0.0248 0.075 0.047 0.218508 0.672499 -0.672499 0.218502 
10.2903 0.062 0.11 0.094 -0.031 0.075 0.047 0.218508 0.672499 -0.672499 0.218502 
10.0847 0.062 0.11 0.094 -0.0062 -0.075 0.047 -0.672499 0.218508 0.218508 0.672498 
7.94414 0.062 0.11 0.094 1.73472e-18 -0.075 0.047 -0.672499 0.218508 0.218508 0.672498 
7.43566 0.062 0.11 0.094 1.73472e-18 -0.075 0.0376 -0.672499 0.218508 0.218508 0.672498 
5.74293 0.062 0.11 0.094 0.0062 -0.075 0.047 -0.672499 0.218508 0.218508 0.672498 
5.20764 0.062 0.11 0.094 0.0062 -0.075 0.0376 -0.672499 0.218508 0.218508 0.672498 
3.50401 0.062 0.11 0.094 0.0124 -0.075 0.047 -0.672499 0.218508 0.218508 0.672498 
2.94288 0.062 0.11 0.094 0.0124 -0.075 0.0376 -0.672499 0.218508 0.218508 0.672498 
1.25095 0.062 0.11 0.094 0.0186 -0.075 0.047 -0.672499 0.218508 0.218508 0.672498 
0.703275 0.062 0.11 0.094 -0.031 0.075 0.047 -4.32978e-17 0.707107 -0.707107 4.32978e-17 
0.665586 0.062 0.11 0.094 0.0186 -0.075 0.0376 -0.672499 0.218508 0.218508 0.672498 
0.626262 0.062 0.11 0.094 -0.0248 0.075 0.047 -4.32978e-17 0.707107 -0.707107 4.32978e-17 
0.545349 0.062 0.11 0.094 -0.0186 0.075 0.047 -4.32978e-17 0.707107 -0.707107 4.32978e-17 
0.461245 0.062 0.11 0.094 -0.0124 0.075 0.047 -4.32978e-17 0.707107 -0.707107 4.32978e-17 
0.414645 0.062 0.11 0.094 0.0248 -0.075 0.047 -0.707107 0 0 0.707106 
0.374701 0.062 0.11 0.094 -0.0062 0.075 0.047 -4.32978e-17 0.707107 -0.707107 4.32978e-17 
0.365133 0.062 0.11 0.094 -0.031 0.075 0.047 0.415627 0.572061 -0.572061 0.415629 
0.365053 0.062 0.11 0.094 -0.031 0.075 0.0376 0.415627 0.572061 -0.572061 0.415629 
0.361057 0.062 0.11 0.094 0.0186 -0.075 0.047 -0.707107 0 0 0.707106 
0.336441 0.062 0.11 0.094 -0.031 0.075 0.0282 0.415627 0.572061 -0.572061 0.415629 
0.316526 0.062 0.11 0.094 -0.031 -0.075 0.047 -0.415627 -0.572061 -0.572061 0.415629 
0.305356 0.062 0.11 0.094 0.0124 -0.075 0.047 -0.707107 0 0 0.707106 
0.286502 0.062 0.11 0.094 1.73472e-18 0.075 0.047 -4.32978e-17 0.707107 -0.707107 4.32978e-17 
0.271111 0.062 0.11 0.094 -0.031 -3.46945e-18 0.067 0.809017 0.587785 3.59914e-17 4.9538e-17 
0.255039 0.062 0.11 0.094 -0.031 0.011 0.067 0.809017 0.587785 3.59914e-17 4.9538e-17 
0.248039 0.062 0.11 0.094 0.0062 -0.075 0.047 -0.707107 0 0 0.707106 
0.213201 0.062 0.11 0.094 0.0248 0.075 0.047 0.572061 -0.415627 0.415627 0.572062 
0.197451 0.062 0.11 0.094 0.0062 0.075 0.047 -4.32978e-17 0.707107 -0.707107 4.32978e-17 
0.195955 0.062 0.11 0.094 -0.031 0.011 0.067 0.587785 0.809017 -4.9538e-17 3.59915e-17 
0.195884 0.062 0.11 0.094 -0.031 0.022 0.067 0.587785 0.809017 -4.9538e-17 3.59915e-17 
0.189625 0.062 0.11 0.094 1.73472e-18 -0.075 0.047 -0.707107 0 0 0.707106 
0.186612 0.062 0.11 0.094 -0.031 -3.46945e-18 0.067 0.587785 0.809017 -4.9538e-17 3.59915e-17 
0.180849 0.062 0.11 0.094 -0.031 -0.011 0.067 0.587785 0.809017 -4.9538e-17 3.59915e-17 
0.180033 0.062 0.11 0.094 -0.031 -0.022 0.067 0.587785 0.809017 -4.9538e-17 3.59915e-17 
0.173908 0.062 0.11 0.094 -0.031 -0.033 0.067 0.587785 0.809017 -4.9538e-17 3.59915e-17 
0.170201 0.062 0.11 0.094 -0.031 0.033 0.067 0.587785 0.809017 -4.9538e-17 3.59915e-17 
0.159343 0.062 0.11 0.094 -0.031 0.022 0.067 0.951057 0.309017 1.89218e-17 5.82354e-17 
0.15687 0.062 0.11 0.094 -0.0248 -0.075 0.047 -0.415627 -0.572061 -0.572061 0.415629 
0.150782 0.062 0.11 0.094 -0.031 -0.044 0.067 0.587785 0.809017 -4.9538e-17 3.59915e-17 
0.144991 0.062 0.11 0.094 -0.0248 0.075 0.047 0.415627 0.572061 -0.572061 0.415629 
0.141287 0.062 0.11 0.094 0.0248 -0.075 0.0376 -0.572061 0.415627 0.415627 0.572062 
0.138451 0.062 0.11 0.094 0.0248 -0.075 0.0282 -0.572061 0.415627 0.415627 0.572062 
0.133696 0.062 0.11 0.094 0.0248 -0.075 0.047 -0.572061 0.415627 0.415627 0.572062 
0.132933 0.062 0.11 0.094 -0.0248 0.075 0.0376 0.415627 0.572061 -0.572061 0.415629 
0.130965 0.062 0.11 0.094 -0.031 0.022 0.067 0.809017 0.587785 3.59914e-17 4.9538e-17 
0.130647 0.062 0.11 0.094 -0.0062 -0.075 0.047 -0.707107 0 0 0.707106 
0.11681 0.062 0.11 0.094 -0.031 -0.055 0.067 0.587785 0.809017 -4.9538e-17 3.59915e-17 
0.112403 0.062 0.11 0.094 -0.031 0.044 0.067 0.587785 0.809017 -4.9538e-17 3.59915e-17 
0.109399 0.062 0.11 0.094 -0.0248 0.075 0.0282 0.415627 0.572061 -0.572061 0.415629 
0.108357 0.062 0.11 0.094 0.0124 0.075 0.047 -4.32978e-17 0.707107 -0.707107 4.32978e-17 
0.0849249 0.062 0.11 0.094 -0.031 0.055 0.067 0.951057 0.309017 1.89218e-17 5.82354e-17 
0.0843911 0.062 0.11 0.094 0.0186 0.075 0.047 0.572061 -0.415627 0.415627 0.572062 
0.0835271 0.062 0.11 0.094 -0.0186 -0.075 0.047 -0.415627 -0.572061 -0.572061 0.415629 
0.0821396 0.062 0.11 0.094 -0.0248 0.011 0.067 0.809017 0.587785 3.59914e-17 4.9538e-17 
0.0820096 0.062 0.11 0.094 0.0248 -0.011 0.067 -0.587785 0.809017 -4.9538e-17 -3.59915e-17 
0.0773031 0.062 0.11 0.094 -0.031 -0.044 0.067 0.309017 0.951057 -5.82354e-17 1.89218e-17 
0.0759718 0.062 0.11 0.094 -0.031 -0.055 0.067 0.309017 0.951057 -5.82354e-17 1.89218e-17 
0.075971 0.062 0.11 0.094 0.0248 -0.055 0.067 -0.309017 0.951057 -5.82354e-17 -1.89218e-17 
0.0759604 0.062 0.11 0.094 -0.0248 0.055 0.067 0.951057 0.309017 1.89218e-17 5.82354e-17 
0.0716398 0.062 0.11 0.094 -0.0124 -0.075 0.047 -0.707107 0 0 0.707106 
0.0645371 0.062 0.11 0.094 -0.031 -0.033 0.067 0.309017 0.951057 -5.82354e-17 1.89218e-17 
0.0583404 0.062 0.11 0.094 -0.0248 0.011 0.067 0.587785 0.809017 -4.9538e-17 3.59915e-17 
0.0583342 0.062 0.11 0.094 0.0248 -0.011 0.067 0.809017 -0.587785 -3.59914e-17 4.9538e-17 
0.0560781 0.062 0.11 0.094 0.0248 -0.022 0.067 0.809017 -0.587785 -3.59914e-17 4.9538e-17 
0.0560683 0.062 0.11 0.094 -0.0248 0.022 0.067 0.587785 0.809017 -4.9538e-17 3.59915e-17 
0.0555276 0.062 0.11 0.094 -0.0248 -3.46945e-18 0.067 0.587785 0.809017 -4.9538e-17 3.59915e-17 
0.0555052 0.062 0.11 0.094 0.0248 -3.46945e-18 0.067 0.809017 -0.587785 -3.59914e-17 4.9538e-17 
0.0549038 0.062 0.11 0.094 0.0248 -0.022 0.067 -0.309017 0.951057 -5.82354e-17 -1.89218e-17 
0.0549015 0.062 0.11 0.094 -0.0248 0.022 0.067 0.951057 0.309017 1.89218e-17 5.82354e-17 
0.0540817 0.062 0.11 0.094 -0.0248 -0.011 0.067 0.587785 0.809017 -4.9538e-17 3.59915e-17 
0.0540334 0.062 0.11 0.094 0.0248 0.011 0.067 0.809017 -0.587785 -3.59914e-17 4.9538e-17 
0.0537966 0.062 0.11 0.094 -0.0248 -0.022 0.067 0.587785 0.809017 -4.9538e-17 3.59915e-17 
0.053737 0.062 0.11 0.094 0.0248 0.022 0.067 0.809017 -0.587785 -3.59914e-17 4.9538e-17 
0.0522804 0.062 0.11 0.094 -0.031 0.033 0.067 0.951057 0.309017 1.89218e-17 5.82354e-17 
0.0485881 0.062 0.11 0.094 -0.0248 -0.033 0.067 0.587785 0.809017 -4.9538e-17 3.59915e-17 
0.0485218 0.062 0.11 0.094 0.0248 0.033 0.067 0.809017 -0.587785 -3.59914e-17 4.9538e-17 
0.0457702 0.062 0.11 0.094 -0.0186 0.075 0.047 0.415627 0.572061 -0.572061 0.415629 
0.0439754 0.062 0.11 0.094 -0.031 0.033 0.067 0.809017 0.587785 3.59914e-17 4.9538e-17 
0.0421814 0.062 0.11 0.094 0.0248 -0.033 0.067 0.809017 -0.587785 -3.59914e-17 4.9538e-17 
0.0421484 0.062 0.11 0.094 -0.0248 0.033 0.067 0.587785 0.809017 -4.9538e-17 3.59915e-17 
0.0420939 0.062 0.11 0.094 -0.0186 0.075 0.0376 0.415627 0.572061 -0.572061 0.415629 
0.0379668 0.062 0.11 0.094 -0.031 0.055 0.067 0.587785 0.809017 -4.9538e-17 3.59915e-17 
0.0361175 0.062 0.11 0.094 -0.0248 -0.044 0.067 0.587785 0.809017 -4.9538e-17 3.59915e-17 
0.0360374 0.062 0.11 0.094 0.0248 0.044 0.067 0.809017 -0.587785 -3.59914e-17 4.9538e-17 
0.0353789 0.062 0.11 0.094 -0.0248 -0.055 0.067 0.587785 0.809017 -4.9538e-17 3.59915e-17 
0.0352771 0.062 0.11 0.094 0.0248 0.055 0.067 0.809017 -0.587785 -3.59914e-17 4.9538e-17 
0.0344478 0.062 0.11 0.094 -0.0186 0.075 0.0282 0.415627 0.572061 -0.572061 0.415629 
0.031307 0.062 0.11 0.094 -0.0248 0.022 0.067 0.809017 0.587785 3.59914e-17 4.9538e-17 
0.0311759 0.062 0.11 0.094 0.0248 -0.022 0.067 -0.587785 0.809017 -4.9538e-17 -3.59915e-17 
0.0280848 0.062 0.11 0.094 -0.031 0.044 0.067 0.951057 0.309017 1.89218e-17 5.82354e-17 
0.0263182 0.062 0.11 0.094 -0.0186 -0.011 0.067 0.587785 0.809017 -4.9538e-17 3.59915e-17 
0.0263182 0.062 0.11 0.094 0.0186 0.011 0.067 0.809017 -0.587785 -3.59914e-17 4.9538e-17 
0.02501 0.062 0.11 0.094 0.0186 -3.46945e-18 0.067 0.809017 -0.587785 -3.59914e-17 4.9538e-17 
0.02501 0.062 0.11 0.094 -0.0186 -3.46945e-18 0.067 0.587785 0.809017 -4.9538e-17 3.59915e-17 
0.0242221 0.062 0.11 0.094 0.0186 0.022 0.067 0.809017 -0.587785 -3.59914e-17 4.9538e-17 
0.0242205 0.062 0.11 0.094 -0.0186 -0.022 0.067 0.587785 0.809017 -4.9538e-17 3.59915e-17 
0.0222093 0.062 0.11 0.094 0.0186 -0.055 0.067 -0.309017 0.951057 -5.82354e-17 -1.89218e-17 
0.0221962 0.062 0.11 0.094 -0.0186 0.055 0.067 0.951057 0.309017 1.89218e-17 5.82354e-17 
0.0219329 0.062 0.11 0.094 0.0186 -0.011 0.067 0.809017 -0.587785 -3.59914e-17 4.9538e-17 
0.0219312 0.062 0.11 0.094 -0.0186 0.011 0.067 0.587785 0.809017 -4.9538e-17 3.59915e-17 
0.0201268 0.062 0.11 0.094 0.0248 -0.044 0.067 0.809017 -0.587785 -3.59914e-17 4.9538e-17 
0.0200627 0.062 0.11 0.094 -0.0248 0.044 0.067 0.587785 0.809017 -4.9538e-17 3.59915e-17 
0.0200288 0.062 0.11 0.094 0.0186 0.075 0.047 -4.32978e-17 0.707107 -0.707107 4.32978e-17 
0.0180727 0.062 0.11 0.094 -0.0124 0.075 0.047 0.415627 0.572061 -0.572061 0.415629 
0.0173884 0.062 0.11 0.094 0.0248 0.044 0.067 0.951057 -0.309017 -1.89218e-17 5.82354e-17 
0.0173592 0.062 0.11 0.094 -0.0248 -0.044 0.067 0.309017 0.951057 -5.82354e-17 1.89218e-17 
0.0167748 0.062 0.11 0.094 0.0186 -0.075 0.0376 -0.572061 0.415627 0.415627 0.572062 
0.0155707 0.062 0.11 0.094 0.0248 -0.044 0.067 -0.309017 0.951057 -5.82354e-17 -1.89218e-17 
0.0155701 0.062 0.11 0.094 -0.0248 0.044 0.067 0.951057 0.309017 1.89218e-17 5.82354e-17 
0.0150642 0.062 0.11 0.094 0.0186 -0.075 0.047 -0.572061 0.415627 0.415627 0.572062 
0.0149702 0.062 0.11 0.094 -0.0186 0.022 0.067 0.587785 0.809017 -4.9538e-17 3.59915e-17 
0.0149619 0.062 0.11 0.094 0.0186 -0.022 0.067 0.809017 -0.587785 -3.59914e-17 4.9538e-17 
0.0148728 0.062 0.11 0.094 0.0186 -0.075 0.0282 -0.572061 0.415627 0.415627 0.572062 
0.0147703 0.062 0.11 0.094 0.0186 0.033 0.067 0.809017 -0.587785 -3.59914e-17 4.9538e-17 
0.0147674 0.062 0.11 0.094 -0.0186 -0.033 0.067 0.587785 0.809017 -4.9538e-17 3.59915e-17 
0.0140238 0.062 0.11 0.094 -0.0186 0.055 0.067 0.587785 0.809017 -4.9538e-17 3.59915e-17 
0.0139848 0.062 0.11 0.094 0.0186 -0.055 0.067 0.809017 -0.587785 -3.59914e-17 4.9538e-17 
0.0131389 0.062 0.11 0.094 -0.0186 -0.075 0.047 -0.707107 0 0 0.707106 
0.0126474 0.062 0.11 0.094 0.0124 -0.075 0.047 -0.572061 0.415627 0.415627 0.572062 
0.012579 0.062 0.11 0.094 0.0248 -0.055 0.067 0.809017 -0.587785 -3.59914e-17 4.9538e-17 
0.0125256 0.062 0.11 0.094 -0.0248 0.055 0.067 0.587785 0.809017 -4.9538e-17 3.59915e-17 
0.0115235 0.062 0.11 0.094 -0.0248 -0.055 0.067 0.309017 0.951057 -5.82354e-17 1.89218e-17 
0.0113549 0.062 0.11 0.094 0.0248 0.055 0.067 0.951057 -0.309017 -1.89218e-17 5.82354e-17 
0.0107206 0.062 0.11 0.094 -0.0062 0.075 0.047 0.415627 0.572061 -0.572061 0.415629 
0.010047 0.062 0.11 0.094 -0.0062 -0.055 0.067 0.587785 0.809017 -4.9538e-17 3.59915e-17 
0.010046 0.062 0.11 0.094 0.0062 0.055 0.067 0.809017 -0.587785 -3.59914e-17 4.9538e-17 
0.00951528 0.062 0.11 0.094 0.0186 0.055 0.067 0.809017 -0.587785 -3.59914e-17 4.9538e-17 
0.00950986 0.062 0.11 0.094 -0.0186 -0.055 0.067 0.587785 0.809017 -4.9538e-17 3.59915e-17 
0.00908172 0.062 0.11 0.094 1.73472e-18 0.044 0.067 0.951057 -0.309017 -1.89218e-17 5.82354e-17 
0.00906982 0.062 0.11 0.094 1.73472e-18 -0.044 0.067 0.309017 0.951057 -5.82354e-17 1.89218e-17 
0.0079199 0.062 0.11 0.094 0.0248 -0.033 0.067 -0.309017 0.951057 -5.82354e-17 -1.89218e-17 
0.00791885 0.062 0.11 0.094 -0.0248 0.033 0.067 0.951057 0.309017 1.89218e-17 5.82354e-17 
0.00751356 0.062 0.11 0.094 0.0062 -0.055 0.067 0.309017 0.951057 -5.82354e-17 1.89218e-17 
0.00742793 0.062 0.11 0.094 -0.0062 0.055 0.067 0.951057 -0.309017 -1.89218e-17 5.82354e-17 
0.00729139 0.062 0.11 0.094 0.0124 0.055 0.067 0.809017 -0.587785 -3.59914e-17 4.9538e-17 
0.00728174 0.062 0.11 0.094 -0.0124 -0.055 0.067 0.587785 0.809017 -4.9538e-17 3.59915e-17 
0.00698873 0.062 0.11 0.094 1.73472e-18 -0.055 0.067 0.309017 0.951057 -5.82354e-17 1.89218e-17 
0.00688398 0.062 0.11 0.094 1.73472e-18 0.055 0.067 0.951057 -0.309017 -1.89218e-17 5.82354e-17 
0.00589942 0.062 0.11 0.094 0.0062 0.044 0.067 0.951057 -0.309017 -1.89218e-17 5.82354e-17 
0.00588346 0.062 0.11 0.094 -0.0062 -0.044 0.067 0.309017 0.951057 -5.82354e-17 1.89218e-17 
0.00498211 0.062 0.11 0.094 -0.0248 0.033 0.067 0.809017 0.587785 3.59914e-17 4.9538e-17 
0.00482262 0.062 0.11 0.094 0.0248 -0.033 0.067 -0.587785 0.809017 -4.9538e-17 -3.59915e-17 
0.00366779 0.062 0.11 0.094 -0.0124 0.044 0.067 1 0 0 6.12323e-17 
0.00366772 0.062 0.11 0.094 0.0124 -0.044 0.067 6.12323e-17 1 -6.12323e-17 3.7494e-33 
0.00335446 0.062 0.11 0.094 0.0186 -0.044 0.067 -0.309017 0.951057 -5.82354e-17 -1.89218e-17 
0.00335361 0.062 0.11 0.094 -0.0186 0.044 0.067 0.951057 0.309017 1.89218e-17 5.82354e-17 
0.00332937 0.062 0.11 0.094 -0.0186 0.055 0.067 0.809017 0.587785 3.59914e-17 4.9538e-17 
0.00330023 0.062 0.11 0.094 0.0186 -0.055 0.067 -0.587785 0.809017 -4.9538e-17 -3.59915e-17 
0.00319102 0.062 0.11 0.094 -0.0186 0.033 0.067 0.587785 0.809017 -4.9538e-17 3.59915e-17 
0.00318764 0.062 0.11 0.094 0.0186 -0.033 0.067 0.809017 -0.587785 -3.59914e-17 4.9538e-17 
0.00317178 0.062 0.11 0.094 0.0124 -0.055 0.067 -0.587785 0.809017 -4.9538e-17 -3.59915e-17 
0.00315606 0.062 0.11 0.094 -0.0124 0.055 0.067 0.809017 0.587785 3.59914e-17 4.9538e-17 
0.0025825 0.062 0.11 0.094 -0.0062 -0.055 0.067 0.309017 0.951057 -5.82354e-17 1.89218e-17 
0.00246258 0.062 0.11 0.094 0.0062 0.055 0.067 0.951057 -0.309017 -1.89218e-17 5.82354e-17 
0.0023018 0.062 0.11 0.094 0.0124 0.044 0.067 0.951057 -0.309017 -1.89218e-17 5.82354e-17 
0.00228062 0.062 0.11 0.094 -0.0124 -0.044 0.067 0.309017 0.951057 -5.82354e-17 1.89218e-17 
0.00214757 0.062 0.11 0.094 0.0186 -0.044 0.067 -0.587785 0.809017 -4.9538e-17 -3.59915e-17 
0.00214462 0.062 0.11 0.094 -0.0186 0.044 0.067 0.809017 0.587785 3.59914e-17 4.9538e-17 
0.00204164 0.062 0.11 0.094 -0.0186 0.044 0.067 1 0 0 6.12323e-17 
0.00204148 0.062 0.11 0.094 0.0186 -0.044 0.067 6.12323e-17 1 -6.12323e-17 3.7494e-33 
0.00169095 0.062 0.11 0.094 -0.0062 0.044 0.067 1 0 0 6.12323e-17 
0.00169077 0.062 0.11 0.094 0.0062 -0.044 0.067 6.12323e-17 1 -6.12323e-17 3.7494e-33 
0.00157363 0.062 0.11 0.094 0.0186 0.044 0.067 0.951057 -0.309017 -1.89218e-17 5.82354e-17 
0.00154843 0.062 0.11 0.094 -0.0186 -0.044 0.067 0.309017 0.951057 -5.82354e-17 1.89218e-17 
0.00145939 0.062 0.11 0.094 -0.0124 -0.044 0.067 6.12323e-17 1 -6.12323e-17 3.7494e-33 
0.00145925 0.062 0.11 0.094 0.0124 0.044 0.067 1 0 0 6.12323e-17 
0.00133071 0.062 0.11 0.094 -0.0186 -0.044 0.067 6.12323e-17 1 -6.12323e-17 3.7494e-33 
0.00133052 0.062 0.11 0.094 0.0186 0.044 0.067 1 0 0 6.12323e-17 
0.00103844 0.062 0.11 0.094 0.0186 0.044 0.067 0.809017 -0.587785 -3.59914e-17 4.9538e-17 
0.00103098 0.062 0.11 0.094 -0.0186 -0.044 0.067 0.587785 0.809017 -4.9538e-17 3.59915e-17 
0.000767754 0.062 0.11 0.094 -0.0124 0.044 0.067 0.809017 0.587785 3.59914e-17 4.9538e-17 
0.000766203 0.062 0.11 0.094 0.0124 -0.044 0.067 -0.587785 0.809017 -4.9538e-17 -3.59915e-17 
0.000400909 0.062 0.11 0.094 0.0062 0.044 0.067 1 0 0 6.12323e-17 
0.000400755 0.062 0.11 0.094 -0.0062 -0.044 0.067 6.12323e-17 1 -6.12323e-17 3.7494e-33 
0.000194592 0.062 0.11 0.094 1.73472e-18 -0.044 0.067 6.12323e-17 1 -6.12323e-17 3.7494e-33 
0.000194406 0.062 0.11 0.094 1.73472e-18 0.044 0.067 1 0 0 6.12323e-17 
5.66327e-07 0.062 0.11 0.094 0.051 0.055 0.047 0.707107 -4.32978e-17 -0.707107 4.32978e-17 
5.49308e-07 0.062 0.11 0.094 0.051 0.055 0.0376 0.707107 -4.32978e-17 -0.707107 4.32978e-17 
1.34777e-07 0.062 0.11 0.094 0.051 -0.055 0.047 0 -0.707107 0 0.707106 
1.34653e-07 0.062 0.11 0.094 0.051 -0.044 0.047 0 -0.707107 0 0.707106 
1.34588e-07 0.062 0.11 0.094 0.051 -0.055 0.0376 0 -0.707107 0 0.707106 
1.34364e-07 0.062 0.11 0.094 0.051 -0.044 0.0376 0 -0.707107 0 0.707106 
9.47276e-08 0.062 0.11 0.094 -0.051 0.055 0.0376 0.707107 -4.32978e-17 0.707107 -4.32978e-17 
9.39156e-08 0.062 0.11 0.094 -0.051 0.044 0.0376 0.707107 -4.32978e-17 0.707107 -4.32978e-17 
9.23878e-08 0.062 0.11 0.094 -0.051 0.055 0.047 0.707107 -4.32978e-17 0.707107 -4.32978e-17 
9.16073e-08 0.062 0.11 0.094 -0.051 0.044 0.047 0.707107 -4.32978e-17 0.707107 -4.32978e-17 
1.06896e-08 0.062 0.11 0.094 -0.051 -0.055 0.047 0 0.707107 0 0.707106 
1.02081e-08 0.062 0.11 0.094 -0.051 -0.055 0.0376 0 0.707107 0 0.707106 
-3.14002e-09 0.062 0.11 0.094 -0.051 -0.055 0.047 -0.415627 0.572061 -0.415627 0.572062 
-3.19493e-09 0.062 0.11 0.094 -0.051 -0.055 0.0376 -0.415627 0.572061 -0.415627 0.572062 
-4.78066e-09 0.062 0.11 0.094 -0.051 -0.044 0.047 -0.415627 0.572061 -0.415627 0.572062 
-4.79485e-09 0.062 0.11 0.094 -0.051 -0.044 0.0376 -0.415627 0.572061 -0.415627 0.572062 
-6.46774e-09 0.062 0.11 0.094 -0.051 -0.033 0.0376 -0.415627 0.572061 -0.415627 0.572062 
-6.49722e-09 0.062 0.11 0.094 -0.051 -0.033 0.047 -0.415627 0.572061 -0.415627 0.572062 
-8.18074e-09 0.062 0.11 0.094 -0.051 -0.022 0.0376 -0.415627 0.572061 -0.415627 0.572062 
-8.25644e-09 0.062 0.11 0.094 -0.051 -0.022 0.047 -0.415627 0.572061 -0.415627 0.572062 
-1.00178e-08 0.062 0.11 0.094 -0.051 -0.011 0.047 -0.415627 0.572061 -0.415627 0.572062 
-1.17441e-08 0.062 0.11 0.094 -0.051 -3.46945e-18 0.047 -0.415627 0.572061 -0.415627 0.572062 
-2.08376e-08 0.062 0.11 0.094 0.051 0.055 0.0376 -0.572061 -0.415627 0.572061 0.415629 
-2.11152e-08 0.062 0.11 0.094 0.051 0.055 0.047 -0.572061 -0.415627 0.572061 0.415629 
-2.15702e-08 0.062 0.11 0.094 0.051 0.044 0.0376 -0.572061 -0.415627 0.572061 0.415629 
-2.18611e-08 0.062 0.11 0.094 0.051 0.044 0.047 -0.572061 -0.415627 0.572061 0.415629 
-2.21696e-08 0.062 0.11 0.094 0.051 0.033 0.0376 -0.572061 -0.415627 0.572061 0.415629 
-2.24724e-08 0.062 0.11 0.094 0.051 0.033 0.047 -0.572061 -0.415627 0.572061 0.415629 
-2.26235e-08 0.062 0.11 0.094 0.051 0.022 0.0376 -0.572061 -0.415627 0.572061 0.415629 
-2.29365e-08 0.062 0.11 0.094 0.051 0.022 0.047 -0.572061 -0.415627 0.572061 0.415629 
-2.32451e-08 0.062 0.11 0.094 0.051 0.011 0.047 -0.572061 -0.415627 0.572061 0.415629 
-2.33971e-08 0.062 0.11 0.094 0.051 -3.46945e-18 0.047 -0.572061 -0.415627 0.572061 0.415629 
-3.50784e-07 0.062 0.11 0.094 -0.051 -0.022 0.047 -0.218508 0.672498 -0.218508 0.672499 
-3.73165e-07 0.062 0.11 0.094 -0.051 -0.033 0.047 -0.218508 0.672498 -0.218508 0.672499 
-3.80002e-07 0.062 0.11 0.094 -0.051 -0.055 0.0188 -0.218508 0.672498 -0.218508 0.672499 
-3.88385e-07 0.062 0.11 0.094 -0.051 -0.044 0.0376 -0.218508 0.672498 -0.218508 0.672499 
-3.90909e-07 0.062 0.11 0.094 -0.051 -0.055 0.0282 -0.218508 0.672498 -0.218508 0.672499 
-3.9133e-07 0.062 0.11 0.094 -0.051 -0.044 0.047 -0.218508 0.672498 -0.218508 0.672499 
-3.99248e-07 0.062 0.11 0.094 -0.051 -0.055 0.0376 -0.218508 0.672498 -0.218508 0.672499 
-4.0485e-07 0.062 0.11 0.094 -0.051 -0.055 0.047 -0.218508 0.672498 -0.218508 0.672499 
-4.4157e-07 0.062 0.11 0.094 0.051 0.022 0.047 -0.672498 -0.218508 0.672499 0.218508 
-4.76098e-07 0.062 0.11 0.094 0.051 0.033 0.047 -0.672498 -0.218508 0.672499 0.218508 
-5.04252e-07 0.062 0.11 0.094 0.051 0.044 0.047 -0.672498 -0.218508 0.672499 0.218508 
-5.15781e-07 0.062 0.11 0.094 0.051 0.044 0.0376 -0.672498 -0.218508 0.672499 0.218508 
-5.25413e-07 0.062 0.11 0.094 0.051 0.055 0.047 -0.672498 -0.218508 0.672499 0.218508 
-5.34916e-07 0.062 0.11 0.094 0.051 0.055 0.0376 -0.672498 -0.218508 0.672499 0.218508 
-5.40831e-07 0.062 0.11 0.094 0.051 0.055 0.0282 -0.672498 -0.218508 0.672499 0.218508 
-5.43025e-07 0.062 0.11 0.094 0.051 0.055 0.0188 -0.672498 -0.218508 0.672499 0.218508 
-9.41453e-05 0.062 0.11 0.094 0.0186 -0.022 0.067 -0.587785 0.809017 -4.9538e-17 -3.59915e-17 
-0.000101955 0.062 0.11 0.094 -0.0186 0.022 0.067 0.809017 0.587785 3.59914e-17 4.9538e-17 
-0.000695471 0.062 0.11 0.094 -0.0124 0.033 0.067 0.809017 0.587785 3.59914e-17 4.9538e-17 
-0.00069581 0.062 0.11 0.094 0.0124 -0.033 0.067 -0.587785 0.809017 -4.9538e-17 -3.59915e-17 
-0.000804593 0.062 0.11 0.094 -0.0124 0.022 0.067 0.809017 0.587785 3.59914e-17 4.9538e-17 
-0.000814931 0.062 0.11 0.094 0.0124 -0.022 0.067 -0.587785 0.809017 -4.9538e-17 -3.59915e-17 
-0.00196206 0.062 0.11 0.094 0.0124 0.055 0.067 1 0 0 6.12323e-17 
-0.00196315 0.062 0.11 0.094 -0.0124 -0.055 0.067 6.12323e-17 1 -6.12323e-17 3.7494e-33 
-0.00226763 0.062 0.11 0.094 -0.0124 0.055 0.067 1 0 0 6.12323e-17 
-0.00226793 0.062 0.11 0.094 0.0124 -0.055 0.067 6.12323e-17 1 -6.12323e-17 3.7494e-33 
-0.00229374 0.062 0.11 0.094 -0.0248 -0.044 0.067 6.12323e-17 1 -6.12323e-17 3.7494e-33 
-0.00229422 0.062 0.11 0.094 0.0248 0.044 0.067 1 0 0 6.12323e-17 
-0.0023176 0.062 0.11 0.094 -0.0186 0.055 0.067 1 0 0 6.12323e-17 
-0.00231766 0.062 0.11 0.094 0.0186 -0.055 0.067 6.12323e-17 1 -6.12323e-17 3.7494e-33 
-0.00241046 0.062 0.11 0.094 0.0062 0.055 0.067 1 0 0 6.12323e-17 
-0.00241127 0.062 0.11 0.094 -0.0062 -0.055 0.067 6.12323e-17 1 -6.12323e-17 3.7494e-33 
-0.00293027 0.062 0.11 0.094 0.0186 -0.033 0.067 -0.587785 0.809017 -4.9538e-17 -3.59915e-17 
-0.00293466 0.062 0.11 0.094 -0.0186 0.033 0.067 0.809017 0.587785 3.59914e-17 4.9538e-17 
-0.00333563 0.062 0.11 0.094 -0.0062 0.055 0.067 1 0 0 6.12323e-17 
-0.0033361 0.062 0.11 0.094 0.0062 -0.055 0.067 6.12323e-17 1 -6.12323e-17 3.7494e-33 
-0.00335995 0.062 0.11 0.094 1.73472e-18 0.055 0.067 1 0 0 6.12323e-17 
-0.00336062 0.062 0.11 0.094 1.73472e-18 -0.055 0.067 6.12323e-17 1 -6.12323e-17 3.7494e-33 
-0.00387094 0.062 0.11 0.094 -0.0124 -0.055 0.067 0.309017 0.951057 -5.82354e-17 1.89218e-17 
-0.00390076 0.062 0.11 0.094 -0.0248 0.044 0.067 0.809017 0.587785 3.59914e-17 4.9538e-17 
-0.00396777 0.062 0.11 0.094 0.0248 -0.044 0.067 -0.587785 0.809017 -4.9538e-17 -3.59915e-17 
-0.00400407 0.062 0.11 0.094 0.0186 0.055 0.067 1 0 0 6.12323e-17 
-0.00400532 0.062 0.11 0.094 -0.0186 -0.055 0.067 6.12323e-17 1 -6.12323e-17 3.7494e-33 
-0.00400737 0.062 0.11 0.094 0.0124 0.055 0.067 0.951057 -0.309017 -1.89218e-17 5.82354e-17 
-0.00518119 0.062 0.11 0.094 0.0186 -0.044 0.067 0.809017 -0.587785 -3.59914e-17 4.9538e-17 
-0.00518261 0.062 0.11 0.094 -0.0186 0.044 0.067 0.587785 0.809017 -4.9538e-17 3.59915e-17 
-0.0059446 0.062 0.11 0.094 -0.0186 -0.055 0.067 0.309017 0.951057 -5.82354e-17 1.89218e-17 
-0.00609773 0.062 0.11 0.094 0.0186 0.055 0.067 0.951057 -0.309017 -1.89218e-17 5.82354e-17 
-0.00858929 0.062 0.11 0.094 0.0248 -0.055 0.067 6.12323e-17 1 -6.12323e-17 3.7494e-33 
-0.00858997 0.062 0.11 0.094 -0.0248 0.055 0.067 1 0 0 6.12323e-17 
-0.0101432 0.062 0.11 0.094 0.0248 0.055 0.067 1 0 0 6.12323e-17 
-0.0101448 0.062 0.11 0.094 -0.0248 -0.055 0.067 6.12323e-17 1 -6.12323e-17 3.7494e-33 
-0.0107788 0.062 0.11 0.094 -0.0248 0.044 0.067 1 0 0 6.12323e-17 
-0.0107788 0.062 0.11 0.094 0.0248 -0.044 0.067 6.12323e-17 1 -6.12323e-17 3.7494e-33 
-0.0110903 0.062 0.11 0.094 -0.031 -0.044 0.067 6.12323e-17 1 -6.12323e-17 3.7494e-33 
-0.0126633 0.062 0.11 0.094 -0.031 0.044 0.067 0.809017 0.587785 3.59914e-17 4.9538e-17 
-0.0178889 0.062 0.11 0.094 0.0248 -0.055 0.067 -0.587785 0.809017 -4.9538e-17 -3.59915e-17 
-0.018068 0.062 0.11 0.094 -0.0248 0.055 0.067 0.809017 0.587785 3.59914e-17 4.9538e-17 
-0.0207554 0.062 0.11 0.094 -0.031 -0.055 0.067 6.12323e-17 1 -6.12323e-17 3.7494e-33 
-0.0240868 0.062 0.11 0.094 0.0062 -0.075 0.047 -0.572061 0.415627 0.415627 0.572062 
-0.0296799 0.062 0.11 0.094 -0.031 0.055 0.067 1 0 0 6.12323e-17 
-0.0443332 0.062 0.11 0.094 -0.0248 -0.075 0.047 -0.707107 0 0 0.707106 
-0.0667461 0.062 0.11 0.094 0.0248 0.075 0.047 -4.32978e-17 0.707107 -0.707107 4.32978e-17 
-0.0715785 0.062 0.11 0.094 -0.031 0.055 0.067 0.809017 0.587785 3.59914e-17 4.9538e-17 
-0.083014 0.062 0.11 0.094 0.0124 -0.055 0.067 -0.309017 0.951057 -5.82354e-17 -1.89218e-17 
-0.0830256 0.062 0.11 0.094 -0.0124 0.055 0.067 0.951057 0.309017 1.89218e-17 5.82354e-17 
-0.100273 0.062 0.11 0.094 -0.031 -0.075 0.047 -0.707107 0 0 0.707106 
-0.244743 0.062 0.11 0.094 0.0062 -0.055 0.067 -0.309017 0.951057 -5.82354e-17 -1.89218e-17 
-0.244753 0.062 0.11 0.094 -0.0062 0.055 0.067 0.951057 0.309017 1.89218e-17 5.82354e-17 
-0.466223 0.062 0.11 0.094 1.73472e-18 -0.055 0.067 -0.309017 0.951057 -5.82354e-17 -1.89218e-17 
-0.466237 0.062 0.11 0.094 1.73472e-18 0.055 0.067 0.951057 0.309017 1.89218e-17 5.82354e-17 
-0.74877 0.062 0.11 0.094 -0.0062 -0.055 0.067 -0.309017 0.951057 -5.82354e-17 -1.89218e-17 
-0.748796 0.062 0.11 0.094 0.0062 0.055 0.067 0.951057 0.309017 1.89218e-17 5.82354e-17 
-0.992516 0.062 0.11 0.094 0.0248 -0.075 0.047 -0.672499 0.218508 0.218508 0.672498 
-1.0917 0.062 0.11 0.094 -0.0124 -0.055 0.067 -0.309017 0.951057 -5.82354e-17 -1.89218e-17 
-1.09175 0.062 0.11 0.094 0.0124 0.055 0.067 0.951057 0.309017 1.89218e-17 5.82354e-17 
-1.49234 0.062 0.11 0.094 -0.0186 -0.055 0.067 -0.309017 0.951057 -5.82354e-17 -1.89218e-17 
-1.49244 0.062 0.11 0.094 0.0186 0.055 0.067 0.951057 0.309017 1.89218e-17 5.82354e-17 
-1.59985 0.062 0.11 0.094 0.0248 -0.075 0.0376 -0.672499 0.218508 0.218508 0.672498 
-1.94607 0.062 0.11 0.094 -0.0248 -0.055 0.067 -0.309017 0.951057 -5.82354e-17 -1.89218e-17 
-1.94623 0.062 0.11 0.094 0.0248 0.055 0.067 0.951057 0.309017 1.89218e-17 5.82354e-17 
-2.44646 0.062 0.11 0.094 -0.031 -0.055 0.067 -0.309017 0.951057 -5.82354e-17 -1.89218e-17 
