10.0847 0.062 0.11 0.094 -0.0062 -0.075 0.047 -0.672499 0.218508 0.218508 0.672498 
5.74293 0.062 0.11 0.094 0.0062 -0.075 0.047 -0.672499 0.218508 0.218508 0.672498 
1.25095 0.062 0.11 0.094 0.0186 -0.075 0.047 -0.672499 0.218508 0.218508 0.672498 
0.703275 0.062 0.11 0.094 -0.031 0.075 0.047 -4.32978e-17 0.707107 -0.707107 4.32978e-17 
0.545349 0.062 0.11 0.094 -0.0186 0.075 0.047 -4.32978e-17 0.707107 -0.707107 4.32978e-17 
0.374701 0.062 0.11 0.094 -0.0062 0.075 0.047 -4.32978e-17 0.707107 -0.707107 4.32978e-17 
0.365133 0.062 0.11 0.094 -0.031 0.075 0.047 0.415627 0.572061 -0.572061 0.415629 
0.336441 0.062 0.11 0.094 -0.031 0.075 0.0282 0.415627 0.572061 -0.572061 0.415629 
0.316526 0.062 0.11 0.094 -0.031 -0.075 0.047 -0.415627 -0.572061 -0.572061 0.415629 
0.254196 0.062 0.11 0.094 0.031 -0.011 0.067 -0.587785 0.809017 -4.9538e-17 -3.59915e-17 
0.197451 0.062 0.11 0.094 0.0062 0.075 0.047 -4.32978e-17 0.707107 -0.707107 4.32978e-17 
0.195955 0.062 0.11 0.094 -0.031 0.011 0.067 0.587785 0.809017 -4.9538e-17 3.59915e-17 
0.180849 0.062 0.11 0.094 -0.031 -0.011 0.067 0.587785 0.809017 -4.9538e-17 3.59915e-17 
0.173908 0.062 0.11 0.094 -0.031 -0.033 0.067 0.587785 0.809017 -4.9538e-17 3.59915e-17 
0.170201 0.062 0.11 0.094 -0.031 0.033 0.067 0.587785 0.809017 -4.9538e-17 3.59915e-17 
0.11681 0.062 0.11 0.094 -0.031 -0.055 0.067 0.587785 0.809017 -4.9538e-17 3.59915e-17 
0.0849249 0.062 0.11 0.094 -0.031 0.055 0.067 0.951057 0.309017 1.89218e-17 5.82354e-17 
0.0835271 0.062 0.11 0.094 -0.0186 -0.075 0.047 -0.415627 -0.572061 -0.572061 0.415629 
0.0757907 0.062 0.11 0.094 0.031 0.055 0.067 0.951057 -0.309017 -1.89218e-17 5.82354e-17 
0.0644688 0.062 0.11 0.094 0.031 0.033 0.067 0.951057 -0.309017 -1.89218e-17 5.82354e-17 
0.0522804 0.062 0.11 0.094 -0.031 0.033 0.067 0.951057 0.309017 1.89218e-17 5.82354e-17 
0.0457702 0.062 0.11 0.094 -0.0186 0.075 0.047 0.415627 0.572061 -0.572061 0.415629 
0.0430212 0.062 0.11 0.094 0.031 -0.033 0.067 -0.587785 0.809017 -4.9538e-17 -3.59915e-17 
0.0379668 0.062 0.11 0.094 -0.031 0.055 0.067 0.587785 0.809017 -4.9538e-17 3.59915e-17 
0.0344478 0.062 0.11 0.094 -0.0186 0.075 0.0282 0.415627 0.572061 -0.572061 0.415629 
0.0263182 0.062 0.11 0.094 -0.0186 -0.011 0.067 0.587785 0.809017 -4.9538e-17 3.59915e-17 
0.0221962 0.062 0.11 0.094 -0.0186 0.055 0.067 0.951057 0.309017 1.89218e-17 5.82354e-17 
0.0219312 0.062 0.11 0.094 -0.0186 0.011 0.067 0.587785 0.809017 -4.9538e-17 3.59915e-17 
0.0200288 0.062 0.11 0.094 0.0186 0.075 0.047 -4.32978e-17 0.707107 -0.707107 4.32978e-17 
0.0147674 0.062 0.11 0.094 -0.0186 -0.033 0.067 0.587785 0.809017 -4.9538e-17 3.59915e-17 
0.0140238 0.062 0.11 0.094 -0.0186 0.055 0.067 0.587785 0.809017 -4.9538e-17 3.59915e-17 
0.0107206 0.062 0.11 0.094 -0.0062 0.075 0.047 0.415627 0.572061 -0.572061 0.415629 
0.010047 0.062 0.11 0.094 -0.0062 -0.055 0.067 0.587785 0.809017 -4.9538e-17 3.59915e-17 
0.00950986 0.062 0.11 0.094 -0.0186 -0.055 0.067 0.587785 0.809017 -4.9538e-17 3.59915e-17 
0.00742793 0.062 0.11 0.094 -0.0062 0.055 0.067 0.951057 -0.309017 -1.89218e-17 5.82354e-17 
0.00330023 0.062 0.11 0.094 0.0186 -0.055 0.067 -0.587785 0.809017 -4.9538e-17 -3.59915e-17 
0.00319102 0.062 0.11 0.094 -0.0186 0.033 0.067 0.587785 0.809017 -4.9538e-17 3.59915e-17 
0.00246258 0.062 0.11 0.094 0.0062 0.055 0.067 0.951057 -0.309017 -1.89218e-17 5.82354e-17 
5.66327e-07 0.062 0.11 0.094 0.051 0.055 0.047 0.707107 -4.32978e-17 -0.707107 4.32978e-17 
9.23878e-08 0.062 0.11 0.094 -0.051 0.055 0.047 0.707107 -4.32978e-17 0.707107 -4.32978e-17 
-2.11152e-08 0.062 0.11 0.094 0.051 0.055 0.047 -0.572061 -0.415627 0.572061 0.415629 
-2.24724e-08 0.062 0.11 0.094 0.051 0.033 0.047 -0.572061 -0.415627 0.572061 0.415629 
-2.32451e-08 0.062 0.11 0.094 0.051 0.011 0.047 -0.572061 -0.415627 0.572061 0.415629 
-3.73165e-07 0.062 0.11 0.094 -0.051 -0.033 0.047 -0.218508 0.672498 -0.218508 0.672499 
-3.90909e-07 0.062 0.11 0.094 -0.051 -0.055 0.0282 -0.218508 0.672498 -0.218508 0.672499 
-4.0485e-07 0.062 0.11 0.094 -0.051 -0.055 0.047 -0.218508 0.672498 -0.218508 0.672499 
-0.00231766 0.062 0.11 0.094 0.0186 -0.055 0.067 6.12323e-17 1 -6.12323e-17 3.7494e-33 
-0.00241127 0.062 0.11 0.094 -0.0062 -0.055 0.067 6.12323e-17 1 -6.12323e-17 3.7494e-33 
-0.00293027 0.062 0.11 0.094 0.0186 -0.033 0.067 -0.587785 0.809017 -4.9538e-17 -3.59915e-17 
-0.0033361 0.062 0.11 0.094 0.0062 -0.055 0.067 6.12323e-17 1 -6.12323e-17 3.7494e-33 
-0.00400532 0.062 0.11 0.094 -0.0186 -0.055 0.067 6.12323e-17 1 -6.12323e-17 3.7494e-33 
-0.00609773 0.062 0.11 0.094 0.0186 0.055 0.067 0.951057 -0.309017 -1.89218e-17 5.82354e-17 
-0.0207554 0.062 0.11 0.094 -0.031 -0.055 0.067 6.12323e-17 1 -6.12323e-17 3.7494e-33 
-0.0296783 0.062 0.11 0.094 0.031 -0.055 0.067 6.12323e-17 1 -6.12323e-17 3.7494e-33 
-0.0712202 0.062 0.11 0.094 0.031 -0.055 0.067 -0.587785 0.809017 -4.9538e-17 -3.59915e-17 
-0.151206 0.062 0.11 0.094 0.031 0.075 0.047 -4.32978e-17 0.707107 -0.707107 4.32978e-17 
-0.244753 0.062 0.11 0.094 -0.0062 0.055 0.067 0.951057 0.309017 1.89218e-17 5.82354e-17 
-0.748796 0.062 0.11 0.094 0.0062 0.055 0.067 0.951057 0.309017 1.89218e-17 5.82354e-17 
-1.49244 0.062 0.11 0.094 0.0186 0.055 0.067 0.951057 0.309017 1.89218e-17 5.82354e-17 
-2.4467 0.062 0.11 0.094 0.031 0.055 0.067 0.951057 0.309017 1.89218e-17 5.82354e-17 
-3.20289 0.062 0.11 0.094 0.031 -0.075 0.047 -0.672499 0.218508 0.218508 0.672498 
-4.84725 0.062 0.11 0.094 0.031 -0.075 0.0282 -0.672499 0.218508 0.218508 0.672498 
