0,0.002,0.074,0.039
0.0711643,0.006,0.067,0.09
0.237085,0.011,0.095,0.058
0,0.019,0.04,0.07
0,0.024,0.071,0.016
0.453661,0.037,0.078,0.063
0.229086,0.038,0.038,0.068
0,0.04,0.013,0.044
0.475174,0.041,0.041,0.075
0,0.045,0.022,0.02
0.960509,0.046,0.088,0.074
0.52092,0.048,0.052,0.042
0.0804227,0.056,0.053,0.033
0,0.059,0.06,0.031
0.849928,0.061,0.055,0.049
0.518585,0.063,0.075,0.072
0.203636,0.064,0.029,0.091
0.632546,0.064,0.097,0.054
0,0.076,0.078,0.024
0,0.077,0.086,0.01
0,0.082,0.015,0.036
0,0.084,0.038,0.012
0.604413,0.084,0.063,0.041
0,0.093,0.096,0.078
0.219645,0.094,0.016,0.091
1.12416,0.099,0.052,0.072
0.630497,0.1,0.074,0.042
