0.01 0.075 0 0 0 0 1
0.005 0.084 0 0 0 0 1
0 0.085 0 0 0 0 1
-0.02 0.09 0 0 0 0 1
-0.027 0.09 0 0 0 0 1
-0.05 0.086 0 0 0 0 1
-0.056 0.085 0 0 0 0 1
-0.058 0.083 0 0 0 0 1
-0.07 0.076 0 0 0 0 1
-0.077 0.075 0 0 0 0 1
-0.078 0.07 0 0 0 0 1
-0.08 0.065 0 0 0 0 1
-0.08 0.045 0 0 0 0 1 
0.01 0.075 0.02 0 0 0 1
0.005 0.084 0.02 0 0 0 1
0 0.085 0 0 0.02 0 1
-0.02 0.09 0.02 0 0 0 1
-0.027 0.09 0.02 0 0 0 1
-0.05 0.086 0.02 0 0 0 1
-0.056 0.085 0.02 0 0 0 1
-0.058 0.083 0.02 0 0 0 1
-0.07 0.076 0.02 0 0 0 1
-0.077 0.075 0.02 0 0 0 1
-0.078 0.07 0.02 0 0 0 1
-0.08 0.065 0.02 0 0 0 1
-0.08 0.045 0.02 0 0 0 1
-0.08 -0.015 0.027 0 0 0 1
-0.076 -0.06 0.027 0 0 0 1
-0.07 -0.105 0.027 0 0 0 1
-0.01 -0.105 0.027 0 0 0 1
-0.08 -0.015 -0.005 0 0 0 1
-0.076 -0.06 -0.005 0 0 0 1
-0.07 -0.105 -0.005 0 0 0 1
-0.01 -0.105 -0.005 0 0 0 1
0.07 -0.03 0 0 0 0 1
0.073 -0.025 0 0 0 0 1
0.08 -0.02 0 0 0 0 1
0.075 -0.018 0 0 0 0 1
0.07 -0.015 0 0 0 0 1
0.065 -0.012 0 0 0 0 1
0.06 -0.01 0 0 0 0 1
0.07 -0.03 0.02 0 0 0 1
0.073 -0.025 0.02 0 0 0 1
0.08 -0.02 0 0.02 0 0 1
0.075 -0.018 0.02 0 0 0 1
0.07 -0.015 0.02 0 0 0 1
0.065 -0.012 0.02 0 0 0 1
0.06 -0.01 0.02 0 0 0 1