0.0229064 
0.011893 
0.0309143 
0.0734817 
0.0364602 
0.0833536 
0.173622 
0.0944511 
0.15116 
0.107988 
0.0856935 
0.106652 
0.0217265 
0.0192839 
0.110326 
0.337894 
0.258556 
0.0606735 
0.26423 
0.0482087 
0.146358 
0.0984024 
0.0297546 
0.0727705 
0.0486673 
0.124961 
0.116047 
0.11725 
0.275454 
0.175223 
0.12094 
0.162696 
0.00545378 
0.247128 
0.0715545 
0.432376 
0.071531 
0.121713 
0.431342 
0.0860808 
0.0832953 
0.557077 
0.273509 
0.0248108 
0.0428469 
0.0763707 
0.303164 
0.178779 
0.183192 
0.404653 
0.0680661 
0.107491 
0.0415469 
0.0554588 
0.0742292 
0.0984394 
0.0757616 
0.38876 
0.254521 
0.18528 
0.17404 
0.159861 
0.0865118 
0.0902946 
0.0294179 
0.0900546 
0.116646 
0.403143 
0.127972 
0.00867889 
0.132877 
0.230685 
0.107652 
0.108627 
0.176639 
0.129093 
0.00526384 
0.0632014 
0.0862103 
0.00318741 
0.13194 
0.0449925 
0.0462094 
0.01747 
0.162758 
0.139493 
0.0363281 
0.0247027 
0.0790692 
0.349445 
0.0543607 
0.0332524 
0.118404 
0.198791 
0.0278908 
0.126433 
0.0745339 
0.0145497 
0.173091 
0.00582144 
0.0413236 
0.0126843 
