0.0229064 0.07 0.07 0.07 -0.055 -0.007 0.035 -0.218508 0.672498 -0.218508 0.672499 
0.011893 0.07 0.07 0.07 0.055 -1.73472e-18 0.035 -0.672498 -0.218508 0.672499 0.218508 
0.0309143 0.07 0.07 0.07 -0.055 -1.73472e-18 0.035 -0.218508 0.672498 -0.218508 0.672499 
0.0734817 0.07 0.07 0.07 0.055 0.007 0.028 -0.672498 -0.218508 0.672499 0.218508 
0.0364602 0.07 0.07 0.07 0.055 0.007 0.035 -0.672498 -0.218508 0.672499 0.218508 
0.0833536 0.07 0.07 0.07 -0.035 -0.014 0.055 0.309017 0.951057 -5.82354e-17 1.89218e-17 
0.173622 0.07 0.07 0.07 -0.035 -1.73472e-18 0.055 0.587785 0.809017 -4.9538e-17 3.59915e-17 
0.0944511 0.07 0.07 0.07 -0.035 -1.73472e-18 0.055 0.951057 0.309017 3.78436e-17 5.82354e-17 
0.15116 0.07 0.07 0.07 -0.035 0.007 0.055 0.587785 0.809017 -4.9538e-17 3.59915e-17 
0.107988 0.07 0.07 0.07 -0.035 0.014 0.055 0.951057 0.309017 3.78436e-17 5.82354e-17 
0.0856935 0.07 0.07 0.07 -0.028 -0.035 0.055 0.309017 0.951057 -5.82354e-17 1.89218e-17 
0.106652 0.07 0.07 0.07 -0.028 -0.028 0.055 0.309017 0.951057 -5.82354e-17 1.89218e-17 
0.0217265 0.07 0.07 0.07 -0.028 -0.021 0.055 0.309017 0.951057 -5.82354e-17 1.89218e-17 
0.0192839 0.07 0.07 0.07 -0.028 -0.014 0.055 0.587785 0.809017 -4.9538e-17 3.59915e-17 
0.110326 0.07 0.07 0.07 -0.028 -0.007 0.055 0.587785 0.809017 -4.9538e-17 3.59915e-17 
0.337894 0.07 0.07 0.07 -0.028 -0.007 0.055 0.809017 0.587785 7.19829e-17 4.9538e-17 
0.258556 0.07 0.07 0.07 -0.028 -1.73472e-18 0.055 0.587785 0.809017 -4.9538e-17 3.59915e-17 
0.0606735 0.07 0.07 0.07 -0.028 -1.73472e-18 0.055 0.809017 0.587785 7.19829e-17 4.9538e-17 
0.26423 0.07 0.07 0.07 -0.028 0.007 0.055 0.809017 0.587785 7.19829e-17 4.9538e-17 
0.0482087 0.07 0.07 0.07 -0.028 0.007 0.055 0.951057 0.309017 3.78436e-17 5.82354e-17 
0.146358 0.07 0.07 0.07 -0.028 0.014 0.055 0.809017 0.587785 7.19829e-17 4.9538e-17 
0.0984024 0.07 0.07 0.07 -0.028 0.014 0.055 0.951057 0.309017 3.78436e-17 5.82354e-17 
0.0297546 0.07 0.07 0.07 -0.028 0.021 0.055 0.809017 0.587785 7.19829e-17 4.9538e-17 
0.0727705 0.07 0.07 0.07 -0.028 0.028 0.055 0.809017 0.587785 7.19829e-17 4.9538e-17 
0.0486673 0.07 0.07 0.07 -0.028 0.028 0.055 0.951057 0.309017 3.78436e-17 5.82354e-17 
0.124961 0.07 0.07 0.07 -0.021 -0.035 0.055 6.12323e-17 1 -6.12323e-17 3.7494e-33 
0.116047 0.07 0.07 0.07 -0.021 -0.028 0.055 0.309017 0.951057 -5.82354e-17 1.89218e-17 
0.11725 0.07 0.07 0.07 -0.021 -0.028 0.055 0.587785 0.809017 -4.9538e-17 3.59915e-17 
0.275454 0.07 0.07 0.07 -0.021 -0.021 0.055 6.12323e-17 1 -6.12323e-17 3.7494e-33 
0.175223 0.07 0.07 0.07 -0.021 -0.021 0.055 0.309017 0.951057 -5.82354e-17 1.89218e-17 
0.12094 0.07 0.07 0.07 -0.021 -0.021 0.055 0.587785 0.809017 -4.9538e-17 3.59915e-17 
0.162696 0.07 0.07 0.07 -0.021 -1.73472e-18 0.055 0.809017 0.587785 7.19829e-17 4.9538e-17 
0.00545378 0.07 0.07 0.07 -0.021 0.007 0.055 0.809017 0.587785 7.19829e-17 4.9538e-17 
0.247128 0.07 0.07 0.07 -0.021 0.014 0.055 0.809017 0.587785 7.19829e-17 4.9538e-17 
0.0715545 0.07 0.07 0.07 -0.021 0.021 0.055 0.809017 0.587785 7.19829e-17 4.9538e-17 
0.432376 0.07 0.07 0.07 -0.021 0.021 0.055 1 0 0 6.12323e-17 
0.071531 0.07 0.07 0.07 -0.021 0.028 0.055 0.951057 0.309017 3.78436e-17 5.82354e-17 
0.121713 0.07 0.07 0.07 -0.021 0.035 0.055 0.951057 0.309017 3.78436e-17 5.82354e-17 
0.431342 0.07 0.07 0.07 -0.014 -0.028 0.055 6.12323e-17 1 -6.12323e-17 3.7494e-33 
0.0860808 0.07 0.07 0.07 -0.014 -0.028 0.055 0.309017 0.951057 -5.82354e-17 1.89218e-17 
0.0832953 0.07 0.07 0.07 -0.014 -0.021 0.055 6.12323e-17 1 -6.12323e-17 3.7494e-33 
0.557077 0.07 0.07 0.07 -0.014 -0.021 0.055 0.309017 0.951057 -5.82354e-17 1.89218e-17 
0.273509 0.07 0.07 0.07 -0.014 0.021 0.055 1 0 0 6.12323e-17 
0.0248108 0.07 0.07 0.07 -0.014 0.028 0.055 0.951057 0.309017 3.78436e-17 5.82354e-17 
0.0428469 0.07 0.07 0.07 -0.014 0.028 0.055 1 0 0 6.12323e-17 
0.0763707 0.07 0.07 0.07 -0.014 0.035 0.055 0.951057 0.309017 3.78436e-17 5.82354e-17 
0.303164 0.07 0.07 0.07 -0.014 0.035 0.055 1 0 0 6.12323e-17 
0.178779 0.07 0.07 0.07 -0.007 -0.035 0.055 6.12323e-17 1 -6.12323e-17 3.7494e-33 
0.183192 0.07 0.07 0.07 -0.007 -0.021 0.055 0.309017 0.951057 -5.82354e-17 1.89218e-17 
0.404653 0.07 0.07 0.07 -0.007 0.028 0.055 1 0 0 6.12323e-17 
0.0680661 0.07 0.07 0.07 -0.007 0.035 0.055 0.951057 0.309017 3.78436e-17 5.82354e-17 
0.107491 0.07 0.07 0.07 -1.73472e-18 -0.035 0.055 6.12323e-17 1 -6.12323e-17 3.7494e-33 
0.0415469 0.07 0.07 0.07 -1.73472e-18 -0.035 0.055 0.309017 0.951057 -5.82354e-17 1.89218e-17 
0.0554588 0.07 0.07 0.07 -1.73472e-18 -0.028 0.055 6.12323e-17 1 -6.12323e-17 3.7494e-33 
0.0742292 0.07 0.07 0.07 -1.73472e-18 -0.028 0.055 0.309017 0.951057 -5.82354e-17 1.89218e-17 
0.0984394 0.07 0.07 0.07 -1.73472e-18 -0.021 0.055 6.12323e-17 1 -6.12323e-17 3.7494e-33 
0.0757616 0.07 0.07 0.07 -1.73472e-18 0.028 0.055 0.951057 -0.309017 -3.78436e-17 5.82354e-17 
0.38876 0.07 0.07 0.07 0.007 -0.028 0.055 6.12323e-17 1 -6.12323e-17 3.7494e-33 
0.254521 0.07 0.07 0.07 0.007 0.021 0.055 1 0 0 6.12323e-17 
0.18528 0.07 0.07 0.07 0.007 0.021 0.055 0.951057 -0.309017 -3.78436e-17 5.82354e-17 
0.17404 0.07 0.07 0.07 0.007 0.028 0.055 1 0 0 6.12323e-17 
0.159861 0.07 0.07 0.07 0.007 0.035 0.055 1 0 0 6.12323e-17 
0.0865118 0.07 0.07 0.07 0.014 -0.035 0.055 -0.309017 0.951057 -5.82354e-17 -1.89218e-17 
0.0902946 0.07 0.07 0.07 0.014 -0.028 0.055 6.12323e-17 1 -6.12323e-17 3.7494e-33 
0.0294179 0.07 0.07 0.07 0.014 -0.028 0.055 -0.309017 0.951057 -5.82354e-17 -1.89218e-17 
0.0900546 0.07 0.07 0.07 0.014 -0.021 0.055 6.12323e-17 1 -6.12323e-17 3.7494e-33 
0.116646 0.07 0.07 0.07 0.014 0.021 0.055 0.951057 -0.309017 -3.78436e-17 5.82354e-17 
0.403143 0.07 0.07 0.07 0.014 0.028 0.055 1 0 0 6.12323e-17 
0.127972 0.07 0.07 0.07 0.014 0.028 0.055 0.951057 -0.309017 -3.78436e-17 5.82354e-17 
0.00867889 0.07 0.07 0.07 0.014 0.035 0.055 0.809017 -0.587785 -7.19829e-17 4.9538e-17 
0.132877 0.07 0.07 0.07 0.021 -0.035 0.055 -0.309017 0.951057 -5.82354e-17 -1.89218e-17 
0.230685 0.07 0.07 0.07 0.021 -0.028 0.055 -0.587785 0.809017 -4.9538e-17 -3.59915e-17 
0.107652 0.07 0.07 0.07 0.021 -0.028 0.055 -0.309017 0.951057 -5.82354e-17 -1.89218e-17 
0.108627 0.07 0.07 0.07 0.021 -0.021 0.055 -0.587785 0.809017 -4.9538e-17 -3.59915e-17 
0.176639 0.07 0.07 0.07 0.021 -1.73472e-18 0.055 -0.587785 0.809017 -4.9538e-17 -3.59915e-17 
0.129093 0.07 0.07 0.07 0.021 0.021 0.055 0.951057 -0.309017 -3.78436e-17 5.82354e-17 
0.00526384 0.07 0.07 0.07 0.021 0.021 0.055 0.809017 -0.587785 -7.19829e-17 4.9538e-17 
0.0632014 0.07 0.07 0.07 0.021 0.028 0.055 1 0 0 6.12323e-17 
0.0862103 0.07 0.07 0.07 0.021 0.028 0.055 0.951057 -0.309017 -3.78436e-17 5.82354e-17 
0.00318741 0.07 0.07 0.07 0.021 0.028 0.055 0.809017 -0.587785 -7.19829e-17 4.9538e-17 
0.13194 0.07 0.07 0.07 0.028 -0.028 0.055 -0.587785 0.809017 -4.9538e-17 -3.59915e-17 
0.0449925 0.07 0.07 0.07 0.028 -0.028 0.055 -0.309017 0.951057 -5.82354e-17 -1.89218e-17 
0.0462094 0.07 0.07 0.07 0.028 -0.021 0.055 -0.587785 0.809017 -4.9538e-17 -3.59915e-17 
0.01747 0.07 0.07 0.07 0.028 -0.021 0.055 -0.309017 0.951057 -5.82354e-17 -1.89218e-17 
0.162758 0.07 0.07 0.07 0.028 -0.007 0.055 0.809017 -0.587785 -7.19829e-17 4.9538e-17 
0.139493 0.07 0.07 0.07 0.028 -0.007 0.055 -0.587785 0.809017 -4.9538e-17 -3.59915e-17 
0.0363281 0.07 0.07 0.07 0.028 -0.007 0.055 -0.309017 0.951057 -5.82354e-17 -1.89218e-17 
0.0247027 0.07 0.07 0.07 0.028 -1.73472e-18 0.055 0.809017 -0.587785 -7.19829e-17 4.9538e-17 
0.0790692 0.07 0.07 0.07 0.028 -1.73472e-18 0.055 -0.587785 0.809017 -4.9538e-17 -3.59915e-17 
0.349445 0.07 0.07 0.07 0.028 0.007 0.055 0.809017 -0.587785 -7.19829e-17 4.9538e-17 
0.0543607 0.07 0.07 0.07 0.028 0.021 0.055 0.951057 -0.309017 -3.78436e-17 5.82354e-17 
0.0332524 0.07 0.07 0.07 0.028 0.021 0.055 0.809017 -0.587785 -7.19829e-17 4.9538e-17 
0.118404 0.07 0.07 0.07 0.028 0.028 0.055 0.951057 -0.309017 -3.78436e-17 5.82354e-17 
0.198791 0.07 0.07 0.07 0.028 0.035 0.055 1 0 0 6.12323e-17 
0.0278908 0.07 0.07 0.07 0.035 -0.028 0.055 -0.587785 0.809017 -4.9538e-17 -3.59915e-17 
0.126433 0.07 0.07 0.07 0.035 -0.014 0.055 -0.309017 0.951057 -5.82354e-17 -1.89218e-17 
0.0745339 0.07 0.07 0.07 0.035 -0.007 0.055 -0.587785 0.809017 -4.9538e-17 -3.59915e-17 
0.0145497 0.07 0.07 0.07 0.035 -0.007 0.055 -0.309017 0.951057 -5.82354e-17 -1.89218e-17 
0.173091 0.07 0.07 0.07 0.035 -1.73472e-18 0.055 0.809017 -0.587785 -7.19829e-17 4.9538e-17 
0.00582144 0.07 0.07 0.07 0.035 -1.73472e-18 0.055 -0.587785 0.809017 -4.9538e-17 -3.59915e-17 
0.0413236 0.07 0.07 0.07 0.035 0.014 0.055 0.951057 -0.309017 -3.78436e-17 5.82354e-17 
0.0126843 0.07 0.07 0.07 0.035 0.014 0.055 0.809017 -0.587785 -7.19829e-17 4.9538e-17 
