0.605686 0.05 0.1 0.2 -0.045 -0.05 0.08 0 0.707107 0 0.707106 
0.567274 0.05 0.1 0.2 -0.045 -0.05 0.06 0 0.707107 0 0.707106 
0.529373 0.05 0.1 0.2 -0.045 -0.05 0.04 0 0.707107 0 0.707106 
0.491424 0.05 0.1 0.2 -0.045 -0.05 0.02 0 0.707107 0 0.707106 
0.453716 0.05 0.1 0.2 -0.045 -0.05 6.93889e-18 0 0.707107 0 0.707106 
0.314191 0.05 0.1 0.2 -0.045 -0.05 0.08 -0.218508 0.672498 -0.218508 0.672499 
0.27202 0.05 0.1 0.2 -0.045 -0.05 0.06 -0.218508 0.672498 -0.218508 0.672499 
0.260483 0.05 0.1 0.2 -0.025 -0.07 0.06 -0.415627 -0.572061 -0.572061 0.415629 
0.231397 0.05 0.1 0.2 -0.045 -0.05 0.04 -0.218508 0.672498 -0.218508 0.672499 
0.191837 0.05 0.1 0.2 -0.045 -0.05 0.02 -0.218508 0.672498 -0.218508 0.672499 
0.190585 0.05 0.1 0.2 -0.02 -0.07 0.06 -0.415627 -0.572061 -0.572061 0.415629 
0.182712 0.05 0.1 0.2 0.045 -0.05 0.08 0.218508 -0.672498 -0.218508 0.672499 
0.153754 0.05 0.1 0.2 -0.045 -0.05 6.93889e-18 -0.218508 0.672498 -0.218508 0.672499 
0.153214 0.05 0.1 0.2 -0.025 -0.07 0.04 -0.415627 -0.572061 -0.572061 0.415629 
0.149897 0.05 0.1 0.2 0.045 -0.05 0.06 0.218508 -0.672498 -0.218508 0.672499 
0.146104 0.05 0.1 0.2 -0.015 -0.07 0.06 -0.415627 -0.572061 -0.572061 0.415629 
0.139624 0.05 0.1 0.2 0.02 0.07 0.06 0.572061 -0.415627 0.415627 0.572062 
0.122806 0.05 0.1 0.2 -0.02 -0.07 0.04 -0.415627 -0.572061 -0.572061 0.415629 
0.117971 0.05 0.1 0.2 -0.045 -0.05 -0.02 -0.218508 0.672498 -0.218508 0.672499 
0.117136 0.05 0.1 0.2 0.045 -0.05 0.04 0.218508 -0.672498 -0.218508 0.672499 
0.116228 0.05 0.1 0.2 0.02 0.07 0.04 0.572061 -0.415627 0.415627 0.572062 
0.110481 0.05 0.1 0.2 -0.025 0.07 0.06 0.415627 0.572061 -0.572061 0.415629 
0.104896 0.05 0.1 0.2 -0.015 -0.07 0.04 -0.415627 -0.572061 -0.572061 0.415629 
0.100741 0.05 0.1 0.2 0.015 0.07 0.06 0.572061 -0.415627 0.415627 0.572062 
0.0946363 0.05 0.1 0.2 0.015 0.07 0.04 0.572061 -0.415627 0.415627 0.572062 
0.0928656 0.05 0.1 0.2 -0.025 -0.07 0.08 -0.415627 -0.572061 -0.572061 0.415629 
0.0852418 0.05 0.1 0.2 -0.045 -0.05 -0.04 -0.218508 0.672498 -0.218508 0.672499 
0.0846374 0.05 0.1 0.2 -0.025 0.07 0.04 0.415627 0.572061 -0.572061 0.415629 
0.0844448 0.05 0.1 0.2 0.045 -0.05 0.02 0.218508 -0.672498 -0.218508 0.672499 
0.0770142 0.05 0.1 0.2 -0.015 -0.07 0.02 -0.415627 -0.572061 -0.572061 0.415629 
0.0748415 0.05 0.1 0.2 -0.02 0.07 0.06 0.415627 0.572061 -0.572061 0.415629 
0.0720885 0.05 0.1 0.2 0.02 0.07 0.02 0.572061 -0.415627 0.415627 0.572062 
0.0684006 0.05 0.1 0.2 0.015 0.07 0.02 0.572061 -0.415627 0.415627 0.572062 
0.0672815 0.05 0.1 0.2 -0.02 0.07 0.04 0.415627 0.572061 -0.572061 0.415629 
0.0667438 0.05 0.1 0.2 -0.02 -0.07 0.02 -0.415627 -0.572061 -0.572061 0.415629 
0.0622865 0.05 0.1 0.2 0.015 0.07 6.93889e-18 0.572061 -0.415627 0.415627 0.572062 
0.057425 0.05 0.1 0.2 -0.025 3.46945e-18 0.12 0.587785 0.809017 -4.9538e-17 3.59915e-17 
0.0572099 0.05 0.1 0.2 -0.025 -0.01 0.12 0.587785 0.809017 -4.9538e-17 3.59915e-17 
0.0563006 0.05 0.1 0.2 -0.025 0.07 0.08 0.415627 0.572061 -0.572061 0.415629 
0.0561491 0.05 0.1 0.2 0.02 0.07 6.93889e-18 0.572061 -0.415627 0.415627 0.572062 
0.055848 0.05 0.1 0.2 -0.025 -0.07 0.02 -0.415627 -0.572061 -0.572061 0.415629 
0.0543677 0.05 0.1 0.2 -0.02 -0.01 0.12 0.587785 0.809017 -4.9538e-17 3.59915e-17 
0.0543548 0.05 0.1 0.2 0.02 0.01 0.12 0.809017 -0.587785 -3.59914e-17 4.9538e-17 
0.0539324 0.05 0.1 0.2 -0.015 0.07 0.04 0.415627 0.572061 -0.572061 0.415629 
0.0532434 0.05 0.1 0.2 0.02 3.46945e-18 0.12 0.809017 -0.587785 -3.59914e-17 4.9538e-17 
0.0529214 0.05 0.1 0.2 -0.02 3.46945e-18 0.12 0.587785 0.809017 -4.9538e-17 3.59915e-17 
0.0503743 0.05 0.1 0.2 -0.025 0.01 0.12 0.587785 0.809017 -4.9538e-17 3.59915e-17 
0.050081 0.05 0.1 0.2 -0.015 0.07 0.06 0.415627 0.572061 -0.572061 0.415629 
0.049632 0.05 0.1 0.2 -0.025 0.02 0.12 0.951057 0.309017 1.89218e-17 5.82354e-17 
0.0494314 0.05 0.1 0.2 -0.025 -0.02 0.12 0.587785 0.809017 -4.9538e-17 3.59915e-17 
0.0491315 0.05 0.1 0.2 0.015 0.01 0.12 0.809017 -0.587785 -3.59914e-17 4.9538e-17 
0.0489208 0.05 0.1 0.2 -0.015 -0.01 0.12 0.587785 0.809017 -4.9538e-17 3.59915e-17 
0.0484873 0.05 0.1 0.2 -0.025 0.07 -0.02 0.415627 0.572061 -0.572061 0.415629 
0.0480366 0.05 0.1 0.2 -0.025 0.02 0.12 0.809017 0.587785 3.59914e-17 4.9538e-17 
0.047988 0.05 0.1 0.2 -0.02 -0.02 0.12 0.587785 0.809017 -4.9538e-17 3.59915e-17 
0.0477266 0.05 0.1 0.2 0.02 0.02 0.12 0.809017 -0.587785 -3.59914e-17 4.9538e-17 
0.0461655 0.05 0.1 0.2 0.015 3.46945e-18 0.12 0.809017 -0.587785 -3.59914e-17 4.9538e-17 
0.0457148 0.05 0.1 0.2 -0.015 3.46945e-18 0.12 0.587785 0.809017 -4.9538e-17 3.59915e-17 
0.0448647 0.05 0.1 0.2 0.02 -0.01 0.12 0.809017 -0.587785 -3.59914e-17 4.9538e-17 
0.0446194 0.05 0.1 0.2 0.015 0.02 0.12 0.809017 -0.587785 -3.59914e-17 4.9538e-17 
0.0445927 0.05 0.1 0.2 -0.015 -0.02 0.12 0.587785 0.809017 -4.9538e-17 3.59915e-17 
0.0443592 0.05 0.1 0.2 -0.02 0.01 0.12 0.587785 0.809017 -4.9538e-17 3.59915e-17 
0.0419305 0.05 0.1 0.2 -0.045 0.04 0.08 -0.672498 0.218508 -0.672499 0.218508 
0.041346 0.05 0.1 0.2 0.02 -0.07 0.04 -0.572061 0.415627 0.415627 0.572062 
0.0399532 0.05 0.1 0.2 -0.015 -0.07 6.93889e-18 -0.415627 -0.572061 -0.572061 0.415629 
0.0393637 0.05 0.1 0.2 0.045 -0.04 0.08 0 -0.707107 0 0.707106 
0.0381889 0.05 0.1 0.2 -0.02 0.07 -0.02 0.415627 0.572061 -0.572061 0.415629 
0.0379483 0.05 0.1 0.2 -0.015 0.07 -0.02 0.415627 0.572061 -0.572061 0.415629 
0.0377942 0.05 0.1 0.2 0.045 -0.05 0.08 0 -0.707107 0 0.707106 
0.0377362 0.05 0.1 0.2 -0.025 0.02 0.12 0.587785 0.809017 -4.9538e-17 3.59915e-17 
0.0374626 0.05 0.1 0.2 -0.025 0.07 0.02 0.415627 0.572061 -0.572061 0.415629 
0.0370306 0.05 0.1 0.2 0.045 -0.05 0.08 -0.415627 -0.572061 0.415627 0.572062 
0.0366806 0.05 0.1 0.2 0.015 -0.01 0.12 0.809017 -0.587785 -3.59914e-17 4.9538e-17 
0.0366515 0.05 0.1 0.2 -0.02 -0.07 6.93889e-18 -0.415627 -0.572061 -0.572061 0.415629 
0.0366036 0.05 0.1 0.2 -0.015 0.07 0.02 0.415627 0.572061 -0.572061 0.415629 
0.0365599 0.05 0.1 0.2 0.015 -0.07 0.04 -0.572061 0.415627 0.415627 0.572062 
0.0362695 0.05 0.1 0.2 -0.02 0.07 0.02 0.415627 0.572061 -0.572061 0.415629 
0.0361318 0.05 0.1 0.2 -0.015 0.01 0.12 0.587785 0.809017 -4.9538e-17 3.59915e-17 
0.0351454 0.05 0.1 0.2 -0.025 -0.03 0.12 0.587785 0.809017 -4.9538e-17 3.59915e-17 
0.0345093 0.05 0.1 0.2 -0.02 -0.03 0.12 0.587785 0.809017 -4.9538e-17 3.59915e-17 
0.034246 0.05 0.1 0.2 0.02 0.03 0.12 0.809017 -0.587785 -3.59914e-17 4.9538e-17 
0.0331774 0.05 0.1 0.2 0.02 -0.07 0.06 -0.572061 0.415627 0.415627 0.572062 
0.0330662 0.05 0.1 0.2 0.015 0.03 0.12 0.809017 -0.587785 -3.59914e-17 4.9538e-17 
0.033021 0.05 0.1 0.2 -0.015 -0.03 0.12 0.587785 0.809017 -4.9538e-17 3.59915e-17 
0.031183 0.05 0.1 0.2 0.02 -0.02 0.12 0.809017 -0.587785 -3.59914e-17 4.9538e-17 
0.0308033 0.05 0.1 0.2 -0.02 0.02 0.12 0.587785 0.809017 -4.9538e-17 3.59915e-17 
0.030545 0.05 0.1 0.2 -0.025 0.03 0.12 0.809017 0.587785 3.59914e-17 4.9538e-17 
0.0304161 0.05 0.1 0.2 0.015 -0.07 0.02 -0.572061 0.415627 0.415627 0.572062 
0.0294138 0.05 0.1 0.2 0.02 -0.07 -0.02 -0.572061 0.415627 0.415627 0.572062 
0.0281483 0.05 0.1 0.2 0.015 -0.05 0.12 0.309017 0.951057 -5.82354e-17 1.89218e-17 
0.0269916 0.05 0.1 0.2 0.005 -0.04 0.12 0.309017 0.951057 -5.82354e-17 1.89218e-17 
0.0266481 0.05 0.1 0.2 -0.005 0.04 0.12 0.951057 -0.309017 -1.89218e-17 5.82354e-17 
0.0265987 0.05 0.1 0.2 0.02 -0.05 0.12 -0.309017 0.951057 -5.82354e-17 -1.89218e-17 
0.0261447 0.05 0.1 0.2 -0.02 0.02 0.12 0.809017 0.587785 3.59914e-17 4.9538e-17 
0.0260388 0.05 0.1 0.2 0.02 0.07 0.08 0.572061 -0.415627 0.415627 0.572062 
0.0260316 0.05 0.1 0.2 -0.015 0.07 6.93889e-18 0.415627 0.572061 -0.572061 0.415629 
0.0257607 0.05 0.1 0.2 0.02 -0.07 0.02 -0.572061 0.415627 0.415627 0.572062 
0.0257416 0.05 0.1 0.2 0.015 -0.07 -0.02 -0.572061 0.415627 0.415627 0.572062 
0.0255967 0.05 0.1 0.2 0.02 -0.02 0.12 -0.587785 0.809017 -4.9538e-17 -3.59915e-17 
0.0251465 0.05 0.1 0.2 0.01 -0.05 0.12 0.309017 0.951057 -5.82354e-17 1.89218e-17 
0.0234702 0.05 0.1 0.2 0.01 -0.05 0.12 -0.587785 0.809017 -4.9538e-17 -3.59915e-17 
0.0231613 0.05 0.1 0.2 -0.025 0.01 0.12 0.809017 0.587785 3.59914e-17 4.9538e-17 
0.0230246 0.05 0.1 0.2 0.015 -0.02 0.12 0.809017 -0.587785 -3.59914e-17 4.9538e-17 
0.0230056 0.05 0.1 0.2 0.02 -0.02 0.12 -0.309017 0.951057 -5.82354e-17 -1.89218e-17 
0.0226302 0.05 0.1 0.2 -0.015 0.02 0.12 0.587785 0.809017 -4.9538e-17 3.59915e-17 
0.0222857 0.05 0.1 0.2 -0.025 0.03 0.12 0.587785 0.809017 -4.9538e-17 3.59915e-17 
0.0221823 0.05 0.1 0.2 -0.02 -0.07 0.08 -0.415627 -0.572061 -0.572061 0.415629 
0.0220808 0.05 0.1 0.2 -0.02 0.02 0.12 0.951057 0.309017 1.89218e-17 5.82354e-17 
0.0205496 0.05 0.1 0.2 0.005 -0.05 0.12 0.309017 0.951057 -5.82354e-17 1.89218e-17 
0.0199581 0.05 0.1 0.2 -0.02 0.07 6.93889e-18 0.415627 0.572061 -0.572061 0.415629 
0.019799 0.05 0.1 0.2 0.015 -0.07 0.06 -0.572061 0.415627 0.415627 0.572062 
0.0195602 0.05 0.1 0.2 -0.025 -0.07 6.93889e-18 -0.415627 -0.572061 -0.572061 0.415629 
0.0192523 0.05 0.1 0.2 0.015 -0.07 6.93889e-18 -0.572061 0.415627 0.415627 0.572062 
0.0174227 0.05 0.1 0.2 -0.025 0.07 6.93889e-18 0.415627 0.572061 -0.572061 0.415629 
0.0169793 0.05 0.1 0.2 -0.025 -0.04 0.12 0.587785 0.809017 -4.9538e-17 3.59915e-17 
0.0162533 0.05 0.1 0.2 0.015 0.04 0.12 0.809017 -0.587785 -3.59914e-17 4.9538e-17 
0.0161655 0.05 0.1 0.2 0.02 0.04 0.12 0.809017 -0.587785 -3.59914e-17 4.9538e-17 
0.0160846 0.05 0.1 0.2 -0.015 0.02 0.12 0.809017 0.587785 3.59914e-17 4.9538e-17 
0.0160537 0.05 0.1 0.2 -0.02 0.07 0.08 0.415627 0.572061 -0.572061 0.415629 
0.0160487 0.05 0.1 0.2 -0.02 -0.04 0.12 0.587785 0.809017 -4.9538e-17 3.59915e-17 
0.0159544 0.05 0.1 0.2 -0.015 -0.04 0.12 0.587785 0.809017 -4.9538e-17 3.59915e-17 
0.0154506 0.05 0.1 0.2 0.01 0.04 0.12 0.809017 -0.587785 -3.59914e-17 4.9538e-17 
0.0153554 0.05 0.1 0.2 0.02 -0.03 0.12 0.809017 -0.587785 -3.59914e-17 4.9538e-17 
0.015337 0.05 0.1 0.2 -0.02 0.03 0.12 0.587785 0.809017 -4.9538e-17 3.59915e-17 
0.0152749 0.05 0.1 0.2 -0.01 -0.04 0.12 0.587785 0.809017 -4.9538e-17 3.59915e-17 
0.0152215 0.05 0.1 0.2 0.015 -0.02 0.12 -0.587785 0.809017 -4.9538e-17 -3.59915e-17 
0.0151626 0.05 0.1 0.2 1.73472e-18 -0.05 0.12 0.309017 0.951057 -5.82354e-17 1.89218e-17 
0.0151605 0.05 0.1 0.2 1.73472e-18 -0.04 0.12 0.309017 0.951057 -5.82354e-17 1.89218e-17 
0.0146422 0.05 0.1 0.2 1.73472e-18 0.04 0.12 0.951057 -0.309017 -1.89218e-17 5.82354e-17 
0.0143575 0.05 0.1 0.2 -0.025 -0.04 0.12 0.309017 0.951057 -5.82354e-17 1.89218e-17 
0.0131649 0.05 0.1 0.2 0.02 -0.07 6.93889e-18 -0.572061 0.415627 0.415627 0.572062 
0.0114637 0.05 0.1 0.2 -0.01 0.02 0.12 0.809017 0.587785 3.59914e-17 4.9538e-17 
0.010827 0.05 0.1 0.2 0.01 -0.02 0.12 -0.587785 0.809017 -4.9538e-17 -3.59915e-17 
0.0103838 0.05 0.1 0.2 -0.025 -0.03 0.12 0.309017 0.951057 -5.82354e-17 1.89218e-17 
0.0101564 0.05 0.1 0.2 0.045 -0.04 0.06 0 -0.707107 0 0.707106 
0.00960799 0.05 0.1 0.2 -0.005 -0.05 0.12 0.309017 0.951057 -5.82354e-17 1.89218e-17 
0.00922105 0.05 0.1 0.2 0.045 -0.05 0.06 0 -0.707107 0 0.707106 
0.00878462 0.05 0.1 0.2 0.015 -0.03 0.12 0.809017 -0.587785 -3.59914e-17 4.9538e-17 
0.00873027 0.05 0.1 0.2 -0.025 0.04 0.12 0.809017 0.587785 3.59914e-17 4.9538e-17 
0.00865453 0.05 0.1 0.2 -0.015 0.03 0.12 0.587785 0.809017 -4.9538e-17 3.59915e-17 
0.00837996 0.05 0.1 0.2 -0.02 0.03 0.12 0.809017 0.587785 3.59914e-17 4.9538e-17 
0.00828469 0.05 0.1 0.2 -0.025 0.04 0.12 0.951057 0.309017 1.89218e-17 5.82354e-17 
0.00816648 0.05 0.1 0.2 0.02 -0.01 0.12 -0.587785 0.809017 -4.9538e-17 -3.59915e-17 
0.00761861 0.05 0.1 0.2 -0.025 0.04 0.12 0.587785 0.809017 -4.9538e-17 3.59915e-17 
0.00751182 0.05 0.1 0.2 0.015 -0.05 0.12 -0.587785 0.809017 -4.9538e-17 -3.59915e-17 
0.00731856 0.05 0.1 0.2 0.02 -0.03 0.12 -0.587785 0.809017 -4.9538e-17 -3.59915e-17 
0.00677022 0.05 0.1 0.2 -0.02 0.01 0.12 0.809017 0.587785 3.59914e-17 4.9538e-17 
0.00640095 0.05 0.1 0.2 -0.005 -0.04 0.12 0.309017 0.951057 -5.82354e-17 1.89218e-17 
0.00584798 0.05 0.1 0.2 0.005 0.04 0.12 0.951057 -0.309017 -1.89218e-17 5.82354e-17 
0.00584667 0.05 0.1 0.2 -0.025 -0.07 0.08 -0.572061 -0.415627 -0.415627 0.572062 
0.00580396 0.05 0.1 0.2 0.015 -0.04 0.12 6.12323e-17 1 -6.12323e-17 3.7494e-33 
0.00574819 0.05 0.1 0.2 -0.015 0.04 0.12 1 0 0 6.12323e-17 
0.00536881 0.05 0.1 0.2 0.02 -0.04 0.12 6.12323e-17 1 -6.12323e-17 3.7494e-33 
0.00535723 0.05 0.1 0.2 -0.025 0.03 0.12 0.951057 0.309017 1.89218e-17 5.82354e-17 
0.00531559 0.05 0.1 0.2 -0.02 0.04 0.12 1 0 0 6.12323e-17 
0.00514629 0.05 0.1 0.2 -0.025 -0.04 0.12 6.12323e-17 1 -6.12323e-17 3.7494e-33 
0.00485292 0.05 0.1 0.2 0.01 -0.04 0.12 6.12323e-17 1 -6.12323e-17 3.7494e-33 
0.00483731 0.05 0.1 0.2 -0.01 0.04 0.12 1 0 0 6.12323e-17 
0.00480497 0.05 0.1 0.2 0.02 0.04 0.12 0.951057 -0.309017 -1.89218e-17 5.82354e-17 
0.00475117 0.05 0.1 0.2 -0.02 -0.04 0.12 0.309017 0.951057 -5.82354e-17 1.89218e-17 
0.00463092 0.05 0.1 0.2 -0.01 -0.05 0.12 0.309017 0.951057 -5.82354e-17 1.89218e-17 
0.00431117 0.05 0.1 0.2 0.02 0.07 0.08 0.415627 -0.572061 0.572061 0.415629 
0.0042008 0.05 0.1 0.2 0.01 0.07 0.08 0.415627 -0.572061 0.572061 0.415629 
0.00370801 0.05 0.1 0.2 -0.02 0.03 0.12 0.951057 0.309017 1.89218e-17 5.82354e-17 
0.00321962 0.05 0.1 0.2 0.02 -0.03 0.12 -0.309017 0.951057 -5.82354e-17 -1.89218e-17 
0.003183 0.05 0.1 0.2 -0.025 -0.05 0.12 6.12323e-17 1 -6.12323e-17 3.7494e-33 
0.00315852 0.05 0.1 0.2 -0.005 0.04 0.12 1 0 0 6.12323e-17 
0.00315684 0.05 0.1 0.2 0.015 0.07 0.06 0.415627 -0.572061 0.572061 0.415629 
0.00313291 0.05 0.1 0.2 0.005 -0.04 0.12 6.12323e-17 1 -6.12323e-17 3.7494e-33 
0.00298375 0.05 0.1 0.2 0.02 0.07 0.06 0.415627 -0.572061 0.572061 0.415629 
0.00286678 0.05 0.1 0.2 -0.025 0.04 0.12 1 0 0 6.12323e-17 
0.00223488 0.05 0.1 0.2 0.015 -0.01 0.12 -0.587785 0.809017 -4.9538e-17 -3.59915e-17 
0.00214966 0.05 0.1 0.2 1.73472e-18 -0.05 0.12 0.587785 0.809017 -4.9538e-17 3.59915e-17 
0.00203415 0.05 0.1 0.2 -0.02 0.04 0.12 0.587785 0.809017 -4.9538e-17 3.59915e-17 
0.00180776 0.05 0.1 0.2 0.02 -0.05 0.12 -0.587785 0.809017 -4.9538e-17 -3.59915e-17 
0.00172507 0.05 0.1 0.2 0.02 -0.04 0.12 0.809017 -0.587785 -3.59914e-17 4.9538e-17 
0.00161095 0.05 0.1 0.2 -0.01 0.04 0.12 0.951057 0.309017 1.89218e-17 5.82354e-17 
0.00161004 0.05 0.1 0.2 0.01 -0.04 0.12 -0.309017 0.951057 -5.82354e-17 -1.89218e-17 
0.00156849 0.05 0.1 0.2 0.01 -0.05 0.12 6.12323e-17 1 -6.12323e-17 3.7494e-33 
0.00147125 0.05 0.1 0.2 0.005 -0.05 0.12 6.12323e-17 1 -6.12323e-17 3.7494e-33 
0.00132285 0.05 0.1 0.2 -0.01 -0.04 0.12 0.309017 0.951057 -5.82354e-17 1.89218e-17 
0.00129564 0.05 0.1 0.2 -0.015 0.01 0.12 0.809017 0.587785 3.59914e-17 4.9538e-17 
0.00127637 0.05 0.1 0.2 1.73472e-18 0.04 0.12 1 0 0 6.12323e-17 
0.00124165 0.05 0.1 0.2 -0.02 -0.04 0.12 6.12323e-17 1 -6.12323e-17 3.7494e-33 
0.00121186 0.05 0.1 0.2 1.73472e-18 -0.04 0.12 6.12323e-17 1 -6.12323e-17 3.7494e-33 
0.0011261 0.05 0.1 0.2 0.02 0.04 0.12 1 0 0 6.12323e-17 
0.000997337 0.05 0.1 0.2 -0.005 -0.05 0.12 0.587785 0.809017 -4.9538e-17 3.59915e-17 
0.000895079 0.05 0.1 0.2 0.01 0.04 0.12 0.951057 -0.309017 -1.89218e-17 5.82354e-17 
0.000810455 0.05 0.1 0.2 -0.015 -0.05 0.12 0.309017 0.951057 -5.82354e-17 1.89218e-17 
0.000655603 0.05 0.1 0.2 1.73472e-18 -0.05 0.12 6.12323e-17 1 -6.12323e-17 3.7494e-33 
0.000642151 0.05 0.1 0.2 0.015 0.07 0.08 0.415627 -0.572061 0.572061 0.415629 
0.000603525 0.05 0.1 0.2 -0.015 -0.07 0.06 -0.572061 -0.415627 -0.415627 0.572062 
0.000590026 0.05 0.1 0.2 -0.015 -0.04 0.12 0.309017 0.951057 -5.82354e-17 1.89218e-17 
0.000588491 0.05 0.1 0.2 -0.02 -0.07 0.08 -0.572061 -0.415627 -0.415627 0.572062 
0.000439846 0.05 0.1 0.2 -0.02 -0.05 0.12 6.12323e-17 1 -6.12323e-17 3.7494e-33 
0.000384288 0.05 0.1 0.2 0.015 -0.05 0.12 6.12323e-17 1 -6.12323e-17 3.7494e-33 
0.000370927 0.05 0.1 0.2 0.015 0.04 0.12 0.951057 -0.309017 -1.89218e-17 5.82354e-17 
0.000368088 0.05 0.1 0.2 -0.025 -0.07 0.08 -0.672499 -0.218508 -0.218508 0.672498 
0.000254178 0.05 0.1 0.2 -0.02 -0.07 0.08 -0.672499 -0.218508 -0.218508 0.672498 
3.3381e-05 0.05 0.1 0.2 -0.01 -0.07 0.08 -0.572061 -0.415627 -0.415627 0.572062 
-0.000135699 0.05 0.1 0.2 0.02 0.07 0.08 0.218508 -0.672499 0.672499 0.218502 
-0.00030545 0.05 0.1 0.2 0.005 0.04 0.12 1 0 0 6.12323e-17 
-0.000309353 0.05 0.1 0.2 -0.005 -0.05 0.12 6.12323e-17 1 -6.12323e-17 3.7494e-33 
-0.00037281 0.05 0.1 0.2 -0.005 -0.04 0.12 6.12323e-17 1 -6.12323e-17 3.7494e-33 
-0.000490395 0.05 0.1 0.2 -0.02 -0.07 0.06 -0.572061 -0.415627 -0.415627 0.572062 
-0.00059124 0.05 0.1 0.2 -0.015 0.03 0.12 0.809017 0.587785 3.59914e-17 4.9538e-17 
-0.000611983 0.05 0.1 0.2 -0.015 -0.07 0.08 -0.572061 -0.415627 -0.415627 0.572062 
-0.000656211 0.05 0.1 0.2 -0.025 -0.07 0.06 -0.572061 -0.415627 -0.415627 0.572062 
-0.000746626 0.05 0.1 0.2 0.02 -0.04 0.12 -0.309017 0.951057 -5.82354e-17 -1.89218e-17 
-0.000759228 0.05 0.1 0.2 -0.015 -0.04 0.12 6.12323e-17 1 -6.12323e-17 3.7494e-33 
-0.000775586 0.05 0.1 0.2 0.015 0.04 0.12 1 0 0 6.12323e-17 
-0.000800777 0.05 0.1 0.2 -0.025 -0.05 0.12 0.587785 0.809017 -4.9538e-17 3.59915e-17 
-0.000844164 0.05 0.1 0.2 -0.015 -0.05 0.12 6.12323e-17 1 -6.12323e-17 3.7494e-33 
-0.000957789 0.05 0.1 0.2 -0.01 -0.05 0.12 6.12323e-17 1 -6.12323e-17 3.7494e-33 
-0.000981181 0.05 0.1 0.2 -0.025 -0.05 0.12 0.309017 0.951057 -5.82354e-17 1.89218e-17 
-0.00113269 0.05 0.1 0.2 0.01 0.04 0.12 1 0 0 6.12323e-17 
-0.00117424 0.05 0.1 0.2 -0.02 0.04 0.12 0.951057 0.309017 1.89218e-17 5.82354e-17 
-0.00118448 0.05 0.1 0.2 -0.01 -0.04 0.12 6.12323e-17 1 -6.12323e-17 3.7494e-33 
-0.00122697 0.05 0.1 0.2 -0.01 -0.05 0.12 0.587785 0.809017 -4.9538e-17 3.59915e-17 
-0.00124555 0.05 0.1 0.2 -0.02 -0.05 0.12 0.309017 0.951057 -5.82354e-17 1.89218e-17 
-0.00128733 0.05 0.1 0.2 0.015 -0.05 0.12 0.809017 -0.587785 -3.59914e-17 4.9538e-17 
-0.00129891 0.05 0.1 0.2 0.015 -0.04 0.12 0.809017 -0.587785 -3.59914e-17 4.9538e-17 
-0.00133029 0.05 0.1 0.2 -0.015 0.04 0.12 0.587785 0.809017 -4.9538e-17 3.59915e-17 
-0.00153983 0.05 0.1 0.2 0.02 -0.07 0.08 -0.572061 0.415627 0.415627 0.572062 
-0.0015531 0.05 0.1 0.2 0.015 -0.04 0.12 -0.309017 0.951057 -5.82354e-17 -1.89218e-17 
-0.00165364 0.05 0.1 0.2 -0.015 0.04 0.12 0.951057 0.309017 1.89218e-17 5.82354e-17 
-0.00171882 0.05 0.1 0.2 0.015 -0.03 0.12 -0.587785 0.809017 -4.9538e-17 -3.59915e-17 
-0.0021705 0.05 0.1 0.2 -0.015 0.07 0.08 0.415627 0.572061 -0.572061 0.415629 
-0.00271553 0.05 0.1 0.2 0.02 -0.05 0.12 6.12323e-17 1 -6.12323e-17 3.7494e-33 
-0.00283721 0.05 0.1 0.2 -0.01 0.03 0.12 0.809017 0.587785 3.59914e-17 4.9538e-17 
-0.00317986 0.05 0.1 0.2 -0.015 -0.05 0.12 0.587785 0.809017 -4.9538e-17 3.59915e-17 
-0.0032979 0.05 0.1 0.2 0.01 -0.03 0.12 -0.587785 0.809017 -4.9538e-17 -3.59915e-17 
-0.00350608 0.05 0.1 0.2 -0.02 -0.05 0.12 0.587785 0.809017 -4.9538e-17 3.59915e-17 
-0.00423276 0.05 0.1 0.2 0.02 -0.05 0.12 0.809017 -0.587785 -3.59914e-17 4.9538e-17 
-0.00592912 0.05 0.1 0.2 0.01 -0.04 0.12 -0.587785 0.809017 -4.9538e-17 -3.59915e-17 
-0.00656719 0.05 0.1 0.2 -0.01 0.04 0.12 0.809017 0.587785 3.59914e-17 4.9538e-17 
-0.00835254 0.05 0.1 0.2 0.02 -0.04 0.12 -0.587785 0.809017 -4.9538e-17 -3.59915e-17 
-0.00839746 0.05 0.1 0.2 0.015 -0.07 0.08 -0.572061 0.415627 0.415627 0.572062 
-0.0090481 0.05 0.1 0.2 -0.02 0.04 0.12 0.809017 0.587785 3.59914e-17 4.9538e-17 
-0.0104417 0.05 0.1 0.2 -0.015 -0.07 0.08 -0.415627 -0.572061 -0.572061 0.415629 
-0.0115754 0.05 0.1 0.2 0.015 -0.04 0.12 -0.587785 0.809017 -4.9538e-17 -3.59915e-17 
-0.0120151 0.05 0.1 0.2 -0.015 0.04 0.12 0.809017 0.587785 3.59914e-17 4.9538e-17 
-0.0152217 0.05 0.1 0.2 0.015 0.07 0.08 0.572061 -0.415627 0.415627 0.572062 
-0.0178384 0.05 0.1 0.2 0.045 -0.04 0.04 0 -0.707107 0 0.707106 
-0.0181021 0.05 0.1 0.2 -0.045 0.04 0.04 0.707107 -4.32978e-17 0.707107 -4.32978e-17 
-0.0189269 0.05 0.1 0.2 0.045 -0.05 0.04 0 -0.707107 0 0.707106 
-0.0213751 0.05 0.1 0.2 0.015 -0.05 0.12 -0.309017 0.951057 -5.82354e-17 -1.89218e-17 
-0.0415411 0.05 0.1 0.2 0.045 -0.04 0.08 -0.218508 -0.672498 0.218508 0.672499 
-0.042017 0.05 0.1 0.2 0.045 -0.05 0.08 -0.218508 -0.672498 0.218508 0.672499 
-0.0465876 0.05 0.1 0.2 0.045 -0.05 0.02 0 -0.707107 0 0.707106 
-0.0531124 0.05 0.1 0.2 0.045 -0.05 0.06 -0.218508 -0.672498 0.218508 0.672499 
-0.0541443 0.05 0.1 0.2 -0.045 0.04 0.06 0.707107 -4.32978e-17 0.707107 -4.32978e-17 
-0.0680464 0.05 0.1 0.2 0.01 -0.05 0.12 -0.309017 0.951057 -5.82354e-17 -1.89218e-17 
-0.0745681 0.05 0.1 0.2 0.045 -0.05 6.93889e-18 0 -0.707107 0 0.707106 
-0.0866671 0.05 0.1 0.2 -0.045 0.04 0.08 0.707107 -4.32978e-17 0.707107 -4.32978e-17 
-0.0914019 0.05 0.1 0.2 -0.025 3.46945e-18 0.12 0.809017 0.587785 3.59914e-17 4.9538e-17 
-0.104218 0.05 0.1 0.2 0.045 -0.05 -0.02 0 -0.707107 0 0.707106 
-0.118725 0.05 0.1 0.2 0.005 -0.05 0.12 -0.309017 0.951057 -5.82354e-17 -1.89218e-17 
-0.178737 0.05 0.1 0.2 1.73472e-18 -0.05 0.12 -0.309017 0.951057 -5.82354e-17 -1.89218e-17 
-0.253352 0.05 0.1 0.2 -0.005 -0.05 0.12 -0.309017 0.951057 -5.82354e-17 -1.89218e-17 
-0.347887 0.05 0.1 0.2 -0.01 -0.05 0.12 -0.309017 0.951057 -5.82354e-17 -1.89218e-17 
-0.467608 0.05 0.1 0.2 -0.015 -0.05 0.12 -0.309017 0.951057 -5.82354e-17 -1.89218e-17 
-0.617739 0.05 0.1 0.2 -0.02 -0.05 0.12 -0.309017 0.951057 -5.82354e-17 -1.89218e-17 
-0.80348 0.05 0.1 0.2 -0.025 -0.05 0.12 -0.309017 0.951057 -5.82354e-17 -1.89218e-17 
-3.60269 0.05 0.1 0.2 -0.025 0.07 0.08 0.218508 0.672499 -0.672499 0.218502 
