13.6166 0.05 0.1 0.2 -0.015 -0.07 0.1 -0.672499 0.218508 0.218508 0.672498 
9.06321 0.05 0.1 0.2 -0.005 -0.07 0.1 -0.672499 0.218508 0.218508 0.672498 
4.30674 0.05 0.1 0.2 0.005 -0.07 0.1 -0.672499 0.218508 0.218508 0.672498 
1.03346 0.05 0.1 0.2 -0.025 0.07 0.1 -4.32978e-17 0.707107 -0.707107 4.32978e-17 
0.816422 0.05 0.1 0.2 -0.015 0.07 0.1 -4.32978e-17 0.707107 -0.707107 4.32978e-17 
0.587609 0.05 0.1 0.2 -0.005 0.07 0.1 -4.32978e-17 0.707107 -0.707107 4.32978e-17 
0.378115 0.05 0.1 0.2 -0.025 -0.07 0.06 -0.415627 -0.572061 -0.572061 0.415629 
0.352388 0.05 0.1 0.2 0.005 0.07 0.1 -4.32978e-17 0.707107 -0.707107 4.32978e-17 
0.222801 0.05 0.1 0.2 -0.025 0.07 0.06 0.415627 0.572061 -0.572061 0.415629 
0.1584 0.05 0.1 0.2 0.025 -0.01 0.12 -0.587785 0.809017 -4.9538e-17 -3.59915e-17 
0.139683 0.05 0.1 0.2 -0.025 0.07 0.02 0.415627 0.572061 -0.572061 0.415629 
0.138437 0.05 0.1 0.2 -0.015 -0.07 0.06 -0.415627 -0.572061 -0.572061 0.415629 
0.116323 0.05 0.1 0.2 0.015 0.07 0.1 -4.32978e-17 0.707107 -0.707107 4.32978e-17 
0.108365 0.05 0.1 0.2 -0.025 0.01 0.12 0.587785 0.809017 -4.9538e-17 3.59915e-17 
0.106299 0.05 0.1 0.2 -0.025 -0.07 0.02 -0.415627 -0.572061 -0.572061 0.415629 
0.100568 0.05 0.1 0.2 -0.025 -0.01 0.12 0.587785 0.809017 -4.9538e-17 3.59915e-17 
0.0949611 0.05 0.1 0.2 -0.025 -0.03 0.12 0.587785 0.809017 -4.9538e-17 3.59915e-17 
0.0905921 0.05 0.1 0.2 -0.015 -0.07 0.02 -0.415627 -0.572061 -0.572061 0.415629 
0.0888835 0.05 0.1 0.2 -0.025 0.03 0.12 0.587785 0.809017 -4.9538e-17 3.59915e-17 
0.0763476 0.05 0.1 0.2 -0.025 0.05 0.12 0.951057 0.309017 1.89218e-17 5.82354e-17 
0.0721842 0.05 0.1 0.2 -0.025 0.07 -0.02 0.415627 0.572061 -0.572061 0.415629 
0.0598501 0.05 0.1 0.2 -0.025 -0.05 0.12 0.587785 0.809017 -4.9538e-17 3.59915e-17 
0.049239 0.05 0.1 0.2 -0.015 -0.01 0.12 0.587785 0.809017 -4.9538e-17 3.59915e-17 
0.0403659 0.05 0.1 0.2 -0.015 0.07 0.02 0.415627 0.572061 -0.572061 0.415629 
0.0362645 0.05 0.1 0.2 -0.015 0.01 0.12 0.587785 0.809017 -4.9538e-17 3.59915e-17 
0.0341239 0.05 0.1 0.2 -0.015 0.07 0.06 0.415627 0.572061 -0.572061 0.415629 
0.032765 0.05 0.1 0.2 -0.015 -0.03 0.12 0.587785 0.809017 -4.9538e-17 3.59915e-17 
0.0300657 0.05 0.1 0.2 0.025 0.05 0.12 0.951057 -0.309017 -1.89218e-17 5.82354e-17 
0.0294791 0.05 0.1 0.2 -0.025 0.03 0.12 0.951057 0.309017 1.89218e-17 5.82354e-17 
0.0292512 0.05 0.1 0.2 -0.015 0.05 0.12 0.951057 -0.309017 -1.89218e-17 5.82354e-17 
0.0227548 0.05 0.1 0.2 -0.025 0.05 0.12 0.587785 0.809017 -4.9538e-17 3.59915e-17 
0.0211958 0.05 0.1 0.2 -0.005 0.05 0.12 0.951057 -0.309017 -1.89218e-17 5.82354e-17 
0.0197834 0.05 0.1 0.2 -0.015 0.07 -0.02 0.415627 0.572061 -0.572061 0.415629 
0.0170681 0.05 0.1 0.2 0.025 -0.03 0.12 -0.587785 0.809017 -4.9538e-17 -3.59915e-17 
0.0116046 0.05 0.1 0.2 0.005 0.05 0.12 0.951057 -0.309017 -1.89218e-17 5.82354e-17 
0.0114921 0.05 0.1 0.2 0.025 0.03 0.12 0.951057 -0.309017 -1.89218e-17 5.82354e-17 
0.00976236 0.05 0.1 0.2 0.015 -0.01 0.12 -0.587785 0.809017 -4.9538e-17 -3.59915e-17 
0.00565348 0.05 0.1 0.2 -0.015 0.03 0.12 0.587785 0.809017 -4.9538e-17 3.59915e-17 
0.00473141 0.05 0.1 0.2 -0.005 -0.05 0.12 0.587785 0.809017 -4.9538e-17 3.59915e-17 
0.00207591 0.05 0.1 0.2 0.015 -0.05 0.12 6.12323e-17 1 -6.12323e-17 3.7494e-33 
0.00150957 0.05 0.1 0.2 -0.015 0.05 0.12 0.587785 0.809017 -4.9538e-17 3.59915e-17 
0.00146174 0.05 0.1 0.2 -0.015 -0.05 0.12 6.12323e-17 1 -6.12323e-17 3.7494e-33 
0.000903277 0.05 0.1 0.2 0.025 0.07 0.06 0.415627 -0.572061 0.572061 0.415629 
0.000724764 0.05 0.1 0.2 0.015 -0.05 0.12 -0.587785 0.809017 -4.9538e-17 -3.59915e-17 
0.000127533 0.05 0.1 0.2 -0.025 -0.07 0.1 -0.672499 -0.218508 -0.218508 0.672498 
2.6462e-05 0.05 0.1 0.2 -0.015 -0.07 0.1 -0.672499 -0.218508 -0.218508 0.672498 
8.14142e-07 0.05 0.1 0.2 -0.045 -0.05 0.02 -0.218508 0.672498 -0.218508 0.672499 
8.13475e-07 0.05 0.1 0.2 -0.045 -0.05 -0.02 -0.218508 0.672498 -0.218508 0.672499 
7.77367e-07 0.05 0.1 0.2 0.045 -0.05 0.06 0.218508 -0.672498 -0.218508 0.672499 
7.67565e-07 0.05 0.1 0.2 0.045 -0.05 0.1 0.218508 -0.672498 -0.218508 0.672499 
7.12965e-07 0.05 0.1 0.2 0.045 -0.05 0.02 0.218508 -0.672498 -0.218508 0.672499 
7.03809e-07 0.05 0.1 0.2 -0.045 -0.05 0.06 -0.218508 0.672498 -0.218508 0.672499 
5.85651e-07 0.05 0.1 0.2 -0.045 -0.03 0.1 -0.218508 0.672498 -0.218508 0.672499 
5.28429e-07 0.05 0.1 0.2 -0.045 -0.05 0.1 -0.218508 0.672498 -0.218508 0.672499 
1.723e-08 0.05 0.1 0.2 -0.045 0.05 -0.02 0.707107 -4.32978e-17 0.707107 -4.32978e-17 
1.13997e-08 0.05 0.1 0.2 0.045 -0.05 0.06 -0.218508 -0.672498 0.218508 0.672499 
1.12787e-08 0.05 0.1 0.2 -0.045 0.05 0.02 0.707107 -4.32978e-17 0.707107 -4.32978e-17 
8.99141e-09 0.05 0.1 0.2 0.045 -0.05 0.1 -0.218508 -0.672498 0.218508 0.672499 
8.80165e-09 0.05 0.1 0.2 0.045 -0.03 0.1 -0.218508 -0.672498 0.218508 0.672499 
4.46468e-09 0.05 0.1 0.2 -0.045 0.05 0.06 0.707107 -4.32978e-17 0.707107 -4.32978e-17 
-1.95253e-10 0.05 0.1 0.2 -0.045 -0.05 0.1 -0.572061 0.415627 -0.572061 0.415629 
-2.39359e-10 0.05 0.1 0.2 -0.045 -0.03 0.1 -0.572061 0.415627 -0.572061 0.415629 
-2.88138e-10 0.05 0.1 0.2 -0.045 -0.01 0.1 -0.572061 0.415627 -0.572061 0.415629 
-3.3546e-10 0.05 0.1 0.2 -0.045 0.01 0.1 -0.572061 0.415627 -0.572061 0.415629 
-3.90226e-10 0.05 0.1 0.2 -0.045 0.03 0.1 -0.572061 0.415627 -0.572061 0.415629 
-4.867e-10 0.05 0.1 0.2 -0.045 0.05 0.1 -0.572061 0.415627 -0.572061 0.415629 
-1.25032e-09 0.05 0.1 0.2 -0.045 0.05 0.1 0.707107 -4.32978e-17 0.707107 -4.32978e-17 
-3.21737e-08 0.05 0.1 0.2 0.045 0.05 0.1 -0.572061 -0.415627 0.572061 0.415629 
-3.40719e-08 0.05 0.1 0.2 0.045 0.03 0.1 -0.572061 -0.415627 0.572061 0.415629 
-3.52546e-08 0.05 0.1 0.2 0.045 0.01 0.1 -0.572061 -0.415627 0.572061 0.415629 
-6.62112e-07 0.05 0.1 0.2 0.045 0.05 0.02 0.707107 -4.32978e-17 -0.707107 4.32978e-17 
-7.4522e-07 0.05 0.1 0.2 0.045 0.05 0.1 0.707107 -4.32978e-17 -0.707107 4.32978e-17 
-7.47715e-07 0.05 0.1 0.2 0.045 0.05 0.06 0.707107 -4.32978e-17 -0.707107 4.32978e-17 
-1.56514e-05 0.05 0.1 0.2 -0.005 -0.07 0.1 -0.672499 -0.218508 -0.218508 0.672498 
-0.000112362 0.05 0.1 0.2 0.015 0.07 0.06 0.415627 -0.572061 0.572061 0.415629 
-0.000186623 0.05 0.1 0.2 0.005 -0.07 0.1 -0.672499 -0.218508 -0.218508 0.672498 
-0.000518906 0.05 0.1 0.2 -0.005 -0.05 0.12 6.12323e-17 1 -6.12323e-17 3.7494e-33 
-0.000670532 0.05 0.1 0.2 0.015 -0.07 0.1 -0.672499 -0.218508 -0.218508 0.672498 
-0.00100577 0.05 0.1 0.2 0.005 -0.05 0.12 6.12323e-17 1 -6.12323e-17 3.7494e-33 
-0.00163282 0.05 0.1 0.2 0.025 -0.07 0.1 -0.672499 -0.218508 -0.218508 0.672498 
-0.0022225 0.05 0.1 0.2 0.015 0.05 0.12 0.951057 -0.309017 -1.89218e-17 5.82354e-17 
-0.00538356 0.05 0.1 0.2 -0.015 -0.05 0.12 0.587785 0.809017 -4.9538e-17 3.59915e-17 
-0.00655964 0.05 0.1 0.2 0.015 -0.03 0.12 -0.587785 0.809017 -4.9538e-17 -3.59915e-17 
-0.0090899 0.05 0.1 0.2 -0.025 -0.05 0.12 6.12323e-17 1 -6.12323e-17 3.7494e-33 
-0.0175192 0.05 0.1 0.2 0.025 -0.05 0.12 6.12323e-17 1 -6.12323e-17 3.7494e-33 
-0.0237334 0.05 0.1 0.2 0.025 -0.05 0.12 -0.587785 0.809017 -4.9538e-17 -3.59915e-17 
-0.0336027 0.05 0.1 0.2 -0.015 0.05 0.12 0.951057 0.309017 1.89218e-17 5.82354e-17 
-0.11505 0.05 0.1 0.2 0.025 0.07 0.1 -4.32978e-17 0.707107 -0.707107 4.32978e-17 
-0.2975 0.05 0.1 0.2 -0.005 0.05 0.12 0.951057 0.309017 1.89218e-17 5.82354e-17 
-0.302959 0.05 0.1 0.2 -0.005 0.07 0.1 0.415627 0.572061 -0.572061 0.415629 
-0.546144 0.05 0.1 0.2 0.015 -0.07 0.1 -0.672499 0.218508 0.218508 0.672498 
-0.624145 0.05 0.1 0.2 -0.015 0.07 0.1 0.415627 0.572061 -0.572061 0.415629 
-0.747943 0.05 0.1 0.2 0.005 0.05 0.12 0.951057 0.309017 1.89218e-17 5.82354e-17 
-0.796725 0.05 0.1 0.2 -0.015 -0.07 0.1 -0.415627 -0.572061 -0.572061 0.415629 
-1.30362 0.05 0.1 0.2 -0.025 0.07 0.1 0.415627 0.572061 -0.572061 0.415629 
-1.39853 0.05 0.1 0.2 0.015 0.05 0.12 0.951057 0.309017 1.89218e-17 5.82354e-17 
-2.21735 0.05 0.1 0.2 -0.025 -0.07 0.1 -0.415627 -0.572061 -0.572061 0.415629 
-2.24255 0.05 0.1 0.2 0.025 0.05 0.12 0.951057 0.309017 1.89218e-17 5.82354e-17 
-2.57868 0.05 0.1 0.2 0.025 0.07 0.1 0.415627 -0.572061 0.572061 0.415629 
-2.64698 0.05 0.1 0.2 0.015 0.07 0.1 0.415627 -0.572061 0.572061 0.415629 
-5.38521 0.05 0.1 0.2 0.025 -0.07 0.1 -0.672499 0.218508 0.218508 0.672498 
