25.898 0.07 0.07 0.15 0.035 -0.035 0.095 -0.587785 0.809017 -4.9538e-17 -3.59915e-17 
25.846 0.07 0.07 0.15 0.035 -0.028 0.095 -0.587785 0.809017 -4.9538e-17 -3.59915e-17 
25.8311 0.07 0.07 0.15 0.028 -0.035 0.095 -0.587785 0.809017 -4.9538e-17 -3.59915e-17 
25.8021 0.07 0.07 0.15 0.021 -0.035 0.095 -0.587785 0.809017 -4.9538e-17 -3.59915e-17 
25.7786 0.07 0.07 0.15 0.028 -0.028 0.095 -0.587785 0.809017 -4.9538e-17 -3.59915e-17 
25.7731 0.07 0.07 0.15 0.035 -0.021 0.095 -0.587785 0.809017 -4.9538e-17 -3.59915e-17 
25.7473 0.07 0.07 0.15 0.021 -0.028 0.095 -0.587785 0.809017 -4.9538e-17 -3.59915e-17 
25.7085 0.07 0.07 0.15 0.028 -0.021 0.095 -0.587785 0.809017 -4.9538e-17 -3.59915e-17 
25.6781 0.07 0.07 0.15 0.021 -0.021 0.095 -0.587785 0.809017 -4.9538e-17 -3.59915e-17 
25.6652 0.07 0.07 0.15 0.035 -0.014 0.095 -0.587785 0.809017 -4.9538e-17 -3.59915e-17 
25.6072 0.07 0.07 0.15 0.028 -0.014 0.095 -0.587785 0.809017 -4.9538e-17 -3.59915e-17 
25.5814 0.07 0.07 0.15 0.021 -0.014 0.095 -0.587785 0.809017 -4.9538e-17 -3.59915e-17 
25.5046 0.07 0.07 0.15 0.035 -0.007 0.095 -0.587785 0.809017 -4.9538e-17 -3.59915e-17 
25.4575 0.07 0.07 0.15 0.028 -0.007 0.095 -0.587785 0.809017 -4.9538e-17 -3.59915e-17 
25.4408 0.07 0.07 0.15 0.021 -0.007 0.095 -0.587785 0.809017 -4.9538e-17 -3.59915e-17 
25.2703 0.07 0.07 0.15 0.035 -1.73472e-18 0.095 -0.587785 0.809017 -4.9538e-17 -3.59915e-17 
25.2392 0.07 0.07 0.15 0.028 -1.73472e-18 0.095 -0.587785 0.809017 -4.9538e-17 -3.59915e-17 
25.2365 0.07 0.07 0.15 0.021 -1.73472e-18 0.095 -0.587785 0.809017 -4.9538e-17 -3.59915e-17 
25.1117 0.07 0.07 0.15 0.007 0.055 0.075 0.218508 0.672499 -0.672499 0.218502 
24.9381 0.07 0.07 0.15 0.035 0.007 0.095 -0.587785 0.809017 -4.9538e-17 -3.59915e-17 
24.9284 0.07 0.07 0.15 0.028 0.007 0.095 -0.587785 0.809017 -4.9538e-17 -3.59915e-17 
24.4807 0.07 0.07 0.15 0.035 0.014 0.095 -0.587785 0.809017 -4.9538e-17 -3.59915e-17 
23.8682 0.07 0.07 0.15 0.035 0.021 0.095 -0.587785 0.809017 -4.9538e-17 -3.59915e-17 
20.5846 0.07 0.07 0.15 -0.021 0.055 0.06 0.218508 0.672499 -0.672499 0.218502 
20.2075 0.07 0.07 0.15 -1.73472e-18 0.055 0.075 0.218508 0.672499 -0.672499 0.218502 
18.408 0.07 0.07 0.15 -0.055 0.028 0.06 -0.572061 0.415627 -0.572061 0.415629 
18.3201 0.07 0.07 0.15 -0.055 0.035 0.06 -0.572061 0.415627 -0.572061 0.415629 
17.7112 0.07 0.07 0.15 -0.055 -0.035 0.075 -0.572061 0.415627 -0.572061 0.415629 
17.685 0.07 0.07 0.15 -0.055 -0.028 0.075 -0.572061 0.415627 -0.572061 0.415629 
17.656 0.07 0.07 0.15 -0.055 -0.021 0.075 -0.572061 0.415627 -0.572061 0.415629 
17.6238 0.07 0.07 0.15 -0.055 -0.014 0.075 -0.572061 0.415627 -0.572061 0.415629 
17.588 0.07 0.07 0.15 -0.055 -0.007 0.075 -0.572061 0.415627 -0.572061 0.415629 
17.5481 0.07 0.07 0.15 -0.055 -1.73472e-18 0.075 -0.572061 0.415627 -0.572061 0.415629 
17.5032 0.07 0.07 0.15 -0.055 0.007 0.075 -0.572061 0.415627 -0.572061 0.415629 
17.4525 0.07 0.07 0.15 -0.055 0.014 0.075 -0.572061 0.415627 -0.572061 0.415629 
17.3952 0.07 0.07 0.15 -0.055 0.021 0.075 -0.572061 0.415627 -0.572061 0.415629 
17.3302 0.07 0.07 0.15 -0.055 0.028 0.075 -0.572061 0.415627 -0.572061 0.415629 
17.2563 0.07 0.07 0.15 -0.055 0.035 0.075 -0.572061 0.415627 -0.572061 0.415629 
16.3449 0.07 0.07 0.15 0.035 0.055 0.075 -4.32978e-17 0.707107 -0.707107 4.32978e-17 
15.6411 0.07 0.07 0.15 -0.028 0.055 0.06 0.218508 0.672499 -0.672499 0.218502 
15.2622 0.07 0.07 0.15 -0.007 0.055 0.075 0.218508 0.672499 -0.672499 0.218502 
14.8449 0.07 0.07 0.15 -0.055 -0.035 0.06 -0.415627 0.572061 -0.415627 0.572062 
14.1011 0.07 0.07 0.15 -0.055 -0.028 0.06 -0.415627 0.572061 -0.415627 0.572062 
14.0097 0.07 0.07 0.15 -0.055 -0.035 0.075 -0.415627 0.572061 -0.415627 0.572062 
13.3467 0.07 0.07 0.15 -0.055 -0.021 0.06 -0.415627 0.572061 -0.415627 0.572062 
13.3051 0.07 0.07 0.15 -0.055 -0.028 0.075 -0.415627 0.572061 -0.415627 0.572062 
12.5905 0.07 0.07 0.15 -0.055 -0.021 0.075 -0.415627 0.572061 -0.415627 0.572062 
12.5818 0.07 0.07 0.15 -0.055 -0.014 0.06 -0.415627 0.572061 -0.415627 0.572062 
11.8659 0.07 0.07 0.15 -0.055 -0.014 0.075 -0.415627 0.572061 -0.415627 0.572062 
11.8064 0.07 0.07 0.15 -0.055 -0.007 0.06 -0.415627 0.572061 -0.415627 0.572062 
11.1313 0.07 0.07 0.15 -0.055 -0.007 0.075 -0.415627 0.572061 -0.415627 0.572062 
11.0201 0.07 0.07 0.15 -0.055 -1.73472e-18 0.06 -0.415627 0.572061 -0.415627 0.572062 
10.7317 0.07 0.07 0.15 -0.035 0.055 0.06 0.218508 0.672499 -0.672499 0.218502 
10.4053 0.07 0.07 0.15 0.028 0.055 0.075 -4.32978e-17 0.707107 -0.707107 4.32978e-17 
10.3861 0.07 0.07 0.15 -0.055 -1.73472e-18 0.075 -0.415627 0.572061 -0.415627 0.572062 
10.298 0.07 0.07 0.15 -0.014 0.055 0.075 0.218508 0.672499 -0.672499 0.218502 
9.62992 0.07 0.07 0.15 -0.055 0.007 0.075 -0.415627 0.572061 -0.415627 0.572062 
8.86179 0.07 0.07 0.15 -0.055 0.014 0.075 -0.415627 0.572061 -0.415627 0.572062 
8.82185 0.07 0.07 0.15 0.035 -1.73472e-18 0.095 -0.309017 0.951057 -5.82354e-17 -1.89218e-17 
8.6611 0.07 0.07 0.15 0.035 -0.007 0.095 -0.309017 0.951057 -5.82354e-17 -1.89218e-17 
8.51947 0.07 0.07 0.15 0.035 -0.014 0.095 -0.309017 0.951057 -5.82354e-17 -1.89218e-17 
8.43216 0.07 0.07 0.15 0.028 -0.007 0.095 -0.309017 0.951057 -5.82354e-17 -1.89218e-17 
8.4107 0.07 0.07 0.15 0.035 -0.021 0.095 -0.309017 0.951057 -5.82354e-17 -1.89218e-17 
8.37194 0.07 0.07 0.15 0.028 -0.014 0.095 -0.309017 0.951057 -5.82354e-17 -1.89218e-17 
8.34641 0.07 0.07 0.15 0.035 -0.028 0.095 -0.309017 0.951057 -5.82354e-17 -1.89218e-17 
8.33589 0.07 0.07 0.15 0.035 -0.035 0.095 -0.309017 0.951057 -5.82354e-17 -1.89218e-17 
8.32378 0.07 0.07 0.15 -0.035 0.035 0.095 0.809017 0.587785 3.59914e-17 4.9538e-17 
8.3213 0.07 0.07 0.15 0.028 -0.021 0.095 -0.309017 0.951057 -5.82354e-17 -1.89218e-17 
8.29133 0.07 0.07 0.15 0.028 -0.028 0.095 -0.309017 0.951057 -5.82354e-17 -1.89218e-17 
8.2909 0.07 0.07 0.15 0.028 -0.035 0.095 -0.309017 0.951057 -5.82354e-17 -1.89218e-17 
8.28873 0.07 0.07 0.15 0.007 -0.035 0.095 -0.309017 0.951057 -5.82354e-17 -1.89218e-17 
8.28459 0.07 0.07 0.15 -1.73472e-18 -0.035 0.095 -0.309017 0.951057 -5.82354e-17 -1.89218e-17 
8.28155 0.07 0.07 0.15 0.014 -0.035 0.095 -0.309017 0.951057 -5.82354e-17 -1.89218e-17 
8.2775 0.07 0.07 0.15 0.021 -0.035 0.095 -0.309017 0.951057 -5.82354e-17 -1.89218e-17 
8.27282 0.07 0.07 0.15 0.014 -0.028 0.095 -0.309017 0.951057 -5.82354e-17 -1.89218e-17 
8.27152 0.07 0.07 0.15 0.021 -0.028 0.095 -0.309017 0.951057 -5.82354e-17 -1.89218e-17 
8.2547 0.07 0.07 0.15 -0.007 -0.035 0.095 -0.309017 0.951057 -5.82354e-17 -1.89218e-17 
8.23598 0.07 0.07 0.15 -0.028 0.035 0.095 0.809017 0.587785 3.59914e-17 4.9538e-17 
8.2029 0.07 0.07 0.15 -0.035 0.028 0.095 0.809017 0.587785 3.59914e-17 4.9538e-17 
8.1865 0.07 0.07 0.15 -0.021 0.035 0.095 0.809017 0.587785 3.59914e-17 4.9538e-17 
8.1846 0.07 0.07 0.15 -0.014 -0.035 0.095 -0.309017 0.951057 -5.82354e-17 -1.89218e-17 
8.11486 0.07 0.07 0.15 -0.028 0.028 0.095 0.809017 0.587785 3.59914e-17 4.9538e-17 
8.08068 0.07 0.07 0.15 -0.055 0.021 0.075 -0.415627 0.572061 -0.415627 0.572062 
8.06854 0.07 0.07 0.15 -0.035 0.021 0.095 0.809017 0.587785 3.59914e-17 4.9538e-17 
8.06316 0.07 0.07 0.15 -0.021 0.028 0.095 0.809017 0.587785 3.59914e-17 4.9538e-17 
8.06 0.07 0.07 0.15 -0.021 -0.035 0.095 -0.309017 0.951057 -5.82354e-17 -1.89218e-17 
7.99649 0.07 0.07 0.15 0.014 0.055 0.06 -4.32978e-17 0.707107 -0.707107 4.32978e-17 
7.98304 0.07 0.07 0.15 -0.028 0.021 0.095 0.809017 0.587785 3.59914e-17 4.9538e-17 
7.93215 0.07 0.07 0.15 -0.021 0.021 0.095 0.809017 0.587785 3.59914e-17 4.9538e-17 
7.90753 0.07 0.07 0.15 -0.035 0.014 0.095 0.809017 0.587785 3.59914e-17 4.9538e-17 
7.86669 0.07 0.07 0.15 -0.028 -0.035 0.095 -0.309017 0.951057 -5.82354e-17 -1.89218e-17 
7.8276 0.07 0.07 0.15 -0.028 0.014 0.095 0.809017 0.587785 3.59914e-17 4.9538e-17 
7.78095 0.07 0.07 0.15 -0.021 0.014 0.095 0.809017 0.587785 3.59914e-17 4.9538e-17 
7.7046 0.07 0.07 0.15 -0.035 0.007 0.095 0.809017 0.587785 3.59914e-17 4.9538e-17 
7.63359 0.07 0.07 0.15 -0.028 0.007 0.095 0.809017 0.587785 3.59914e-17 4.9538e-17 
7.59483 0.07 0.07 0.15 -0.021 0.007 0.095 0.809017 0.587785 3.59914e-17 4.9538e-17 
7.5908 0.07 0.07 0.15 -0.035 -0.035 0.095 -0.309017 0.951057 -5.82354e-17 -1.89218e-17 
7.44242 0.07 0.07 0.15 -0.035 -1.73472e-18 0.095 0.809017 0.587785 3.59914e-17 4.9538e-17 
7.3839 0.07 0.07 0.15 -0.028 -1.73472e-18 0.095 0.809017 0.587785 3.59914e-17 4.9538e-17 
7.357 0.07 0.07 0.15 -0.021 -1.73472e-18 0.095 0.809017 0.587785 3.59914e-17 4.9538e-17 
7.10171 0.07 0.07 0.15 -0.035 -0.007 0.095 0.809017 0.587785 3.59914e-17 4.9538e-17 
7.0595 0.07 0.07 0.15 -0.028 -0.007 0.095 0.809017 0.587785 3.59914e-17 4.9538e-17 
6.6614 0.07 0.07 0.15 -0.035 -0.014 0.095 0.809017 0.587785 3.59914e-17 4.9538e-17 
6.09873 0.07 0.07 0.15 -0.035 -0.021 0.095 0.809017 0.587785 3.59914e-17 4.9538e-17 
5.33728 0.07 0.07 0.15 -0.021 0.055 0.075 0.218508 0.672499 -0.672499 0.218502 
4.41554 0.07 0.07 0.15 0.021 0.055 0.075 -4.32978e-17 0.707107 -0.707107 4.32978e-17 
3.63827 0.07 0.07 0.15 -0.035 -1.73472e-18 0.095 0.951057 0.309017 1.89218e-17 5.82354e-17 
3.52618 0.07 0.07 0.15 -0.035 0.007 0.095 0.951057 0.309017 1.89218e-17 5.82354e-17 
3.4254 0.07 0.07 0.15 -0.035 0.014 0.095 0.951057 0.309017 1.89218e-17 5.82354e-17 
3.35111 0.07 0.07 0.15 -0.035 0.021 0.095 0.951057 0.309017 1.89218e-17 5.82354e-17 
3.33238 0.07 0.07 0.15 -0.035 0.035 0.095 0.951057 0.309017 1.89218e-17 5.82354e-17 
3.31642 0.07 0.07 0.15 -0.035 0.028 0.095 0.951057 0.309017 1.89218e-17 5.82354e-17 
3.31364 0.07 0.07 0.15 -0.028 0.007 0.095 0.951057 0.309017 1.89218e-17 5.82354e-17 
3.28551 0.07 0.07 0.15 -0.028 0.014 0.095 0.951057 0.309017 1.89218e-17 5.82354e-17 
3.27844 0.07 0.07 0.15 -0.028 0.035 0.095 0.951057 0.309017 1.89218e-17 5.82354e-17 
3.26215 0.07 0.07 0.15 -0.028 0.021 0.095 0.951057 0.309017 1.89218e-17 5.82354e-17 
3.25624 0.07 0.07 0.15 -0.028 0.028 0.095 0.951057 0.309017 1.89218e-17 5.82354e-17 
3.2552 0.07 0.07 0.15 -0.021 0.035 0.095 0.951057 0.309017 1.89218e-17 5.82354e-17 
3.24888 0.07 0.07 0.15 -0.014 0.035 0.095 0.951057 0.309017 1.89218e-17 5.82354e-17 
3.24542 0.07 0.07 0.15 -0.007 0.035 0.095 0.951057 0.309017 1.89218e-17 5.82354e-17 
3.23075 0.07 0.07 0.15 -1.73472e-18 0.035 0.095 0.951057 0.309017 1.89218e-17 5.82354e-17 
3.22858 0.07 0.07 0.15 -0.021 0.028 0.095 0.951057 0.309017 1.89218e-17 5.82354e-17 
3.21958 0.07 0.07 0.15 -0.014 0.028 0.095 0.951057 0.309017 1.89218e-17 5.82354e-17 
3.19076 0.07 0.07 0.15 0.007 0.035 0.095 0.951057 0.309017 1.89218e-17 5.82354e-17 
3.11139 0.07 0.07 0.15 0.014 0.035 0.095 0.951057 0.309017 1.89218e-17 5.82354e-17 
2.97869 0.07 0.07 0.15 0.021 0.035 0.095 0.951057 0.309017 1.89218e-17 5.82354e-17 
2.77893 0.07 0.07 0.15 0.028 0.035 0.095 0.951057 0.309017 1.89218e-17 5.82354e-17 
2.49857 0.07 0.07 0.15 0.035 0.035 0.095 0.951057 0.309017 1.89218e-17 5.82354e-17 
2.37931 0.07 0.07 0.15 0.028 0.055 0.045 0.218508 -0.672499 0.672499 0.218502 
2.35357 0.07 0.07 0.15 0.035 0.055 0.045 0.218508 -0.672499 0.672499 0.218502 
1.97566 0.07 0.07 0.15 0.007 0.055 0.06 -4.32978e-17 0.707107 -0.707107 4.32978e-17 
1.8053 0.07 0.07 0.15 -0.007 -0.055 0.075 -0.672499 0.218508 0.218508 0.672498 
1.74208 0.07 0.07 0.15 -0.055 -0.035 0.075 0 0.707107 0 0.707106 
1.73472 0.07 0.07 0.15 -0.055 -0.028 0.075 0 0.707107 0 0.707106 
1.65052 0.07 0.07 0.15 -0.055 -0.035 0.06 0 0.707107 0 0.707106 
1.6403 0.07 0.07 0.15 -0.055 -0.028 0.06 0 0.707107 0 0.707106 
1.59853 0.07 0.07 0.15 -0.055 0.035 0.045 -0.672498 0.218508 -0.672499 0.218508 
1.55976 0.07 0.07 0.15 -0.055 -0.035 0.045 0 0.707107 0 0.707106 
1.54695 0.07 0.07 0.15 -0.055 -0.028 0.045 0 0.707107 0 0.707106 
1.52753 0.07 0.07 0.15 -0.055 0.028 0.045 -0.672498 0.218508 -0.672499 0.218508 
1.49659 0.07 0.07 0.15 -0.035 0.055 0.075 0.415627 0.572061 -0.572061 0.415629 
1.47224 0.07 0.07 0.15 -0.035 0.055 0.06 0.415627 0.572061 -0.572061 0.415629 
1.47011 0.07 0.07 0.15 -0.055 -0.035 0.03 0 0.707107 0 0.707106 
1.46599 0.07 0.07 0.15 -0.035 0.035 0.095 0.587785 0.809017 -4.9538e-17 3.59915e-17 
1.46008 0.07 0.07 0.15 -0.055 0.021 0.045 -0.672498 0.218508 -0.672499 0.218508 
1.45504 0.07 0.07 0.15 -0.055 -0.028 0.03 0 0.707107 0 0.707106 
1.44644 0.07 0.07 0.15 -0.028 0.035 0.095 0.587785 0.809017 -4.9538e-17 3.59915e-17 
1.39285 0.07 0.07 0.15 -0.035 0.055 0.045 0.415627 0.572061 -0.572061 0.415629 
1.38213 0.07 0.07 0.15 -0.055 -0.035 0.015 0 0.707107 0 0.707106 
1.36772 0.07 0.07 0.15 -0.028 0.055 0.06 0.415627 0.572061 -0.572061 0.415629 
1.3652 0.07 0.07 0.15 -0.055 -0.028 0.015 0 0.707107 0 0.707106 
1.36499 0.07 0.07 0.15 -0.028 0.055 0.075 0.415627 0.572061 -0.572061 0.415629 
1.32006 0.07 0.07 0.15 -0.028 0.055 0.045 0.415627 0.572061 -0.572061 0.415629 
1.31204 0.07 0.07 0.15 0.035 0.055 0.03 0.415627 -0.572061 0.572061 0.415629 
1.29709 0.07 0.07 0.15 -0.035 0.055 0.03 0.415627 0.572061 -0.572061 0.415629 
1.29567 0.07 0.07 0.15 -0.021 0.055 0.075 0.415627 0.572061 -0.572061 0.415629 
1.26428 0.07 0.07 0.15 -0.014 0.055 0.075 0.415627 0.572061 -0.572061 0.415629 
1.25182 0.07 0.07 0.15 0.028 0.055 0.06 0.218508 -0.672499 0.672499 0.218502 
1.25087 0.07 0.07 0.15 -0.028 0.055 0.03 0.415627 0.572061 -0.572061 0.415629 
1.24622 0.07 0.07 0.15 -0.007 0.055 0.075 0.415627 0.572061 -0.572061 0.415629 
1.2389 0.07 0.07 0.15 0.035 0.055 0.06 0.218508 -0.672499 0.672499 0.218502 
1.23543 0.07 0.07 0.15 -0.035 0.028 0.095 0.587785 0.809017 -4.9538e-17 3.59915e-17 
1.21822 0.07 0.07 0.15 -0.035 0.055 0.015 0.415627 0.572061 -0.572061 0.415629 
1.21803 0.07 0.07 0.15 -0.028 0.028 0.095 0.587785 0.809017 -4.9538e-17 3.59915e-17 
1.18614 0.07 0.07 0.15 -0.028 0.055 0.015 0.415627 0.572061 -0.572061 0.415629 
1.18026 0.07 0.07 0.15 -0.035 0.055 0 0.415627 0.572061 -0.572061 0.415629 
1.14515 0.07 0.07 0.15 -0.028 0.055 0 0.415627 0.572061 -0.572061 0.415629 
1.14168 0.07 0.07 0.15 0.035 0.055 0.075 0.572061 -0.415627 0.415627 0.572062 
1.1377 0.07 0.07 0.15 0.035 0.055 0.06 0.572061 -0.415627 0.415627 0.572062 
1.04337 0.07 0.07 0.15 0.035 0.055 0.045 0.572061 -0.415627 0.415627 0.572062 
1.00296 0.07 0.07 0.15 -0.035 0.021 0.095 0.587785 0.809017 -4.9538e-17 3.59915e-17 
0.987927 0.07 0.07 0.15 -0.028 0.021 0.095 0.587785 0.809017 -4.9538e-17 3.59915e-17 
0.956403 0.07 0.07 0.15 -0.035 -0.055 0.06 -0.415627 -0.572061 -0.572061 0.415629 
0.940539 0.07 0.07 0.15 -0.055 0.035 0.06 -0.672498 0.218508 -0.672499 0.218508 
0.929233 0.07 0.07 0.15 0.035 0.055 0.03 0.572061 -0.415627 0.415627 0.572062 
0.92034 0.07 0.07 0.15 -0.035 -0.055 0.075 -0.415627 -0.572061 -0.572061 0.415629 
0.868136 0.07 0.07 0.15 -0.055 0.028 0.06 -0.672498 0.218508 -0.672499 0.218508 
0.807599 0.07 0.07 0.15 0.028 0.055 0.06 0.572061 -0.415627 0.415627 0.572062 
0.801741 0.07 0.07 0.15 -0.035 -0.055 0.045 -0.415627 -0.572061 -0.572061 0.415629 
0.79951 0.07 0.07 0.15 -0.055 0.021 0.06 -0.672498 0.218508 -0.672499 0.218508 
0.789862 0.07 0.07 0.15 -1.73472e-18 -0.055 0.075 -0.672499 0.218508 0.218508 0.672498 
0.787857 0.07 0.07 0.15 -0.028 -0.055 0.06 -0.415627 -0.572061 -0.572061 0.415629 
0.767896 0.07 0.07 0.15 -0.035 0.014 0.095 0.587785 0.809017 -4.9538e-17 3.59915e-17 
0.767636 0.07 0.07 0.15 0.028 0.055 0.045 0.572061 -0.415627 0.415627 0.572062 
0.763121 0.07 0.07 0.15 0.028 0.055 0.075 0.572061 -0.415627 0.415627 0.572062 
0.755225 0.07 0.07 0.15 -0.028 0.014 0.095 0.587785 0.809017 -4.9538e-17 3.59915e-17 
0.72015 0.07 0.07 0.15 -0.028 -0.055 0.075 -0.415627 -0.572061 -0.572061 0.415629 
0.704727 0.07 0.07 0.15 0.028 0.055 0.03 0.572061 -0.415627 0.415627 0.572062 
0.695051 0.07 0.07 0.15 -0.028 -0.055 0.045 -0.415627 -0.572061 -0.572061 0.415629 
0.638938 0.07 0.07 0.15 0.035 0.055 0.045 0.415627 -0.572061 0.572061 0.415629 
0.616459 0.07 0.07 0.15 -0.035 -0.055 0.03 -0.415627 -0.572061 -0.572061 0.415629 
0.580501 0.07 0.07 0.15 -0.028 -0.055 0.03 -0.415627 -0.572061 -0.572061 0.415629 
0.578803 0.07 0.07 0.15 0.028 0.055 0.045 0.415627 -0.572061 0.572061 0.415629 
0.570889 0.07 0.07 0.15 0.021 0.055 0.045 0.415627 -0.572061 0.572061 0.415629 
0.529871 0.07 0.07 0.15 -0.035 0.007 0.095 0.587785 0.809017 -4.9538e-17 3.59915e-17 
0.519446 0.07 0.07 0.15 -0.028 0.007 0.095 0.587785 0.809017 -4.9538e-17 3.59915e-17 
0.405901 0.07 0.07 0.15 -0.035 -0.055 0.075 -0.572061 -0.415627 -0.415627 0.572062 
0.40229 0.07 0.07 0.15 -0.028 0.055 0.075 0.218508 0.672499 -0.672499 0.218502 
0.381922 0.07 0.07 0.15 -0.028 -0.055 0.075 -0.572061 -0.415627 -0.415627 0.572062 
0.370518 0.07 0.07 0.15 -0.021 -0.055 0.075 -0.572061 -0.415627 -0.415627 0.572062 
0.349111 0.07 0.07 0.15 -0.035 -0.055 0.06 -0.572061 -0.415627 -0.415627 0.572062 
0.34113 0.07 0.07 0.15 -0.021 -0.055 0.06 -0.572061 -0.415627 -0.415627 0.572062 
0.341031 0.07 0.07 0.15 -0.028 -0.055 0.06 -0.572061 -0.415627 -0.415627 0.572062 
0.319091 0.07 0.07 0.15 0.035 0.055 0.06 0.415627 -0.572061 0.572061 0.415629 
0.313399 0.07 0.07 0.15 -1.73472e-18 0.055 0.075 0.218508 -0.672499 0.672499 0.218502 
0.311288 0.07 0.07 0.15 0.007 0.055 0.075 0.218508 -0.672499 0.672499 0.218502 
0.303814 0.07 0.07 0.15 0.035 0.055 0.075 0.415627 -0.572061 0.572061 0.415629 
0.303014 0.07 0.07 0.15 -0.007 0.055 0.075 0.218508 -0.672499 0.672499 0.218502 
0.301812 0.07 0.07 0.15 0.014 0.055 0.075 0.218508 -0.672499 0.672499 0.218502 
0.29015 0.07 0.07 0.15 0.021 0.055 0.075 0.218508 -0.672499 0.672499 0.218502 
0.288706 0.07 0.07 0.15 -0.035 -1.73472e-18 0.095 0.587785 0.809017 -4.9538e-17 3.59915e-17 
0.284124 0.07 0.07 0.15 -0.055 0.035 0.075 -0.672498 0.218508 -0.672499 0.218508 
0.281482 0.07 0.07 0.15 0.028 0.055 0.075 0.218508 -0.672499 0.672499 0.218502 
0.280985 0.07 0.07 0.15 0.035 0.055 0.075 0.218508 -0.672499 0.672499 0.218502 
0.280194 0.07 0.07 0.15 -0.028 -1.73472e-18 0.095 0.587785 0.809017 -4.9538e-17 3.59915e-17 
0.275043 0.07 0.07 0.15 -0.014 0.055 0.075 0.218508 -0.672499 0.672499 0.218502 
0.233485 0.07 0.07 0.15 0.028 0.055 0.06 0.415627 -0.572061 0.572061 0.415629 
0.231632 0.07 0.07 0.15 -0.021 -0.055 0.045 -0.572061 -0.415627 -0.415627 0.572062 
0.224498 0.07 0.07 0.15 -0.021 0.055 0.075 0.218508 -0.672499 0.672499 0.218502 
0.21042 0.07 0.07 0.15 -0.055 0.028 0.075 -0.672498 0.218508 -0.672499 0.218508 
0.206441 0.07 0.07 0.15 0.021 0.055 0.06 0.415627 -0.572061 0.572061 0.415629 
0.201877 0.07 0.07 0.15 -0.028 -0.055 0.045 -0.572061 -0.415627 -0.415627 0.572062 
0.196116 0.07 0.07 0.15 0.028 0.055 0.075 0.415627 -0.572061 0.572061 0.415629 
0.175796 0.07 0.07 0.15 -0.035 -0.055 0.045 -0.572061 -0.415627 -0.415627 0.572062 
0.154899 0.07 0.07 0.15 0.021 0.055 0.075 0.415627 -0.572061 0.572061 0.415629 
0.146491 0.07 0.07 0.15 -0.028 0.055 0.075 0.218508 -0.672499 0.672499 0.218502 
0.140704 0.07 0.07 0.15 -0.055 0.021 0.075 -0.672498 0.218508 -0.672499 0.218508 
0.117698 0.07 0.07 0.15 -0.055 0.028 0.015 0.707107 -4.32978e-17 0.707107 -4.32978e-17 
0.106782 0.07 0.07 0.15 0.055 -0.035 0.075 0 -0.707107 0 0.707106 
0.0974509 0.07 0.07 0.15 0.055 -0.028 0.075 0 -0.707107 0 0.707106 
0.0865172 0.07 0.07 0.15 -0.055 0.021 0.03 0.707107 -4.32978e-17 0.707107 -4.32978e-17 
0.0820801 0.07 0.07 0.15 -0.055 0.035 0.015 0.707107 -4.32978e-17 0.707107 -4.32978e-17 
0.0810523 0.07 0.07 0.15 0.055 -0.021 0.075 0 -0.707107 0 0.707106 
0.0751124 0.07 0.07 0.15 -0.055 0.014 0.075 -0.672498 0.218508 -0.672499 0.218508 
0.0445721 0.07 0.07 0.15 -0.035 -0.007 0.095 0.587785 0.809017 -4.9538e-17 3.59915e-17 
0.0407671 0.07 0.07 0.15 0.055 -0.035 0.06 0 -0.707107 0 0.707106 
0.0374159 0.07 0.07 0.15 -0.028 -0.007 0.095 0.587785 0.809017 -4.9538e-17 3.59915e-17 
0.0362629 0.07 0.07 0.15 -0.035 0.055 0.075 0.218508 -0.672499 0.672499 0.218502 
0.0320764 0.07 0.07 0.15 0.055 -0.028 0.06 0 -0.707107 0 0.707106 
0.0300117 0.07 0.07 0.15 -0.055 0.028 0.03 0.707107 -4.32978e-17 0.707107 -4.32978e-17 
0.0169027 0.07 0.07 0.15 0.055 -0.021 0.06 0 -0.707107 0 0.707106 
0.005041 0.07 0.07 0.15 -0.055 0.021 0.045 0.707107 -4.32978e-17 0.707107 -4.32978e-17 
-0.00515675 0.07 0.07 0.15 -0.055 0.035 0.03 0.707107 -4.32978e-17 0.707107 -4.32978e-17 
-0.0154205 0.07 0.07 0.15 -0.035 -0.055 0.03 -0.572061 -0.415627 -0.415627 0.572062 
-0.0228754 0.07 0.07 0.15 0.055 -0.035 0.045 0 -0.707107 0 0.707106 
-0.0306017 0.07 0.07 0.15 0.055 -0.028 0.045 0 -0.707107 0 0.707106 
-0.0442025 0.07 0.07 0.15 0.055 -0.021 0.045 0 -0.707107 0 0.707106 
-0.0513872 0.07 0.07 0.15 -0.055 0.028 0.045 0.707107 -4.32978e-17 0.707107 -4.32978e-17 
-0.0695765 0.07 0.07 0.15 -0.055 0.021 0.06 0.707107 -4.32978e-17 0.707107 -4.32978e-17 
-0.084491 0.07 0.07 0.15 0.055 -0.035 0.03 0 -0.707107 0 0.707106 
-0.0864488 0.07 0.07 0.15 -0.055 0.035 0.045 0.707107 -4.32978e-17 0.707107 -4.32978e-17 
-0.0908553 0.07 0.07 0.15 0.055 -0.028 0.03 0 -0.707107 0 0.707106 
-0.102477 0.07 0.07 0.15 0.055 -0.021 0.03 0 -0.707107 0 0.707106 
-0.104502 0.07 0.07 0.15 0.014 -0.055 0.075 -0.672499 -0.218508 -0.218508 0.672498 
-0.105185 0.07 0.07 0.15 0.021 -0.055 0.075 -0.672499 -0.218508 -0.218508 0.672498 
-0.107632 0.07 0.07 0.15 0.007 -0.055 0.075 -0.672499 -0.218508 -0.218508 0.672498 
-0.110702 0.07 0.07 0.15 0.028 -0.055 0.075 -0.672499 -0.218508 -0.218508 0.672498 
-0.113542 0.07 0.07 0.15 -1.73472e-18 -0.055 0.075 -0.672499 -0.218508 -0.218508 0.672498 
-0.121175 0.07 0.07 0.15 -0.007 -0.055 0.075 -0.672499 -0.218508 -0.218508 0.672498 
-0.122035 0.07 0.07 0.15 0.035 -0.055 0.075 -0.672499 -0.218508 -0.218508 0.672498 
-0.126181 0.07 0.07 0.15 -0.055 0.028 0.06 0.707107 -4.32978e-17 0.707107 -4.32978e-17 
-0.129468 0.07 0.07 0.15 -0.014 -0.055 0.075 -0.672499 -0.218508 -0.218508 0.672498 
-0.135904 0.07 0.07 0.15 0.055 -0.035 0.075 -0.218508 -0.672498 0.218508 0.672499 
-0.137294 0.07 0.07 0.15 -0.055 0.021 0.075 0.707107 -4.32978e-17 0.707107 -4.32978e-17 
-0.137342 0.07 0.07 0.15 -0.021 -0.055 0.075 -0.672499 -0.218508 -0.218508 0.672498 
-0.138261 0.07 0.07 0.15 0.055 -0.028 0.075 -0.218508 -0.672498 0.218508 0.672499 
-0.140143 0.07 0.07 0.15 0.055 -0.021 0.075 -0.218508 -0.672498 0.218508 0.672499 
-0.141938 0.07 0.07 0.15 0.055 -0.014 0.075 -0.218508 -0.672498 0.218508 0.672499 
-0.143724 0.07 0.07 0.15 -0.028 -0.055 0.075 -0.672499 -0.218508 -0.218508 0.672498 
-0.144879 0.07 0.07 0.15 0.055 -0.035 0.015 0 -0.707107 0 0.707106 
-0.147541 0.07 0.07 0.15 -0.035 -0.055 0.075 -0.672499 -0.218508 -0.218508 0.672498 
-0.149442 0.07 0.07 0.15 0.055 -0.028 0.015 0 -0.707107 0 0.707106 
-0.161432 0.07 0.07 0.15 -0.055 0.035 0.06 0.707107 -4.32978e-17 0.707107 -4.32978e-17 
-0.194275 0.07 0.07 0.15 -0.055 0.028 0.075 0.707107 -4.32978e-17 0.707107 -4.32978e-17 
-0.196946 0.07 0.07 0.15 0.055 -0.035 0.06 -0.218508 -0.672498 0.218508 0.672499 
-0.202155 0.07 0.07 0.15 -0.035 -0.014 0.095 0.587785 0.809017 -4.9538e-17 3.59915e-17 
-0.208627 0.07 0.07 0.15 -0.028 -0.014 0.095 0.587785 0.809017 -4.9538e-17 3.59915e-17 
-0.21579 0.07 0.07 0.15 0.055 -0.028 0.06 -0.218508 -0.672498 0.218508 0.672499 
-0.229971 0.07 0.07 0.15 -0.055 0.035 0.075 0.707107 -4.32978e-17 0.707107 -4.32978e-17 
-0.233791 0.07 0.07 0.15 0.055 -0.021 0.06 -0.218508 -0.672498 0.218508 0.672499 
-0.254155 0.07 0.07 0.15 0.035 -0.055 0.06 -0.572061 0.415627 0.415627 0.572062 
-0.25588 0.07 0.07 0.15 0.035 -0.055 0.075 -0.572061 0.415627 0.415627 0.572062 
-0.255892 0.07 0.07 0.15 0.055 -0.035 0.045 -0.218508 -0.672498 0.218508 0.672499 
-0.281544 0.07 0.07 0.15 0.035 -0.055 0.045 -0.572061 0.415627 0.415627 0.572062 
-0.291333 0.07 0.07 0.15 0.055 -0.028 0.045 -0.218508 -0.672498 0.218508 0.672499 
-0.29195 0.07 0.07 0.15 0.007 -0.055 0.075 -0.672499 0.218508 0.218508 0.672498 
-0.31961 0.07 0.07 0.15 0.035 -0.055 0.03 -0.572061 0.415627 0.415627 0.572062 
-0.325563 0.07 0.07 0.15 0.055 -0.021 0.045 -0.218508 -0.672498 0.218508 0.672499 
-0.338025 0.07 0.07 0.15 0.035 -0.055 0 -0.572061 0.415627 0.415627 0.572062 
-0.345488 0.07 0.07 0.15 0.035 -0.055 0.015 -0.572061 0.415627 0.415627 0.572062 
-0.434343 0.07 0.07 0.15 0.028 -0.055 0.06 -0.572061 0.415627 0.415627 0.572062 
-0.445719 0.07 0.07 0.15 0.028 -0.055 0.045 -0.572061 0.415627 0.415627 0.572062 
-0.447154 0.07 0.07 0.15 0.028 -0.055 0.075 -0.572061 0.415627 0.415627 0.572062 
-0.45069 0.07 0.07 0.15 -0.035 -0.021 0.095 0.587785 0.809017 -4.9538e-17 3.59915e-17 
-0.45737 0.07 0.07 0.15 -0.028 -0.021 0.095 0.587785 0.809017 -4.9538e-17 3.59915e-17 
-0.467757 0.07 0.07 0.15 -0.021 -0.021 0.095 0.587785 0.809017 -4.9538e-17 3.59915e-17 
-0.471629 0.07 0.07 0.15 0.028 -0.055 0.03 -0.572061 0.415627 0.415627 0.572062 
-0.495552 0.07 0.07 0.15 0.028 -0.055 0.015 -0.572061 0.415627 0.415627 0.572062 
-0.500288 0.07 0.07 0.15 0.028 -0.055 0 -0.572061 0.415627 0.415627 0.572062 
-0.526383 0.07 0.07 0.15 0.021 -0.055 0.075 -0.572061 0.415627 0.415627 0.572062 
-0.548538 0.07 0.07 0.15 0.055 -0.035 0.075 -0.415627 -0.572061 0.415627 0.572062 
-0.549508 0.07 0.07 0.15 0.014 -0.055 0.075 -0.572061 0.415627 0.415627 0.572062 
-0.572893 0.07 0.07 0.15 0.007 -0.055 0.075 -0.572061 0.415627 0.415627 0.572062 
-0.602511 0.07 0.07 0.15 -0.035 -0.055 0.075 -0.707107 0 0 0.707106 
-0.699925 0.07 0.07 0.15 -0.035 -0.028 0.095 0.587785 0.809017 -4.9538e-17 3.59915e-17 
-0.7079 0.07 0.07 0.15 -0.028 -0.028 0.095 0.587785 0.809017 -4.9538e-17 3.59915e-17 
-0.71808 0.07 0.07 0.15 -0.021 -0.028 0.095 0.587785 0.809017 -4.9538e-17 3.59915e-17 
-0.756404 0.07 0.07 0.15 0.055 -0.028 0.075 -0.415627 -0.572061 0.415627 0.572062 
-0.852059 0.07 0.07 0.15 -0.028 -0.055 0.06 -0.672499 -0.218508 -0.218508 0.672498 
-0.855209 0.07 0.07 0.15 -0.035 -0.055 0.06 -0.672499 -0.218508 -0.218508 0.672498 
-0.948405 0.07 0.07 0.15 -0.035 -0.035 0.095 0.587785 0.809017 -4.9538e-17 3.59915e-17 
-0.957912 0.07 0.07 0.15 -0.028 -0.055 0.075 -0.707107 0 0 0.707106 
-0.958956 0.07 0.07 0.15 -0.028 -0.035 0.095 0.587785 0.809017 -4.9538e-17 3.59915e-17 
-0.965422 0.07 0.07 0.15 0.055 -0.021 0.075 -0.415627 -0.572061 0.415627 0.572062 
-0.96968 0.07 0.07 0.15 -0.021 -0.035 0.095 0.587785 0.809017 -4.9538e-17 3.59915e-17 
-0.984366 0.07 0.07 0.15 -0.014 -0.035 0.095 0.587785 0.809017 -4.9538e-17 3.59915e-17 
-1.00699 0.07 0.07 0.15 -0.007 -0.035 0.095 0.587785 0.809017 -4.9538e-17 3.59915e-17 
-1.0604 0.07 0.07 0.15 -0.055 -0.035 0.075 -0.218508 0.672498 -0.218508 0.672499 
-1.1092 0.07 0.07 0.15 0.055 0.035 0.075 -0.672498 -0.218508 0.672499 0.218508 
-1.17322 0.07 0.07 0.15 0.055 0.035 0.06 -0.672498 -0.218508 0.672499 0.218508 
-1.17516 0.07 0.07 0.15 0.055 -0.014 0.075 -0.415627 -0.572061 0.415627 0.572062 
-1.20593 0.07 0.07 0.15 0.055 0.035 0.075 0.707107 -4.32978e-17 -0.707107 4.32978e-17 
-1.20869 0.07 0.07 0.15 0.055 -0.035 0.06 -0.415627 -0.572061 0.415627 0.572062 
-1.21458 0.07 0.07 0.15 0.055 0.028 0.075 0.707107 -4.32978e-17 -0.707107 4.32978e-17 
-1.23232 0.07 0.07 0.15 0.055 0.035 0.045 -0.672498 -0.218508 0.672499 0.218508 
-1.25481 0.07 0.07 0.15 -0.055 -0.035 0.06 -0.218508 0.672498 -0.218508 0.672499 
-1.28626 0.07 0.07 0.15 0.055 0.035 0.03 -0.672498 -0.218508 0.672499 0.218508 
-1.29228 0.07 0.07 0.15 0.055 0.035 0.06 0.707107 -4.32978e-17 -0.707107 4.32978e-17 
-1.30092 0.07 0.07 0.15 0.055 0.028 0.06 0.707107 -4.32978e-17 -0.707107 4.32978e-17 
-1.33465 0.07 0.07 0.15 0.055 0.035 0.015 -0.672498 -0.218508 0.672499 0.218508 
-1.34927 0.07 0.07 0.15 -0.021 -0.055 0.075 -0.707107 0 0 0.707106 
-1.37202 0.07 0.07 0.15 0.055 0.035 0.045 0.707107 -4.32978e-17 -0.707107 4.32978e-17 
-1.37721 0.07 0.07 0.15 0.055 0.035 0 -0.672498 -0.218508 0.672499 0.218508 
-1.38084 0.07 0.07 0.15 0.055 0.028 0.045 0.707107 -4.32978e-17 -0.707107 4.32978e-17 
-1.3852 0.07 0.07 0.15 0.055 -0.007 0.075 -0.415627 -0.572061 0.415627 0.572062 
-1.40325 0.07 0.07 0.15 0.014 -0.055 0.075 -0.672499 0.218508 0.218508 0.672498 
-1.41361 0.07 0.07 0.15 0.055 -0.028 0.06 -0.415627 -0.572061 0.415627 0.572062 
-1.41405 0.07 0.07 0.15 0.055 0.035 -0.015 -0.672498 -0.218508 0.672499 0.218508 
-1.4439 0.07 0.07 0.15 -0.055 -0.035 0.045 -0.218508 0.672498 -0.218508 0.672499 
-1.44574 0.07 0.07 0.15 0.055 0.035 0.03 0.707107 -4.32978e-17 -0.707107 4.32978e-17 
-1.45493 0.07 0.07 0.15 0.055 0.028 0.03 0.707107 -4.32978e-17 -0.707107 4.32978e-17 
-1.51352 0.07 0.07 0.15 0.055 0.035 0.015 0.707107 -4.32978e-17 -0.707107 4.32978e-17 
-1.52194 0.07 0.07 0.15 -0.055 0.035 0.045 0.672498 0.218508 0.672499 0.218508 
-1.52328 0.07 0.07 0.15 0.055 0.028 0.015 0.707107 -4.32978e-17 -0.707107 4.32978e-17 
-1.57341 0.07 0.07 0.15 0.055 -0.035 0.045 0.218508 -0.672498 -0.218508 0.672499 
-1.59445 0.07 0.07 0.15 0.055 -0.035 0.06 0.218508 -0.672498 -0.218508 0.672499 
-1.59509 0.07 0.07 0.15 0.055 -1.73472e-18 0.075 -0.415627 -0.572061 0.415627 0.572062 
-1.60814 0.07 0.07 0.15 0.055 -0.035 0.075 0.218508 -0.672498 -0.218508 0.672499 
-1.61233 0.07 0.07 0.15 0.014 0.055 0.075 -4.32978e-17 0.707107 -0.707107 4.32978e-17 
-1.61326 0.07 0.07 0.15 -0.055 0.035 0.06 0.672498 0.218508 0.672499 0.218508 
-1.61547 0.07 0.07 0.15 -0.028 -0.055 0.045 -0.672499 -0.218508 -0.218508 0.672498 
-1.62166 0.07 0.07 0.15 -0.035 -0.055 0.045 -0.672499 -0.218508 -0.218508 0.672498 
-1.62669 0.07 0.07 0.15 -0.055 -0.035 0.03 -0.218508 0.672498 -0.218508 0.672499 
-1.63414 0.07 0.07 0.15 0.055 0.028 0.075 -0.672498 -0.218508 0.672499 0.218508 
-1.69385 0.07 0.07 0.15 -0.055 0.035 0.075 0.672498 0.218508 0.672499 0.218508 
-1.75541 0.07 0.07 0.15 0.055 0.028 0.06 -0.672498 -0.218508 0.672499 0.218508 
-1.76806 0.07 0.07 0.15 -0.014 -0.055 0.075 -0.707107 0 0 0.707106 
-1.80197 0.07 0.07 0.15 -0.055 -0.035 0.015 -0.218508 0.672498 -0.218508 0.672499 
-1.80441 0.07 0.07 0.15 0.055 0.007 0.075 -0.415627 -0.572061 0.415627 0.572062 
-1.96839 0.07 0.07 0.15 -0.055 -0.035 0 -0.218508 0.672498 -0.218508 0.672499 
-1.97836 0.07 0.07 0.15 -0.055 -0.028 0.075 -0.218508 0.672498 -0.218508 0.672499 
-2.01272 0.07 0.07 0.15 0.055 0.014 0.075 -0.415627 -0.572061 0.415627 0.572062 
-2.12463 0.07 0.07 0.15 -0.055 -0.035 -0.015 -0.218508 0.672498 -0.218508 0.672499 
-2.15037 0.07 0.07 0.15 0.055 0.021 0.075 -0.672498 -0.218508 0.672499 0.218508 
-2.20562 0.07 0.07 0.15 -0.007 -0.055 0.075 -0.707107 0 0 0.707106 
-2.2196 0.07 0.07 0.15 0.055 0.021 0.075 -0.415627 -0.572061 0.415627 0.572062 
-2.22027 0.07 0.07 0.15 -0.055 -0.028 0.06 -0.218508 0.672498 -0.218508 0.672499 
-2.42464 0.07 0.07 0.15 0.055 0.028 0.075 -0.415627 -0.572061 0.415627 0.572062 
-2.50712 0.07 0.07 0.15 0.021 -0.055 0.075 -0.672499 0.218508 0.218508 0.672498 
-2.62742 0.07 0.07 0.15 0.055 0.035 0.075 -0.415627 -0.572061 0.415627 0.572062 
-2.65316 0.07 0.07 0.15 -1.73472e-18 -0.055 0.075 -0.707107 0 0 0.707106 
-2.65767 0.07 0.07 0.15 0.055 0.014 0.075 -0.672498 -0.218508 0.672499 0.218508 
-2.91016 0.07 0.07 0.15 -0.055 -0.021 0.075 -0.218508 0.672498 -0.218508 0.672499 
-3.10182 0.07 0.07 0.15 0.007 -0.055 0.075 -0.707107 0 0 0.707106 
-3.15593 0.07 0.07 0.15 0.055 0.007 0.075 -0.672498 -0.218508 0.672499 0.218508 
-3.54272 0.07 0.07 0.15 0.014 -0.055 0.075 -0.707107 0 0 0.707106 
-3.56654 0.07 0.07 0.15 0.028 -0.055 0.075 -0.672499 0.218508 0.218508 0.672498 
-3.64516 0.07 0.07 0.15 0.055 -1.73472e-18 0.075 -0.672498 -0.218508 0.672499 0.218508 
-3.85536 0.07 0.07 0.15 -0.055 -0.014 0.075 -0.218508 0.672498 -0.218508 0.672499 
-3.88052 0.07 0.07 0.15 0.035 -0.028 0.095 6.12323e-17 1 -6.12323e-17 3.7494e-33 
-3.95125 0.07 0.07 0.15 0.028 -0.028 0.095 6.12323e-17 1 -6.12323e-17 3.7494e-33 
-3.96697 0.07 0.07 0.15 0.021 -0.055 0.075 -0.707107 0 0 0.707106 
-3.98844 0.07 0.07 0.15 0.021 -0.021 0.095 6.12323e-17 1 -6.12323e-17 3.7494e-33 
-4.01062 0.07 0.07 0.15 0.035 -0.035 0.095 6.12323e-17 1 -6.12323e-17 3.7494e-33 
-4.02629 0.07 0.07 0.15 0.021 -0.028 0.095 6.12323e-17 1 -6.12323e-17 3.7494e-33 
-4.03944 0.07 0.07 0.15 0.028 -0.035 0.095 6.12323e-17 1 -6.12323e-17 3.7494e-33 
-4.06509 0.07 0.07 0.15 -1.73472e-18 0.055 0.06 -4.32978e-17 0.707107 -0.707107 4.32978e-17 
-4.07338 0.07 0.07 0.15 0.021 -0.035 0.095 6.12323e-17 1 -6.12323e-17 3.7494e-33 
-4.10359 0.07 0.07 0.15 0.014 -0.028 0.095 6.12323e-17 1 -6.12323e-17 3.7494e-33 
-4.11045 0.07 0.07 0.15 0.014 -0.035 0.095 6.12323e-17 1 -6.12323e-17 3.7494e-33 
-4.12548 0.07 0.07 0.15 0.014 -0.021 0.095 6.12323e-17 1 -6.12323e-17 3.7494e-33 
-4.14884 0.07 0.07 0.15 0.007 -0.035 0.095 6.12323e-17 1 -6.12323e-17 3.7494e-33 
-4.18131 0.07 0.07 0.15 0.007 -0.028 0.095 6.12323e-17 1 -6.12323e-17 3.7494e-33 
-4.18688 0.07 0.07 0.15 -1.73472e-18 -0.035 0.095 6.12323e-17 1 -6.12323e-17 3.7494e-33 
-4.22311 0.07 0.07 0.15 -0.007 -0.035 0.095 6.12323e-17 1 -6.12323e-17 3.7494e-33 
-4.25623 0.07 0.07 0.15 -0.014 -0.035 0.095 6.12323e-17 1 -6.12323e-17 3.7494e-33 
-4.25779 0.07 0.07 0.15 -1.73472e-18 -0.028 0.095 6.12323e-17 1 -6.12323e-17 3.7494e-33 
-4.26194 0.07 0.07 0.15 0.007 -0.021 0.095 6.12323e-17 1 -6.12323e-17 3.7494e-33 
-4.28514 0.07 0.07 0.15 -0.021 -0.035 0.095 6.12323e-17 1 -6.12323e-17 3.7494e-33 
-4.30894 0.07 0.07 0.15 -0.028 -0.035 0.095 6.12323e-17 1 -6.12323e-17 3.7494e-33 
-4.32692 0.07 0.07 0.15 -0.035 -0.035 0.095 6.12323e-17 1 -6.12323e-17 3.7494e-33 
-4.33149 0.07 0.07 0.15 -0.007 -0.028 0.095 6.12323e-17 1 -6.12323e-17 3.7494e-33 
-4.36572 0.07 0.07 0.15 0.028 -0.055 0.075 -0.707107 0 0 0.707106 
-4.39609 0.07 0.07 0.15 -1.73472e-18 -0.021 0.095 6.12323e-17 1 -6.12323e-17 3.7494e-33 
-4.40113 0.07 0.07 0.15 -0.014 -0.028 0.095 6.12323e-17 1 -6.12323e-17 3.7494e-33 
-4.46559 0.07 0.07 0.15 -0.021 -0.028 0.095 6.12323e-17 1 -6.12323e-17 3.7494e-33 
-4.48476 0.07 0.07 0.15 -0.035 0.055 0.075 0.218508 0.672499 -0.672499 0.218502 
-4.52395 0.07 0.07 0.15 -0.028 -0.028 0.095 6.12323e-17 1 -6.12323e-17 3.7494e-33 
-4.52639 0.07 0.07 0.15 -0.007 -0.021 0.095 6.12323e-17 1 -6.12323e-17 3.7494e-33 
-4.5447 0.07 0.07 0.15 0.035 -0.055 0.075 -0.672499 0.218508 0.218508 0.672498 
-4.57549 0.07 0.07 0.15 -0.035 -0.028 0.095 6.12323e-17 1 -6.12323e-17 3.7494e-33 
-4.65148 0.07 0.07 0.15 -0.014 -0.021 0.095 6.12323e-17 1 -6.12323e-17 3.7494e-33 
-4.73027 0.07 0.07 0.15 0.035 -0.055 0.075 -0.707107 0 0 0.707106 
-4.77019 0.07 0.07 0.15 -0.021 -0.021 0.095 6.12323e-17 1 -6.12323e-17 3.7494e-33 
-4.81365 0.07 0.07 0.15 -0.055 -0.007 0.075 -0.218508 0.672498 -0.218508 0.672499 
-4.88156 0.07 0.07 0.15 -0.028 -0.021 0.095 6.12323e-17 1 -6.12323e-17 3.7494e-33 
-4.98483 0.07 0.07 0.15 -0.035 -0.021 0.095 6.12323e-17 1 -6.12323e-17 3.7494e-33 
-5.43464 0.07 0.07 0.15 -0.035 0.028 0.095 1 0 0 6.12323e-17 
-5.5166 0.07 0.07 0.15 -0.028 0.028 0.095 1 0 0 6.12323e-17 
-5.53473 0.07 0.07 0.15 -0.035 0.035 0.095 1 0 0 6.12323e-17 
-5.56948 0.07 0.07 0.15 -0.028 0.035 0.095 1 0 0 6.12323e-17 
-5.59887 0.07 0.07 0.15 -0.021 0.021 0.095 1 0 0 6.12323e-17 
-5.6018 0.07 0.07 0.15 -0.021 0.028 0.095 1 0 0 6.12323e-17 
-5.60823 0.07 0.07 0.15 -0.021 0.035 0.095 1 0 0 6.12323e-17 
-5.64908 0.07 0.07 0.15 -0.014 0.035 0.095 1 0 0 6.12323e-17 
-5.68827 0.07 0.07 0.15 -0.014 0.028 0.095 1 0 0 6.12323e-17 
-5.69023 0.07 0.07 0.15 -0.007 0.035 0.095 1 0 0 6.12323e-17 
-5.70632 0.07 0.07 0.15 -0.014 -0.055 0.06 -0.707107 0 0 0.707106 
-5.73009 0.07 0.07 0.15 -1.73472e-18 0.035 0.095 1 0 0 6.12323e-17 
-5.75327 0.07 0.07 0.15 -0.014 0.021 0.095 1 0 0 6.12323e-17 
-5.76723 0.07 0.07 0.15 0.007 0.035 0.095 1 0 0 6.12323e-17 
-5.77418 0.07 0.07 0.15 -0.007 0.028 0.095 1 0 0 6.12323e-17 
-5.78493 0.07 0.07 0.15 -0.055 -1.73472e-18 0.075 -0.218508 0.672498 -0.218508 0.672499 
-5.80039 0.07 0.07 0.15 0.014 0.035 0.095 1 0 0 6.12323e-17 
-5.82848 0.07 0.07 0.15 0.021 0.035 0.095 1 0 0 6.12323e-17 
-5.85064 0.07 0.07 0.15 0.028 0.035 0.095 1 0 0 6.12323e-17 
-5.85792 0.07 0.07 0.15 -1.73472e-18 0.028 0.095 1 0 0 6.12323e-17 
-5.86616 0.07 0.07 0.15 0.035 0.035 0.095 1 0 0 6.12323e-17 
-5.90614 0.07 0.07 0.15 -0.007 0.021 0.095 1 0 0 6.12323e-17 
-5.93801 0.07 0.07 0.15 0.007 0.028 0.095 1 0 0 6.12323e-17 
-6.01316 0.07 0.07 0.15 0.014 0.028 0.095 1 0 0 6.12323e-17 
-6.05579 0.07 0.07 0.15 -1.73472e-18 0.021 0.095 1 0 0 6.12323e-17 
-6.08225 0.07 0.07 0.15 0.021 0.028 0.095 1 0 0 6.12323e-17 
-6.14439 0.07 0.07 0.15 0.028 0.028 0.095 1 0 0 6.12323e-17 
-6.15034 0.07 0.07 0.15 -0.007 -0.055 0.06 -0.707107 0 0 0.707106 
-6.19888 0.07 0.07 0.15 0.035 0.028 0.095 1 0 0 6.12323e-17 
-6.20068 0.07 0.07 0.15 0.007 0.021 0.095 1 0 0 6.12323e-17 
-6.33948 0.07 0.07 0.15 0.014 0.021 0.095 1 0 0 6.12323e-17 
-6.47098 0.07 0.07 0.15 0.021 0.021 0.095 1 0 0 6.12323e-17 
-6.59426 0.07 0.07 0.15 0.028 0.021 0.095 1 0 0 6.12323e-17 
-6.60217 0.07 0.07 0.15 -1.73472e-18 -0.055 0.06 -0.707107 0 0 0.707106 
-6.70854 0.07 0.07 0.15 0.035 0.021 0.095 1 0 0 6.12323e-17 
-7.05288 0.07 0.07 0.15 0.007 -0.055 0.06 -0.707107 0 0 0.707106 
-7.49351 0.07 0.07 0.15 0.014 -0.055 0.06 -0.707107 0 0 0.707106 
-7.66617 0.07 0.07 0.15 0.007 0.055 0.075 -4.32978e-17 0.707107 -0.707107 4.32978e-17 
-7.91512 0.07 0.07 0.15 0.021 -0.055 0.06 -0.707107 0 0 0.707106 
-8.30881 0.07 0.07 0.15 0.028 -0.055 0.06 -0.707107 0 0 0.707106 
-8.49603 0.07 0.07 0.15 -0.035 -0.014 0.095 0.309017 0.951057 -5.82354e-17 1.89218e-17 
-8.61805 0.07 0.07 0.15 -0.035 -0.021 0.095 0.309017 0.951057 -5.82354e-17 1.89218e-17 
-8.6658 0.07 0.07 0.15 0.035 -0.055 0.06 -0.707107 0 0 0.707106 
-8.69639 0.07 0.07 0.15 -0.028 -0.021 0.095 0.309017 0.951057 -5.82354e-17 1.89218e-17 
-8.70439 0.07 0.07 0.15 0.021 -0.055 0.06 -0.672499 0.218508 0.218508 0.672498 
-8.74903 0.07 0.07 0.15 -0.021 -0.021 0.095 0.309017 0.951057 -5.82354e-17 1.89218e-17 
-8.77111 0.07 0.07 0.15 -0.035 -0.028 0.095 0.309017 0.951057 -5.82354e-17 1.89218e-17 
-8.77722 0.07 0.07 0.15 -0.014 -0.021 0.095 0.309017 0.951057 -5.82354e-17 1.89218e-17 
-8.78235 0.07 0.07 0.15 -0.007 -0.021 0.095 0.309017 0.951057 -5.82354e-17 1.89218e-17 
-8.82806 0.07 0.07 0.15 -0.028 -0.028 0.095 0.309017 0.951057 -5.82354e-17 1.89218e-17 
-8.86109 0.07 0.07 0.15 -1.73472e-18 -0.028 0.095 0.309017 0.951057 -5.82354e-17 1.89218e-17 
-8.86417 0.07 0.07 0.15 -0.021 -0.028 0.095 0.309017 0.951057 -5.82354e-17 1.89218e-17 
-8.87915 0.07 0.07 0.15 -0.007 -0.028 0.095 0.309017 0.951057 -5.82354e-17 1.89218e-17 
-8.88072 0.07 0.07 0.15 -0.014 -0.028 0.095 0.309017 0.951057 -5.82354e-17 1.89218e-17 
-8.94477 0.07 0.07 0.15 -0.035 -0.035 0.095 0.309017 0.951057 -5.82354e-17 1.89218e-17 
-8.95702 0.07 0.07 0.15 0.007 -0.035 0.095 0.309017 0.951057 -5.82354e-17 1.89218e-17 
-8.98263 0.07 0.07 0.15 -0.028 -0.035 0.095 0.309017 0.951057 -5.82354e-17 1.89218e-17 
-8.98554 0.07 0.07 0.15 -1.73472e-18 -0.035 0.095 0.309017 0.951057 -5.82354e-17 1.89218e-17 
-9.00411 0.07 0.07 0.15 -0.007 -0.035 0.095 0.309017 0.951057 -5.82354e-17 1.89218e-17 
-9.00424 0.07 0.07 0.15 -0.021 -0.035 0.095 0.309017 0.951057 -5.82354e-17 1.89218e-17 
-9.01089 0.07 0.07 0.15 -0.014 -0.035 0.095 0.309017 0.951057 -5.82354e-17 1.89218e-17 
-9.77178 0.07 0.07 0.15 0.028 -0.055 0.06 -0.672499 0.218508 0.218508 0.672498 
-10.1134 0.07 0.07 0.15 -0.007 0.055 0.06 -4.32978e-17 0.707107 -0.707107 4.32978e-17 
-10.7573 0.07 0.07 0.15 0.035 -0.055 0.06 -0.672499 0.218508 0.218508 0.672498 
-13.7337 0.07 0.07 0.15 -1.73472e-18 0.055 0.075 -4.32978e-17 0.707107 -0.707107 4.32978e-17 
-15.2367 0.07 0.07 0.15 0.055 0.035 0.075 -0.572061 -0.415627 0.572061 0.415629 
-15.6017 0.07 0.07 0.15 0.055 0.028 0.075 -0.572061 -0.415627 0.572061 0.415629 
-15.959 0.07 0.07 0.15 0.055 0.021 0.075 -0.572061 -0.415627 0.572061 0.415629 
-16.1134 0.07 0.07 0.15 0.055 0.035 0.06 -0.572061 -0.415627 0.572061 0.415629 
-16.1445 0.07 0.07 0.15 0.035 0.021 0.095 0.951057 -0.309017 -1.89218e-17 5.82354e-17 
-16.1467 0.07 0.07 0.15 0.035 0.014 0.095 0.951057 -0.309017 -1.89218e-17 5.82354e-17 
-16.157 0.07 0.07 0.15 -0.014 0.055 0.06 -4.32978e-17 0.707107 -0.707107 4.32978e-17 
-16.1587 0.07 0.07 0.15 0.035 0.028 0.095 0.951057 -0.309017 -1.89218e-17 5.82354e-17 
-16.1794 0.07 0.07 0.15 -0.007 0.035 0.095 0.951057 -0.309017 -1.89218e-17 5.82354e-17 
-16.1797 0.07 0.07 0.15 -1.73472e-18 0.028 0.095 0.951057 -0.309017 -1.89218e-17 5.82354e-17 
-16.1863 0.07 0.07 0.15 0.007 0.021 0.095 0.951057 -0.309017 -1.89218e-17 5.82354e-17 
-16.1885 0.07 0.07 0.15 0.035 0.035 0.095 0.951057 -0.309017 -1.89218e-17 5.82354e-17 
-16.2016 0.07 0.07 0.15 0.028 0.021 0.095 0.951057 -0.309017 -1.89218e-17 5.82354e-17 
-16.2133 0.07 0.07 0.15 0.028 0.028 0.095 0.951057 -0.309017 -1.89218e-17 5.82354e-17 
-16.2212 0.07 0.07 0.15 0.014 0.021 0.095 0.951057 -0.309017 -1.89218e-17 5.82354e-17 
-16.2232 0.07 0.07 0.15 0.007 0.028 0.095 0.951057 -0.309017 -1.89218e-17 5.82354e-17 
-16.2251 0.07 0.07 0.15 -1.73472e-18 0.035 0.095 0.951057 -0.309017 -1.89218e-17 5.82354e-17 
-16.2268 0.07 0.07 0.15 0.021 0.021 0.095 0.951057 -0.309017 -1.89218e-17 5.82354e-17 
-16.236 0.07 0.07 0.15 0.028 0.035 0.095 0.951057 -0.309017 -1.89218e-17 5.82354e-17 
-16.2415 0.07 0.07 0.15 0.021 0.028 0.095 0.951057 -0.309017 -1.89218e-17 5.82354e-17 
-16.2443 0.07 0.07 0.15 0.014 0.028 0.095 0.951057 -0.309017 -1.89218e-17 5.82354e-17 
-16.2552 0.07 0.07 0.15 0.007 0.035 0.095 0.951057 -0.309017 -1.89218e-17 5.82354e-17 
-16.2621 0.07 0.07 0.15 0.021 0.035 0.095 0.951057 -0.309017 -1.89218e-17 5.82354e-17 
-16.2681 0.07 0.07 0.15 0.014 0.035 0.095 0.951057 -0.309017 -1.89218e-17 5.82354e-17 
-16.3089 0.07 0.07 0.15 0.055 0.014 0.075 -0.572061 -0.415627 0.572061 0.415629 
-16.5262 0.07 0.07 0.15 0.055 0.028 0.06 -0.572061 -0.415627 0.572061 0.415629 
-16.6514 0.07 0.07 0.15 0.055 0.007 0.075 -0.572061 -0.415627 0.572061 0.415629 
-16.9313 0.07 0.07 0.15 0.055 0.021 0.06 -0.572061 -0.415627 0.572061 0.415629 
-16.9867 0.07 0.07 0.15 0.055 -1.73472e-18 0.075 -0.572061 -0.415627 0.572061 0.415629 
-17.1865 0.07 0.07 0.15 0.035 -0.035 0.095 0.809017 -0.587785 -3.59914e-17 4.9538e-17 
-17.2187 0.07 0.07 0.15 0.028 -0.035 0.095 0.809017 -0.587785 -3.59914e-17 4.9538e-17 
-17.2972 0.07 0.07 0.15 0.035 -0.028 0.095 0.809017 -0.587785 -3.59914e-17 4.9538e-17 
-17.3152 0.07 0.07 0.15 0.055 -0.007 0.075 -0.572061 -0.415627 0.572061 0.415629 
-17.3278 0.07 0.07 0.15 0.028 -0.028 0.095 0.809017 -0.587785 -3.59914e-17 4.9538e-17 
-17.3286 0.07 0.07 0.15 0.055 0.014 0.06 -0.572061 -0.415627 0.572061 0.415629 
-17.4009 0.07 0.07 0.15 0.035 -0.021 0.095 0.809017 -0.587785 -3.59914e-17 4.9538e-17 
-17.4295 0.07 0.07 0.15 0.028 -0.021 0.095 0.809017 -0.587785 -3.59914e-17 4.9538e-17 
-17.4986 0.07 0.07 0.15 0.035 -0.014 0.095 0.809017 -0.587785 -3.59914e-17 4.9538e-17 
-17.5249 0.07 0.07 0.15 0.028 -0.014 0.095 0.809017 -0.587785 -3.59914e-17 4.9538e-17 
-17.5908 0.07 0.07 0.15 0.035 -0.007 0.095 0.809017 -0.587785 -3.59914e-17 4.9538e-17 
-17.6149 0.07 0.07 0.15 0.028 -0.007 0.095 0.809017 -0.587785 -3.59914e-17 4.9538e-17 
-17.6374 0.07 0.07 0.15 0.055 -0.014 0.075 -0.572061 -0.415627 0.572061 0.415629 
-17.6778 0.07 0.07 0.15 0.035 -1.73472e-18 0.095 0.809017 -0.587785 -3.59914e-17 4.9538e-17 
-17.6999 0.07 0.07 0.15 0.028 -1.73472e-18 0.095 0.809017 -0.587785 -3.59914e-17 4.9538e-17 
-17.7184 0.07 0.07 0.15 0.055 0.007 0.06 -0.572061 -0.415627 0.572061 0.415629 
-17.7595 0.07 0.07 0.15 0.035 0.007 0.095 0.809017 -0.587785 -3.59914e-17 4.9538e-17 
-17.7801 0.07 0.07 0.15 0.028 0.007 0.095 0.809017 -0.587785 -3.59914e-17 4.9538e-17 
-17.8357 0.07 0.07 0.15 0.035 0.014 0.095 0.809017 -0.587785 -3.59914e-17 4.9538e-17 
-17.8554 0.07 0.07 0.15 0.028 0.014 0.095 0.809017 -0.587785 -3.59914e-17 4.9538e-17 
-17.9058 0.07 0.07 0.15 0.035 0.021 0.095 0.809017 -0.587785 -3.59914e-17 4.9538e-17 
-17.9255 0.07 0.07 0.15 0.028 0.021 0.095 0.809017 -0.587785 -3.59914e-17 4.9538e-17 
-17.9402 0.07 0.07 0.15 0.021 0.021 0.095 0.809017 -0.587785 -3.59914e-17 4.9538e-17 
-17.9537 0.07 0.07 0.15 0.055 -0.021 0.075 -0.572061 -0.415627 0.572061 0.415629 
-17.9687 0.07 0.07 0.15 0.035 0.028 0.095 0.809017 -0.587785 -3.59914e-17 4.9538e-17 
-17.9895 0.07 0.07 0.15 0.028 0.028 0.095 0.809017 -0.587785 -3.59914e-17 4.9538e-17 
-18.0039 0.07 0.07 0.15 0.021 0.028 0.095 0.809017 -0.587785 -3.59914e-17 4.9538e-17 
-18.0232 0.07 0.07 0.15 0.035 0.035 0.095 0.809017 -0.587785 -3.59914e-17 4.9538e-17 
-18.0464 0.07 0.07 0.15 0.028 0.035 0.095 0.809017 -0.587785 -3.59914e-17 4.9538e-17 
-18.0612 0.07 0.07 0.15 0.021 0.035 0.095 0.809017 -0.587785 -3.59914e-17 4.9538e-17 
-18.0705 0.07 0.07 0.15 0.014 0.035 0.095 0.809017 -0.587785 -3.59914e-17 4.9538e-17 
-18.0772 0.07 0.07 0.15 0.007 0.035 0.095 0.809017 -0.587785 -3.59914e-17 4.9538e-17 
-18.1008 0.07 0.07 0.15 0.055 -1.73472e-18 0.06 -0.572061 -0.415627 0.572061 0.415629 
-19.8027 0.07 0.07 0.15 -0.007 0.055 0.075 -4.32978e-17 0.707107 -0.707107 4.32978e-17 
-22.1836 0.07 0.07 0.15 -0.021 0.055 0.06 -4.32978e-17 0.707107 -0.707107 4.32978e-17 
-25.8607 0.07 0.07 0.15 -0.014 0.055 0.075 -4.32978e-17 0.707107 -0.707107 4.32978e-17 
-28.1807 0.07 0.07 0.15 -0.028 0.055 0.06 -4.32978e-17 0.707107 -0.707107 4.32978e-17 
-31.8955 0.07 0.07 0.15 -0.021 0.055 0.075 -4.32978e-17 0.707107 -0.707107 4.32978e-17 
-34.1363 0.07 0.07 0.15 -0.035 0.055 0.06 -4.32978e-17 0.707107 -0.707107 4.32978e-17 
-37.8949 0.07 0.07 0.15 -0.028 0.055 0.075 -4.32978e-17 0.707107 -0.707107 4.32978e-17 
-43.8465 0.07 0.07 0.15 -0.035 0.055 0.075 -4.32978e-17 0.707107 -0.707107 4.32978e-17 
