40 -832133772.8125969 0.05 0.05 0.05 0.015 -0.025 0.045 6.12323e-17 1 -6.12323e-17 3.7494e-33
40 -832133464.6129277 0.05 0.05 0.05 -0.015 0.025 0.045 1 3.99574e-23 -7.498799999999999e-33 -6.12323e-17
40 -832133622.9636097 0.05 0.05 0.05 0.015 0.025 -0.045 7.498799999999999e-33 1.22465e-16 1 -6.12323e-17
40 -832133539.3387595 0.05 0.05 0.05 -0.015 -0.025 -0.045 6.12323e-17 -6.12323e-17 6.12323e-17 1
40 -330490048.1220977 0.05 0.05 0.05 -0.005 0.025 0.045 0.951057 0.309017 3.78436e-17 5.82354e-17
40 -330489478.4142237 0.05 0.05 0.05 0.005 -0.025 0.045 -0.309017 0.951057 5.82354e-17 -3.78436e-17
40 -330489472.6282107 0.05 0.05 0.05 -0.005 -0.025 -0.045 -1.16471e-16 1.89218e-17 -0.309017 0.951057
40 -330490037.618383 0.05 0.05 0.05 0.005 0.025 -0.045 -9.60791e-17 -7.71572e-17 0.951057 0.309017
40 -226836799.362288 0.05 0.05 0.05 0.015 0.015 0.045 -0.587785 0.809017 -4.9538e-17 -3.59915e-17
40 -226692971.3014388 0.05 0.05 0.05 -0.015 -0.015 0.045 0.809017 0.587785 3.59915e-17 -4.9538e-17
40 -226692974.6073297 0.05 0.05 0.05 0.015 -0.015 -0.045 -7.19829e-17 9.9076e-17 0.809017 0.587785
40 -226692807.4220015 0.05 0.05 0.05 -0.015 0.015 -0.045 8.55294e-17 -1.35465e-17 -0.587785 0.809017
40 -173137418.817379 0.05 0.05 0.05 0.025 -0.015 0.045 6.12323e-17 1 -6.12323e-17 3.7494e-33
40 -173137481.0573563 0.05 0.05 0.05 -0.025 0.015 0.045 1 3.99574e-23 -7.498799999999999e-33 -6.12323e-17
40 -173137533.3479699 0.05 0.05 0.05 0.025 0.015 -0.045 7.498799999999999e-33 1.22465e-16 1 -6.12323e-17
40 -173137630.5184771 0.05 0.05 0.05 -0.025 -0.015 -0.045 6.12323e-17 -6.12323e-17 6.12323e-17 1
40 -574365404.2060521 0.05 0.05 0.05 -0.005 -0.025 0.045 6.12323e-17 1 -6.12323e-17 3.7494e-33
40 -574363673.8552223 0.05 0.05 0.05 0.005 0.025 0.045 1 3.99574e-23 -7.498799999999999e-33 -6.12323e-17
40 -574363990.2685494 0.05 0.05 0.05 -0.005 0.025 -0.045 7.498799999999999e-33 1.22465e-16 1 -6.12323e-17
40 -574363509.2102711 0.05 0.05 0.05 0.005 -0.025 -0.045 6.12323e-17 -6.12323e-17 6.12323e-17 1
40 49723493.61920918 0.05 0.05 0.05 -0.025 -0.025 0.045 6.12323e-17 1 -6.12323e-17 3.7494e-33
40 49723796.11660802 0.05 0.05 0.05 0.025 0.025 0.045 1 3.99574e-23 -7.498799999999999e-33 -6.12323e-17
40 49723761.32247096 0.05 0.05 0.05 -0.025 0.025 -0.045 7.498799999999999e-33 1.22465e-16 1 -6.12323e-17
40 49723835.70289855 0.05 0.05 0.05 0.025 -0.025 -0.045 6.12323e-17 -6.12323e-17 6.12323e-17 1
40 -29484550.52609044 0.05 0.05 0.05 -0.025 -0.025 0.045 0.587785 0.809017 -4.9538e-17 3.59915e-17
40 -28225001.65236023 0.05 0.05 0.05 0.025 0.025 0.045 0.809017 -0.587785 -3.59915e-17 -4.9538e-17
40 -29481119.71462128 0.05 0.05 0.05 -0.025 0.025 -0.045 -7.19829e-17 -9.9076e-17 -0.809017 0.587785
40 -29484581.16934766 0.05 0.05 0.05 0.025 -0.025 -0.045 1.35465e-17 -8.55295e-17 0.587785 0.809017
40 -101850327.4183102 0.05 0.05 0.05 -0.025 -0.015 0.045 6.12323e-17 1 -6.12323e-17 3.7494e-33
40 -101850560.3467774 0.05 0.05 0.05 0.025 0.015 0.045 1 3.99574e-23 -7.498799999999999e-33 -6.12323e-17
40 -101850523.8038132 0.05 0.05 0.05 -0.025 0.015 -0.045 7.498799999999999e-33 1.22465e-16 1 -6.12323e-17
40 -101850480.2504623 0.05 0.05 0.05 0.025 -0.015 -0.045 6.12323e-17 -6.12323e-17 6.12323e-17 1
40 -446056830.6286437 0.05 0.05 0.05 -0.025 0.005 0.045 0.587785 0.809017 -4.9538e-17 3.59915e-17
40 -448701460.7291816 0.05 0.05 0.05 0.025 -0.005 0.045 0.809017 -0.587785 -3.59915e-17 -4.9538e-17
40 -446057184.7430171 0.05 0.05 0.05 -0.025 -0.005 -0.045 -7.19829e-17 -9.9076e-17 -0.809017 0.587785
40 -446056613.6010849 0.05 0.05 0.05 0.025 0.005 -0.045 1.35465e-17 -8.55295e-17 0.587785 0.809017
40 348031690.2348137 0.05 0.05 0.05 -0.025 0.015 0.045 0.587785 0.809017 -4.9538e-17 3.59915e-17
40 348233060.331157 0.05 0.05 0.05 0.025 -0.015 0.045 0.809017 -0.587785 -3.59915e-17 -4.9538e-17
40 348032289.0421972 0.05 0.05 0.05 -0.025 -0.015 -0.045 -7.19829e-17 -9.9076e-17 -0.809017 0.587785
40 348031592.4101265 0.05 0.05 0.05 0.025 0.015 -0.045 1.35465e-17 -8.55295e-17 0.587785 0.809017
40 -95739366.94016936 0.05 0.05 0.05 -0.025 0.025 0.045 0.587785 0.809017 -4.9538e-17 3.59915e-17
40 -95598912.07064679 0.05 0.05 0.05 0.025 -0.025 0.045 0.809017 -0.587785 -3.59915e-17 -4.9538e-17
40 -95739572.57488474 0.05 0.05 0.05 -0.025 -0.025 -0.045 -7.19829e-17 -9.9076e-17 -0.809017 0.587785
40 -95739349.1831795 0.05 0.05 0.05 0.025 0.025 -0.045 1.35465e-17 -8.55295e-17 0.587785 0.809017
40 123106682.1095991 0.05 0.05 0.05 -0.015 -0.025 0.045 0.587785 0.809017 -4.9538e-17 3.59915e-17
40 122649946.1633407 0.05 0.05 0.05 0.015 0.025 0.045 0.809017 -0.587785 -3.59915e-17 -4.9538e-17
40 123095945.3224908 0.05 0.05 0.05 -0.015 0.025 -0.045 -7.19829e-17 -9.9076e-17 -0.809017 0.587785
40 123106661.6264618 0.05 0.05 0.05 0.015 -0.025 -0.045 1.35465e-17 -8.55295e-17 0.587785 0.809017
40 102975909.4025332 0.05 0.05 0.05 -0.015 0.015 0.045 0.587785 0.809017 -4.9538e-17 3.59915e-17
40 107044410.8863975 0.05 0.05 0.05 0.015 -0.015 0.045 0.809017 -0.587785 -3.59915e-17 -4.9538e-17
40 102975098.3830506 0.05 0.05 0.05 -0.015 -0.015 -0.045 -7.19829e-17 -9.9076e-17 -0.809017 0.587785
40 102975758.0698843 0.05 0.05 0.05 0.015 0.015 -0.045 1.35465e-17 -8.55295e-17 0.587785 0.809017
40 4608886.05939577 0.05 0.05 0.05 -0.015 0.025 0.045 0.587785 0.809017 -4.9538e-17 3.59915e-17
40 3584931.216804347 0.05 0.05 0.05 0.015 -0.025 0.045 0.809017 -0.587785 -3.59915e-17 -4.9538e-17
40 4609134.902792503 0.05 0.05 0.05 -0.015 -0.025 -0.045 -7.19829e-17 -9.9076e-17 -0.809017 0.587785
40 4608918.801734913 0.05 0.05 0.05 0.015 0.025 -0.045 1.35465e-17 -8.55295e-17 0.587785 0.809017
40 -186029.3528648411 0.05 0.05 0.05 -0.005 0.015 0.045 0.951057 -0.309017 -3.78436e-17 5.82354e-17
40 -186027.6435125633 0.05 0.05 0.05 0.005 -0.015 0.045 0.309017 0.951057 5.82354e-17 3.78436e-17
40 -186027.6423174515 0.05 0.05 0.05 -0.005 -0.015 -0.045 -1.16471e-16 -1.89218e-17 0.309017 0.951057
40 -186828.0212124996 0.05 0.05 0.05 0.005 0.015 -0.045 -2.03919e-17 -3.93136e-17 0.951057 -0.309017
40 327304754.2731079 0.05 0.05 0.05 0.005 0.025 0.045 0.951057 0.309017 3.78436e-17 5.82354e-17
40 327304184.3019043 0.05 0.05 0.05 -0.005 -0.025 0.045 -0.309017 0.951057 5.82354e-17 -3.78436e-17
40 327304178.7220341 0.05 0.05 0.05 0.005 -0.025 -0.045 -1.16471e-16 1.89218e-17 -0.309017 0.951057
40 327304743.6724511 0.05 0.05 0.05 -0.005 0.025 -0.045 -9.60791e-17 -7.71572e-17 0.951057 0.309017
40 -205098109.8277091 0.05 0.05 0.05 0.015 -0.025 0.045 -0.587785 0.809017 -4.9538e-17 -3.59915e-17
40 -205000337.9484301 0.05 0.05 0.05 -0.015 0.025 0.045 0.809017 0.587785 3.59915e-17 -4.9538e-17
40 -205000340.9684799 0.05 0.05 0.05 0.015 0.025 -0.045 -7.19829e-17 9.9076e-17 0.809017 0.587785
40 -205000148.2528955 0.05 0.05 0.05 -0.015 -0.025 -0.045 8.55294e-17 -1.35465e-17 -0.587785 0.809017
40 -163354028.7199163 0.05 0.05 0.05 0.015 0.025 0.045 0.951057 0.309017 3.78436e-17 5.82354e-17
40 -163353741.3167769 0.05 0.05 0.05 -0.015 -0.025 0.045 -0.309017 0.951057 5.82354e-17 -3.78436e-17
40 -163353738.6212809 0.05 0.05 0.05 0.015 -0.025 -0.045 -1.16471e-16 1.89218e-17 -0.309017 0.951057
40 -163354023.4784966 0.05 0.05 0.05 -0.015 0.025 -0.045 -9.60791e-17 -7.71572e-17 0.951057 0.309017
40 224868001.4163875 0.05 0.05 0.05 0.025 -0.025 0.045 6.12323e-17 1 -6.12323e-17 3.7494e-33
40 224867992.0673675 0.05 0.05 0.05 -0.025 0.025 0.045 1 3.99574e-23 -7.498799999999999e-33 -6.12323e-17
40 224868024.9571632 0.05 0.05 0.05 0.025 0.025 -0.045 7.498799999999999e-33 1.22465e-16 1 -6.12323e-17
40 224868026.7513919 0.05 0.05 0.05 -0.025 -0.025 -0.045 6.12323e-17 -6.12323e-17 6.12323e-17 1
40 -479960204.0879298 0.05 0.05 0.05 0.025 -0.005 0.045 -0.587785 0.809017 -4.9538e-17 -3.59915e-17
40 -477777531.3263546 0.05 0.05 0.05 -0.025 0.005 0.045 0.809017 0.587785 3.59915e-17 -4.9538e-17
40 -477777987.7990593 0.05 0.05 0.05 0.025 0.005 -0.045 -7.19829e-17 9.9076e-17 0.809017 0.587785
40 -477775856.8287548 0.05 0.05 0.05 -0.025 -0.005 -0.045 8.55294e-17 -1.35465e-17 -0.587785 0.809017
40 -23.7554926306475 0.05 0.05 0.05 0.025 0.005 0.045 0.951057 -0.309017 -3.78436e-17 5.82354e-17
40 -23.75953508100793 0.05 0.05 0.05 -0.025 -0.005 0.045 0.309017 0.951057 5.82354e-17 3.78436e-17
40 -23.75953333794314 0.05 0.05 0.05 0.025 -0.005 -0.045 -1.16471e-16 -1.89218e-17 0.309017 0.951057
40 -23.51404829265812 0.05 0.05 0.05 -0.025 0.005 -0.045 -2.03919e-17 -3.93136e-17 0.951057 -0.309017
40 32868557.66350477 0.05 0.05 0.05 0.025 0.025 0.045 0.951057 0.309017 3.78436e-17 5.82354e-17
40 32868499.2305166 0.05 0.05 0.05 -0.025 -0.025 0.045 -0.309017 0.951057 5.82354e-17 -3.78436e-17
40 32868498.70910916 0.05 0.05 0.05 0.025 -0.025 -0.045 -1.16471e-16 1.89218e-17 -0.309017 0.951057
40 32868556.64872934 0.05 0.05 0.05 -0.025 0.025 -0.045 -9.60791e-17 -7.71572e-17 0.951057 0.309017
40 -480477694.7522867 0.05 0.05 0.05 -0.015 -0.015 0.045 0.587785 0.809017 -4.9538e-17 3.59915e-17
40 -480181022.9008473 0.05 0.05 0.05 0.015 0.015 0.045 0.809017 -0.587785 -3.59915e-17 -4.9538e-17
40 -480478167.9692576 0.05 0.05 0.05 -0.015 0.015 -0.045 -7.19829e-17 -9.9076e-17 -0.809017 0.587785
40 -480477579.5318865 0.05 0.05 0.05 0.015 -0.015 -0.045 1.35465e-17 -8.55295e-17 0.587785 0.809017
40 31085.38242657146 0.05 0.05 0.05 -0.025 -0.005 0.045 0.951057 0.309017 3.78436e-17 5.82354e-17
40 31112.9819437393 0.05 0.05 0.05 0.025 0.005 0.045 -0.309017 0.951057 5.82354e-17 -3.78436e-17
40 31085.3246933601 0.05 0.05 0.05 -0.025 0.005 -0.045 -1.16471e-16 1.89218e-17 -0.309017 0.951057
40 31085.3683857243 0.05 0.05 0.05 0.025 -0.005 -0.045 -9.60791e-17 -7.71572e-17 0.951057 0.309017
40 21877079.36181651 0.05 0.05 0.05 -0.025 -0.015 0.045 0.587785 0.809017 -4.9538e-17 3.59915e-17
40 17549262.89306691 0.05 0.05 0.05 0.025 0.015 0.045 0.809017 -0.587785 -3.59915e-17 -4.9538e-17
40 21877763.88927502 0.05 0.05 0.05 -0.025 0.015 -0.045 -7.19829e-17 -9.9076e-17 -0.809017 0.587785
40 21877215.20468369 0.05 0.05 0.05 0.025 -0.015 -0.045 1.35465e-17 -8.55295e-17 0.587785 0.809017
40 -1275190752.86133 0.05 0.05 0.05 0.015 -0.005 0.045 -0.587785 0.809017 -4.9538e-17 -3.59915e-17
40 -1274478877.351107 0.05 0.05 0.05 -0.015 0.005 0.045 0.809017 0.587785 3.59915e-17 -4.9538e-17
40 -1274478896.512399 0.05 0.05 0.05 0.015 0.005 -0.045 -7.19829e-17 9.9076e-17 0.809017 0.587785
40 -1274477833.183952 0.05 0.05 0.05 -0.015 -0.005 -0.045 8.55294e-17 -1.35465e-17 -0.587785 0.809017
40 -649764832.8567511 0.05 0.05 0.05 0.025 0.015 0.045 -0.587785 0.809017 -4.9538e-17 -3.59915e-17
40 -648371899.1187947 0.05 0.05 0.05 -0.025 -0.015 0.045 0.809017 0.587785 3.59915e-17 -4.9538e-17
40 -648372136.3229728 0.05 0.05 0.05 0.025 -0.015 -0.045 -7.19829e-17 9.9076e-17 0.809017 0.587785
40 -648370688.8294549 0.05 0.05 0.05 -0.025 0.015 -0.045 8.55294e-17 -1.35465e-17 -0.587785 0.809017
40 66905025.20590127 0.05 0.05 0.05 -0.005 -0.015 0.045 6.12323e-17 1 -6.12323e-17 3.7494e-33
40 66903982.0968327 0.05 0.05 0.05 0.005 0.015 0.045 1 3.99574e-23 -7.498799999999999e-33 -6.12323e-17
40 66904430.43798014 0.05 0.05 0.05 -0.005 0.015 -0.045 7.498799999999999e-33 1.22465e-16 1 -6.12323e-17
40 66904966.79879557 0.05 0.05 0.05 0.005 -0.015 -0.045 6.12323e-17 -6.12323e-17 6.12323e-17 1
40 -40330.69051700053 0.05 0.05 0.05 0.005 -0.025 0.045 0.587785 0.809017 -4.9538e-17 3.59915e-17
40 -40244.30310121533 0.05 0.05 0.05 -0.005 0.025 0.045 0.809017 -0.587785 -3.59915e-17 -4.9538e-17
40 -44021.6420208421 0.05 0.05 0.05 0.005 0.025 -0.045 -7.19829e-17 -9.9076e-17 -0.809017 0.587785
40 -40330.68131521203 0.05 0.05 0.05 -0.005 -0.025 -0.045 1.35465e-17 -8.55295e-17 0.587785 0.809017
40 -34531120.18991484 0.05 0.05 0.05 -0.025 0.025 0.045 0.951057 0.309017 3.78436e-17 5.82354e-17
40 -34531089.88326294 0.05 0.05 0.05 0.025 -0.025 0.045 -0.309017 0.951057 5.82354e-17 -3.78436e-17
40 -34531061.20534249 0.05 0.05 0.05 -0.025 -0.025 -0.045 -1.16471e-16 1.89218e-17 -0.309017 0.951057
40 -34531119.21320558 0.05 0.05 0.05 0.025 0.025 -0.045 -9.60791e-17 -7.71572e-17 0.951057 0.309017
40 21320702.44556952 0.05 0.05 0.05 -0.015 -0.025 0.045 6.12323e-17 1 -6.12323e-17 3.7494e-33
40 21319528.67613554 0.05 0.05 0.05 0.015 0.025 0.045 1 3.99574e-23 -7.498799999999999e-33 -6.12323e-17
40 21319692.71669968 0.05 0.05 0.05 -0.015 0.025 -0.045 7.498799999999999e-33 1.22465e-16 1 -6.12323e-17
40 21319384.02844995 0.05 0.05 0.05 0.015 -0.025 -0.045 6.12323e-17 -6.12323e-17 6.12323e-17 1
40 -92814.81436669786 0.05 0.05 0.05 -0.025 0.005 0.045 0.951057 0.309017 3.78436e-17 5.82354e-17
40 -92897.1006578152 0.05 0.05 0.05 0.025 -0.005 0.045 -0.309017 0.951057 5.82354e-17 -3.78436e-17
40 -92814.6415329569 0.05 0.05 0.05 -0.025 -0.005 -0.045 -1.16471e-16 1.89218e-17 -0.309017 0.951057
40 -92814.77238454649 0.05 0.05 0.05 0.025 0.005 -0.045 -9.60791e-17 -7.71572e-17 0.951057 0.309017
40 234820505.4266396 0.05 0.05 0.05 -0.015 -0.015 0.045 6.12323e-17 1 -6.12323e-17 3.7494e-33
40 234821334.8310127 0.05 0.05 0.05 0.015 0.015 0.045 1 3.99574e-23 -7.498799999999999e-33 -6.12323e-17
40 234821129.5109794 0.05 0.05 0.05 -0.015 0.015 -0.045 7.498799999999999e-33 1.22465e-16 1 -6.12323e-17
40 234820895.3706737 0.05 0.05 0.05 0.015 -0.015 -0.045 6.12323e-17 -6.12323e-17 6.12323e-17 1
40 120049.0374965206 0.05 0.05 0.05 -0.005 -0.025 0.045 0.587785 0.809017 -4.9538e-17 3.59915e-17
40 119791.2576497656 0.05 0.05 0.05 0.005 0.025 0.045 0.809017 -0.587785 -3.59915e-17 -4.9538e-17
40 131002.9752420877 0.05 0.05 0.05 -0.005 0.025 -0.045 -7.19829e-17 -9.9076e-17 -0.809017 0.587785
40 120049.009957607 0.05 0.05 0.05 0.005 -0.025 -0.045 1.35465e-17 -8.55295e-17 0.587785 0.809017
40 23759796.97961151 0.05 0.05 0.05 0.025 -0.025 0.045 -0.587785 0.809017 -4.9538e-17 -3.59915e-17
40 23942460.75570956 0.05 0.05 0.05 -0.025 0.025 0.045 0.809017 0.587785 3.59915e-17 -4.9538e-17
40 23942415.23944198 0.05 0.05 0.05 0.025 0.025 -0.045 -7.19829e-17 9.9076e-17 0.809017 0.587785
40 23942548.73823846 0.05 0.05 0.05 -0.025 -0.025 -0.045 8.55294e-17 -1.35465e-17 -0.587785 0.809017
40 -603951541.858281 0.05 0.05 0.05 0.005 -0.015 0.045 6.12323e-17 1 -6.12323e-17 3.7494e-33
40 -603951075.171784 0.05 0.05 0.05 -0.005 0.015 0.045 1 3.99574e-23 -7.498799999999999e-33 -6.12323e-17
40 -603951554.5764883 0.05 0.05 0.05 0.005 0.015 -0.045 7.498799999999999e-33 1.22465e-16 1 -6.12323e-17
40 -603952195.4086925 0.05 0.05 0.05 -0.005 -0.015 -0.045 6.12323e-17 -6.12323e-17 6.12323e-17 1
40 177306397.5850355 0.05 0.05 0.05 0.025 0.025 0.045 -0.587785 0.809017 -4.9538e-17 -3.59915e-17
40 176986267.3945028 0.05 0.05 0.05 -0.025 -0.025 0.045 0.809017 0.587785 3.59915e-17 -4.9538e-17
40 176986316.3432707 0.05 0.05 0.05 0.025 -0.025 -0.045 -7.19829e-17 9.9076e-17 0.809017 0.587785
40 176985987.7246266 0.05 0.05 0.05 -0.025 0.025 -0.045 8.55294e-17 -1.35465e-17 -0.587785 0.809017
40 168170199.703853 0.05 0.05 0.05 -0.015 0.025 0.045 0.951057 0.309017 3.78436e-17 5.82354e-17
40 168169912.9483582 0.05 0.05 0.05 0.015 -0.025 0.045 -0.309017 0.951057 5.82354e-17 -3.78436e-17
40 168169909.6907836 0.05 0.05 0.05 -0.015 -0.025 -0.045 -1.16471e-16 1.89218e-17 -0.309017 0.951057
40 168170194.611526 0.05 0.05 0.05 0.015 0.025 -0.045 -9.60791e-17 -7.71572e-17 0.951057 0.309017
40 93360.92053116036 0.05 0.05 0.05 -0.025 0.015 0.045 0.951057 0.309017 3.78436e-17 5.82354e-17
40 93443.5980216005 0.05 0.05 0.05 0.025 -0.015 0.045 -0.309017 0.951057 5.82354e-17 -3.78436e-17
40 93360.74590384465 0.05 0.05 0.05 -0.025 -0.015 -0.045 -1.16471e-16 1.89218e-17 -0.309017 0.951057
40 93360.87724199856 0.05 0.05 0.05 0.025 0.015 -0.045 -9.60791e-17 -7.71572e-17 0.951057 0.309017
40 -251.1682914200719 0.05 0.05 0.05 -0.015 0.015 0.045 0.951057 0.309017 3.78436e-17 5.82354e-17
40 -251.4181607822684 0.05 0.05 0.05 0.015 -0.015 0.045 -0.309017 0.951057 5.82354e-17 -3.78436e-17
40 -251.1673223235121 0.05 0.05 0.05 -0.015 -0.015 -0.045 -1.16471e-16 1.89218e-17 -0.309017 0.951057
40 -251.1670945047736 0.05 0.05 0.05 0.015 0.015 -0.045 -9.60791e-17 -7.71572e-17 0.951057 0.309017
40 -453849777.026759 0.05 0.05 0.05 -0.015 0.005 0.045 0.587785 0.809017 -4.9538e-17 3.59915e-17
40 -459521008.8813436 0.05 0.05 0.05 0.015 -0.005 0.045 0.809017 -0.587785 -3.59915e-17 -4.9538e-17
40 -453849002.7245839 0.05 0.05 0.05 -0.015 -0.005 -0.045 -7.19829e-17 -9.9076e-17 -0.809017 0.587785
40 -453849498.4165412 0.05 0.05 0.05 0.015 0.005 -0.045 1.35465e-17 -8.55295e-17 0.587785 0.809017
40 201389220.1466628 0.05 0.05 0.05 -0.025 -0.005 0.045 0.587785 0.809017 -4.9538e-17 3.59915e-17
40 206760527.451162 0.05 0.05 0.05 0.025 0.005 0.045 0.809017 -0.587785 -3.59915e-17 -4.9538e-17
40 201388725.3124281 0.05 0.05 0.05 -0.025 0.005 -0.045 -7.19829e-17 -9.9076e-17 -0.809017 0.587785
40 201388977.9754089 0.05 0.05 0.05 0.025 -0.005 -0.045 1.35465e-17 -8.55295e-17 0.587785 0.809017
40 832060219.497088 0.05 0.05 0.05 0.015 -0.015 0.045 -0.587785 0.809017 -4.9538e-17 -3.59915e-17
40 831629010.3753823 0.05 0.05 0.05 -0.015 0.015 0.045 0.809017 0.587785 3.59915e-17 -4.9538e-17
40 831629022.8368262 0.05 0.05 0.05 0.015 0.015 -0.045 -7.19829e-17 9.9076e-17 0.809017 0.587785
40 831628286.0093918 0.05 0.05 0.05 -0.015 -0.015 -0.045 8.55294e-17 -1.35465e-17 -0.587785 0.809017
40 872254085.3277572 0.05 0.05 0.05 0.025 0.005 0.045 -0.587785 0.809017 -4.9538e-17 -3.59915e-17
40 869804243.6058502 0.05 0.05 0.05 -0.025 -0.005 0.045 0.809017 0.587785 3.59915e-17 -4.9538e-17
40 869804707.0176578 0.05 0.05 0.05 0.025 -0.005 -0.045 -7.19829e-17 9.9076e-17 0.809017 0.587785
40 869802194.4075903 0.05 0.05 0.05 -0.025 0.005 -0.045 8.55294e-17 -1.35465e-17 -0.587785 0.809017
40 1110638094.36523 0.05 0.05 0.05 0.005 -0.025 0.045 6.12323e-17 1 -6.12323e-17 3.7494e-33
40 1110636936.490793 0.05 0.05 0.05 -0.005 0.025 0.045 1 3.99574e-23 -7.498799999999999e-33 -6.12323e-17
40 1110637249.123409 0.05 0.05 0.05 0.005 0.025 -0.045 7.498799999999999e-33 1.22465e-16 1 -6.12323e-17
40 1110636916.962245 0.05 0.05 0.05 -0.005 -0.025 -0.045 6.12323e-17 -6.12323e-17 6.12323e-17 1
40 184476.0355368959 0.05 0.05 0.05 0.025 0.015 0.045 0.951057 -0.309017 -3.78436e-17 5.82354e-17
40 184474.3230351117 0.05 0.05 0.05 -0.025 -0.015 0.045 0.309017 0.951057 5.82354e-17 3.78436e-17
40 184474.3218756057 0.05 0.05 0.05 0.025 -0.015 -0.045 -1.16471e-16 -1.89218e-17 0.309017 0.951057
40 185274.6093310131 0.05 0.05 0.05 -0.025 0.015 -0.045 -2.03919e-17 -3.93136e-17 0.951057 -0.309017
40 577162568.5534651 0.05 0.05 0.05 0.015 -0.015 0.045 6.12323e-17 1 -6.12323e-17 3.7494e-33
40 577162610.6847309 0.05 0.05 0.05 -0.015 0.015 0.045 1 3.99574e-23 -7.498799999999999e-33 -6.12323e-17
40 577162862.8107774 0.05 0.05 0.05 0.015 0.015 -0.045 7.498799999999999e-33 1.22465e-16 1 -6.12323e-17
40 577163255.0325274 0.05 0.05 0.05 -0.015 -0.015 -0.045 6.12323e-17 -6.12323e-17 6.12323e-17 1
40 56445247.31831414 0.05 0.05 0.05 0.025 -0.015 0.045 -0.587785 0.809017 -4.9538e-17 -3.59915e-17
40 55456913.18156376 0.05 0.05 0.05 -0.025 0.015 0.045 0.809017 0.587785 3.59915e-17 -4.9538e-17
40 55457140.01293221 0.05 0.05 0.05 0.025 0.015 -0.045 -7.19829e-17 9.9076e-17 0.809017 0.587785
40 55456269.24940541 0.05 0.05 0.05 -0.025 -0.015 -0.045 8.55294e-17 -1.35465e-17 -0.587785 0.809017
40 -550530.5160230888 0.05 0.05 0.05 0.015 0.015 0.045 0.951057 -0.309017 -3.78436e-17 5.82354e-17
40 -550525.4080189283 0.05 0.05 0.05 -0.015 -0.015 0.045 0.309017 0.951057 5.82354e-17 3.78436e-17
40 -550525.4045356937 0.05 0.05 0.05 0.015 -0.015 -0.045 -1.16471e-16 -1.89218e-17 0.309017 0.951057
40 -552907.976638162 0.05 0.05 0.05 -0.015 0.015 -0.045 -2.03919e-17 -3.93136e-17 0.951057 -0.309017
40 703539510.8817346 0.05 0.05 0.05 -0.015 -0.005 0.045 0.587785 0.809017 -4.9538e-17 3.59915e-17
40 706326181.7015487 0.05 0.05 0.05 0.015 0.005 0.045 0.809017 -0.587785 -3.59915e-17 -4.9538e-17
40 703539585.9655732 0.05 0.05 0.05 -0.015 0.005 -0.045 -7.19829e-17 -9.9076e-17 -0.809017 0.587785
40 703539256.1545633 0.05 0.05 0.05 0.015 -0.005 -0.045 1.35465e-17 -8.55295e-17 0.587785 0.809017
40 552095.2455480136 0.05 0.05 0.05 0.005 0.015 0.045 0.951057 -0.309017 -3.78436e-17 5.82354e-17
40 552090.1446281342 0.05 0.05 0.05 -0.005 -0.015 0.045 0.309017 0.951057 5.82354e-17 3.78436e-17
40 552090.1411078696 0.05 0.05 0.05 0.005 -0.015 -0.045 -1.16471e-16 -1.89218e-17 0.309017 0.951057
40 554472.563283429 0.05 0.05 0.05 -0.005 0.015 -0.045 -2.03919e-17 -3.93136e-17 0.951057 -0.309017
40 875024189.1994723 0.05 0.05 0.05 0.015 0.005 0.045 -0.587785 0.809017 -4.9538e-17 -3.59915e-17
40 874501951.3211058 0.05 0.05 0.05 -0.015 -0.005 0.045 0.809017 0.587785 3.59915e-17 -4.9538e-17
40 874501964.3481834 0.05 0.05 0.05 0.015 -0.005 -0.045 -7.19829e-17 9.9076e-17 0.809017 0.587785
40 874501277.9753693 0.05 0.05 0.05 -0.015 0.005 -0.045 8.55294e-17 -1.35465e-17 -0.587785 0.809017
