5 -308552886.4083278 0.04 0.12 0.18 0.008 0.08 0.054 0.572061 -0.415627 0.415627 0.572062
5 -13659349.90572963 0.04 0.12 0.18 -0.008 -0.08 0.054 0.415627 0.572061 0.572062 -0.415627
5 -308539900.1410078 0.04 0.12 0.18 0.008 -0.08 -0.054 -0.572062 0.415627 0.415627 0.572061
5 -308555631.754772 0.04 0.12 0.18 -0.008 0.08 -0.054 0.415627 0.572062 -0.572061 0.415627
5 -67086396.41086153 0.04 0.12 0.18 -0.016 -0.08 0.036 -0.415627 -0.572061 -0.572061 0.415629
5 -1314680059.598706 0.04 0.12 0.18 0.016 0.08 0.036 0.572061 -0.415627 0.415629 0.572061
5 -1314677287.390562 0.04 0.12 0.18 -0.016 0.08 -0.036 0.415629 0.572061 -0.572061 0.415627
5 -1314718705.586997 0.04 0.12 0.18 0.016 -0.08 -0.036 -0.572061 0.415629 0.415627 0.572061
5 -20677086.33906142 0.04 0.12 0.18 -0.016 0.08 0.054 0.415627 0.572061 -0.572061 0.415629
5 -20676273.65838489 0.04 0.12 0.18 0.016 -0.08 0.054 -0.572061 0.415627 0.415629 0.572061
5 -12672443.9990425 0.04 0.12 0.18 -0.016 -0.08 -0.054 0.415629 0.572061 0.572061 -0.415627
5 -20676859.90582427 0.04 0.12 0.18 0.016 0.08 -0.054 0.572061 -0.415629 0.415627 0.572061
5 -27893944.75399529 0.04 0.12 0.18 0.016 0.024 0.11 0.809017 -0.587785 -7.19829e-17 4.9538e-17
5 -27901055.42495315 0.04 0.12 0.18 -0.016 -0.024 0.11 0.587785 0.809017 4.9538e-17 7.19829e-17
5 -27898874.94412694 0.04 0.12 0.18 0.016 -0.024 -0.11 -9.9076e-17 -3.59914e-17 0.587785 0.809017
5 -27811589.75145074 0.04 0.12 0.18 -0.016 0.024 -0.11 -2.24449e-17 1.35465e-17 -0.809017 0.587785
5 -88044.84910356837 0.04 0.12 0.18 -0.008 0.08 0.036 0.415627 0.572061 -0.572061 0.415629
5 -87690.64365042343 0.04 0.12 0.18 0.008 -0.08 0.036 -0.572061 0.415627 0.415629 0.572061
5 2941408.067483266 0.04 0.12 0.18 -0.008 -0.08 -0.036 0.415629 0.572061 0.572061 -0.415627
5 -87353.16437211997 0.04 0.12 0.18 0.008 0.08 -0.036 0.572061 -0.415629 0.415627 0.572061
5 -301228642.3575526 0.04 0.12 0.18 0.02 0.08 0.036 0.572061 -0.415627 0.415627 0.572062
5 -381472095.3393137 0.04 0.12 0.18 -0.02 -0.08 0.036 0.415627 0.572061 0.572062 -0.415627
5 -301196734.2006075 0.04 0.12 0.18 0.02 -0.08 -0.036 -0.572062 0.415627 0.415627 0.572061
5 -301232917.3070753 0.04 0.12 0.18 -0.02 0.08 -0.036 0.415627 0.572062 -0.572061 0.415627
5 -97153403.37198748 0.04 0.12 0.18 0.008 0.08 0.018 0.572061 -0.415627 0.415627 0.572062
5 -47272132.10896805 0.04 0.12 0.18 -0.008 -0.08 0.018 0.415627 0.572061 0.572062 -0.415627
5 -97084760.17226976 0.04 0.12 0.18 0.008 -0.08 -0.018 -0.572062 0.415627 0.415627 0.572061
5 -97159745.06330813 0.04 0.12 0.18 -0.008 0.08 -0.018 0.415627 0.572062 -0.572061 0.415627
5 -8670532.722132266 0.04 0.12 0.18 0.008 0.048 0.11 0.809017 -0.587785 -7.19829e-17 4.9538e-17
5 -8548119.999020882 0.04 0.12 0.18 -0.008 -0.048 0.11 0.587785 0.809017 4.9538e-17 7.19829e-17
5 -8580842.961929666 0.04 0.12 0.18 0.008 -0.048 -0.11 -9.9076e-17 -3.59914e-17 0.587785 0.809017
5 -8700321.67250403 0.04 0.12 0.18 -0.008 0.048 -0.11 -2.24449e-17 1.35465e-17 -0.809017 0.587785
5 -33990447.54004819 0.04 0.12 0.18 -0.008 -0.08 0.018 -0.415627 -0.572061 -0.572061 0.415629
5 -138927445.2135095 0.04 0.12 0.18 0.008 0.08 0.018 0.572061 -0.415627 0.415629 0.572061
5 -138929332.0588251 0.04 0.12 0.18 -0.008 0.08 -0.018 0.415629 0.572061 -0.572061 0.415627
5 -138946074.1984844 0.04 0.12 0.18 0.008 -0.08 -0.018 -0.572061 0.415629 0.415627 0.572061
5 11965672.85767725 0.04 0.12 0.18 -0.008 -0.048 0.11 0.587785 0.809017 -4.9538e-17 3.59915e-17
5 11843261.76888413 0.04 0.12 0.18 0.008 0.048 0.11 0.809017 -0.587785 -3.59915e-17 -4.9538e-17
5 11813965.68937246 0.04 0.12 0.18 -0.008 0.048 -0.11 -7.19829e-17 -9.9076e-17 -0.809017 0.587785
5 11932320.02765094 0.04 0.12 0.18 0.008 -0.048 -0.11 1.35465e-17 -8.55295e-17 0.587785 0.809017
5 20718437.75239886 0.04 0.12 0.18 -0.008 0.08 0.054 0.415627 0.572061 -0.572061 0.415629
5 20717447.19885812 0.04 0.12 0.18 0.008 -0.08 0.054 -0.572061 0.415627 0.415629 0.572061
5 11191030.74042926 0.04 0.12 0.18 -0.008 -0.08 -0.054 0.415629 0.572061 0.572061 -0.415627
5 20717853.93388643 0.04 0.12 0.18 0.008 0.08 -0.054 0.572061 -0.415629 0.415627 0.572061
5 -9449854.695121245 0.04 0.12 0.18 -0.012 -0.048 0.11 0.587785 0.809017 -4.9538e-17 3.59915e-17
5 -9082145.276586095 0.04 0.12 0.18 0.012 0.048 0.11 0.809017 -0.587785 -3.59915e-17 -4.9538e-17
5 -8987104.353580862 0.04 0.12 0.18 -0.012 0.048 -0.11 -7.19829e-17 -9.9076e-17 -0.809017 0.587785
5 -9350196.641472859 0.04 0.12 0.18 0.012 -0.048 -0.11 1.35465e-17 -8.55295e-17 0.587785 0.809017
5 -5362535.236805564 0.04 0.12 0.18 -0.012 -0.08 0.054 -0.415627 -0.572061 -0.572061 0.415629
5 -330076383.6960025 0.04 0.12 0.18 0.012 0.08 0.054 0.572061 -0.415627 0.415629 0.572061
5 -330074713.1641511 0.04 0.12 0.18 -0.012 0.08 -0.054 0.415629 0.572061 -0.572061 0.415627
5 -330088638.2037539 0.04 0.12 0.18 0.012 -0.08 -0.054 -0.572061 0.415629 0.415627 0.572061
5 -31283518.63765435 0.04 0.12 0.18 -0.008 -0.08 0.054 -0.415627 -0.572061 -0.572061 0.415629
5 206454651.1488849 0.04 0.12 0.18 0.008 0.08 0.054 0.572061 -0.415627 0.415629 0.572061
5 206465880.2304604 0.04 0.12 0.18 -0.008 0.08 -0.054 0.415629 0.572061 -0.572061 0.415627
5 206395644.0807342 0.04 0.12 0.18 0.008 -0.08 -0.054 -0.572061 0.415629 0.415627 0.572061
5 26986462.55075333 0.04 0.12 0.18 0.016 0.036 0.11 0.809017 -0.587785 -7.19829e-17 4.9538e-17
5 26990622.80822024 0.04 0.12 0.18 -0.016 -0.036 0.11 0.587785 0.809017 4.9538e-17 7.19829e-17
5 26987992.26900596 0.04 0.12 0.18 0.016 -0.036 -0.11 -9.9076e-17 -3.59914e-17 0.587785 0.809017
5 26927017.73913318 0.04 0.12 0.18 -0.016 0.036 -0.11 -2.24449e-17 1.35465e-17 -0.809017 0.587785
5 9917876.774871893 0.04 0.12 0.18 -0.016 -0.012 0.11 0.587785 0.809017 -4.9538e-17 3.59915e-17
5 9913248.584957588 0.04 0.12 0.18 0.016 0.012 0.11 0.809017 -0.587785 -3.59915e-17 -4.9538e-17
5 9870465.458930284 0.04 0.12 0.18 -0.016 0.012 -0.11 -7.19829e-17 -9.9076e-17 -0.809017 0.587785
5 9917309.487245932 0.04 0.12 0.18 0.016 -0.012 -0.11 1.35465e-17 -8.55295e-17 0.587785 0.809017
5 -181480.2806746211 0.04 0.12 0.18 -0.012 0.012 0.11 0.587785 0.809017 -4.9538e-17 3.59915e-17
5 -180703.2392128865 0.04 0.12 0.18 0.012 -0.012 0.11 0.809017 -0.587785 -3.59915e-17 -4.9538e-17
5 -176084.6159065118 0.04 0.12 0.18 -0.012 -0.012 -0.11 -7.19829e-17 -9.9076e-17 -0.809017 0.587785
5 -181508.0953972151 0.04 0.12 0.18 0.012 0.012 -0.11 1.35465e-17 -8.55295e-17 0.587785 0.809017
5 -143414720.868824 0.04 0.12 0.18 0.02 0.08 0.018 0.572061 -0.415627 0.415627 0.572062
5 165948034.3331771 0.04 0.12 0.18 -0.02 -0.08 0.018 0.415627 0.572061 0.572062 -0.415627
5 -143337465.6008897 0.04 0.12 0.18 0.02 -0.08 -0.018 -0.572062 0.415627 0.415627 0.572061
5 -143425683.350249 0.04 0.12 0.18 -0.02 0.08 -0.018 0.415627 0.572062 -0.572061 0.415627
5 -174937079.0497972 0.04 0.12 0.18 0.016 0.08 0.054 0.572061 -0.415627 0.415627 0.572062
5 -284275650.9317647 0.04 0.12 0.18 -0.016 -0.08 0.054 0.415627 0.572061 0.572062 -0.415627
5 -174880799.9895765 0.04 0.12 0.18 0.016 -0.08 -0.054 -0.572062 0.415627 0.415627 0.572061
5 -174943849.2081783 0.04 0.12 0.18 -0.016 0.08 -0.054 0.415627 0.572062 -0.572061 0.415627
5 6275173.16971626 0.04 0.12 0.18 0.02 0.08 0.054 0.572061 -0.415627 0.415627 0.572062
5 261787544.3492647 0.04 0.12 0.18 -0.02 -0.08 0.054 0.415627 0.572061 0.572062 -0.415627
5 6236835.115844354 0.04 0.12 0.18 0.02 -0.08 -0.054 -0.572062 0.415627 0.415627 0.572061
5 6282275.396356815 0.04 0.12 0.18 -0.02 0.08 -0.054 0.415627 0.572062 -0.572061 0.415627
5 67587446.82874261 0.04 0.12 0.18 -0.008 -0.08 0.036 -0.415627 -0.572061 -0.572061 0.415629
5 321427119.5215152 0.04 0.12 0.18 0.008 0.08 0.036 0.572061 -0.415627 0.415629 0.572061
5 321428912.8124323 0.04 0.12 0.18 -0.008 0.08 -0.036 0.415629 0.572061 -0.572061 0.415627
5 321408843.495139 0.04 0.12 0.18 0.008 -0.08 -0.036 -0.572061 0.415629 0.415627 0.572061
5 133594164.2518484 0.04 0.12 0.18 0.012 0.08 0.054 0.572061 -0.415627 0.415627 0.572062
5 33230108.41745478 0.04 0.12 0.18 -0.012 -0.08 0.054 0.415627 0.572061 0.572062 -0.415627
5 133653024.1138063 0.04 0.12 0.18 0.012 -0.08 -0.054 -0.572062 0.415627 0.415627 0.572061
5 133583714.1214657 0.04 0.12 0.18 -0.012 0.08 -0.054 0.415627 0.572062 -0.572061 0.415627
5 101.52712583725 0.04 0.12 0.18 0.012 -0.048 0.11 0.309017 0.951057 -5.82354e-17 1.89218e-17
5 2.941693784234567 0.04 0.12 0.18 -0.012 0.048 0.11 0.951057 -0.309017 -1.89218e-17 -5.82354e-17
5 -1.131969890402693 0.04 0.12 0.18 0.012 0.048 -0.11 3.78436e-17 1.16471e-16 0.951057 -0.309017
5 110.7441063388362 0.04 0.12 0.18 -0.012 -0.048 -0.11 3.93136e-17 -7.71573e-17 0.309017 0.951057
5 -516896.9897810515 0.04 0.12 0.18 -0.02 -0.08 0.036 -0.415627 -0.572061 -0.572061 0.415629
5 433246435.1806033 0.04 0.12 0.18 0.02 0.08 0.036 0.572061 -0.415627 0.415629 0.572061
5 433252344.8343698 0.04 0.12 0.18 -0.02 0.08 -0.036 0.415629 0.572061 -0.572061 0.415627
5 433199967.3154982 0.04 0.12 0.18 0.02 -0.08 -0.036 -0.572061 0.415629 0.415627 0.572061
5 -276792189.5278949 0.04 0.12 0.18 0.012 0.08 0.018 0.572061 -0.415627 0.415627 0.572062
5 -125962077.0944873 0.04 0.12 0.18 -0.012 -0.08 0.018 0.415627 0.572061 0.572062 -0.415627
5 -276820730.9241133 0.04 0.12 0.18 0.012 -0.08 -0.018 -0.572062 0.415627 0.415627 0.572061
5 -276785444.1411851 0.04 0.12 0.18 -0.012 0.08 -0.018 0.415627 0.572062 -0.572061 0.415627
5 -2915556.712382956 0.04 0.12 0.18 0.02 0.048 0.11 0.809017 -0.587785 -7.19829e-17 4.9538e-17
5 -2793629.902188556 0.04 0.12 0.18 -0.02 -0.048 0.11 0.587785 0.809017 4.9538e-17 7.19829e-17
5 -2826147.253698654 0.04 0.12 0.18 0.02 -0.048 -0.11 -9.9076e-17 -3.59914e-17 0.587785 0.809017
5 -2936269.071392413 0.04 0.12 0.18 -0.02 0.048 -0.11 -2.24449e-17 1.35465e-17 -0.809017 0.587785
5 400498246.3069789 0.04 0.12 0.18 0.016 0.08 0.036 0.572061 -0.415627 0.415627 0.572062
5 157645205.0014088 0.04 0.12 0.18 -0.016 -0.08 0.036 0.415627 0.572061 0.572062 -0.415627
5 400533139.9448945 0.04 0.12 0.18 0.016 -0.08 -0.036 -0.572062 0.415627 0.415627 0.572061
5 400494217.6599827 0.04 0.12 0.18 -0.016 0.08 -0.036 0.415627 0.572062 -0.572061 0.415627
5 460399205.2936907 0.04 0.12 0.18 0.012 0.08 0.036 0.572061 -0.415627 0.415627 0.572062
5 232570101.6929851 0.04 0.12 0.18 -0.012 -0.08 0.036 0.415627 0.572061 0.572062 -0.415627
5 460434843.9221661 0.04 0.12 0.18 0.012 -0.08 -0.036 -0.572062 0.415627 0.415627 0.572061
5 460395047.7937307 0.04 0.12 0.18 -0.012 0.08 -0.036 0.415627 0.572062 -0.572061 0.415627
5 36654363.2176782 0.04 0.12 0.18 -0.016 -0.08 0.054 -0.415627 -0.572061 -0.572061 0.415629
5 467377101.1552348 0.04 0.12 0.18 0.016 0.08 0.054 0.572061 -0.415627 0.415629 0.572061
5 467377730.3001273 0.04 0.12 0.18 -0.016 0.08 -0.054 0.415629 0.572061 -0.572061 0.415627
5 467358878.835324 0.04 0.12 0.18 0.016 -0.08 -0.054 -0.572061 0.415629 0.415627 0.572061
5 33998313.20813555 0.04 0.12 0.18 -0.016 -0.08 0.018 -0.415627 -0.572061 -0.572061 0.415629
5 656536875.2137408 0.04 0.12 0.18 0.016 0.08 0.018 0.572061 -0.415627 0.415629 0.572061
5 656550977.8838187 0.04 0.12 0.18 -0.016 0.08 -0.018 0.415629 0.572061 -0.572061 0.415627
5 656438955.8343811 0.04 0.12 0.18 0.016 -0.08 -0.018 -0.572061 0.415629 0.415627 0.572061
