6.84947 0.065 0.065 0.2 -0.0325 0.0525 0.1 -4.32978e-17 0.707107 -0.707107 4.32978e-17 
6.84371 0.065 0.065 0.2 -0.0195 0.0525 0.1 -4.32978e-17 0.707107 -0.707107 4.32978e-17 
6.82612 0.065 0.065 0.2 -0.0065 0.0525 0.1 -4.32978e-17 0.707107 -0.707107 4.32978e-17 
6.79618 0.065 0.065 0.2 0.0065 0.0525 0.1 -4.32978e-17 0.707107 -0.707107 4.32978e-17 
6.75403 0.065 0.065 0.2 0.0195 0.0525 0.1 -4.32978e-17 0.707107 -0.707107 4.32978e-17 
6.7006 0.065 0.065 0.2 0.0325 0.0525 0.1 -4.32978e-17 0.707107 -0.707107 4.32978e-17 
5.50233 0.065 0.065 0.2 0.0195 0.0195 0.12 0.951057 -0.309017 -1.89218e-17 5.82354e-17 
5.47494 0.065 0.065 0.2 -0.0065 0.0325 0.12 0.951057 -0.309017 -1.89218e-17 5.82354e-17 
5.46914 0.065 0.065 0.2 0.0065 0.0195 0.12 0.951057 -0.309017 -1.89218e-17 5.82354e-17 
5.46028 0.065 0.065 0.2 0.0325 0.0325 0.12 0.951057 -0.309017 -1.89218e-17 5.82354e-17 
5.45274 0.065 0.065 0.2 0.0195 0.0325 0.12 0.951057 -0.309017 -1.89218e-17 5.82354e-17 
5.44829 0.065 0.065 0.2 0.0325 0.0195 0.12 0.951057 -0.309017 -1.89218e-17 5.82354e-17 
5.41283 0.065 0.065 0.2 0.0065 0.0325 0.12 0.951057 -0.309017 -1.89218e-17 5.82354e-17 
0.356688 0.065 0.065 0.2 -0.0525 -0.0065 0.1 -0.218508 0.672498 -0.218508 0.672499 
0.354745 0.065 0.065 0.2 -0.0525 -0.0325 0.06 -0.218508 0.672498 -0.218508 0.672499 
0.352738 0.065 0.065 0.2 -0.0525 -0.0325 0.1 -0.218508 0.672498 -0.218508 0.672499 
0.349909 0.065 0.065 0.2 -0.0525 -0.0325 0.02 -0.218508 0.672498 -0.218508 0.672499 
0.33743 0.065 0.065 0.2 -0.0525 -0.0195 0.1 -0.218508 0.672498 -0.218508 0.672499 
0.334743 0.065 0.065 0.2 -0.0525 -0.0325 -0.02 -0.218508 0.672498 -0.218508 0.672499 
0.270038 0.065 0.065 0.2 -0.0065 -0.0525 0.1 -0.672499 0.218508 0.218508 0.672498 
0.26218 0.065 0.065 0.2 0.0065 -0.0525 0.1 -0.672499 0.218508 0.218508 0.672498 
0.241915 0.065 0.065 0.2 0.0195 -0.0525 0.1 -0.672499 0.218508 0.218508 0.672498 
0.220542 0.065 0.065 0.2 0.0325 -0.0525 0.1 -0.672499 0.218508 0.218508 0.672498 
0.163029 0.065 0.065 0.2 0.0525 -0.0325 0.02 0.218508 -0.672498 -0.218508 0.672499 
0.161681 0.065 0.065 0.2 0.0065 0.0325 0.12 0.951057 0.309017 1.89218e-17 5.82354e-17 
0.158591 0.065 0.065 0.2 0.0195 0.0325 0.12 0.951057 0.309017 1.89218e-17 5.82354e-17 
0.139683 0.065 0.065 0.2 0.0525 -0.0325 0.06 0.218508 -0.672498 -0.218508 0.672499 
0.129749 0.065 0.065 0.2 -0.0195 0.0195 0.12 0.951057 0.309017 1.89218e-17 5.82354e-17 
0.123714 0.065 0.065 0.2 0.0525 -0.0195 0.1 -0.572061 -0.415627 0.572061 0.415629 
0.119846 0.065 0.065 0.2 0.0325 0.0325 0.12 0.951057 0.309017 1.89218e-17 5.82354e-17 
0.119525 0.065 0.065 0.2 0.0525 -0.0325 0.1 0.218508 -0.672498 -0.218508 0.672499 
0.116804 0.065 0.065 0.2 -0.0065 0.0325 0.12 0.951057 0.309017 1.89218e-17 5.82354e-17 
0.112426 0.065 0.065 0.2 0.0525 0.0195 0.1 -0.572061 -0.415627 0.572061 0.415629 
0.109416 0.065 0.065 0.2 0.0525 0.0325 0.1 -0.572061 -0.415627 0.572061 0.415629 
0.107778 0.065 0.065 0.2 0.0325 -0.0525 0.1 -0.672499 -0.218508 -0.218508 0.672498 
0.107298 0.065 0.065 0.2 0.0525 0.0065 0.1 -0.572061 -0.415627 0.572061 0.415629 
0.105559 0.065 0.065 0.2 0.0525 -0.0065 0.1 -0.572061 -0.415627 0.572061 0.415629 
0.101177 0.065 0.065 0.2 -0.0325 0.0065 0.12 0.951057 0.309017 1.89218e-17 5.82354e-17 
0.0923139 0.065 0.065 0.2 -0.0195 0.0525 0.02 0.415627 0.572061 -0.572061 0.415629 
0.0833531 0.065 0.065 0.2 -0.0325 0.0195 0.12 0.951057 0.309017 1.89218e-17 5.82354e-17 
0.0696689 0.065 0.065 0.2 -0.0195 0.0525 0.06 0.415627 0.572061 -0.572061 0.415629 
0.0679847 0.065 0.065 0.2 -0.0195 0.0525 -0.02 0.415627 0.572061 -0.572061 0.415629 
0.0657173 0.065 0.065 0.2 -0.0325 0.0325 0.12 0.951057 0.309017 1.89218e-17 5.82354e-17 
0.0651598 0.065 0.065 0.2 -0.0525 -0.0325 0.1 -0.572061 0.415627 -0.572061 0.415629 
0.0612092 0.065 0.065 0.2 -0.0525 -0.0195 0.1 -0.572061 0.415627 -0.572061 0.415629 
0.0611295 0.065 0.065 0.2 0.0195 -0.0525 0.1 -0.672499 -0.218508 -0.218508 0.672498 
0.0594225 0.065 0.065 0.2 -0.0525 0.0325 0.06 0.707107 -4.32978e-17 0.707107 -4.32978e-17 
0.0593447 0.065 0.065 0.2 -0.0525 0.0325 0.02 0.707107 -4.32978e-17 0.707107 -4.32978e-17 
0.0590915 0.065 0.065 0.2 -0.0525 -0.0065 0.1 -0.572061 0.415627 -0.572061 0.415629 
0.0587262 0.065 0.065 0.2 -0.0525 0.0325 0.1 0.707107 -4.32978e-17 0.707107 -4.32978e-17 
0.0579374 0.065 0.065 0.2 -0.0195 0.0325 0.12 0.951057 0.309017 1.89218e-17 5.82354e-17 
0.0562273 0.065 0.065 0.2 -0.0525 0.0325 -0.02 0.707107 -4.32978e-17 0.707107 -4.32978e-17 
0.055665 0.065 0.065 0.2 -0.0525 0.0195 0.06 0.707107 -4.32978e-17 0.707107 -4.32978e-17 
0.0550457 0.065 0.065 0.2 -0.0525 0.0195 0.1 0.707107 -4.32978e-17 0.707107 -4.32978e-17 
0.0549023 0.065 0.065 0.2 -0.0525 0.0065 0.1 -0.572061 0.415627 -0.572061 0.415629 
0.0490312 0.065 0.065 0.2 -0.0525 0.0195 0.1 -0.572061 0.415627 -0.572061 0.415629 
0.0460663 0.065 0.065 0.2 -0.0525 0.0325 0.1 -0.572061 0.415627 -0.572061 0.415629 
0.0413754 0.065 0.065 0.2 -0.0195 -0.0525 0.02 -0.415627 -0.572061 -0.572061 0.415629 
0.0248289 0.065 0.065 0.2 0.0065 -0.0525 0.1 -0.672499 -0.218508 -0.218508 0.672498 
0.0193177 0.065 0.065 0.2 0.0525 -0.0325 0.06 -0.218508 -0.672498 0.218508 0.672499 
0.0175907 0.065 0.065 0.2 0.0525 -0.0195 0.1 -0.218508 -0.672498 0.218508 0.672499 
0.0174576 0.065 0.065 0.2 0.0525 -0.0325 0.1 -0.218508 -0.672498 0.218508 0.672499 
-0.00161526 0.065 0.065 0.2 -0.0065 -0.0525 0.1 -0.672499 -0.218508 -0.218508 0.672498 
-0.00344458 0.065 0.065 0.2 -0.0325 -0.0525 0.1 -0.415627 -0.572061 -0.572061 0.415629 
-0.0179311 0.065 0.065 0.2 -0.0195 -0.0525 0.1 -0.672499 -0.218508 -0.218508 0.672498 
-0.0231119 0.065 0.065 0.2 -0.0325 -0.0525 0.1 -0.672499 -0.218508 -0.218508 0.672498 
-0.0267333 0.065 0.065 0.2 0.0195 0.0525 0.1 0.415627 -0.572061 0.572061 0.415629 
-0.0282412 0.065 0.065 0.2 0.0325 0.0525 0.1 0.415627 -0.572061 0.572061 0.415629 
-0.0296154 0.065 0.065 0.2 -0.0325 0.0525 0.06 0.415627 0.572061 -0.572061 0.415629 
-0.029644 0.065 0.065 0.2 0.0325 0.0525 0.06 0.415627 -0.572061 0.572061 0.415629 
-0.0300645 0.065 0.065 0.2 -0.0325 0.0525 0.1 0.415627 0.572061 -0.572061 0.415629 
-0.0310978 0.065 0.065 0.2 0.0195 0.0525 0.06 0.415627 -0.572061 0.572061 0.415629 
-0.0327229 0.065 0.065 0.2 -0.0325 -0.0525 0.06 -0.415627 -0.572061 -0.572061 0.415629 
-0.0336974 0.065 0.065 0.2 -0.0195 -0.0525 0.1 -0.415627 -0.572061 -0.572061 0.415629 
-0.0349441 0.065 0.065 0.2 -0.0325 0.0525 -0.02 0.415627 0.572061 -0.572061 0.415629 
-0.0364217 0.065 0.065 0.2 -0.0195 -0.0525 0.06 -0.415627 -0.572061 -0.572061 0.415629 
-0.042503 0.065 0.065 0.2 -0.0325 -0.0525 0.02 -0.415627 -0.572061 -0.572061 0.415629 
-0.0549622 0.065 0.065 0.2 -0.0195 0.0525 0.1 0.415627 0.572061 -0.572061 0.415629 
-0.0589423 0.065 0.065 0.2 -0.0325 0.0525 0.02 0.415627 0.572061 -0.572061 0.415629 
-0.0916696 0.065 0.065 0.2 -0.0065 0.0525 0.1 0.415627 0.572061 -0.572061 0.415629 
-0.139881 0.065 0.065 0.2 0.0525 0.0325 0.02 0.707107 -4.32978e-17 -0.707107 4.32978e-17 
-0.163185 0.065 0.065 0.2 0.0525 0.0325 0.06 0.707107 -4.32978e-17 -0.707107 4.32978e-17 
-0.185314 0.065 0.065 0.2 0.0525 0.0325 0.1 0.707107 -4.32978e-17 -0.707107 4.32978e-17 
-0.277434 0.065 0.065 0.2 -0.0065 -0.0325 0.12 6.12323e-17 1 -6.12323e-17 3.7494e-33 
-0.28147 0.065 0.065 0.2 0.0065 -0.0325 0.12 6.12323e-17 1 -6.12323e-17 3.7494e-33 
-0.324724 0.065 0.065 0.2 -0.0195 -0.0325 0.12 6.12323e-17 1 -6.12323e-17 3.7494e-33 
-0.347736 0.065 0.065 0.2 0.0065 -0.0195 0.12 6.12323e-17 1 -6.12323e-17 3.7494e-33 
-0.353764 0.065 0.065 0.2 -0.0325 -0.0325 0.12 6.12323e-17 1 -6.12323e-17 3.7494e-33 
-0.358971 0.065 0.065 0.2 0.0195 -0.0325 0.12 6.12323e-17 1 -6.12323e-17 3.7494e-33 
-0.369224 0.065 0.065 0.2 -0.0065 -0.0195 0.12 6.12323e-17 1 -6.12323e-17 3.7494e-33 
-0.4285 0.065 0.065 0.2 0.0195 -0.0195 0.12 6.12323e-17 1 -6.12323e-17 3.7494e-33 
-0.43547 0.065 0.065 0.2 -0.0195 -0.0195 0.12 6.12323e-17 1 -6.12323e-17 3.7494e-33 
-0.441653 0.065 0.065 0.2 -0.0325 -0.0195 0.12 6.12323e-17 1 -6.12323e-17 3.7494e-33 
-0.484049 0.065 0.065 0.2 0.0325 -0.0325 0.12 6.12323e-17 1 -6.12323e-17 3.7494e-33 
-2.2794 0.065 0.065 0.2 -0.0195 -0.0325 0.12 0.587785 0.809017 -4.9538e-17 3.59915e-17 
-2.29551 0.065 0.065 0.2 -0.0195 -0.0195 0.12 0.587785 0.809017 -4.9538e-17 3.59915e-17 
-2.31507 0.065 0.065 0.2 -0.0195 -0.0065 0.12 0.587785 0.809017 -4.9538e-17 3.59915e-17 
-2.31796 0.065 0.065 0.2 -0.0325 -0.0065 0.12 0.587785 0.809017 -4.9538e-17 3.59915e-17 
-2.31915 0.065 0.065 0.2 -0.0325 -0.0325 0.12 0.587785 0.809017 -4.9538e-17 3.59915e-17 
-2.3311 0.065 0.065 0.2 -0.0325 -0.0195 0.12 0.587785 0.809017 -4.9538e-17 3.59915e-17 
-2.33219 0.065 0.065 0.2 -0.0065 -0.0325 0.12 0.587785 0.809017 -4.9538e-17 3.59915e-17 
-2.34519 0.065 0.065 0.2 -0.0325 0.0065 0.12 0.587785 0.809017 -4.9538e-17 3.59915e-17 
-2.37947 0.065 0.065 0.2 -0.0195 0.0065 0.12 0.587785 0.809017 -4.9538e-17 3.59915e-17 
-2.4149 0.065 0.065 0.2 -0.0325 0.0195 0.12 0.587785 0.809017 -4.9538e-17 3.59915e-17 
-2.46508 0.065 0.065 0.2 -0.0325 0.0325 0.12 0.587785 0.809017 -4.9538e-17 3.59915e-17 
-2.46645 0.065 0.065 0.2 -0.0195 0.0195 0.12 0.587785 0.809017 -4.9538e-17 3.59915e-17 
-2.49046 0.065 0.065 0.2 -0.0195 0.0325 0.12 0.587785 0.809017 -4.9538e-17 3.59915e-17 
-3.49773 0.065 0.065 0.2 0.0195 0.0065 0.12 -0.587785 0.809017 -4.9538e-17 -3.59915e-17 
-3.54156 0.065 0.065 0.2 0.0325 -0.0195 0.12 -0.587785 0.809017 -4.9538e-17 -3.59915e-17 
-3.54185 0.065 0.065 0.2 0.0325 -0.0065 0.12 -0.587785 0.809017 -4.9538e-17 -3.59915e-17 
-3.55407 0.065 0.065 0.2 0.0195 -0.0065 0.12 -0.587785 0.809017 -4.9538e-17 -3.59915e-17 
-3.56037 0.065 0.065 0.2 0.0325 0.0195 0.12 -0.587785 0.809017 -4.9538e-17 -3.59915e-17 
-3.56133 0.065 0.065 0.2 0.0195 -0.0195 0.12 -0.587785 0.809017 -4.9538e-17 -3.59915e-17 
-3.5628 0.065 0.065 0.2 0.0325 0.0065 0.12 -0.587785 0.809017 -4.9538e-17 -3.59915e-17 
-3.57506 0.065 0.065 0.2 0.0195 -0.0325 0.12 -0.587785 0.809017 -4.9538e-17 -3.59915e-17 
-3.58932 0.065 0.065 0.2 0.0325 -0.0325 0.12 -0.587785 0.809017 -4.9538e-17 -3.59915e-17 
