12.4979 0.07 0.07 0.15 -0.007 -0.055 0.075 -0.672499 0.218508 0.218508 0.672498 
9.99264 0.07 0.07 0.15 -0.021 0.055 0.06 0.218508 0.672499 -0.672499 0.218502 
9.4699 0.07 0.07 0.15 -1.73472e-18 -0.055 0.075 -0.672499 0.218508 0.218508 0.672498 
8.8473 0.07 0.07 0.15 -0.028 0.055 0.06 0.218508 0.672499 -0.672499 0.218502 
7.68839 0.07 0.07 0.15 -0.035 0.055 0.06 0.218508 0.672499 -0.672499 0.218502 
6.5581 0.07 0.07 0.15 0.007 0.055 0.075 0.218508 0.672499 -0.672499 0.218502 
6.35267 0.07 0.07 0.15 0.007 -0.055 0.075 -0.672499 0.218508 0.218508 0.672498 
5.58791 0.07 0.07 0.15 -1.73472e-18 0.055 0.075 0.218508 0.672499 -0.672499 0.218502 
4.58171 0.07 0.07 0.15 -0.007 0.055 0.075 0.218508 0.672499 -0.672499 0.218502 
3.55077 0.07 0.07 0.15 -0.014 0.055 0.075 0.218508 0.672499 -0.672499 0.218502 
3.18462 0.07 0.07 0.15 0.014 -0.055 0.075 -0.672499 0.218508 0.218508 0.672498 
2.50677 0.07 0.07 0.15 -0.021 0.055 0.075 0.218508 0.672499 -0.672499 0.218502 
1.48726 0.07 0.07 0.15 0.035 -0.055 0.015 -0.572061 0.415627 0.415627 0.572062 
1.48701 0.07 0.07 0.15 0.035 -0.055 0.03 -0.572061 0.415627 0.415627 0.572062 
1.46149 0.07 0.07 0.15 -0.028 0.055 0.075 0.218508 0.672499 -0.672499 0.218502 
1.39313 0.07 0.07 0.15 0.035 -0.055 0 -0.572061 0.415627 0.415627 0.572062 
1.33026 0.07 0.07 0.15 0.035 -0.055 0.045 -0.572061 0.415627 0.415627 0.572062 
1.28274 0.07 0.07 0.15 0.035 0.055 0.03 0.572061 -0.415627 0.415627 0.572062 
1.21989 0.07 0.07 0.15 0.035 -1.73472e-18 0.095 -0.309017 0.951057 -5.82354e-17 -1.89218e-17 
1.21985 0.07 0.07 0.15 -0.035 -1.73472e-18 0.095 0.951057 0.309017 1.89218e-17 5.82354e-17 
1.2132 0.07 0.07 0.15 0.035 0.055 0.045 0.572061 -0.415627 0.415627 0.572062 
1.04953 0.07 0.07 0.15 -0.035 0.055 0.075 -4.32978e-17 0.707107 -0.707107 4.32978e-17 
1.03407 0.07 0.07 0.15 -0.035 0.055 0.06 -4.32978e-17 0.707107 -0.707107 4.32978e-17 
1.0038 0.07 0.07 0.15 0.035 0.055 0.06 0.572061 -0.415627 0.415627 0.572062 
1.00006 0.07 0.07 0.15 0.035 -0.055 0.06 -0.572061 0.415627 0.415627 0.572062 
0.931975 0.07 0.07 0.15 -0.028 0.055 0.075 -4.32978e-17 0.707107 -0.707107 4.32978e-17 
0.918267 0.07 0.07 0.15 -0.028 0.055 0.06 -4.32978e-17 0.707107 -0.707107 4.32978e-17 
0.905956 0.07 0.07 0.15 0.035 -0.007 0.095 -0.309017 0.951057 -5.82354e-17 -1.89218e-17 
0.905913 0.07 0.07 0.15 -0.035 0.007 0.095 0.951057 0.309017 1.89218e-17 5.82354e-17 
0.812903 0.07 0.07 0.15 -0.035 0.055 0.03 0.415627 0.572061 -0.572061 0.415629 
0.808501 0.07 0.07 0.15 -0.035 0.055 0.045 0.415627 0.572061 -0.572061 0.415629 
0.806855 0.07 0.07 0.15 -0.021 0.055 0.075 -4.32978e-17 0.707107 -0.707107 4.32978e-17 
0.804423 0.07 0.07 0.15 -0.035 -1.73472e-18 0.095 0.809017 0.587785 3.59914e-17 4.9538e-17 
0.801243 0.07 0.07 0.15 0.035 -1.73472e-18 0.095 -0.587785 0.809017 -4.9538e-17 -3.59915e-17 
0.795013 0.07 0.07 0.15 -0.021 0.055 0.06 -4.32978e-17 0.707107 -0.707107 4.32978e-17 
0.757978 0.07 0.07 0.15 0.021 -0.055 0.06 -0.672499 0.218508 0.218508 0.672498 
0.757092 0.07 0.07 0.15 -0.035 0.007 0.095 0.809017 0.587785 3.59914e-17 4.9538e-17 
0.754218 0.07 0.07 0.15 0.035 -0.007 0.095 -0.587785 0.809017 -4.9538e-17 -3.59915e-17 
0.71348 0.07 0.07 0.15 -0.035 0.055 0.015 0.415627 0.572061 -0.572061 0.415629 
0.695205 0.07 0.07 0.15 0.035 -0.055 0.075 -0.707107 0 0 0.707106 
0.684863 0.07 0.07 0.15 0.035 -0.055 0.06 -0.707107 0 0 0.707106 
0.675549 0.07 0.07 0.15 -0.014 0.055 0.075 -4.32978e-17 0.707107 -0.707107 4.32978e-17 
0.665664 0.07 0.07 0.15 -0.014 0.055 0.06 -4.32978e-17 0.707107 -0.707107 4.32978e-17 
0.663149 0.07 0.07 0.15 -0.035 -0.055 0.06 -0.415627 -0.572061 -0.572061 0.415629 
0.633512 0.07 0.07 0.15 0.035 -0.014 0.095 -0.309017 0.951057 -5.82354e-17 -1.89218e-17 
0.63347 0.07 0.07 0.15 -0.035 0.014 0.095 0.951057 0.309017 1.89218e-17 5.82354e-17 
0.624079 0.07 0.07 0.15 -0.035 -0.055 0.045 -0.415627 -0.572061 -0.572061 0.415629 
0.623323 0.07 0.07 0.15 -0.035 0.055 0 0.415627 0.572061 -0.572061 0.415629 
0.617338 0.07 0.07 0.15 0.028 -0.055 0.075 -0.707107 0 0 0.707106 
0.60816 0.07 0.07 0.15 0.028 -0.055 0.06 -0.707107 0 0 0.707106 
0.603369 0.07 0.07 0.15 -0.035 0.055 0.06 0.415627 0.572061 -0.572061 0.415629 
0.586256 0.07 0.07 0.15 -0.035 0.014 0.095 0.809017 0.587785 3.59914e-17 4.9538e-17 
0.583381 0.07 0.07 0.15 0.035 -0.014 0.095 -0.587785 0.809017 -4.9538e-17 -3.59915e-17 
0.570972 0.07 0.07 0.15 -0.035 -0.055 0.03 -0.415627 -0.572061 -0.572061 0.415629 
0.556907 0.07 0.07 0.15 -0.035 0.014 0.095 0.587785 0.809017 -4.9538e-17 3.59915e-17 
0.556525 0.07 0.07 0.15 0.035 -0.014 0.095 0.809017 -0.587785 -3.59914e-17 4.9538e-17 
0.552609 0.07 0.07 0.15 -0.035 -0.007 0.095 0.809017 0.587785 3.59914e-17 4.9538e-17 
0.552338 0.07 0.07 0.15 -0.035 0.021 0.095 0.587785 0.809017 -4.9538e-17 3.59915e-17 
0.552118 0.07 0.07 0.15 0.035 -0.021 0.095 0.809017 -0.587785 -3.59914e-17 4.9538e-17 
0.548759 0.07 0.07 0.15 0.035 0.007 0.095 -0.587785 0.809017 -4.9538e-17 -3.59915e-17 
0.548295 0.07 0.07 0.15 -0.035 0.007 0.095 0.587785 0.809017 -4.9538e-17 3.59915e-17 
0.547757 0.07 0.07 0.15 0.035 -0.007 0.095 0.809017 -0.587785 -3.59914e-17 4.9538e-17 
0.539544 0.07 0.07 0.15 -0.007 0.055 0.075 -4.32978e-17 0.707107 -0.707107 4.32978e-17 
0.535506 0.07 0.07 0.15 -0.035 -1.73472e-18 0.095 0.587785 0.809017 -4.9538e-17 3.59915e-17 
0.534823 0.07 0.07 0.15 0.035 -1.73472e-18 0.095 0.809017 -0.587785 -3.59914e-17 4.9538e-17 
0.534459 0.07 0.07 0.15 0.021 -0.055 0.075 -0.707107 0 0 0.707106 
0.531686 0.07 0.07 0.15 -0.007 0.055 0.06 -4.32978e-17 0.707107 -0.707107 4.32978e-17 
0.526519 0.07 0.07 0.15 0.021 -0.055 0.06 -0.707107 0 0 0.707106 
0.524946 0.07 0.07 0.15 -0.035 0.028 0.095 0.587785 0.809017 -4.9538e-17 3.59915e-17 
0.524899 0.07 0.07 0.15 0.035 -0.028 0.095 0.809017 -0.587785 -3.59914e-17 4.9538e-17 
0.524827 0.07 0.07 0.15 -0.035 -0.007 0.095 0.587785 0.809017 -4.9538e-17 3.59915e-17 
0.524019 0.07 0.07 0.15 0.035 0.007 0.095 0.809017 -0.587785 -3.59914e-17 4.9538e-17 
0.518531 0.07 0.07 0.15 -0.035 -0.014 0.095 0.587785 0.809017 -4.9538e-17 3.59915e-17 
0.517623 0.07 0.07 0.15 0.035 0.014 0.095 0.809017 -0.587785 -3.59914e-17 4.9538e-17 
0.514365 0.07 0.07 0.15 -0.035 -0.021 0.095 0.587785 0.809017 -4.9538e-17 3.59915e-17 
0.513378 0.07 0.07 0.15 0.035 0.021 0.095 0.809017 -0.587785 -3.59914e-17 4.9538e-17 
0.511035 0.07 0.07 0.15 0.035 -0.055 0.075 -0.572061 0.415627 0.415627 0.572062 
0.506332 0.07 0.07 0.15 -0.035 -0.028 0.095 0.587785 0.809017 -4.9538e-17 3.59915e-17 
0.505285 0.07 0.07 0.15 0.035 0.028 0.095 0.809017 -0.587785 -3.59914e-17 4.9538e-17 
0.486431 0.07 0.07 0.15 -0.035 -0.035 0.095 0.587785 0.809017 -4.9538e-17 3.59915e-17 
0.485346 0.07 0.07 0.15 0.035 0.035 0.095 0.809017 -0.587785 -3.59914e-17 4.9538e-17 
0.467945 0.07 0.07 0.15 0.028 0.055 0.045 0.572061 -0.415627 0.415627 0.572062 
0.467042 0.07 0.07 0.15 0.035 -0.035 0.095 0.809017 -0.587785 -3.59914e-17 4.9538e-17 
0.466898 0.07 0.07 0.15 -0.035 0.035 0.095 0.587785 0.809017 -4.9538e-17 3.59915e-17 
0.461181 0.07 0.07 0.15 0.028 -0.007 0.095 -0.309017 0.951057 -5.82354e-17 -1.89218e-17 
0.461178 0.07 0.07 0.15 -0.028 0.007 0.095 0.951057 0.309017 1.89218e-17 5.82354e-17 
0.44748 0.07 0.07 0.15 0.014 -0.055 0.075 -0.707107 0 0 0.707106 
0.441814 0.07 0.07 0.15 0.028 0.055 0.06 0.572061 -0.415627 0.415627 0.572062 
0.44084 0.07 0.07 0.15 0.014 -0.055 0.06 -0.707107 0 0 0.707106 
0.426666 0.07 0.07 0.15 -0.035 0.055 0.075 0.218508 0.672499 -0.672499 0.218502 
0.423536 0.07 0.07 0.15 0.028 0.055 0.03 0.572061 -0.415627 0.415627 0.572062 
0.423441 0.07 0.07 0.15 0.028 -0.055 0.03 -0.572061 0.415627 0.415627 0.572062 
0.409529 0.07 0.07 0.15 0.035 -0.021 0.095 -0.309017 0.951057 -5.82354e-17 -1.89218e-17 
0.409492 0.07 0.07 0.15 -0.035 0.021 0.095 0.951057 0.309017 1.89218e-17 5.82354e-17 
0.408239 0.07 0.07 0.15 -0.028 -0.055 0.06 -0.415627 -0.572061 -0.572061 0.415629 
0.400407 0.07 0.07 0.15 -1.73472e-18 0.055 0.075 -4.32978e-17 0.707107 -0.707107 4.32978e-17 
0.398414 0.07 0.07 0.15 0.035 0.055 0.075 0.572061 -0.415627 0.415627 0.572062 
0.397303 0.07 0.07 0.15 -0.035 0.021 0.095 0.809017 0.587785 3.59914e-17 4.9538e-17 
0.397089 0.07 0.07 0.15 0.028 -0.055 0.015 -0.572061 0.415627 0.415627 0.572062 
0.395679 0.07 0.07 0.15 0.028 -0.055 0.045 -0.572061 0.415627 0.415627 0.572062 
0.394621 0.07 0.07 0.15 -1.73472e-18 0.055 0.06 -4.32978e-17 0.707107 -0.707107 4.32978e-17 
0.394252 0.07 0.07 0.15 0.035 -0.021 0.095 -0.587785 0.809017 -4.9538e-17 -3.59915e-17 
0.370353 0.07 0.07 0.15 0.028 0.055 0.045 0.218508 -0.672499 0.672499 0.218502 
0.36287 0.07 0.07 0.15 0.035 0.035 0.095 0.951057 0.309017 1.89218e-17 5.82354e-17 
0.362729 0.07 0.07 0.15 -0.035 -0.035 0.095 -0.309017 0.951057 -5.82354e-17 -1.89218e-17 
0.357389 0.07 0.07 0.15 0.007 -0.055 0.075 -0.707107 0 0 0.707106 
0.355937 0.07 0.07 0.15 0.035 0.055 0.045 0.218508 -0.672499 0.672499 0.218502 
0.352094 0.07 0.07 0.15 0.007 -0.055 0.06 -0.707107 0 0 0.707106 
0.350474 0.07 0.07 0.15 0.028 -0.055 0 -0.572061 0.415627 0.415627 0.572062 
0.344316 0.07 0.07 0.15 0.028 0.035 0.095 0.951057 0.309017 1.89218e-17 5.82354e-17 
0.344221 0.07 0.07 0.15 -0.028 -0.035 0.095 -0.309017 0.951057 -5.82354e-17 -1.89218e-17 
0.322188 0.07 0.07 0.15 -0.028 0.055 0.045 0.415627 0.572061 -0.572061 0.415629 
0.306613 0.07 0.07 0.15 0.021 0.035 0.095 0.951057 0.309017 1.89218e-17 5.82354e-17 
0.306554 0.07 0.07 0.15 -0.021 -0.035 0.095 -0.309017 0.951057 -5.82354e-17 -1.89218e-17 
0.30494 0.07 0.07 0.15 0.028 -0.055 0.06 -0.572061 0.415627 0.415627 0.572062 
0.294293 0.07 0.07 0.15 0.028 -0.014 0.095 -0.309017 0.951057 -5.82354e-17 -1.89218e-17 
0.294286 0.07 0.07 0.15 -0.028 0.014 0.095 0.951057 0.309017 1.89218e-17 5.82354e-17 
0.28043 0.07 0.07 0.15 -0.028 -0.055 0.045 -0.415627 -0.572061 -0.572061 0.415629 
0.280202 0.07 0.07 0.15 -0.028 0.055 0.03 0.415627 0.572061 -0.572061 0.415629 
0.279163 0.07 0.07 0.15 -0.028 0.055 0.06 0.415627 0.572061 -0.572061 0.415629 
0.265221 0.07 0.07 0.15 -1.73472e-18 -0.055 0.075 -0.707107 0 0 0.707106 
0.261302 0.07 0.07 0.15 -1.73472e-18 -0.055 0.06 -0.707107 0 0 0.707106 
0.259752 0.07 0.07 0.15 0.007 0.055 0.075 -4.32978e-17 0.707107 -0.707107 4.32978e-17 
0.256059 0.07 0.07 0.15 0.007 0.055 0.06 -4.32978e-17 0.707107 -0.707107 4.32978e-17 
0.252823 0.07 0.07 0.15 -0.028 0.007 0.095 0.809017 0.587785 3.59914e-17 4.9538e-17 
0.25238 0.07 0.07 0.15 0.014 0.035 0.095 0.951057 0.309017 1.89218e-17 5.82354e-17 
0.252347 0.07 0.07 0.15 -0.014 -0.035 0.095 -0.309017 0.951057 -5.82354e-17 -1.89218e-17 
0.252203 0.07 0.07 0.15 0.028 -0.007 0.095 -0.587785 0.809017 -4.9538e-17 -3.59915e-17 
0.238671 0.07 0.07 0.15 0.035 -0.028 0.095 -0.309017 0.951057 -5.82354e-17 -1.89218e-17 
0.238645 0.07 0.07 0.15 -0.035 0.028 0.095 0.951057 0.309017 1.89218e-17 5.82354e-17 
0.237769 0.07 0.07 0.15 -0.035 0.028 0.095 0.809017 0.587785 3.59914e-17 4.9538e-17 
0.234572 0.07 0.07 0.15 0.035 -0.028 0.095 -0.587785 0.809017 -4.9538e-17 -3.59915e-17 
0.217323 0.07 0.07 0.15 0.021 0.055 0.075 0.415627 -0.572061 0.572061 0.415629 
0.216123 0.07 0.07 0.15 0.028 0.055 0.06 0.218508 -0.672499 0.672499 0.218502 
0.215408 0.07 0.07 0.15 -0.035 -0.035 0.095 0.309017 0.951057 -5.82354e-17 1.89218e-17 
0.215318 0.07 0.07 0.15 0.035 0.035 0.095 0.951057 -0.309017 -1.89218e-17 5.82354e-17 
0.21263 0.07 0.07 0.15 0.028 0.055 0.075 0.415627 -0.572061 0.572061 0.415629 
0.207718 0.07 0.07 0.15 0.035 0.055 0.06 0.218508 -0.672499 0.672499 0.218502 
0.207707 0.07 0.07 0.15 0.035 0.055 0.075 0.415627 -0.572061 0.572061 0.415629 
0.199064 0.07 0.07 0.15 0.028 0.055 0.075 0.572061 -0.415627 0.415627 0.572062 
0.197765 0.07 0.07 0.15 -0.028 0.055 0.015 0.415627 0.572061 -0.572061 0.415629 
0.195755 0.07 0.07 0.15 -0.028 0.014 0.095 0.809017 0.587785 3.59914e-17 4.9538e-17 
0.195201 0.07 0.07 0.15 0.028 -0.014 0.095 -0.587785 0.809017 -4.9538e-17 -3.59915e-17 
0.189794 0.07 0.07 0.15 -0.035 -0.028 0.095 0.309017 0.951057 -5.82354e-17 1.89218e-17 
0.189683 0.07 0.07 0.15 0.035 0.028 0.095 0.951057 -0.309017 -1.89218e-17 5.82354e-17 
0.188025 0.07 0.07 0.15 -0.028 -1.73472e-18 0.095 0.809017 0.587785 3.59914e-17 4.9538e-17 
0.187188 0.07 0.07 0.15 0.028 -1.73472e-18 0.095 -0.587785 0.809017 -4.9538e-17 -3.59915e-17 
0.186788 0.07 0.07 0.15 0.007 0.035 0.095 0.951057 0.309017 1.89218e-17 5.82354e-17 
0.186773 0.07 0.07 0.15 -0.007 -0.035 0.095 -0.309017 0.951057 -5.82354e-17 -1.89218e-17 
0.172046 0.07 0.07 0.15 -0.007 -0.055 0.075 -0.707107 0 0 0.707106 
0.169518 0.07 0.07 0.15 -0.007 -0.055 0.06 -0.707107 0 0 0.707106 
0.166542 0.07 0.07 0.15 -0.028 0.014 0.095 0.587785 0.809017 -4.9538e-17 3.59915e-17 
0.166511 0.07 0.07 0.15 0.028 -0.014 0.095 0.809017 -0.587785 -3.59914e-17 4.9538e-17 
0.165282 0.07 0.07 0.15 0.028 -0.021 0.095 0.809017 -0.587785 -3.59914e-17 4.9538e-17 
0.165269 0.07 0.07 0.15 -0.028 0.021 0.095 0.587785 0.809017 -4.9538e-17 3.59915e-17 
0.164863 0.07 0.07 0.15 0.028 -0.021 0.095 -0.309017 0.951057 -5.82354e-17 -1.89218e-17 
0.164856 0.07 0.07 0.15 -0.028 0.021 0.095 0.951057 0.309017 1.89218e-17 5.82354e-17 
0.161798 0.07 0.07 0.15 -0.028 0.007 0.095 0.587785 0.809017 -4.9538e-17 3.59915e-17 
0.161728 0.07 0.07 0.15 0.028 -0.007 0.095 0.809017 -0.587785 -3.59914e-17 4.9538e-17 
0.1597 0.07 0.07 0.15 -0.028 -0.055 0.075 -0.415627 -0.572061 -0.572061 0.415629 
0.158716 0.07 0.07 0.15 -0.028 -0.055 0.03 -0.415627 -0.572061 -0.572061 0.415629 
0.155722 0.07 0.07 0.15 -0.028 -1.73472e-18 0.095 0.587785 0.809017 -4.9538e-17 3.59915e-17 
0.155612 0.07 0.07 0.15 0.028 -1.73472e-18 0.095 0.809017 -0.587785 -3.59914e-17 4.9538e-17 
0.155561 0.07 0.07 0.15 0.035 0.021 0.095 0.951057 -0.309017 -1.89218e-17 5.82354e-17 
0.155369 0.07 0.07 0.15 -0.035 -0.021 0.095 0.309017 0.951057 -5.82354e-17 1.89218e-17 
0.153645 0.07 0.07 0.15 0.028 -0.028 0.095 0.809017 -0.587785 -3.59914e-17 4.9538e-17 
0.153588 0.07 0.07 0.15 -0.028 0.028 0.095 0.587785 0.809017 -4.9538e-17 3.59915e-17 
0.151658 0.07 0.07 0.15 -0.028 -0.007 0.095 0.587785 0.809017 -4.9538e-17 3.59915e-17 
0.1515 0.07 0.07 0.15 0.028 0.007 0.095 0.809017 -0.587785 -3.59914e-17 4.9538e-17 
0.150841 0.07 0.07 0.15 -0.028 -0.021 0.095 0.587785 0.809017 -4.9538e-17 3.59915e-17 
0.150624 0.07 0.07 0.15 0.028 0.021 0.095 0.809017 -0.587785 -3.59914e-17 4.9538e-17 
0.150568 0.07 0.07 0.15 -0.028 -0.014 0.095 0.587785 0.809017 -4.9538e-17 3.59915e-17 
0.150377 0.07 0.07 0.15 0.028 0.014 0.095 0.809017 -0.587785 -3.59914e-17 4.9538e-17 
0.148954 0.07 0.07 0.15 -0.028 -0.028 0.095 0.587785 0.809017 -4.9538e-17 3.59915e-17 
0.148776 0.07 0.07 0.15 0.028 -0.055 0.075 -0.572061 0.415627 0.415627 0.572062 
0.148722 0.07 0.07 0.15 0.028 0.028 0.095 0.809017 -0.587785 -3.59914e-17 4.9538e-17 
0.141179 0.07 0.07 0.15 -0.028 -0.035 0.095 0.587785 0.809017 -4.9538e-17 3.59915e-17 
0.14093 0.07 0.07 0.15 0.028 0.035 0.095 0.809017 -0.587785 -3.59914e-17 4.9538e-17 
0.132743 0.07 0.07 0.15 -0.028 0.055 0 0.415627 0.572061 -0.572061 0.415629 
0.129394 0.07 0.07 0.15 0.028 -0.035 0.095 0.809017 -0.587785 -3.59914e-17 4.9538e-17 
0.129286 0.07 0.07 0.15 -0.028 0.035 0.095 0.587785 0.809017 -4.9538e-17 3.59915e-17 
0.123543 0.07 0.07 0.15 0.035 -0.035 0.095 -0.309017 0.951057 -5.82354e-17 -1.89218e-17 
0.123532 0.07 0.07 0.15 -0.035 0.035 0.095 0.951057 0.309017 1.89218e-17 5.82354e-17 
0.11921 0.07 0.07 0.15 0.014 0.055 0.075 -4.32978e-17 0.707107 -0.707107 4.32978e-17 
0.117609 0.07 0.07 0.15 0.014 0.055 0.06 -4.32978e-17 0.707107 -0.707107 4.32978e-17 
0.117499 0.07 0.07 0.15 -1.73472e-18 0.035 0.095 0.951057 0.309017 1.89218e-17 5.82354e-17 
0.117494 0.07 0.07 0.15 -1.73472e-18 -0.035 0.095 -0.309017 0.951057 -5.82354e-17 -1.89218e-17 
0.115665 0.07 0.07 0.15 -0.028 0.021 0.095 0.809017 0.587785 3.59914e-17 4.9538e-17 
0.115065 0.07 0.07 0.15 0.028 -0.021 0.095 -0.587785 0.809017 -4.9538e-17 -3.59915e-17 
0.113822 0.07 0.07 0.15 -0.035 0.035 0.095 0.809017 0.587785 3.59914e-17 4.9538e-17 
0.113708 0.07 0.07 0.15 0.035 0.014 0.095 0.951057 -0.309017 -1.89218e-17 5.82354e-17 
0.112726 0.07 0.07 0.15 -0.035 -0.014 0.095 0.309017 0.951057 -5.82354e-17 1.89218e-17 
0.110739 0.07 0.07 0.15 0.035 -0.035 0.095 -0.587785 0.809017 -4.9538e-17 -3.59915e-17 
0.0833093 0.07 0.07 0.15 -0.035 0.055 0.075 0.415627 0.572061 -0.572061 0.415629 
0.0789449 0.07 0.07 0.15 -0.014 -0.055 0.075 -0.707107 0 0 0.707106 
0.0789336 0.07 0.07 0.15 -0.028 0.055 0.075 0.415627 0.572061 -0.572061 0.415629 
0.0778069 0.07 0.07 0.15 -0.014 -0.055 0.06 -0.707107 0 0 0.707106 
0.0761099 0.07 0.07 0.15 0.028 -0.028 0.095 -0.309017 0.951057 -5.82354e-17 -1.89218e-17 
0.0761036 0.07 0.07 0.15 -0.028 0.028 0.095 0.951057 0.309017 1.89218e-17 5.82354e-17 
0.0682774 0.07 0.07 0.15 -0.035 -0.055 0.075 -0.415627 -0.572061 -0.572061 0.415629 
0.0623985 0.07 0.07 0.15 -0.021 0.055 0.075 0.218508 -0.672499 0.672499 0.218502 
0.0623952 0.07 0.07 0.15 -0.028 0.055 0.075 0.218508 -0.672499 0.672499 0.218502 
0.062074 0.07 0.07 0.15 -0.014 0.055 0.075 0.218508 -0.672499 0.672499 0.218502 
0.0620547 0.07 0.07 0.15 -0.035 0.055 0.075 0.218508 -0.672499 0.672499 0.218502 
0.0614352 0.07 0.07 0.15 -0.007 0.055 0.075 0.218508 -0.672499 0.672499 0.218502 
0.0604987 0.07 0.07 0.15 -1.73472e-18 0.055 0.075 0.218508 -0.672499 0.672499 0.218502 
0.0592843 0.07 0.07 0.15 0.007 0.055 0.075 0.218508 -0.672499 0.672499 0.218502 
0.0578138 0.07 0.07 0.15 0.014 0.055 0.075 0.218508 -0.672499 0.672499 0.218502 
0.0561105 0.07 0.07 0.15 0.021 0.055 0.075 0.218508 -0.672499 0.672499 0.218502 
0.0557761 0.07 0.07 0.15 -0.028 0.028 0.095 0.809017 0.587785 3.59914e-17 4.9538e-17 
0.0551114 0.07 0.07 0.15 0.028 -0.028 0.095 -0.587785 0.809017 -4.9538e-17 -3.59915e-17 
0.0544752 0.07 0.07 0.15 0.007 -0.035 0.095 -0.309017 0.951057 -5.82354e-17 -1.89218e-17 
0.054475 0.07 0.07 0.15 -0.007 0.035 0.095 0.951057 0.309017 1.89218e-17 5.82354e-17 
0.0541988 0.07 0.07 0.15 0.028 0.055 0.075 0.218508 -0.672499 0.672499 0.218502 
0.0521034 0.07 0.07 0.15 0.035 0.055 0.075 0.218508 -0.672499 0.672499 0.218502 
0.0501003 0.07 0.07 0.15 -0.021 0.055 0.075 0.415627 0.572061 -0.572061 0.415629 
0.0493453 0.07 0.07 0.15 -0.028 -0.035 0.095 0.309017 0.951057 -5.82354e-17 1.89218e-17 
0.049277 0.07 0.07 0.15 0.028 0.035 0.095 0.951057 -0.309017 -1.89218e-17 5.82354e-17 
0.042666 0.07 0.07 0.15 -0.021 -0.021 0.095 0.587785 0.809017 -4.9538e-17 3.59915e-17 
0.0426481 0.07 0.07 0.15 0.021 0.021 0.095 0.809017 -0.587785 -3.59914e-17 4.9538e-17 
0.0419596 0.07 0.07 0.15 -0.021 0.007 0.095 0.809017 0.587785 3.59914e-17 4.9538e-17 
0.0419247 0.07 0.07 0.15 0.021 -0.007 0.095 -0.587785 0.809017 -4.9538e-17 -3.59915e-17 
0.0409246 0.07 0.07 0.15 -0.021 0.014 0.095 0.809017 0.587785 3.59914e-17 4.9538e-17 
0.0409123 0.07 0.07 0.15 0.021 -0.014 0.095 -0.587785 0.809017 -4.9538e-17 -3.59915e-17 
0.0374244 0.07 0.07 0.15 -0.021 -0.028 0.095 0.587785 0.809017 -4.9538e-17 3.59915e-17 
0.0374233 0.07 0.07 0.15 0.021 0.028 0.095 0.809017 -0.587785 -3.59914e-17 4.9538e-17 
0.0317241 0.07 0.07 0.15 -0.028 -0.028 0.095 0.309017 0.951057 -5.82354e-17 1.89218e-17 
0.0316938 0.07 0.07 0.15 0.028 0.028 0.095 0.951057 -0.309017 -1.89218e-17 5.82354e-17 
0.0295331 0.07 0.07 0.15 0.028 -0.035 0.095 -0.309017 0.951057 -5.82354e-17 -1.89218e-17 
0.0295315 0.07 0.07 0.15 -0.028 0.035 0.095 0.951057 0.309017 1.89218e-17 5.82354e-17 
0.0275166 0.07 0.07 0.15 -0.021 -0.035 0.095 0.587785 0.809017 -4.9538e-17 3.59915e-17 
0.0275091 0.07 0.07 0.15 0.021 0.035 0.095 0.809017 -0.587785 -3.59914e-17 4.9538e-17 
0.0205402 0.07 0.07 0.15 -0.028 0.035 0.095 0.809017 0.587785 3.59914e-17 4.9538e-17 
0.0198943 0.07 0.07 0.15 0.028 -0.035 0.095 -0.587785 0.809017 -4.9538e-17 -3.59915e-17 
0.0189354 0.07 0.07 0.15 -0.007 0.035 0.095 0.951057 -0.309017 -1.89218e-17 5.82354e-17 
0.0188903 0.07 0.07 0.15 0.007 -0.035 0.095 0.309017 0.951057 -5.82354e-17 1.89218e-17 
0.0185195 0.07 0.07 0.15 -0.014 0.055 0.075 0.415627 0.572061 -0.572061 0.415629 
0.0180635 0.07 0.07 0.15 0.014 0.035 0.095 0.809017 -0.587785 -3.59914e-17 4.9538e-17 
0.0180614 0.07 0.07 0.15 -0.014 -0.035 0.095 0.587785 0.809017 -4.9538e-17 3.59915e-17 
0.0179368 0.07 0.07 0.15 -0.007 -0.035 0.095 0.587785 0.809017 -4.9538e-17 3.59915e-17 
0.0179339 0.07 0.07 0.15 0.007 0.035 0.095 0.809017 -0.587785 -3.59914e-17 4.9538e-17 
0.0129995 0.07 0.07 0.15 -0.021 0.021 0.095 0.809017 0.587785 3.59914e-17 4.9538e-17 
0.0129872 0.07 0.07 0.15 0.021 -0.021 0.095 -0.587785 0.809017 -4.9538e-17 -3.59915e-17 
0.0125784 0.07 0.07 0.15 0.021 -0.055 0.075 -0.572061 0.415627 0.415627 0.572062 
0.0115736 0.07 0.07 0.15 0.014 -0.028 0.095 -0.309017 0.951057 -5.82354e-17 -1.89218e-17 
0.0115736 0.07 0.07 0.15 -0.014 0.028 0.095 0.951057 0.309017 1.89218e-17 5.82354e-17 
0.00965832 0.07 0.07 0.15 -0.014 0.035 0.095 0.951057 0.309017 1.89218e-17 5.82354e-17 
0.00965772 0.07 0.07 0.15 0.014 -0.035 0.095 -0.309017 0.951057 -5.82354e-17 -1.89218e-17 
0.00801373 0.07 0.07 0.15 -0.014 0.035 0.095 1 0 0 6.12323e-17 
0.00801316 0.07 0.07 0.15 0.014 -0.035 0.095 6.12323e-17 1 -6.12323e-17 3.7494e-33 
0.00687944 0.07 0.07 0.15 -0.014 0.028 0.095 1 0 0 6.12323e-17 
0.00687911 0.07 0.07 0.15 0.014 -0.028 0.095 6.12323e-17 1 -6.12323e-17 3.7494e-33 
0.0065734 0.07 0.07 0.15 0.035 0.055 0.06 0.415627 -0.572061 0.572061 0.415629 
0.00630528 0.07 0.07 0.15 -0.007 0.055 0.075 0.415627 0.572061 -0.572061 0.415629 
0.00612696 0.07 0.07 0.15 0.028 0.021 0.095 0.951057 -0.309017 -1.89218e-17 5.82354e-17 
0.00577791 0.07 0.07 0.15 -0.028 -0.021 0.095 0.309017 0.951057 -5.82354e-17 1.89218e-17 
0.00518086 0.07 0.07 0.15 -0.035 -0.055 0.06 -0.572061 -0.415627 -0.415627 0.572062 
0.00516039 0.07 0.07 0.15 0.021 -0.028 0.095 -0.309017 0.951057 -5.82354e-17 -1.89218e-17 
0.00515939 0.07 0.07 0.15 -0.021 0.028 0.095 0.951057 0.309017 1.89218e-17 5.82354e-17 
0.00514027 0.07 0.07 0.15 0.021 -0.055 0.075 -0.672499 0.218508 0.218508 0.672498 
0.00433675 0.07 0.07 0.15 -0.035 -0.055 0.075 -0.572061 -0.415627 -0.415627 0.572062 
0.00318895 0.07 0.07 0.15 -0.014 0.021 0.095 1 0 0 6.12323e-17 
0.00318802 0.07 0.07 0.15 0.014 -0.021 0.095 6.12323e-17 1 -6.12323e-17 3.7494e-33 
0.00306602 0.07 0.07 0.15 -0.007 0.035 0.095 1 0 0 6.12323e-17 
0.0030656 0.07 0.07 0.15 0.007 -0.035 0.095 6.12323e-17 1 -6.12323e-17 3.7494e-33 
0.00259838 0.07 0.07 0.15 -0.028 -0.055 0.075 -0.572061 -0.415627 -0.415627 0.572062 
0.00179249 0.07 0.07 0.15 0.028 0.055 0.06 0.415627 -0.572061 0.572061 0.415629 
0.0014176 0.07 0.07 0.15 -0.028 -0.055 0.06 -0.572061 -0.415627 -0.415627 0.572062 
0.00134876 0.07 0.07 0.15 -0.021 -0.055 0.075 -0.572061 -0.415627 -0.415627 0.572062 
0.00134753 0.07 0.07 0.15 -1.73472e-18 0.035 0.095 0.951057 -0.309017 -1.89218e-17 5.82354e-17 
0.0013247 0.07 0.07 0.15 -1.73472e-18 -0.035 0.095 0.309017 0.951057 -5.82354e-17 1.89218e-17 
0.00127017 0.07 0.07 0.15 -0.021 -0.035 0.095 0.309017 0.951057 -5.82354e-17 1.89218e-17 
0.0012234 0.07 0.07 0.15 0.021 0.035 0.095 0.951057 -0.309017 -1.89218e-17 5.82354e-17 
7.22008e-05 0.07 0.07 0.15 -0.021 -0.055 0.06 -0.572061 -0.415627 -0.415627 0.572062 
6.81981e-05 0.07 0.07 0.15 -0.035 -0.055 0.075 -0.672499 -0.218508 -0.218508 0.672498 
5.92675e-05 0.07 0.07 0.15 0.021 0.055 0.06 0.415627 -0.572061 0.572061 0.415629 
6.96456e-07 0.07 0.07 0.15 -0.055 -0.035 0.015 -0.218508 0.672498 -0.218508 0.672499 
6.89763e-07 0.07 0.07 0.15 -0.055 -0.035 0 -0.218508 0.672498 -0.218508 0.672499 
6.88166e-07 0.07 0.07 0.15 -0.055 -0.035 0.03 -0.218508 0.672498 -0.218508 0.672499 
6.87409e-07 0.07 0.07 0.15 -0.055 -0.035 0.015 0 0.707107 0 0.707106 
6.80543e-07 0.07 0.07 0.15 -0.055 -0.028 0.015 0 0.707107 0 0.707106 
6.73637e-07 0.07 0.07 0.15 -0.055 -0.035 0.03 0 0.707107 0 0.707106 
6.68109e-07 0.07 0.07 0.15 -0.055 -0.035 -0.015 -0.218508 0.672498 -0.218508 0.672499 
6.67555e-07 0.07 0.07 0.15 -0.055 -0.028 0.03 0 0.707107 0 0.707106 
6.66142e-07 0.07 0.07 0.15 0.055 -0.035 0.015 0 -0.707107 0 0.707106 
6.65752e-07 0.07 0.07 0.15 -0.055 -0.035 0.045 -0.218508 0.672498 -0.218508 0.672499 
6.61108e-07 0.07 0.07 0.15 0.055 -0.028 0.015 0 -0.707107 0 0.707106 
6.48405e-07 0.07 0.07 0.15 -0.055 -0.035 0.045 0 0.707107 0 0.707106 
6.4324e-07 0.07 0.07 0.15 -0.055 -0.028 0.045 0 0.707107 0 0.707106 
6.39713e-07 0.07 0.07 0.15 -0.055 -0.028 0.06 -0.218508 0.672498 -0.218508 0.672499 
6.34991e-07 0.07 0.07 0.15 0.055 -0.035 0.03 0 -0.707107 0 0.707106 
6.30851e-07 0.07 0.07 0.15 -0.055 -0.035 0.06 -0.218508 0.672498 -0.218508 0.672499 
6.29708e-07 0.07 0.07 0.15 0.055 -0.028 0.03 0 -0.707107 0 0.707106 
6.26306e-07 0.07 0.07 0.15 -0.055 -1.73472e-18 0.075 -0.218508 0.672498 -0.218508 0.672499 
6.25679e-07 0.07 0.07 0.15 0.055 -0.035 0.06 0.218508 -0.672498 -0.218508 0.672499 
6.24081e-07 0.07 0.07 0.15 0.055 -0.035 0.075 0.218508 -0.672498 -0.218508 0.672499 
6.22636e-07 0.07 0.07 0.15 0.055 -0.021 0.03 0 -0.707107 0 0.707106 
6.21964e-07 0.07 0.07 0.15 -0.055 -0.007 0.075 -0.218508 0.672498 -0.218508 0.672499 
6.19654e-07 0.07 0.07 0.15 0.055 -0.035 0.045 0.218508 -0.672498 -0.218508 0.672499 
6.15678e-07 0.07 0.07 0.15 -0.055 -0.014 0.075 -0.218508 0.672498 -0.218508 0.672499 
6.13019e-07 0.07 0.07 0.15 -0.055 -0.035 0.06 0 0.707107 0 0.707106 
6.08845e-07 0.07 0.07 0.15 -0.055 -0.028 0.06 0 0.707107 0 0.707106 
6.07494e-07 0.07 0.07 0.15 -0.055 -0.021 0.075 -0.218508 0.672498 -0.218508 0.672499 
5.97477e-07 0.07 0.07 0.15 -0.055 -0.028 0.075 -0.218508 0.672498 -0.218508 0.672499 
5.94956e-07 0.07 0.07 0.15 0.055 -0.035 0.045 0 -0.707107 0 0.707106 
5.89598e-07 0.07 0.07 0.15 0.055 -0.028 0.045 0 -0.707107 0 0.707106 
5.85706e-07 0.07 0.07 0.15 -0.055 -0.035 0.075 -0.218508 0.672498 -0.218508 0.672499 
5.82354e-07 0.07 0.07 0.15 0.055 -0.021 0.045 0 -0.707107 0 0.707106 
5.69253e-07 0.07 0.07 0.15 -0.055 -0.035 0.075 0 0.707107 0 0.707106 
5.66087e-07 0.07 0.07 0.15 -0.055 -0.028 0.075 0 0.707107 0 0.707106 
5.47892e-07 0.07 0.07 0.15 0.055 -0.035 0.06 0 -0.707107 0 0.707106 
5.42622e-07 0.07 0.07 0.15 0.055 -0.028 0.06 0 -0.707107 0 0.707106 
5.35407e-07 0.07 0.07 0.15 0.055 -0.021 0.06 0 -0.707107 0 0.707106 
4.95837e-07 0.07 0.07 0.15 0.055 -0.035 0.075 0 -0.707107 0 0.707106 
4.9079e-07 0.07 0.07 0.15 0.055 -0.028 0.075 0 -0.707107 0 0.707106 
4.83782e-07 0.07 0.07 0.15 0.055 -0.021 0.075 0 -0.707107 0 0.707106 
1.1911e-07 0.07 0.07 0.15 -0.055 0.035 0.045 0.672498 0.218508 0.672499 0.218508 
1.08462e-07 0.07 0.07 0.15 -0.055 0.035 0.06 0.672498 0.218508 0.672499 0.218508 
9.70539e-08 0.07 0.07 0.15 -0.055 0.035 0.075 0.672498 0.218508 0.672499 0.218508 
2.81454e-08 0.07 0.07 0.15 -0.055 0.028 0.015 0.707107 -4.32978e-17 0.707107 -4.32978e-17 
2.61349e-08 0.07 0.07 0.15 -0.055 0.035 0.015 0.707107 -4.32978e-17 0.707107 -4.32978e-17 
2.4559e-08 0.07 0.07 0.15 -0.055 0.021 0.03 0.707107 -4.32978e-17 0.707107 -4.32978e-17 
2.15682e-08 0.07 0.07 0.15 -0.055 0.028 0.03 0.707107 -4.32978e-17 0.707107 -4.32978e-17 
1.96587e-08 0.07 0.07 0.15 -0.055 0.035 0.03 0.707107 -4.32978e-17 0.707107 -4.32978e-17 
1.80256e-08 0.07 0.07 0.15 -0.055 0.021 0.045 0.707107 -4.32978e-17 0.707107 -4.32978e-17 
1.51457e-08 0.07 0.07 0.15 -0.055 0.028 0.045 0.707107 -4.32978e-17 0.707107 -4.32978e-17 
1.38423e-08 0.07 0.07 0.15 -0.055 -0.035 0.06 -0.415627 0.572061 -0.415627 0.572062 
1.33041e-08 0.07 0.07 0.15 -0.055 0.035 0.045 0.707107 -4.32978e-17 0.707107 -4.32978e-17 
1.28554e-08 0.07 0.07 0.15 -0.055 -0.035 0.075 -0.415627 0.572061 -0.415627 0.572062 
1.20693e-08 0.07 0.07 0.15 -0.055 -0.028 0.06 -0.415627 0.572061 -0.415627 0.572062 
1.19023e-08 0.07 0.07 0.15 -0.055 0.021 0.06 0.707107 -4.32978e-17 0.707107 -4.32978e-17 
1.10677e-08 0.07 0.07 0.15 -0.055 -0.028 0.075 -0.415627 0.572061 -0.415627 0.572062 
1.01989e-08 0.07 0.07 0.15 -0.055 -0.021 0.06 -0.415627 0.572061 -0.415627 0.572062 
9.68311e-09 0.07 0.07 0.15 0.055 -0.035 0.045 -0.218508 -0.672498 0.218508 0.672499 
9.46311e-09 0.07 0.07 0.15 0.055 -0.028 0.045 -0.218508 -0.672498 0.218508 0.672499 
9.29926e-09 0.07 0.07 0.15 0.055 -0.035 0.06 -0.218508 -0.672498 0.218508 0.672499 
9.208e-09 0.07 0.07 0.15 0.055 -0.021 0.045 -0.218508 -0.672498 0.218508 0.672499 
9.18544e-09 0.07 0.07 0.15 -0.055 -0.021 0.075 -0.415627 0.572061 -0.415627 0.572062 
9.12701e-09 0.07 0.07 0.15 -0.055 0.028 0.06 0.707107 -4.32978e-17 0.707107 -4.32978e-17 
9.11683e-09 0.07 0.07 0.15 0.055 -0.028 0.06 -0.218508 -0.672498 0.218508 0.672499 
8.89774e-09 0.07 0.07 0.15 0.055 -0.021 0.06 -0.218508 -0.672498 0.218508 0.672499 
8.73393e-09 0.07 0.07 0.15 0.055 -0.035 0.075 -0.218508 -0.672498 0.218508 0.672499 
8.58619e-09 0.07 0.07 0.15 0.055 -0.028 0.075 -0.218508 -0.672498 0.218508 0.672499 
8.40114e-09 0.07 0.07 0.15 0.055 -0.021 0.075 -0.218508 -0.672498 0.218508 0.672499 
8.24967e-09 0.07 0.07 0.15 -0.055 -0.014 0.06 -0.415627 0.572061 -0.415627 0.572062 
8.18072e-09 0.07 0.07 0.15 0.055 -0.014 0.075 -0.218508 -0.672498 0.218508 0.672499 
7.33262e-09 0.07 0.07 0.15 -0.055 0.035 0.06 0.707107 -4.32978e-17 0.707107 -4.32978e-17 
7.22724e-09 0.07 0.07 0.15 -0.055 -0.014 0.075 -0.415627 0.572061 -0.415627 0.572062 
6.34799e-09 0.07 0.07 0.15 -0.055 0.021 0.075 0.707107 -4.32978e-17 0.707107 -4.32978e-17 
6.24026e-09 0.07 0.07 0.15 -0.055 -0.007 0.06 -0.415627 0.572061 -0.415627 0.572062 
5.21197e-09 0.07 0.07 0.15 -0.055 -0.007 0.075 -0.415627 0.572061 -0.415627 0.572062 
4.1878e-09 0.07 0.07 0.15 -0.055 -1.73472e-18 0.06 -0.415627 0.572061 -0.415627 0.572062 
3.68508e-09 0.07 0.07 0.15 -0.055 0.028 0.075 0.707107 -4.32978e-17 0.707107 -4.32978e-17 
3.1572e-09 0.07 0.07 0.15 -0.055 -1.73472e-18 0.075 -0.415627 0.572061 -0.415627 0.572062 
1.93445e-09 0.07 0.07 0.15 -0.055 0.035 0.075 0.707107 -4.32978e-17 0.707107 -4.32978e-17 
1.07777e-09 0.07 0.07 0.15 -0.055 0.007 0.075 -0.415627 0.572061 -0.415627 0.572062 
-5.64081e-12 0.07 0.07 0.15 -0.055 0.035 0.045 -0.672498 0.218508 -0.672499 0.218508 
-6.28005e-12 0.07 0.07 0.15 -0.055 0.028 0.045 -0.672498 0.218508 -0.672499 0.218508 
-6.47491e-12 0.07 0.07 0.15 -0.055 0.035 0.06 -0.672498 0.218508 -0.672499 0.218508 
-6.9729e-12 0.07 0.07 0.15 -0.055 0.021 0.045 -0.672498 0.218508 -0.672499 0.218508 
-7.09207e-12 0.07 0.07 0.15 -0.055 0.035 0.075 -0.672498 0.218508 -0.672499 0.218508 
-7.14543e-12 0.07 0.07 0.15 -0.055 0.028 0.06 -0.672498 0.218508 -0.672499 0.218508 
-7.78082e-12 0.07 0.07 0.15 -0.055 0.028 0.075 -0.672498 0.218508 -0.672499 0.218508 
-7.85923e-12 0.07 0.07 0.15 -0.055 0.021 0.06 -0.672498 0.218508 -0.672499 0.218508 
-8.50372e-12 0.07 0.07 0.15 -0.055 0.021 0.075 -0.672498 0.218508 -0.672499 0.218508 
-9.23781e-12 0.07 0.07 0.15 -0.055 0.014 0.075 -0.672498 0.218508 -0.672499 0.218508 
-5.03225e-11 0.07 0.07 0.15 0.055 0.028 0.075 -0.415627 -0.572061 0.415627 0.572062 
-5.05368e-11 0.07 0.07 0.15 0.055 0.021 0.075 -0.415627 -0.572061 0.415627 0.572062 
-5.21386e-11 0.07 0.07 0.15 0.055 0.035 0.075 -0.415627 -0.572061 0.415627 0.572062 
-5.22608e-11 0.07 0.07 0.15 0.055 0.014 0.075 -0.415627 -0.572061 0.415627 0.572062 
-5.50114e-11 0.07 0.07 0.15 0.055 0.007 0.075 -0.415627 -0.572061 0.415627 0.572062 
-5.73037e-11 0.07 0.07 0.15 0.055 -0.028 0.06 -0.415627 -0.572061 0.415627 0.572062 
-5.84218e-11 0.07 0.07 0.15 0.055 -1.73472e-18 0.075 -0.415627 -0.572061 0.415627 0.572062 
-6.2303e-11 0.07 0.07 0.15 0.055 -0.007 0.075 -0.415627 -0.572061 0.415627 0.572062 
-6.66857e-11 0.07 0.07 0.15 0.055 -0.014 0.075 -0.415627 -0.572061 0.415627 0.572062 
-6.7286e-11 0.07 0.07 0.15 0.055 -0.035 0.06 -0.415627 -0.572061 0.415627 0.572062 
-7.18366e-11 0.07 0.07 0.15 0.055 -0.021 0.075 -0.415627 -0.572061 0.415627 0.572062 
-7.82426e-11 0.07 0.07 0.15 0.055 -0.028 0.075 -0.415627 -0.572061 0.415627 0.572062 
-8.65684e-11 0.07 0.07 0.15 0.055 -0.035 0.075 -0.415627 -0.572061 0.415627 0.572062 
-1.34851e-10 0.07 0.07 0.15 -0.055 -0.035 0.075 -0.572061 0.415627 -0.572061 0.415629 
-1.47095e-10 0.07 0.07 0.15 -0.055 -0.028 0.075 -0.572061 0.415627 -0.572061 0.415629 
-1.61318e-10 0.07 0.07 0.15 -0.055 -0.021 0.075 -0.572061 0.415627 -0.572061 0.415629 
-1.76848e-10 0.07 0.07 0.15 -0.055 -0.014 0.075 -0.572061 0.415627 -0.572061 0.415629 
-1.9307e-10 0.07 0.07 0.15 -0.055 -0.007 0.075 -0.572061 0.415627 -0.572061 0.415629 
-2.09568e-10 0.07 0.07 0.15 -0.055 -1.73472e-18 0.075 -0.572061 0.415627 -0.572061 0.415629 
-2.26246e-10 0.07 0.07 0.15 -0.055 0.007 0.075 -0.572061 0.415627 -0.572061 0.415629 
-2.43415e-10 0.07 0.07 0.15 -0.055 0.014 0.075 -0.572061 0.415627 -0.572061 0.415629 
-2.57011e-10 0.07 0.07 0.15 -0.055 0.028 0.06 -0.572061 0.415627 -0.572061 0.415629 
-2.61835e-10 0.07 0.07 0.15 -0.055 0.021 0.075 -0.572061 0.415627 -0.572061 0.415629 
-2.82593e-10 0.07 0.07 0.15 -0.055 0.035 0.06 -0.572061 0.415627 -0.572061 0.415629 
-2.82717e-10 0.07 0.07 0.15 -0.055 0.028 0.075 -0.572061 0.415627 -0.572061 0.415629 
-3.0767e-10 0.07 0.07 0.15 -0.055 0.035 0.075 -0.572061 0.415627 -0.572061 0.415629 
-1.01534e-09 0.07 0.07 0.15 -0.055 0.014 0.075 -0.415627 0.572061 -0.415627 0.572062 
-3.11578e-09 0.07 0.07 0.15 -0.055 0.021 0.075 -0.415627 0.572061 -0.415627 0.572062 
-2.88527e-08 0.07 0.07 0.15 0.055 0.035 0.06 -0.572061 -0.415627 0.572061 0.415629 
-2.9016e-08 0.07 0.07 0.15 0.055 0.035 0.075 -0.572061 -0.415627 0.572061 0.415629 
-2.93136e-08 0.07 0.07 0.15 0.055 0.028 0.06 -0.572061 -0.415627 0.572061 0.415629 
-2.94803e-08 0.07 0.07 0.15 0.055 0.028 0.075 -0.572061 -0.415627 0.572061 0.415629 
-2.96966e-08 0.07 0.07 0.15 0.055 0.021 0.06 -0.572061 -0.415627 0.572061 0.415629 
-2.98666e-08 0.07 0.07 0.15 0.055 0.021 0.075 -0.572061 -0.415627 0.572061 0.415629 
-2.99992e-08 0.07 0.07 0.15 0.055 0.014 0.06 -0.572061 -0.415627 0.572061 0.415629 
-3.0172e-08 0.07 0.07 0.15 0.055 0.014 0.075 -0.572061 -0.415627 0.572061 0.415629 
-3.02201e-08 0.07 0.07 0.15 0.055 0.007 0.06 -0.572061 -0.415627 0.572061 0.415629 
-3.03598e-08 0.07 0.07 0.15 0.055 -1.73472e-18 0.06 -0.572061 -0.415627 0.572061 0.415629 
-3.03953e-08 0.07 0.07 0.15 0.055 0.007 0.075 -0.572061 -0.415627 0.572061 0.415629 
-3.04954e-08 0.07 0.07 0.15 0.055 -0.021 0.075 -0.572061 -0.415627 0.572061 0.415629 
-3.05364e-08 0.07 0.07 0.15 0.055 -1.73472e-18 0.075 -0.572061 -0.415627 0.572061 0.415629 
-3.05819e-08 0.07 0.07 0.15 0.055 -0.014 0.075 -0.572061 -0.415627 0.572061 0.415629 
-3.05974e-08 0.07 0.07 0.15 0.055 -0.007 0.075 -0.572061 -0.415627 0.572061 0.415629 
-3.58666e-07 0.07 0.07 0.15 0.055 -1.73472e-18 0.075 -0.672498 -0.218508 0.672499 0.218508 
-3.98713e-07 0.07 0.07 0.15 0.055 0.007 0.075 -0.672498 -0.218508 0.672499 0.218508 
-4.36843e-07 0.07 0.07 0.15 0.055 0.014 0.075 -0.672498 -0.218508 0.672499 0.218508 
-4.72656e-07 0.07 0.07 0.15 0.055 0.021 0.075 -0.672498 -0.218508 0.672499 0.218508 
-5.05787e-07 0.07 0.07 0.15 0.055 0.028 0.075 -0.672498 -0.218508 0.672499 0.218508 
-5.23446e-07 0.07 0.07 0.15 0.055 0.028 0.06 -0.672498 -0.218508 0.672499 0.218508 
-5.27117e-07 0.07 0.07 0.15 0.055 0.028 0.015 0.707107 -4.32978e-17 -0.707107 4.32978e-17 
-5.33769e-07 0.07 0.07 0.15 0.055 0.035 0.015 0.707107 -4.32978e-17 -0.707107 4.32978e-17 
-5.35906e-07 0.07 0.07 0.15 0.055 0.035 0.075 -0.672498 -0.218508 0.672499 0.218508 
-5.36845e-07 0.07 0.07 0.15 0.055 0.035 -0.015 -0.672498 -0.218508 0.672499 0.218508 
-5.52186e-07 0.07 0.07 0.15 0.055 0.035 0.06 -0.672498 -0.218508 0.672499 0.218508 
-5.52527e-07 0.07 0.07 0.15 0.055 0.035 0 -0.672498 -0.218508 0.672499 0.218508 
-5.58899e-07 0.07 0.07 0.15 0.055 0.028 0.03 0.707107 -4.32978e-17 -0.707107 4.32978e-17 
-5.62092e-07 0.07 0.07 0.15 0.055 0.035 0.045 -0.672498 -0.218508 0.672499 0.218508 
-5.62171e-07 0.07 0.07 0.15 0.055 0.035 0.015 -0.672498 -0.218508 0.672499 0.218508 
-5.65421e-07 0.07 0.07 0.15 0.055 0.035 0.03 -0.672498 -0.218508 0.672499 0.218508 
-5.66252e-07 0.07 0.07 0.15 0.055 0.035 0.03 0.707107 -4.32978e-17 -0.707107 4.32978e-17 
-5.83345e-07 0.07 0.07 0.15 0.055 0.028 0.045 0.707107 -4.32978e-17 -0.707107 4.32978e-17 
-5.91263e-07 0.07 0.07 0.15 0.055 0.035 0.045 0.707107 -4.32978e-17 -0.707107 4.32978e-17 
-5.99186e-07 0.07 0.07 0.15 0.055 0.028 0.06 0.707107 -4.32978e-17 -0.707107 4.32978e-17 
-6.05462e-07 0.07 0.07 0.15 0.055 0.028 0.075 0.707107 -4.32978e-17 -0.707107 4.32978e-17 
-6.07506e-07 0.07 0.07 0.15 0.055 0.035 0.06 0.707107 -4.32978e-17 -0.707107 4.32978e-17 
-6.14004e-07 0.07 0.07 0.15 0.055 0.035 0.075 0.707107 -4.32978e-17 -0.707107 4.32978e-17 
-2.0916e-06 0.07 0.07 0.15 -0.028 -0.055 0.075 -0.672499 -0.218508 -0.218508 0.672498 
-4.0489e-06 0.07 0.07 0.15 -0.014 -0.055 0.075 -0.672499 -0.218508 -0.218508 0.672498 
-1.34102e-05 0.07 0.07 0.15 -0.021 -0.055 0.075 -0.672499 -0.218508 -0.218508 0.672498 
-1.50103e-05 0.07 0.07 0.15 -0.007 -0.055 0.075 -0.672499 -0.218508 -0.218508 0.672498 
-8.84366e-05 0.07 0.07 0.15 -1.73472e-18 -0.055 0.075 -0.672499 -0.218508 -0.218508 0.672498 
-0.000105524 0.07 0.07 0.15 -0.028 -0.055 0.06 -0.672499 -0.218508 -0.218508 0.672498 
-0.00013257 0.07 0.07 0.15 -0.035 -0.055 0.06 -0.672499 -0.218508 -0.218508 0.672498 
-0.000204719 0.07 0.07 0.15 -0.028 -0.055 0.045 -0.672499 -0.218508 -0.218508 0.672498 
-0.000265957 0.07 0.07 0.15 0.007 -0.055 0.075 -0.672499 -0.218508 -0.218508 0.672498 
-0.00032637 0.07 0.07 0.15 -0.035 -0.055 0.045 -0.672499 -0.218508 -0.218508 0.672498 
-0.000587023 0.07 0.07 0.15 0.014 -0.055 0.075 -0.672499 -0.218508 -0.218508 0.672498 
-0.000667335 0.07 0.07 0.15 -0.007 0.028 0.095 1 0 0 6.12323e-17 
-0.000668419 0.07 0.07 0.15 0.007 -0.028 0.095 6.12323e-17 1 -6.12323e-17 3.7494e-33 
-0.0010873 0.07 0.07 0.15 0.021 -0.055 0.075 -0.672499 -0.218508 -0.218508 0.672498 
-0.00178799 0.07 0.07 0.15 -0.007 -0.035 0.095 0.309017 0.951057 -5.82354e-17 1.89218e-17 
-0.00178876 0.07 0.07 0.15 0.007 0.035 0.095 0.951057 -0.309017 -1.89218e-17 5.82354e-17 
-0.00179717 0.07 0.07 0.15 0.028 -0.055 0.075 -0.672499 -0.218508 -0.218508 0.672498 
-0.00186419 0.07 0.07 0.15 -0.021 0.035 0.095 0.809017 0.587785 3.59914e-17 4.9538e-17 
-0.00188782 0.07 0.07 0.15 0.021 -0.035 0.095 -0.587785 0.809017 -4.9538e-17 -3.59915e-17 
-0.00193735 0.07 0.07 0.15 -0.021 0.035 0.095 1 0 0 6.12323e-17 
-0.00193754 0.07 0.07 0.15 0.021 -0.035 0.095 6.12323e-17 1 -6.12323e-17 3.7494e-33 
-0.00238483 0.07 0.07 0.15 -0.021 0.028 0.095 0.809017 0.587785 3.59914e-17 4.9538e-17 
-0.00241063 0.07 0.07 0.15 0.021 -0.028 0.095 -0.587785 0.809017 -4.9538e-17 -3.59915e-17 
-0.00274048 0.07 0.07 0.15 0.035 -0.055 0.075 -0.672499 -0.218508 -0.218508 0.672498 
-0.00324469 0.07 0.07 0.15 -1.73472e-18 0.035 0.095 1 0 0 6.12323e-17 
-0.00324576 0.07 0.07 0.15 -1.73472e-18 -0.035 0.095 6.12323e-17 1 -6.12323e-17 3.7494e-33 
-0.00347889 0.07 0.07 0.15 -0.021 0.035 0.095 0.951057 0.309017 1.89218e-17 5.82354e-17 
-0.00347943 0.07 0.07 0.15 0.021 -0.035 0.095 -0.309017 0.951057 -5.82354e-17 -1.89218e-17 
-0.00375442 0.07 0.07 0.15 -0.014 -0.035 0.095 0.309017 0.951057 -5.82354e-17 1.89218e-17 
-0.00377904 0.07 0.07 0.15 0.014 0.035 0.095 0.951057 -0.309017 -1.89218e-17 5.82354e-17 
-0.00440014 0.07 0.07 0.15 0.021 -0.028 0.095 6.12323e-17 1 -6.12323e-17 3.7494e-33 
-0.00440023 0.07 0.07 0.15 -0.021 0.028 0.095 1 0 0 6.12323e-17 
-0.00473042 0.07 0.07 0.15 -0.021 -0.055 0.045 -0.572061 -0.415627 -0.415627 0.572062 
-0.00492865 0.07 0.07 0.15 0.014 0.035 0.095 1 0 0 6.12323e-17 
-0.00493034 0.07 0.07 0.15 -0.014 -0.035 0.095 6.12323e-17 1 -6.12323e-17 3.7494e-33 
-0.00560787 0.07 0.07 0.15 0.007 0.035 0.095 1 0 0 6.12323e-17 
-0.00560907 0.07 0.07 0.15 -0.007 -0.035 0.095 6.12323e-17 1 -6.12323e-17 3.7494e-33 
-0.00596892 0.07 0.07 0.15 0.021 0.035 0.095 1 0 0 6.12323e-17 
-0.00597006 0.07 0.07 0.15 -0.021 -0.035 0.095 6.12323e-17 1 -6.12323e-17 3.7494e-33 
-0.00599569 0.07 0.07 0.15 0.014 -0.055 0.075 -0.572061 0.415627 0.415627 0.572062 
-0.00620706 0.07 0.07 0.15 -0.035 -0.055 0.045 -0.572061 -0.415627 -0.415627 0.572062 
-0.00699995 0.07 0.07 0.15 -0.028 -0.055 0.045 -0.572061 -0.415627 -0.415627 0.572062 
-0.00770025 0.07 0.07 0.15 -0.007 0.021 0.095 1 0 0 6.12323e-17 
-0.00770268 0.07 0.07 0.15 0.007 -0.021 0.095 6.12323e-17 1 -6.12323e-17 3.7494e-33 
-0.00868819 0.07 0.07 0.15 0.021 -0.021 0.095 6.12323e-17 1 -6.12323e-17 3.7494e-33 
-0.00868911 0.07 0.07 0.15 -0.021 0.021 0.095 1 0 0 6.12323e-17 
-0.0108772 0.07 0.07 0.15 -1.73472e-18 0.028 0.095 1 0 0 6.12323e-17 
-0.0108799 0.07 0.07 0.15 -1.73472e-18 -0.028 0.095 6.12323e-17 1 -6.12323e-17 3.7494e-33 
-0.0123285 0.07 0.07 0.15 0.021 0.028 0.095 0.951057 -0.309017 -1.89218e-17 5.82354e-17 
-0.0123736 0.07 0.07 0.15 -0.021 -0.028 0.095 0.309017 0.951057 -5.82354e-17 1.89218e-17 
-0.0130109 0.07 0.07 0.15 -0.021 -0.055 0.075 -0.707107 0 0 0.707106 
-0.0148157 0.07 0.07 0.15 0.028 0.035 0.095 1 0 0 6.12323e-17 
-0.0148168 0.07 0.07 0.15 -0.028 -0.035 0.095 6.12323e-17 1 -6.12323e-17 3.7494e-33 
-0.0166637 0.07 0.07 0.15 0.007 0.028 0.095 1 0 0 6.12323e-17 
-0.0166676 0.07 0.07 0.15 -0.007 -0.028 0.095 6.12323e-17 1 -6.12323e-17 3.7494e-33 
-0.016919 0.07 0.07 0.15 -0.035 -0.055 0.03 -0.572061 -0.415627 -0.415627 0.572062 
-0.0171984 0.07 0.07 0.15 -1.73472e-18 0.028 0.095 0.951057 -0.309017 -1.89218e-17 5.82354e-17 
-0.0174705 0.07 0.07 0.15 -1.73472e-18 -0.028 0.095 0.309017 0.951057 -5.82354e-17 1.89218e-17 
-0.0176642 0.07 0.07 0.15 0.014 0.028 0.095 0.951057 -0.309017 -1.89218e-17 5.82354e-17 
-0.0177891 0.07 0.07 0.15 -0.014 -0.028 0.095 0.309017 0.951057 -5.82354e-17 1.89218e-17 
-0.0180977 0.07 0.07 0.15 0.014 0.028 0.095 1 0 0 6.12323e-17 
-0.0181028 0.07 0.07 0.15 -0.014 -0.028 0.095 6.12323e-17 1 -6.12323e-17 3.7494e-33 
-0.0186505 0.07 0.07 0.15 0.007 0.028 0.095 0.951057 -0.309017 -1.89218e-17 5.82354e-17 
-0.0188501 0.07 0.07 0.15 -0.007 -0.028 0.095 0.309017 0.951057 -5.82354e-17 1.89218e-17 
-0.0196019 0.07 0.07 0.15 0.021 0.055 0.075 -4.32978e-17 0.707107 -0.707107 4.32978e-17 
-0.0198989 0.07 0.07 0.15 0.007 -0.055 0.075 -0.572061 0.415627 0.415627 0.572062 
-0.0200805 0.07 0.07 0.15 0.021 0.028 0.095 1 0 0 6.12323e-17 
-0.0200858 0.07 0.07 0.15 -0.021 -0.028 0.095 6.12323e-17 1 -6.12323e-17 3.7494e-33 
-0.0226669 0.07 0.07 0.15 -1.73472e-18 0.021 0.095 1 0 0 6.12323e-17 
-0.0226718 0.07 0.07 0.15 -1.73472e-18 -0.021 0.095 6.12323e-17 1 -6.12323e-17 3.7494e-33 
-0.0297924 0.07 0.07 0.15 0.028 0.028 0.095 1 0 0 6.12323e-17 
-0.0297978 0.07 0.07 0.15 -0.028 -0.028 0.095 6.12323e-17 1 -6.12323e-17 3.7494e-33 
-0.0328954 0.07 0.07 0.15 0.007 0.021 0.095 1 0 0 6.12323e-17 
-0.0329029 0.07 0.07 0.15 -0.007 -0.021 0.095 6.12323e-17 1 -6.12323e-17 3.7494e-33 
-0.033766 0.07 0.07 0.15 0.021 0.021 0.095 0.951057 -0.309017 -1.89218e-17 5.82354e-17 
-0.034272 0.07 0.07 0.15 -0.021 -0.021 0.095 0.309017 0.951057 -5.82354e-17 1.89218e-17 
-0.0363885 0.07 0.07 0.15 0.035 0.035 0.095 1 0 0 6.12323e-17 
-0.0363888 0.07 0.07 0.15 -0.035 -0.035 0.095 6.12323e-17 1 -6.12323e-17 3.7494e-33 
-0.0376195 0.07 0.07 0.15 0.014 0.021 0.095 1 0 0 6.12323e-17 
-0.0376295 0.07 0.07 0.15 -0.014 -0.021 0.095 6.12323e-17 1 -6.12323e-17 3.7494e-33 
-0.0394167 0.07 0.07 0.15 0.014 0.021 0.095 0.951057 -0.309017 -1.89218e-17 5.82354e-17 
-0.0400705 0.07 0.07 0.15 -0.014 -0.021 0.095 0.309017 0.951057 -5.82354e-17 1.89218e-17 
-0.0418382 0.07 0.07 0.15 0.021 0.021 0.095 1 0 0 6.12323e-17 
-0.0418495 0.07 0.07 0.15 -0.021 -0.021 0.095 6.12323e-17 1 -6.12323e-17 3.7494e-33 
-0.0432917 0.07 0.07 0.15 0.007 0.021 0.095 0.951057 -0.309017 -1.89218e-17 5.82354e-17 
-0.0440883 0.07 0.07 0.15 -0.007 -0.021 0.095 0.309017 0.951057 -5.82354e-17 1.89218e-17 
-0.0500182 0.07 0.07 0.15 -0.028 0.035 0.095 1 0 0 6.12323e-17 
-0.050019 0.07 0.07 0.15 0.028 -0.035 0.095 6.12323e-17 1 -6.12323e-17 3.7494e-33 
-0.0537514 0.07 0.07 0.15 0.028 0.021 0.095 1 0 0 6.12323e-17 
-0.0537631 0.07 0.07 0.15 -0.028 -0.021 0.095 6.12323e-17 1 -6.12323e-17 3.7494e-33 
-0.0541196 0.07 0.07 0.15 0.035 0.028 0.095 1 0 0 6.12323e-17 
-0.0541236 0.07 0.07 0.15 -0.035 -0.028 0.095 6.12323e-17 1 -6.12323e-17 3.7494e-33 
-0.0610817 0.07 0.07 0.15 -0.028 0.028 0.095 1 0 0 6.12323e-17 
-0.0610817 0.07 0.07 0.15 0.028 -0.028 0.095 6.12323e-17 1 -6.12323e-17 3.7494e-33 
-0.0764823 0.07 0.07 0.15 -0.021 -1.73472e-18 0.095 0.809017 0.587785 3.59914e-17 4.9538e-17 
-0.0765419 0.07 0.07 0.15 0.021 -1.73472e-18 0.095 -0.587785 0.809017 -4.9538e-17 -3.59915e-17 
-0.0821231 0.07 0.07 0.15 0.035 0.021 0.095 1 0 0 6.12323e-17 
-0.0821337 0.07 0.07 0.15 -0.035 -0.021 0.095 6.12323e-17 1 -6.12323e-17 3.7494e-33 
-0.10278 0.07 0.07 0.15 -0.028 -0.055 0.075 -0.707107 0 0 0.707106 
-0.155111 0.07 0.07 0.15 0.028 0.055 0.075 -4.32978e-17 0.707107 -0.707107 4.32978e-17 
-0.165941 0.07 0.07 0.15 -0.028 -0.007 0.095 0.809017 0.587785 3.59914e-17 4.9538e-17 
-0.167144 0.07 0.07 0.15 0.028 0.007 0.095 -0.587785 0.809017 -4.9538e-17 -3.59915e-17 
-0.169968 0.07 0.07 0.15 -0.035 0.035 0.095 1 0 0 6.12323e-17 
-0.16997 0.07 0.07 0.15 0.035 -0.035 0.095 6.12323e-17 1 -6.12323e-17 3.7494e-33 
-0.189371 0.07 0.07 0.15 -0.035 -0.055 0.075 -0.707107 0 0 0.707106 
-0.20078 0.07 0.07 0.15 -0.035 0.028 0.095 1 0 0 6.12323e-17 
-0.200781 0.07 0.07 0.15 0.035 -0.028 0.095 6.12323e-17 1 -6.12323e-17 3.7494e-33 
-0.25146 0.07 0.07 0.15 -0.035 -0.014 0.095 0.809017 0.587785 3.59914e-17 4.9538e-17 
-0.256282 0.07 0.07 0.15 0.035 0.014 0.095 -0.587785 0.809017 -4.9538e-17 -3.59915e-17 
-0.28582 0.07 0.07 0.15 0.035 0.055 0.075 -4.32978e-17 0.707107 -0.707107 4.32978e-17 
-1.43937 0.07 0.07 0.15 0.035 0.055 0.045 0.415627 -0.572061 0.572061 0.415629 
-1.49059 0.07 0.07 0.15 0.028 0.055 0.045 0.415627 -0.572061 0.572061 0.415629 
-1.53208 0.07 0.07 0.15 0.021 0.055 0.045 0.415627 -0.572061 0.572061 0.415629 
-1.93949 0.07 0.07 0.15 -0.035 -0.021 0.095 0.809017 0.587785 3.59914e-17 4.9538e-17 
-1.94545 0.07 0.07 0.15 0.035 0.021 0.095 -0.587785 0.809017 -4.9538e-17 -3.59915e-17 
-2.53696 0.07 0.07 0.15 0.028 -0.055 0.06 -0.672499 0.218508 0.218508 0.672498 
-3.14626 0.07 0.07 0.15 0.028 -0.055 0.075 -0.672499 0.218508 0.218508 0.672498 
-4.03078 0.07 0.07 0.15 0.035 0.055 0.03 0.415627 -0.572061 0.572061 0.415629 
-5.76074 0.07 0.07 0.15 0.035 -0.055 0.06 -0.672499 0.218508 0.218508 0.672498 
-6.23076 0.07 0.07 0.15 0.035 -0.055 0.075 -0.672499 0.218508 0.218508 0.672498 
