15.8267 0.062 0.062 0.1 -0.031 0.051 0.03 0.218508 0.672499 -0.672499 0.218502 
11.5157 0.062 0.062 0.1 0.0248 -0.051 0.04 -0.672499 0.218508 0.218508 0.672498 
10.443 0.062 0.062 0.1 -0.031 0.051 0.04 0.218508 0.672499 -0.672499 0.218502 
9.42104 0.062 0.062 0.1 0.0186 -0.051 0.04 -0.672499 0.218508 0.218508 0.672498 
9.2669 0.062 0.062 0.1 -0.0248 0.051 0.04 0.218508 0.672499 -0.672499 0.218502 
8.0618 0.062 0.062 0.1 -0.0186 0.051 0.04 0.218508 0.672499 -0.672499 0.218502 
7.30961 0.062 0.062 0.1 0.0124 -0.051 0.04 -0.672499 0.218508 0.218508 0.672498 
6.83881 0.062 0.062 0.1 -0.0124 0.051 0.04 0.218508 0.672499 -0.672499 0.218502 
5.60909 0.062 0.062 0.1 -0.0062 0.051 0.04 0.218508 0.672499 -0.672499 0.218502 
5.20072 0.062 0.062 0.1 0.0062 -0.051 0.04 -0.672499 0.218508 0.218508 0.672498 
4.38377 0.062 0.062 0.1 1.73472e-18 0.051 0.04 0.218508 0.672499 -0.672499 0.218502 
3.11341 0.062 0.062 0.1 1.73472e-18 -0.051 0.04 -0.672499 0.218508 0.218508 0.672498 
0.205742 0.062 0.062 0.1 0.0248 0.0124 0.07 -0.587785 0.809017 -4.9538e-17 -3.59915e-17 
0.205704 0.062 0.062 0.1 -0.0248 -0.0124 0.07 0.809017 0.587785 3.59914e-17 4.9538e-17 
0.142779 0.062 0.062 0.1 -0.031 -0.0248 0.07 0.809017 0.587785 3.59914e-17 4.9538e-17 
0.112439 0.062 0.062 0.1 0.0062 -0.031 0.07 6.12323e-17 1 -6.12323e-17 3.7494e-33 
0.10898 0.062 0.062 0.1 1.73472e-18 -0.031 0.07 6.12323e-17 1 -6.12323e-17 3.7494e-33 
0.098395 0.062 0.062 0.1 0.0186 -0.0186 0.07 -0.309017 0.951057 -5.82354e-17 -1.89218e-17 
0.0983879 0.062 0.062 0.1 -0.0186 0.0186 0.07 0.951057 0.309017 1.89218e-17 5.82354e-17 
0.0966777 0.062 0.062 0.1 0.0124 -0.031 0.07 6.12323e-17 1 -6.12323e-17 3.7494e-33 
0.0957885 0.062 0.062 0.1 -0.0124 0.0248 0.07 1 0 0 6.12323e-17 
0.0957723 0.062 0.062 0.1 0.0124 -0.0248 0.07 6.12323e-17 1 -6.12323e-17 3.7494e-33 
0.0957368 0.062 0.062 0.1 -0.0062 -0.031 0.07 6.12323e-17 1 -6.12323e-17 3.7494e-33 
0.0956298 0.062 0.062 0.1 -0.0248 -0.0062 0.07 0.809017 0.587785 3.59914e-17 4.9538e-17 
0.0955951 0.062 0.062 0.1 0.0248 0.0062 0.07 -0.587785 0.809017 -4.9538e-17 -3.59915e-17 
0.0945019 0.062 0.062 0.1 -0.0062 0.0248 0.07 1 0 0 6.12323e-17 
0.0944754 0.062 0.062 0.1 0.0062 -0.0248 0.07 6.12323e-17 1 -6.12323e-17 3.7494e-33 
0.0862992 0.062 0.062 0.1 -0.0062 0.0186 0.07 1 0 0 6.12323e-17 
0.0862918 0.062 0.062 0.1 0.0062 -0.0186 0.07 6.12323e-17 1 -6.12323e-17 3.7494e-33 
0.0822599 0.062 0.062 0.1 -0.0124 -0.031 0.07 6.12323e-17 1 -6.12323e-17 3.7494e-33 
0.0785713 0.062 0.062 0.1 0.0248 -0.0062 0.07 -0.309017 0.951057 -5.82354e-17 -1.89218e-17 
0.0785643 0.062 0.062 0.1 -0.0248 0.0062 0.07 0.951057 0.309017 1.89218e-17 5.82354e-17 
0.077211 0.062 0.062 0.1 0.0124 -0.0124 0.07 -0.587785 0.809017 -4.9538e-17 -3.59915e-17 
0.0771184 0.062 0.062 0.1 1.73472e-18 -0.0186 0.07 6.12323e-17 1 -6.12323e-17 3.7494e-33 
0.0771103 0.062 0.062 0.1 1.73472e-18 0.0186 0.07 1 0 0 6.12323e-17 
0.0751375 0.062 0.062 0.1 -0.0124 0.0124 0.07 0.809017 0.587785 3.59914e-17 4.9538e-17 
0.0727589 0.062 0.062 0.1 0.0124 -0.0186 0.07 -0.587785 0.809017 -4.9538e-17 -3.59915e-17 
0.0718393 0.062 0.062 0.1 -0.0186 -0.031 0.07 6.12323e-17 1 -6.12323e-17 3.7494e-33 
0.0710871 0.062 0.062 0.1 1.73472e-18 0.0248 0.07 1 0 0 6.12323e-17 
0.0710802 0.062 0.062 0.1 1.73472e-18 -0.0248 0.07 6.12323e-17 1 -6.12323e-17 3.7494e-33 
0.070553 0.062 0.062 0.1 -0.0124 0.0186 0.07 0.809017 0.587785 3.59914e-17 4.9538e-17 
0.0697771 0.062 0.062 0.1 0.0186 -0.0248 0.07 6.12323e-17 1 -6.12323e-17 3.7494e-33 
0.0697726 0.062 0.062 0.1 -0.0186 0.0248 0.07 1 0 0 6.12323e-17 
0.0678876 0.062 0.062 0.1 0.0248 0.0186 0.07 0.951057 -0.309017 -1.89218e-17 5.82354e-17 
0.0678774 0.062 0.062 0.1 -0.0248 -0.0186 0.07 0.309017 0.951057 -5.82354e-17 1.89218e-17 
0.063141 0.062 0.062 0.1 0.0124 -0.0186 0.07 6.12323e-17 1 -6.12323e-17 3.7494e-33 
0.0631375 0.062 0.062 0.1 -0.0124 0.0186 0.07 1 0 0 6.12323e-17 
0.0612232 0.062 0.062 0.1 0.0186 0.0062 0.07 0.809017 -0.587785 -3.59914e-17 4.9538e-17 
0.061222 0.062 0.062 0.1 -0.0186 -0.0062 0.07 0.587785 0.809017 -4.9538e-17 3.59915e-17 
0.0601393 0.062 0.062 0.1 -0.031 -0.0124 0.07 0.309017 0.951057 -5.82354e-17 1.89218e-17 
0.059855 0.062 0.062 0.1 -0.031 0.0062 0.07 0.587785 0.809017 -4.9538e-17 3.59915e-17 
0.0597427 0.062 0.062 0.1 0.0186 -0.031 0.07 6.12323e-17 1 -6.12323e-17 3.7494e-33 
0.0574442 0.062 0.062 0.1 0.0186 0.0124 0.07 0.809017 -0.587785 -3.59914e-17 4.9538e-17 
0.0574234 0.062 0.062 0.1 -0.0186 -0.0124 0.07 0.587785 0.809017 -4.9538e-17 3.59915e-17 
0.0567401 0.062 0.062 0.1 -0.0186 1.73472e-18 0.07 0.587785 0.809017 -4.9538e-17 3.59915e-17 
0.0567151 0.062 0.062 0.1 0.0186 1.73472e-18 0.07 0.809017 -0.587785 -3.59914e-17 4.9538e-17 
0.056424 0.062 0.062 0.1 -0.031 0.0062 0.07 0.809017 0.587785 3.59914e-17 4.9538e-17 
0.056103 0.062 0.062 0.1 -0.0248 -0.031 0.07 6.12323e-17 1 -6.12323e-17 3.7494e-33 
0.0555214 0.062 0.062 0.1 -0.0248 1.73472e-18 0.07 0.809017 0.587785 3.59914e-17 4.9538e-17 
0.0554667 0.062 0.062 0.1 0.0248 1.73472e-18 0.07 -0.587785 0.809017 -4.9538e-17 -3.59915e-17 
0.0552443 0.062 0.062 0.1 -0.0186 -0.0186 0.07 0.309017 0.951057 -5.82354e-17 1.89218e-17 
0.055243 0.062 0.062 0.1 0.0186 0.0186 0.07 0.951057 -0.309017 -1.89218e-17 5.82354e-17 
0.0545741 0.062 0.062 0.1 -0.031 -0.0186 0.07 0.809017 0.587785 3.59914e-17 4.9538e-17 
0.0542162 0.062 0.062 0.1 -0.031 1.73472e-18 0.07 0.587785 0.809017 -4.9538e-17 3.59915e-17 
0.051461 0.062 0.062 0.1 -0.0062 0.0248 0.07 0.951057 -0.309017 -1.89218e-17 5.82354e-17 
0.0514552 0.062 0.062 0.1 0.0062 -0.0248 0.07 0.309017 0.951057 -5.82354e-17 1.89218e-17 
0.0510338 0.062 0.062 0.1 0.0248 -0.0124 0.07 -0.309017 0.951057 -5.82354e-17 -1.89218e-17 
0.0510257 0.062 0.062 0.1 -0.0248 0.0124 0.07 0.951057 0.309017 1.89218e-17 5.82354e-17 
0.0504212 0.062 0.062 0.1 -0.031 0.0124 0.07 0.809017 0.587785 3.59914e-17 4.9538e-17 
0.0501583 0.062 0.062 0.1 0.0062 0.0186 0.07 1 0 0 6.12323e-17 
0.0501545 0.062 0.062 0.1 -0.0062 -0.0186 0.07 6.12323e-17 1 -6.12323e-17 3.7494e-33 
0.0497441 0.062 0.062 0.1 -0.0186 0.051 0.03 0.415627 0.572061 -0.572061 0.415629 
0.0492913 0.062 0.062 0.1 0.0248 -0.031 0.07 -0.587785 0.809017 -4.9538e-17 -3.59915e-17 
0.0485873 0.062 0.062 0.1 -0.031 0.0124 0.07 0.587785 0.809017 -4.9538e-17 3.59915e-17 
0.0480806 0.062 0.062 0.1 -0.0248 -0.0248 0.07 0.309017 0.951057 -5.82354e-17 1.89218e-17 
0.0480685 0.062 0.062 0.1 0.0248 0.0248 0.07 0.951057 -0.309017 -1.89218e-17 5.82354e-17 
0.0479306 0.062 0.062 0.1 0.0186 -0.0124 0.07 -0.587785 0.809017 -4.9538e-17 -3.59915e-17 
0.0478949 0.062 0.062 0.1 -0.0186 0.0124 0.07 0.809017 0.587785 3.59914e-17 4.9538e-17 
0.0477692 0.062 0.062 0.1 0.0186 0.0186 0.07 0.809017 -0.587785 -3.59914e-17 4.9538e-17 
0.0477368 0.062 0.062 0.1 -0.0186 -0.0186 0.07 0.587785 0.809017 -4.9538e-17 3.59915e-17 
0.0466088 0.062 0.062 0.1 -0.031 1.73472e-18 0.07 0.809017 0.587785 3.59914e-17 4.9538e-17 
0.0460673 0.062 0.062 0.1 1.73472e-18 0.0248 0.07 0.951057 -0.309017 -1.89218e-17 5.82354e-17 
0.0460661 0.062 0.062 0.1 1.73472e-18 -0.0248 0.07 0.309017 0.951057 -5.82354e-17 1.89218e-17 
0.0450431 0.062 0.062 0.1 -0.0248 0.0062 0.07 0.809017 0.587785 3.59914e-17 4.9538e-17 
0.0450107 0.062 0.062 0.1 0.0248 -0.0062 0.07 -0.587785 0.809017 -4.9538e-17 -3.59915e-17 
0.0442739 0.062 0.062 0.1 0.0124 -0.0248 0.07 -0.309017 0.951057 -5.82354e-17 -1.89218e-17 
0.0442648 0.062 0.062 0.1 -0.0124 0.0248 0.07 0.951057 0.309017 1.89218e-17 5.82354e-17 
0.0426873 0.062 0.062 0.1 -0.0186 0.0062 0.07 0.587785 0.809017 -4.9538e-17 3.59915e-17 
0.0426562 0.062 0.062 0.1 0.0186 -0.0062 0.07 0.809017 -0.587785 -3.59914e-17 4.9538e-17 
0.0420422 0.062 0.062 0.1 0.0186 -0.0248 0.07 -0.309017 0.951057 -5.82354e-17 -1.89218e-17 
0.0420336 0.062 0.062 0.1 -0.0186 0.0248 0.07 0.951057 0.309017 1.89218e-17 5.82354e-17 
0.041564 0.062 0.062 0.1 0.0248 0.0062 0.07 0.809017 -0.587785 -3.59914e-17 4.9538e-17 
0.0415565 0.062 0.062 0.1 -0.0248 -0.0062 0.07 0.587785 0.809017 -4.9538e-17 3.59915e-17 
0.0414975 0.062 0.062 0.1 0.0186 -0.0186 0.07 -0.587785 0.809017 -4.9538e-17 -3.59915e-17 
0.041497 0.062 0.062 0.1 -0.0186 0.0186 0.07 0.809017 0.587785 3.59914e-17 4.9538e-17 
0.0412979 0.062 0.062 0.1 0.0248 0.0124 0.07 0.809017 -0.587785 -3.59914e-17 4.9538e-17 
0.0412978 0.062 0.062 0.1 -0.0248 -0.0124 0.07 0.587785 0.809017 -4.9538e-17 3.59915e-17 
0.0399261 0.062 0.062 0.1 -0.031 0.0062 0.07 0.951057 0.309017 1.89218e-17 5.82354e-17 
0.0391262 0.062 0.062 0.1 1.73472e-18 -0.031 0.07 -0.309017 0.951057 -5.82354e-17 -1.89218e-17 
0.0391133 0.062 0.062 0.1 0.0062 0.0248 0.07 1 0 0 6.12323e-17 
0.0391031 0.062 0.062 0.1 -0.0062 -0.0248 0.07 6.12323e-17 1 -6.12323e-17 3.7494e-33 
0.0382795 0.062 0.062 0.1 -0.0248 0.0124 0.07 0.809017 0.587785 3.59914e-17 4.9538e-17 
0.0382784 0.062 0.062 0.1 0.0248 -0.0124 0.07 -0.587785 0.809017 -4.9538e-17 -3.59915e-17 
0.0382239 0.062 0.062 0.1 -0.0248 -0.0186 0.07 0.587785 0.809017 -4.9538e-17 3.59915e-17 
0.038211 0.062 0.062 0.1 0.0248 0.0186 0.07 0.809017 -0.587785 -3.59914e-17 4.9538e-17 
0.0360203 0.062 0.062 0.1 -0.031 -0.0062 0.07 0.587785 0.809017 -4.9538e-17 3.59915e-17 
0.0358888 0.062 0.062 0.1 0.0248 1.73472e-18 0.07 0.809017 -0.587785 -3.59914e-17 4.9538e-17 
0.0358713 0.062 0.062 0.1 -0.0248 1.73472e-18 0.07 0.587785 0.809017 -4.9538e-17 3.59915e-17 
0.0346822 0.062 0.062 0.1 0.0062 -0.031 0.07 -0.309017 0.951057 -5.82354e-17 -1.89218e-17 
0.0336309 0.062 0.062 0.1 -0.031 -0.0248 0.07 0.309017 0.951057 -5.82354e-17 1.89218e-17 
0.0334213 0.062 0.062 0.1 -0.0124 -0.0186 0.07 0.309017 0.951057 -5.82354e-17 1.89218e-17 
0.0334162 0.062 0.062 0.1 0.0124 0.0186 0.07 0.951057 -0.309017 -1.89218e-17 5.82354e-17 
0.032425 0.062 0.062 0.1 0.0186 0.0248 0.07 0.809017 -0.587785 -3.59914e-17 4.9538e-17 
0.032407 0.062 0.062 0.1 -0.0186 -0.0248 0.07 0.587785 0.809017 -4.9538e-17 3.59915e-17 
0.0323108 0.062 0.062 0.1 -0.0248 -0.0248 0.07 0.587785 0.809017 -4.9538e-17 3.59915e-17 
0.0323016 0.062 0.062 0.1 0.0248 0.0248 0.07 0.809017 -0.587785 -3.59914e-17 4.9538e-17 
0.031363 0.062 0.062 0.1 0.0186 -0.051 0.03 -0.572061 0.415627 0.415627 0.572062 
0.0304421 0.062 0.062 0.1 -0.031 -0.0062 0.07 0.809017 0.587785 3.59914e-17 4.9538e-17 
0.0294136 0.062 0.062 0.1 -0.031 0.0186 0.07 0.809017 0.587785 3.59914e-17 4.9538e-17 
0.0288285 0.062 0.062 0.1 0.0062 -0.031 0.07 0.309017 0.951057 -5.82354e-17 1.89218e-17 
0.0283489 0.062 0.062 0.1 1.73472e-18 -0.031 0.07 0.309017 0.951057 -5.82354e-17 1.89218e-17 
0.0281873 0.062 0.062 0.1 -0.0186 0.051 0.04 0.415627 0.572061 -0.572061 0.415629 
0.0275083 0.062 0.062 0.1 -0.0248 0.0248 0.07 1 0 0 6.12323e-17 
0.0275067 0.062 0.062 0.1 0.0248 -0.0248 0.07 6.12323e-17 1 -6.12323e-17 3.7494e-33 
0.0272235 0.062 0.062 0.1 -0.031 0.0248 0.07 0.951057 0.309017 1.89218e-17 5.82354e-17 
0.0270201 0.062 0.062 0.1 -0.0248 0.0248 0.07 0.951057 0.309017 1.89218e-17 5.82354e-17 
0.0270172 0.062 0.062 0.1 0.0248 -0.0248 0.07 -0.309017 0.951057 -5.82354e-17 -1.89218e-17 
0.0266976 0.062 0.062 0.1 0.0248 -0.0186 0.07 -0.309017 0.951057 -5.82354e-17 -1.89218e-17 
0.0266892 0.062 0.062 0.1 -0.0248 0.0186 0.07 0.951057 0.309017 1.89218e-17 5.82354e-17 
0.0265882 0.062 0.062 0.1 0.0248 -0.0186 0.07 -0.587785 0.809017 -4.9538e-17 -3.59915e-17 
0.026533 0.062 0.062 0.1 -0.0248 0.0186 0.07 0.809017 0.587785 3.59914e-17 4.9538e-17 
0.0264097 0.062 0.062 0.1 -0.0062 -0.0186 0.07 0.309017 0.951057 -5.82354e-17 1.89218e-17 
0.0264086 0.062 0.062 0.1 0.0062 0.0186 0.07 0.951057 -0.309017 -1.89218e-17 5.82354e-17 
0.0254933 0.062 0.062 0.1 -0.031 -0.0124 0.07 0.809017 0.587785 3.59914e-17 4.9538e-17 
0.0251694 0.062 0.062 0.1 0.0186 -0.051 0.04 -0.572061 0.415627 0.415627 0.572062 
0.0250304 0.062 0.062 0.1 -0.0248 1.73472e-18 0.07 0.951057 0.309017 1.89218e-17 5.82354e-17 
0.0250303 0.062 0.062 0.1 0.0248 1.73472e-18 0.07 -0.309017 0.951057 -5.82354e-17 -1.89218e-17 
0.0236002 0.062 0.062 0.1 -0.031 0.0186 0.07 0.587785 0.809017 -4.9538e-17 3.59915e-17 
0.0221576 0.062 0.062 0.1 -0.0124 -0.0186 0.07 6.12323e-17 1 -6.12323e-17 3.7494e-33 
0.0221521 0.062 0.062 0.1 0.0124 0.0186 0.07 1 0 0 6.12323e-17 
0.0221209 0.062 0.062 0.1 0.0248 -0.0062 0.07 0.809017 -0.587785 -3.59914e-17 4.9538e-17 
0.0220913 0.062 0.062 0.1 -0.0248 0.0062 0.07 0.587785 0.809017 -4.9538e-17 3.59915e-17 
0.0219439 0.062 0.062 0.1 0.0186 -0.0062 0.07 -0.587785 0.809017 -4.9538e-17 -3.59915e-17 
0.0218801 0.062 0.062 0.1 -0.0186 0.0062 0.07 0.809017 0.587785 3.59914e-17 4.9538e-17 
0.0212138 0.062 0.062 0.1 -0.0186 0.0124 0.07 0.587785 0.809017 -4.9538e-17 3.59915e-17 
0.0211996 0.062 0.062 0.1 0.0186 -0.0124 0.07 0.809017 -0.587785 -3.59914e-17 4.9538e-17 
0.0210269 0.062 0.062 0.1 0.0124 -0.031 0.07 -0.309017 0.951057 -5.82354e-17 -1.89218e-17 
0.0202244 0.062 0.062 0.1 0.0248 -0.0248 0.07 -0.587785 0.809017 -4.9538e-17 -3.59915e-17 
0.0202116 0.062 0.062 0.1 -0.0062 -0.031 0.07 -0.309017 0.951057 -5.82354e-17 -1.89218e-17 
0.0202024 0.062 0.062 0.1 -0.0248 0.0248 0.07 0.809017 0.587785 3.59914e-17 4.9538e-17 
0.0201514 0.062 0.062 0.1 1.73472e-18 0.0186 0.07 0.951057 -0.309017 -1.89218e-17 5.82354e-17 
0.0201474 0.062 0.062 0.1 1.73472e-18 -0.0186 0.07 0.309017 0.951057 -5.82354e-17 1.89218e-17 
0.0199577 0.062 0.062 0.1 0.0186 0.0248 0.07 0.951057 -0.309017 -1.89218e-17 5.82354e-17 
0.0199534 0.062 0.062 0.1 -0.0186 -0.0248 0.07 0.309017 0.951057 -5.82354e-17 1.89218e-17 
0.0195053 0.062 0.062 0.1 -0.0248 -0.031 0.07 0.309017 0.951057 -5.82354e-17 1.89218e-17 
0.0185424 0.062 0.062 0.1 0.0062 0.0248 0.07 0.951057 -0.309017 -1.89218e-17 5.82354e-17 
0.0185371 0.062 0.062 0.1 -0.0062 -0.0248 0.07 0.309017 0.951057 -5.82354e-17 1.89218e-17 
0.0173254 0.062 0.062 0.1 -0.031 0.0124 0.07 0.951057 0.309017 1.89218e-17 5.82354e-17 
0.0156119 0.062 0.062 0.1 -0.0248 -0.031 0.07 0.587785 0.809017 -4.9538e-17 3.59915e-17 
0.0147609 0.062 0.062 0.1 0.0248 -0.031 0.07 6.12323e-17 1 -6.12323e-17 3.7494e-33 
0.0144859 0.062 0.062 0.1 -0.031 -0.0124 0.07 0.587785 0.809017 -4.9538e-17 3.59915e-17 
0.0130923 0.062 0.062 0.1 0.0124 0.0248 0.07 1 0 0 6.12323e-17 
0.0130906 0.062 0.062 0.1 -0.0124 -0.0248 0.07 6.12323e-17 1 -6.12323e-17 3.7494e-33 
0.01147 0.062 0.062 0.1 -0.031 -0.031 0.07 6.12323e-17 1 -6.12323e-17 3.7494e-33 
0.0114684 0.062 0.062 0.1 0.0248 -0.031 0.07 0.809017 -0.587785 -3.59914e-17 4.9538e-17 
0.011355 0.062 0.062 0.1 -0.031 1.73472e-18 0.07 0.951057 0.309017 1.89218e-17 5.82354e-17 
0.0112934 0.062 0.062 0.1 -0.031 0.0186 0.07 0.951057 0.309017 1.89218e-17 5.82354e-17 
0.0107288 0.062 0.062 0.1 0.0186 -0.031 0.07 -0.309017 0.951057 -5.82354e-17 -1.89218e-17 
0.0103479 0.062 0.062 0.1 -0.031 -0.031 0.07 0.309017 0.951057 -5.82354e-17 1.89218e-17 
0.00971656 0.062 0.062 0.1 0.0186 -0.0248 0.07 -0.587785 0.809017 -4.9538e-17 -3.59915e-17 
0.00971345 0.062 0.062 0.1 -0.0186 0.0248 0.07 0.809017 0.587785 3.59914e-17 4.9538e-17 
0.00879874 0.062 0.062 0.1 0.0248 -0.031 0.07 -0.309017 0.951057 -5.82354e-17 -1.89218e-17 
0.00796453 0.062 0.062 0.1 -0.051 0.0062 0.04 -0.415627 0.572061 -0.415627 0.572062 
0.00704551 0.062 0.062 0.1 -0.0062 -0.031 0.07 0.309017 0.951057 -5.82354e-17 1.89218e-17 
0.00607193 0.062 0.062 0.1 -0.031 0.0248 0.07 0.809017 0.587785 3.59914e-17 4.9538e-17 
0.00537659 0.062 0.062 0.1 0.051 -0.0062 0.04 -0.572061 -0.415627 0.572061 0.415629 
0.00533547 0.062 0.062 0.1 -0.0186 -0.031 0.07 0.587785 0.809017 -4.9538e-17 3.59915e-17 
0.00521769 0.062 0.062 0.1 -0.0186 -0.0186 0.07 6.12323e-17 1 -6.12323e-17 3.7494e-33 
0.00520787 0.062 0.062 0.1 0.0186 0.0186 0.07 1 0 0 6.12323e-17 
0.00481034 0.062 0.062 0.1 -0.0124 -0.0248 0.07 0.309017 0.951057 -5.82354e-17 1.89218e-17 
0.00480849 0.062 0.062 0.1 0.0124 0.0248 0.07 0.951057 -0.309017 -1.89218e-17 5.82354e-17 
0.00395169 0.062 0.062 0.1 -0.031 -0.031 0.07 0.587785 0.809017 -4.9538e-17 3.59915e-17 
0.00366363 0.062 0.062 0.1 -0.031 0.0248 0.07 1 0 0 6.12323e-17 
0.00364266 0.062 0.062 0.1 0.0248 0.0248 0.07 1 0 0 6.12323e-17 
0.00362804 0.062 0.062 0.1 -0.0248 -0.0248 0.07 6.12323e-17 1 -6.12323e-17 3.7494e-33 
0.00353009 0.062 0.062 0.1 0.0124 0.0248 0.07 0.809017 -0.587785 -3.59914e-17 4.9538e-17 
0.00351561 0.062 0.062 0.1 -0.0124 -0.0248 0.07 0.587785 0.809017 -4.9538e-17 3.59915e-17 
0.00251968 0.062 0.062 0.1 -0.0186 0.0186 0.07 1 0 0 6.12323e-17 
0.00250984 0.062 0.062 0.1 0.0186 -0.0186 0.07 6.12323e-17 1 -6.12323e-17 3.7494e-33 
0.00208574 0.062 0.062 0.1 0.0248 -0.0124 0.07 0.809017 -0.587785 -3.59914e-17 4.9538e-17 
0.00204925 0.062 0.062 0.1 -0.0248 0.0124 0.07 0.587785 0.809017 -4.9538e-17 3.59915e-17 
0.00196763 0.062 0.062 0.1 -0.0186 -0.0248 0.07 6.12323e-17 1 -6.12323e-17 3.7494e-33 
0.00196396 0.062 0.062 0.1 0.0186 0.0248 0.07 1 0 0 6.12323e-17 
0.00165258 0.062 0.062 0.1 -0.051 1.73472e-18 0.04 -0.415627 0.572061 -0.415627 0.572062 
0.00150956 0.062 0.062 0.1 -0.0248 -0.0186 0.07 6.12323e-17 1 -6.12323e-17 3.7494e-33 
0.00150859 0.062 0.062 0.1 0.0248 0.0186 0.07 1 0 0 6.12323e-17 
0.00104028 0.062 0.062 0.1 -0.031 -0.0248 0.07 6.12323e-17 1 -6.12323e-17 3.7494e-33 
0.00100454 0.062 0.062 0.1 -0.051 -0.031 0.04 -0.218508 0.672498 -0.218508 0.672499 
0.000945862 0.062 0.062 0.1 0.051 0.0248 0.04 -0.572061 -0.415627 0.572061 0.415629 
0.000935118 0.062 0.062 0.1 -0.031 -0.0186 0.07 0.309017 0.951057 -5.82354e-17 1.89218e-17 
0.000899422 0.062 0.062 0.1 -0.051 -0.031 0.03 -0.218508 0.672498 -0.218508 0.672499 
0.000795688 0.062 0.062 0.1 -0.051 -0.031 0.02 -0.218508 0.672498 -0.218508 0.672499 
0.000692646 0.062 0.062 0.1 -0.051 -0.031 0.01 -0.218508 0.672498 -0.218508 0.672499 
0.000546348 0.062 0.062 0.1 -0.051 -0.0248 0.04 -0.415627 0.572061 -0.415627 0.572062 
0.000213523 0.062 0.062 0.1 -0.051 -0.0186 0.04 -0.415627 0.572061 -0.415627 0.572062 
3.16379e-05 0.062 0.062 0.1 0.051 0.0186 0.04 -0.572061 -0.415627 0.572061 0.415629 
2.19809e-05 0.062 0.062 0.1 -0.051 -0.031 0.04 0 0.707107 0 0.707106 
1.16889e-05 0.062 0.062 0.1 0.051 -0.031 0.03 0 -0.707107 0 0.707106 
1.04898e-05 0.062 0.062 0.1 0.051 -0.031 0.04 0 -0.707107 0 0.707106 
5.26976e-06 0.062 0.062 0.1 -0.051 0.0186 0.04 0.707107 -4.32978e-17 0.707107 -4.32978e-17 
5.25547e-06 0.062 0.062 0.1 0.051 -0.0186 0.04 0 -0.707107 0 0.707106 
4.54515e-06 0.062 0.062 0.1 -0.051 0.0186 0.03 0.707107 -4.32978e-17 0.707107 -4.32978e-17 
4.52913e-06 0.062 0.062 0.1 0.051 -0.0186 0.03 0 -0.707107 0 0.707106 
3.4181e-09 0.062 0.062 0.1 0.051 0.0248 0.04 0.707107 -4.32978e-17 -0.707107 4.32978e-17 
-4.01154e-06 0.062 0.062 0.1 -0.051 0.0248 0.04 0.707107 -4.32978e-17 0.707107 -4.32978e-17 
-4.03064e-06 0.062 0.062 0.1 0.051 -0.0248 0.04 0 -0.707107 0 0.707106 
-4.42816e-06 0.062 0.062 0.1 -0.051 0.0248 0.03 0.707107 -4.32978e-17 0.707107 -4.32978e-17 
-4.43923e-06 0.062 0.062 0.1 0.051 -0.0248 0.03 0 -0.707107 0 0.707106 
-9.86428e-06 0.062 0.062 0.1 -0.051 -0.0248 0.04 0 0.707107 0 0.707106 
-0.000102273 0.062 0.062 0.1 -0.0186 -0.031 0.07 0.309017 0.951057 -5.82354e-17 1.89218e-17 
-0.000183398 0.062 0.062 0.1 -0.051 -0.0062 0.04 -0.415627 0.572061 -0.415627 0.572062 
-0.000273863 0.062 0.062 0.1 -0.051 -0.0124 0.04 -0.415627 0.572061 -0.415627 0.572062 
-0.000333599 0.062 0.062 0.1 0.051 1.73472e-18 0.04 -0.572061 -0.415627 0.572061 0.415629 
-0.000345636 0.062 0.062 0.1 -0.031 -0.0186 0.07 0.587785 0.809017 -4.9538e-17 3.59915e-17 
-0.000695933 0.062 0.062 0.1 -0.051 -0.031 0.04 -0.415627 0.572061 -0.415627 0.572062 
-0.000919353 0.062 0.062 0.1 -0.031 -0.0186 0.07 6.12323e-17 1 -6.12323e-17 3.7494e-33 
-0.00102881 0.062 0.062 0.1 0.0186 -0.0186 0.07 0.809017 -0.587785 -3.59914e-17 4.9538e-17 
-0.00104206 0.062 0.062 0.1 -0.0186 0.0186 0.07 0.587785 0.809017 -4.9538e-17 3.59915e-17 
-0.00105142 0.062 0.062 0.1 0.051 0.0124 0.04 -0.572061 -0.415627 0.572061 0.415629 
-0.00124521 0.062 0.062 0.1 0.0186 -0.031 0.07 0.809017 -0.587785 -3.59914e-17 4.9538e-17 
-0.00156407 0.062 0.062 0.1 0.051 0.0062 0.04 -0.572061 -0.415627 0.572061 0.415629 
-0.00254338 0.062 0.062 0.1 -0.031 -0.0248 0.07 0.587785 0.809017 -4.9538e-17 3.59915e-17 
-0.00277853 0.062 0.062 0.1 -0.031 0.051 0.04 0.415627 0.572061 -0.572061 0.415629 
-0.00300128 0.062 0.062 0.1 -0.0124 -0.031 0.07 0.587785 0.809017 -4.9538e-17 3.59915e-17 
-0.00301301 0.062 0.062 0.1 -0.031 0.0248 0.07 0.587785 0.809017 -4.9538e-17 3.59915e-17 
-0.00356824 0.062 0.062 0.1 -0.051 -0.0248 0.04 -0.218508 0.672498 -0.218508 0.672499 
-0.00357395 0.062 0.062 0.1 0.051 0.0248 0.04 -0.672498 -0.218508 0.672499 0.218508 
-0.00423606 0.062 0.062 0.1 -0.051 -0.0248 0.03 -0.218508 0.672498 -0.218508 0.672499 
-0.0042441 0.062 0.062 0.1 0.051 0.0248 0.03 -0.672498 -0.218508 0.672499 0.218508 
-0.0061599 0.062 0.062 0.1 -0.051 -0.0124 0.04 -0.218508 0.672498 -0.218508 0.672499 
-0.00616844 0.062 0.062 0.1 0.051 0.0124 0.04 -0.672498 -0.218508 0.672499 0.218508 
-0.00635195 0.062 0.062 0.1 -0.031 0.051 0.03 0.415627 0.572061 -0.572061 0.415629 
-0.00659957 0.062 0.062 0.1 -0.0062 -0.031 0.07 0.587785 0.809017 -4.9538e-17 3.59915e-17 
-0.00724621 0.062 0.062 0.1 -0.0124 -0.031 0.07 0.309017 0.951057 -5.82354e-17 1.89218e-17 
-0.00752949 0.062 0.062 0.1 -0.0062 0.0248 0.07 0.951057 0.309017 1.89218e-17 5.82354e-17 
-0.00753433 0.062 0.062 0.1 0.0062 -0.0248 0.07 -0.309017 0.951057 -5.82354e-17 -1.89218e-17 
-0.0124634 0.062 0.062 0.1 -0.051 -0.0186 0.04 -0.218508 0.672498 -0.218508 0.672499 
-0.0124703 0.062 0.062 0.1 0.051 0.0186 0.04 -0.672498 -0.218508 0.672499 0.218508 
-0.0127984 0.062 0.062 0.1 0.0186 -0.031 0.07 -0.587785 0.809017 -4.9538e-17 -3.59915e-17 
-0.013098 0.062 0.062 0.1 0.0186 -0.0248 0.07 0.809017 -0.587785 -3.59914e-17 4.9538e-17 
-0.0131214 0.062 0.062 0.1 -0.0186 0.0248 0.07 0.587785 0.809017 -4.9538e-17 3.59915e-17 
-0.015135 0.062 0.062 0.1 0.0124 -0.0062 0.07 -0.587785 0.809017 -4.9538e-17 -3.59915e-17 
-0.0165511 0.062 0.062 0.1 0.0248 -0.0186 0.07 0.809017 -0.587785 -3.59914e-17 4.9538e-17 
-0.0165632 0.062 0.062 0.1 0.0186 1.73472e-18 0.07 -0.587785 0.809017 -4.9538e-17 -3.59915e-17 
-0.0165819 0.062 0.062 0.1 -0.0248 0.0186 0.07 0.587785 0.809017 -4.9538e-17 3.59915e-17 
-0.0166294 0.062 0.062 0.1 -0.0186 1.73472e-18 0.07 0.809017 0.587785 3.59914e-17 4.9538e-17 
-0.0171042 0.062 0.062 0.1 -0.0124 0.0062 0.07 0.809017 0.587785 3.59914e-17 4.9538e-17 
-0.0198677 0.062 0.062 0.1 0.0248 -0.0248 0.07 0.809017 -0.587785 -3.59914e-17 4.9538e-17 
-0.0198794 0.062 0.062 0.1 -0.0248 0.0248 0.07 0.587785 0.809017 -4.9538e-17 3.59915e-17 
-0.0211926 0.062 0.062 0.1 -0.0248 0.051 0.03 0.415627 0.572061 -0.572061 0.415629 
-0.0229186 0.062 0.062 0.1 -0.0186 -0.0062 0.07 0.809017 0.587785 3.59914e-17 4.9538e-17 
-0.022948 0.062 0.062 0.1 0.0186 0.0062 0.07 -0.587785 0.809017 -4.9538e-17 -3.59915e-17 
-0.0257182 0.062 0.062 0.1 0.0124 -0.0248 0.07 -0.587785 0.809017 -4.9538e-17 -3.59915e-17 
-0.026361 0.062 0.062 0.1 -0.0248 0.051 0.04 0.415627 0.572061 -0.572061 0.415629 
-0.0269361 0.062 0.062 0.1 0.0248 -0.051 0.03 -0.572061 0.415627 0.415627 0.572062 
-0.0282519 0.062 0.062 0.1 -0.0124 0.0248 0.07 0.809017 0.587785 3.59914e-17 4.9538e-17 
-0.0283451 0.062 0.062 0.1 0.0248 -0.051 0.04 -0.572061 0.415627 0.415627 0.572062 
-0.0320511 0.062 0.062 0.1 -0.0124 -0.031 0.07 -0.309017 0.951057 -5.82354e-17 -1.89218e-17 
-0.0835311 0.062 0.062 0.1 0.0248 -0.0186 0.07 6.12323e-17 1 -6.12323e-17 3.7494e-33 
-0.0835332 0.062 0.062 0.1 -0.0248 0.0186 0.07 1 0 0 6.12323e-17 
-0.118331 0.062 0.062 0.1 -0.0186 -0.031 0.07 -0.309017 0.951057 -5.82354e-17 -1.89218e-17 
-0.17168 0.062 0.062 0.1 0.0124 1.73472e-18 0.07 -0.587785 0.809017 -4.9538e-17 -3.59915e-17 
-0.173397 0.062 0.062 0.1 -0.0124 1.73472e-18 0.07 0.809017 0.587785 3.59914e-17 4.9538e-17 
-0.179353 0.062 0.062 0.1 0.0124 -0.031 0.07 -0.587785 0.809017 -4.9538e-17 -3.59915e-17 
-0.225671 0.062 0.062 0.1 -0.0248 -0.031 0.07 -0.309017 0.951057 -5.82354e-17 -1.89218e-17 
-0.324414 0.062 0.062 0.1 -0.031 -0.031 0.07 -0.309017 0.951057 -5.82354e-17 -1.89218e-17 
